4
4
2
3
1
0
3
3
-2
-2
0
-3
-5
0
0
-4
-2
1
1
-2
-2
-5
-8
-7
-4
-3
-2
-1
1
3
3
0
-1
-1
0
0
-1
-3
-1
0
-1
-2
-2
-5
-3
1
1
-1
1
1
-2
-1
3
1
-4
-1
4
4
0
-4
-3
1
-1
-3
-2
-2
0
5
4
0
-1
0
1
-3
-6
-5
-4
-2
-2
0
5
5
0
-5
-3
-2
3
4
4
0
-3
-4
-5
-1
3
2
-2
0
2
-2
-5
-3
-2
-6
-4
0
1
1
1
-1
-3
3
5
6
7
0
-1
-3
4
4
-3
0
-1
-1
-1
1
6
5
7
4
-3
-4
-1
-4
-7
-5
0
1
-1
1
4
5
5
1
0
3
2
-4
-7
-1
-2
-3
-2
0
0
-1
2
-1
-5
-3
-2
-5
-8
-7
-2
0
-6
-3
0
1
4
3
-2
-1
0
-2
-3
1
2
-3
-2
2
5
1
5
5
-1
0
1
4
3
2
5
2
4
4
2
6
1
1
-3
-3
0
-3
-1
-2
5
7
1
5
2
-1
-5
-6
-4
-8
-6
-3
-4
-4
-3
-1
-3
-3
-2
-10
-6
0
-3
-2
-5
-2
0
-4
-3
-2
0
-1
-4
-4
-2
1
0
-2
-3
0
1
1
-2
-4
-5
-6
-8
-5
-1
2
2
0
0
1
1
1
2
2
1
1
0
0
-1
0
0
2
2
1
-1
0
-2
-4
-5
-5
-2
0
3
2
2
-3
-4
0
8
10
6
5
8
7
4
5
8
10
6
1
1
4
4
-1
-4
-3
-1
-1
-3
-5
-3
-1
4
5
3
5
6
5
3
0
0
-2
-5
-4
-4
-3
-3
0
3
4
0
-2
-2
-4
-6
-8
-6
-4
-3
-3
0
1
-1
-3
-2
0
2
2
1
-1
-2
-3
-3
0
0
-3
-6
-8
-4
-4
-6
-5
-3
-4
-3
-3
-1
-1
-1
-1
-2
-3
-4
-4
0
0
-1
-2
-1
-1
0
-1
2
3
3
3
4
1
0
0
2
2
-1
-1
1
3
2
-1
-3
-1
1
0
-4
-2
0
0
-1
1
6
8
6
3
2
1
-2
-1
-2
-3
-2
-1
3
4
1
1
6
8
5
2
0
-1
-2
-3
-3
-1
-1
-1
-2
-2
-2
-1
-3
-5
-8
-7
-5
-4
-2
-4
-2
1
5
6
2
-2
-5
-6
-3
-1
0
-3
-5
-3
1
1
0
0
3
3
0
-2
-2
2
4
1
-1
-1
-1
-1
-2
0
2
2
1
1
4
7
10
9
7
4
1
0
-2
-1
-1
0
0
-1
0
-1
1
1
0
1
3
4
4
1
-1
0
-1
-1
-2
-1
1
2
1
4
6
7
4
0
-2
-3
0
0
-2
-4
-2
-1
0
0
-2
-1
-1
-3
-5
-6
-4
-1
-1
-1
-1
1
1
-1
-4
-4
-3
0
-1
1
3
0
-1
-2
1
3
1
0
0
2
4
1
-5
-6
-2
1
2
1
-1
-2
-3
-5
-5
-4
-2
-4
-7
-11
-10
-8
-5
-4
-3
-1
-1
-2
-3
-4
-4
-5
-3
-3
-4
-4
-1
2
4
3
2
1
2
1
-1
-1
3
5
5
4
4
5
2
-3
-6
-3
0
3
1
-1
0
3
4
6
7
4
1
0
5
7
10
6
4
3
4
5
3
2
1
0
1
1
1
-2
-3
1
5
8
6
3
2
3
2
2
2
2
2
1
0
-1
-1
-4
-4
-1
4
5
1
-2
-2
0
2
2
-1
-2
-3
-2
-1
-2
-6
-5
-4
-5
-6
-5
-3
-4
-4
0
3
3
-3
-4
-4
-5
-8
-8
-6
-5
-7
-3
-1
-4
-9
-9
-6
-4
-7
-9
-4
0
-3
-2
3
6
2
0
-5
-8
-1
5
1
0
6
4
-2
-2
-2
-8
-8
-3
0
-1
3
5
5
1
-1
1
0
-4
-8
-3
1
-3
-7
-4
2
6
5
4
4
4
3
2
2
0
-2
0
-1
-1
1
4
3
1
0
3
5
2
-2
-1
-2
-6
-3
3
-2
-5
-1
5
2
4
7
3
-1
2
4
3
2
1
-1
-3
-2
0
2
6
4
0
0
2
4
2
1
3
2
-1
-2
2
5
5
4
3
3
1
1
-1
-4
-3
2
1
-1
2
6
3
0
2
3
1
-1
-2
-1
-3
-3
-5
1
5
4
3
4
3
3
3
2
3
0
-3
-2
0
4
6
4
2
-1
2
5
5
1
-2
-1
0
-3
-8
-5
-3
0
-2
-3
0
1
0
-4
-4
-1
3
1
-6
-9
-8
-7
-7
-6
-6
-2
0
-1
-4
-3
-1
-3
-2
-2
-5
-6
-8
-5
-5
-4
-6
-6
-8
-10
-10
-5
-1
-2
-4
-6
-7
-5
-2
0
-4
-9
-9
-6
-3
-3
-3
-1
0
-4
-6
-6
-3
-1
-4
-7
-6
-3
2
4
2
-2
-3
-2
-2
-2
-3
-2
-1
-1
-2
-4
-4
-4
-1
-1
0
-1
-2
-1
4
6
7
6
7
9
9
7
7
10
12
12
13
13
12
9
10
13
15
16
13
12
14
19
17
13
10
10
12
12
11
10
9
7
5
7
9
10
9
6
2
0
3
5
6
3
2
0
-1
-4
-1
3
5
2
-2
-3
-1
-2
-2
-1
-6
-11
-10
-8
-8
-10
-10
-8
-6
-10
-12
-11
-10
-12
-13
-12
-16
-18
-15
-11
-13
-16
-17
-12
-12
-17
-19
-18
-18
-20
-20
-14
-8
-8
-11
-11
-8
-6
-4
-5
-4
-6
-7
-10
-13
-12
-8
-4
-6
-10
-10
-6
-5
-3
-5
-2
0
0
-1
-1
-2
-1
-2
-1
-1
0
3
1
-3
-4
-1
5
6
0
-4
0
4
7
9
7
5
3
1
7
12
15
14
13
14
14
11
9
9
11
11
10
11
15
16
12
9
10
15
16
14
11
13
15
14
11
11
13
17
17
16
13
13
12
10
10
11
8
6
2
4
5
5
3
3
4
4
3
-1
-2
0
2
0
-2
-2
-2
-1
-3
-2
-1
-5
-9
-9
-6
-6
-9
-11
-12
-11
-10
-8
-8
-10
-12
-9
-6
-6
-8
-10
-10
-13
-17
-13
-7
-1
0
-3
-1
-1
-2
-2
-1
-1
-3
-4
0
6
6
4
3
5
8
6
-1
-7
-8
-5
-3
-2
-2
-3
-7
-5
-3
-2
-5
-10
-13
-12
-9
-10
-13
-15
-13
-11
-13
-16
-17
-15
-14
-14
-12
-9
-7
-7
-11
-11
-11
-11
-12
-10
-9
-8
-11
-13
-13
-10
-6
-6
-8
-10
-11
-10
-8
-9
-10
-7
-6
-6
-6
-3
0
4
3
2
2
3
3
3
5
4
6
9
10
10
9
10
13
16
17
15
13
15
16
18
22
26
26
27
27
27
26
26
27
30
29
29
28
26
26
27
25
24
23
24
26
26
23
20
19
16
15
17
16
11
5
5
5
9
7
7
4
1
-2
-3
-1
-3
-3
-4
-6
-9
-13
-12
-8
-4
-5
-10
-16
-19
-19
-20
-21
-20
-20
-19
-20
-18
-19
-18
-17
-17
-18
-21
-25
-27
-24
-20
-20
-21
-24
-22
-22
-21
-25
-24
-20
-18
-18
-18
-16
-14
-14
-17
-17
-14
-11
-14
-19
-17
-12
-9
-7
-8
-5
-4
-3
-2
-1
-3
-6
-7
-3
0
0
-1
3
4
4
2
2
4
6
6
5
5
4
8
7
7
5
7
8
7
8
10
11
10
9
8
8
6
4
7
8
9
8
11
14
11
5
5
10
12
8
4
5
9
10
11
11
12
12
9
7
7
7
5
8
11
13
13
8
9
13
13
9
5
4
5
5
5
6
8
9
9
7
7
6
4
1
-1
2
5
7
6
3
3
2
1
1
3
6
2
-2
-2
0
0
1
2
3
1
-3
-4
-1
2
-1
-4
-4
-3
-5
-7
-6
-3
-1
-2
-5
-3
-2
-4
-8
-8
-6
-3
-4
-7
-9
-10
-10
-9
-7
-6
-7
-6
-2
-2
-3
-5
-5
-3
-4
-5
-3
-4
-7
-10
-10
-7
-5
-5
-8
-12
-12
-10
-10
-10
-9
-10
-11
-10
-11
-10
-7
-6
-8
-12
-13
-12
-6
-2
-1
-4
-7
-7
-5
-5
-9
-11
-9
-7
-6
-7
-7
-4
-1
1
0
-4
-6
-3
1
3
1
-4
-2
0
1
-2
-5
-5
0
4
4
6
7
6
3
3
4
6
6
4
3
6
9
9
7
6
8
9
11
12
15
17
16
15
15
19
20
15
13
12
15
15
17
17
17
17
16
17
20
21
20
18
14
12
12
15
16
13
11
12
14
13
9
8
8
6
3
5
8
7
0
-3
-1
1
-2
-4
-3
-2
-5
-7
-8
-10
-12
-12
-10
-10
-14
-15
-16
-16
-16
-13
-10
-11
-16
-20
-21
-19
-16
-17
-18
-19
-18
-14
-11
-11
-12
-13
-13
-11
-13
-12
-11
-8
-6
-7
-10
-10
-6
-5
-5
-6
-6
-8
-10
-8
-5
-5
-7
-7
-6
-7
-7
-3
-1
-5
-8
-5
0
1
-6
-6
-1
2
-1
-2
0
0
-3
-3
-1
3
4
3
3
5
6
8
10
8
6
8
12
9
4
1
3
4
2
2
5
7
5
5
6
7
6
5
5
7
8
7
5
3
3
3
5
5
3
0
-2
0
4
5
3
2
3
1
-2
-6
-6
-4
0
2
3
1
-1
-3
-1
0
-4
-6
-7
-7
-10
-9
-5
-2
1
3
2
-2
-4
-3
0
1
-1
0
3
2
0
-1
5
7
2
0
0
1
-1
-3
-1
2
2
0
2
6
10
7
5
9
15
19
18
15
11
11
10
10
13
14
13
11
9
8
8
11
12
11
10
9
10
8
2
-2
-2
-2
-2
0
2
0
-3
-4
-2
-2
-7
-10
-10
-12
-12
-11
-12
-13
-15
-15
-14
-15
-17
-18
-15
-13
-13
-14
-13
-16
-20
-21
-20
-18
-18
-18
-21
-21
-20
-16
-12
-13
-18
-20
-18
-17
-19
-18
-17
-10
-7
-7
-7
-5
-3
-3
-5
-6
-3
1
0
-2
-2
2
5
10
12
7
5
10
10
7
13
19
18
16
16
17
22
22
21
16
13
11
11
13
13
11
12
16
13
11
11
10
10
10
10
4
2
2
3
1
0
1
5
6
4
3
3
1
-4
-4
4
6
0
0
3
0
-2
0
1
-2
1
2
-1
1
3
3
4
3
2
0
1
0
-3
-7
-4
2
5
3
5
7
3
1
7
8
3
1
-1
-5
-4
1
2
0
1
0
-5
-4
0
0
-4
-7
-7
-7
-6
-6
-6
-7
-7
-5
-8
-13
-12
-6
-7
-13
-10
-4
-2
-3
-2
-5
-9
-9
-4
-3
-9
-14
-11
-6
-3
-4
-6
-7
-6
-5
-4
-3
0
2
3
-1
-4
-4
-1
-1
-2
-2
1
4
2
1
3
4
4
3
4
6
5
5
4
4
4
3
4
4
1
1
1
1
3
4
4
2
0
-1
-1
-1
0
0
1
-2
-2
-3
-3
-2
-4
-3
-5
-7
-8
-8
-6
-4
-3
-2
-2
-2
-1
1
3
2
0
2
2
1
-2
0
3
3
1
0
3
6
6
1
0
0
3
9
9
5
0
-1
-1
1
0
-4
-2
0
0
-1
-2
-1
-1
-1
1
1
-1
-4
-2
1
3
0
-3
-2
-1
-2
-3
-4
-3
-4
-3
4
9
9
4
3
10
17
16
10
6
5
5
4
3
6
8
5
2
1
6
8
5
1
0
3
3
1
0
1
3
6
6
3
1
-2
-3
-4
-4
-1
-1
3
1
-1
-3
-4
-4
-3
-4
-7
-10
-10
-9
-4
-2
-4
-7
-7
-7
-8
-10
-12
-13
-12
-11
-10
-7
-3
-1
-4
-5
-8
-7
-7
-9
-10
-10
-7
-7
-5
-4
-2
-1
-4
-5
-4
-1
1
1
1
1
1
3
0
0
1
1
-1
-4
-3
-1
-1
0
1
5
5
3
2
1
2
0
-2
1
-3
-4
4
3
1
2
-3
3
7
4
2
0
4
5
11
9
3
1
1
6
4
1
3
5
2
2
1
0
4
2
3
8
4
1
3
8
1
3
2
1
8
-1
1
3
2
5
2
0
-2
-5
-5
-4
-6
-11
-2
-1
-3
0
0
6
-1
-6
-1
-5
-2
-7
-6
0
-3
-4
-6
-6
0
-3
-1
1
-1
-6
-6
0
3
-2
-1
2
2
3
3
0
2
5
6
3
0
-2
2
0
2
4
2
2
-4
-1
2
-1
3
1
3
-2
-5
1
2
-3
-3
-3
-5
-1
2
1
-2
1
4
-2
-6
-6
-3
-3
-2
-4
-3
-1
1
2
2
3
4
3
1
-3
-6
-4
-1
0
-2
-2
-2
-1
0
2
2
2
4
6
7
5
-1
-2
-5
-2
-2
-1
-2
-3
-2
-1
1
1
0
-3
-5
-6
-8
-6
-7
-5
-2
-3
-3
-5
-6
-5
-2
1
1
1
1
0
-1
-2
-2
-4
-2
-1
2
3
5
5
3
3
6
6
7
5
3
-2
-2
2
4
4
5
2
1
-1
1
2
4
5
5
3
1
-2
-2
-2
-3
-4
-2
-2
-2
-4
-5
-1
0
0
2
4
5
5
5
4
3
4
0
-3
-4
-4
-2
-2
-3
-3
-3
1
2
-1
-1
-1
4
2
0
-3
-3
-2
0
2
1
-2
-2
-2
2
3
2
3
3
3
3
2
-1
-3
-3
1
4
8
6
3
1
-2
-1
-1
-1
-1
-1
-1
1
-1
-3
-4
-2
0
-3
-9
-10
-7
-8
-10
-10
-6
-5
-6
-5
1
0
-4
-6
-5
-3
-2
-4
-3
-1
-2
-2
0
1
-1
-2
-2
-3
-6
-3
0
3
0
-5
-6
-2
1
1
-1
-1
-1
3
4
4
5
5
6
7
5
5
3
0
-1
-1
2
4
5
5
2
0
1
5
7
8
4
1
6
10
9
8
8
6
5
8
8
6
7
10
5
1
4
1
-4
-3
-1
-1
0
3
2
0
-1
-1
2
2
0
-4
-3
-5
-9
-7
-3
-3
-1
4
4
0
-3
-2
-4
-9
-8
-6
-8
-7
-4
-1
-4
-7
-5
-2
-3
-4
-5
-3
-5
-6
-4
-3
-5
-5
-4
-4
-6
-6
-5
-3
-2
-3
-7
-8
-6
0
2
2
-2
-7
-4
1
1
-2
-2
3
5
4
3
2
3
7
9
6
3
3
0
-5
-3
2
4
5
5
3
2
4
7
7
6
2
-3
-1
6
7
3
3
4
5
3
1
2
1
0
-1
-2
-3
-5
-5
-4
0
3
3
3
-1
-5
-9
-10
-12
-12
-12
-11
-6
-4
-1
-4
-4
-1
3
4
4
1
-4
-6
-6
-4
-1
0
0
1
2
2
3
4
0
-3
-2
2
7
7
7
5
5
5
3
0
-2
-2
-1
0
0
-1
-3
-4
-1
0
0
-1
-2
0
2
4
3
1
-2
-5
-3
-2
-3
-3
-4
-4
-2
1
0
1
2
4
5
3
1
1
5
7
5
1
0
-2
-5
-8
-4
2
3
0
-1
3
5
1
-2
0
2
2
0
-2
-1
0
1
1
-1
-4
-5
-4
-4
-3
-4
-2
-1
-1
-3
-4
-2
1
4
4
3
-1
-2
-2
0
1
1
0
0
-1
0
-2
-3
-4
-6
-9
-8
-5
-2
-2
-4
-7
-6
-3
-1
-1
-4
-5
-5
-4
-1
2
5
5
4
4
3
1
2
6
6
4
-1
-2
1
6
8
2
0
0
1
-1
-4
-7
-4
-1
-2
-3
-1
2
2
-1
0
2
3
0
-3
-4
-2
1
1
4
5
4
1
-1
-1
2
3
2
-2
-6
-2
-1
2
1
1
1
2
1
0
0
-4
-5
-6
-1
5
6
5
3
3
3
3
1
-3
-5
-3
1
1
0
2
7
9
6
-1
-5
-4
-4
-4
-4
-6
-7
-9
-7
-2
3
4
1
0
0
-1
-4
-8
-9
-5
-1
2
5
4
2
2
3
3
2
0
-1
-1
1
2
2
1
0
0
2
1
0
-2
-3
-3
1
2
3
3
2
0
-1
-3
-5
-5
-4
-4
-2
-1
0
1
1
2
0
-2
-5
-6
-8
-3
0
1
-1
-2
-1
0
0
2
6
5
-2
-7
-7
-2
2
3
3
4
2
1
-1
0
-1
-4
-5
-3
-1
1
0
1
1
0
-2
-3
-2
-2
-4
-4
-3
0
3
4
5
3
2
1
0
2
2
3
3
3
2
2
4
8
9
5
2
3
3
3
-1
-2
1
1
-1
-1
2
5
5
-1
-5
-6
-4
-3
-3
-4
-5
-3
2
6
7
6
3
1
-2
-3
-5
-6
-7
-6
-4
-1
2
3
4
5
6
3
-3
-8
-9
-4
-3
-3
-4
0
5
6
3
-2
-4
-2
-2
-4
-6
-5
-2
0
1
6
8
6
0
-2
-3
-5
-7
-7
-6
-6
-5
-3
1
4
4
1
-1
0
-4
-8
-10
-8
-4
0
4
7
7
1
-7
-9
-7
-6
-6
-7
-3
3
5
2
3
3
3
1
-3
-7
-6
-4
1
4
3
0
0
1
5
6
6
0
-2
-1
2
1
2
5
6
9
5
-1
-4
-5
-2
0
-3
-3
1
4
4
5
2
1
-2
-3
-4
-3
-2
5
7
8
6
2
1
-1
-3
-5
-5
-1
4
8
10
9
4
0
-3
-3
-4
-7
-7
-5
4
10
9
8
9
9
6
1
-1
-3
-5
-5
-5
-5
-4
-1
3
3
-1
-2
-2
-5
-9
-14
-13
-7
-2
0
0
-1
-1
0
-2
-10
-19
-19
-14
-7
-5
-5
-2
2
2
1
-1
-3
-5
-8
-8
-6
-3
1
4
7
6
2
-5
-9
-8
-7
-9
-7
1
6
9
19
17
12
13
6
-5
-5
-4
-5
-2
2
12
18
13
13
15
9
1
-7
-9
-7
-7
-4
4
8
7
7
9
11
6
-4
-10
-10
-10
-4
-6
-4
1
2
7
14
11
4
4
5
-1
-6
-5
-5
-4
-4
-7
-3
2
1
-3
0
-2
-3
-4
0
0
-7
-10
-2
0
-2
3
2
-2
2
2
1
4
0
-1
3
1
-4
-4
-8
-9
-1
4
2
0
1
0
-7
-14
-13
-10
-8
-7
-1
7
9
5
5
5
4
3
-4
-12
-12
-9
-4
2
6
9
13
14
10
4
2
-1
-8
-9
-8
-2
3
9
11
11
10
6
-6
-14
-13
-14
-15
-11
0
6
9
11
12
10
4
1
-5
-11
-11
-11
-10
-8
-4
-2
3
6
0
-2
2
0
-6
-6
2
1
3
10
11
9
7
6
0
-6
-7
-10
-10
-6
-2
1
6
13
13
11
9
7
2
-4
-5
-6
-6
-1
3
4
7
11
8
1
-3
-5
-8
-11
-11
-11
-6
2
4
2
6
11
6
-4
-11
-16
-21
-20
-13
-9
-3
7
11
6
0
-4
-9
-11
-11
-11
-6
1
2
6
10
10
8
6
2
-3
-6
-4
-7
-5
3
9
8
9
13
12
5
-1
-4
-6
-10
-5
0
4
5
5
5
7
6
-1
-8
-6
-2
-7
-9
-5
5
5
1
5
7
1
-5
-2
-1
-6
-2
0
-3
-2
4
5
6
7
2
-2
0
2
-6
-10
-5
-1
-1
-2
-2
-2
-3
-1
3
6
6
6
10
11
12
11
10
6
-2
-6
-5
-3
-2
0
4
7
9
12
10
9
4
0
-2
-5
-9
-12
-8
1
9
14
15
14
9
3
-5
-14
-21
-21
-16
-10
-5
4
11
13
14
15
12
1
-13
-21
-25
-27
-27
-19
-8
2
7
13
11
1
-9
-18
-35
-46
-45
-39
-32
-19
-5
1
3
5
-3
-19
-27
-37
-54
-62
-52
-44
-36
-19
1
8
12
16
3
-9
-10
-13
-24
-22
-6
3
11
27
38
39
39
39
29
21
15
7
0
3
11
22
31
43
51
53
52
53
48
35
30
37
39
45
60
72
78
88
98
99
94
87
73
60
53
47
41
46
52
52
58
67
66
59
48
38
21
3
-7
-12
-14
-12
-5
-3
-11
-20
-31
-43
-63
-85
-101
-114
-121
-121
-118
-106
-91
-76
-62
-52
-49
-56
-66
-78
-92
-107
-118
-123
-121
-120
-120
-121
-126
-133
-147
-166
-187
-206
-215
-214
-208
-196
-177
-154
-130
-108
-90
-77
-71
-69
-63
-48
-29
-5
17
42
68
91
108
118
122
120
110
100
92
88
81
76
71
72
72
70
65
63
68
77
92
113
140
173
209
248
286
322
351
372
388
400
404
399
387
369
348
320
286
248
208
167
130
98
72
47
27
12
4
0
0
1
0
-1
-5
-8
-8
-7
-6
-12
-22
-31
-42
-57
-75
-97
-121
-148
-180
-215
-247
-273
-294
-312
-322
-324
-327
-331
-338
-346
-352
-355
-351
-342
-327
-308
-284
-257
-230
-212
-203
-204
-216
-237
-262
-284
-304
-317
-318
-315
-314
-314
-307
-299
-289
-267
-236
-200
-155
-110
-61
-20
4
3
-27
-76
-130
-173
-191
-171
-106
1
146
308
471
612
716
778
795
774
732
684
649
637
648
672
692
704
699
665
600
509
403
298
209
141
96
79
86
78
47
23
7
-22
-51
-37
2
50
125
230
325
395
445
455
411
331
235
117
-7
-101
-165
-219
-246
-242
-241
-262
-287
-319
-370
-423
-457
-473
-470
-439
-390
-337
-289
-253
-242
-253
-277
-312
-354
-387
-400
-396
-383
-355
-312
-278
-265
-267
-285
-319
-360
-396
-425
-437
-434
-417
-382
-335
-301
-292
-304
-321
-341
-368
-393
-399
-377
-329
-259
-180
-100
-47
-45
-92
-189
-334
-520
-684
-763
-742
-631
-426
-125
235
585
886
1136
1312
1375
1326
1233
1144
1075
1029
1021
1067
1152
1217
1200
1130
1034
867
617
364
164
-5
-133
-164
-100
3
126
273
385
460
469
402
289
170
68
-103
-280
-325
-285
-255
-248
-118
56
112
122
142
145
58
-67
-139
-212
-244
-260
-287
-270
-233
-218
-290
-346
-334
-381
-461
-488
-427
-373
-371
-289
-172
-103
-76
-67
-62
-104
-150
-205
-269
-278
-260
-279
-290
-219
-152
-183
-217
-194
-207
-301
-369
-387
-421
-459
-454
-419
-377
-312
-255
-225
-179
-128
-145
-187
-165
-133
-162
-174
-110
-57
-72
-87
-76
-101
-170
-244
-309
-359
-385
-400
-414
-406
-398
-442
-506
-540
-605
-749
-861
-824
-694
-544
-313
55
476
837
1129
1383
1573
1645
1591
1483
1400
1323
1218
1135
1141
1179
1147
1059
978
888
700
433
204
46
-96
-215
-234
-131
19
153
282
425
544
579
526
456
398
280
75
-84
-92
-56
-72
-33
119
232
214
170
155
81
-69
-216
-307
-342
-335
-325
-316
-257
-187
-222
-321
-350
-357
-452
-538
-494
-409
-367
-297
-173
-76
-32
-19
-47
-113
-185
-277
-393
-464
-467
-476
-501
-461
-375
-359
-407
-423
-423
-484
-562
-586
-578
-563
-512
-435
-368
-295
-224
-200
-196
-177
-188
-227
-220
-180
-174
-177
-135
-101
-119
-150
-180
-247
-335
-412
-468
-509
-525
-525
-535
-577
-621
-693
-799
-877
-933
-1004
-1014
-884
-644
-342
33
486
948
1322
1598
1792
1896
1896
1817
1714
1618
1540
1475
1426
1418
1421
1347
1195
1028
834
565
286
65
-98
-203
-225
-174
-61
109
282
408
516
604
619
584
563
534
468
409
358
248
124
75
36
-63
-128
-114
-130
-207
-233
-231
-292
-360
-375
-402
-449
-431
-376
-373
-361
-295
-295
-358
-342
-284
-316
-358
-302
-257
-288
-270
-182
-166
-205
-197
-198
-271
-332
-358
-426
-511
-532
-551
-602
-589
-507
-470
-468
-409
-350
-373
-410
-394
-379
-393
-372
-322
-284
-235
-168
-136
-136
-129
-141
-201
-258
-278
-299
-325
-317
-289
-273
-254
-220
-221
-266
-306
-331
-374
-417
-434
-440
-471
-533
-627
-735
-836
-937
-1053
-1137
-1106
-948
-704
-375
54
539
996
1372
1664
1874
1987
1981
1901
1824
1767
1699
1635
1620
1640
1615
1504
1332
1135
881
562
246
-1
-181
-310
-341
-241
-64
116
283
434
544
592
580
547
531
512
448
400
418
392
240
109
81
4
-180
-282
-248
-256
-330
-328
-249
-218
-220
-209
-227
-259
-268
-317
-405
-407
-354
-397
-447
-350
-241
-274
-304
-230
-208
-289
-313
-259
-258
-297
-301
-316
-362
-384
-412
-500
-568
-567
-602
-674
-650
-568
-567
-590
-520
-453
-475
-489
-446
-431
-449
-440
-428
-418
-366
-307
-294
-276
-218
-194
-219
-213
-185
-209
-253
-274
-306
-357
-388
-419
-490
-537
-531
-539
-567
-536
-479
-488
-560
-634
-724
-849
-983
-1126
-1230
-1183
-960
-652
-267
258
841
1312
1657
1955
2168
2224
2171
2087
1995
1911
1852
1808
1794
1825
1804
1651
1437
1222
936
564
225
-7
-164
-251
-228
-101
90
300
478
604
693
732
692
616
567
534
485
427
360
290
241
193
109
23
-13
-63
-158
-217
-215
-244
-308
-333
-333
-374
-416
-420
-435
-471
-479
-487
-525
-530
-474
-434
-417
-352
-278
-273
-270
-211
-189
-247
-284
-281
-328
-412
-455
-487
-561
-627
-661
-705
-737
-717
-696
-706
-690
-638
-617
-611
-564
-508
-498
-490
-457
-448
-456
-445
-433
-453
-461
-446
-437
-414
-358
-311
-300
-269
-214
-196
-214
-213
-204
-246
-312
-345
-356
-372
-381
-377
-394
-477
-655
-890
-1105
-1292
-1510
-1735
-1799
-1614
-1270
-849
-291
410
1091
1606
1986
2297
2496
2517
2411
2311
2269
2237
2184
2171
2240
2275
2150
1905
1642
1334
906
445
84
-158
-323
-372
-286
-94
131
330
485
587
660
649
596
585
582
589
605
690
697
593
531
491
398
206
95
38
-86
-180
-210
-203
-239
-263
-280
-356
-423
-468
-567
-697
-733
-722
-758
-753
-611
-470
-433
-376
-265
-244
-310
-324
-314
-375
-427
-415
-433
-482
-484
-515
-634
-725
-763
-870
-996
-1003
-967
-989
-969
-862
-781
-756
-701
-637
-630
-636
-611
-598
-597
-551
-478
-435
-390
-306
-241
-235
-233
-227
-261
-300
-299
-292
-306
-295
-274
-293
-322
-335
-362
-396
-416
-454
-505
-534
-601
-766
-930
-1027
-1173
-1407
-1556
-1483
-1260
-973
-565
13
675
1279
1753
2139
2474
2689
2698
2592
2529
2502
2414
2309
2308
2360
2319
2146
1932
1707
1402
992
574
257
40
-113
-201
-149
46
261
394
508
669
729
675
617
592
534
476
489
425
329
332
387
354
256
287
271
145
66
31
-54
-219
-283
-307
-437
-510
-516
-583
-693
-735
-726
-796
-833
-729
-673
-662
-592
-498
-493
-516
-423
-380
-433
-434
-401
-451
-559
-574
-606
-746
-834
-844
-922
-1021
-999
-961
-1000
-986
-907
-908
-938
-876
-830
-843
-811
-735
-716
-705
-633
-565
-542
-495
-405
-339
-294
-223
-160
-163
-187
-183
-192
-230
-240
-230
-257
-306
-347
-410
-477
-510
-551
-630
-678
-721
-876
-1082
-1205
-1312
-1520
-1710
-1678
-1419
-1072
-656
-67
667
1343
1853
2290
2702
2970
3024
2959
2904
2869
2791
2684
2652
2700
2680
2510
2272
2032
1716
1286
831
457
178
-40
-179
-177
-25
171
308
426
572
672
663
636
650
639
583
524
451
367
354
389
364
318
336
332
224
131
112
21
-162
-289
-377
-524
-646
-682
-747
-845
-868
-875
-948
-965
-888
-861
-886
-809
-684
-648
-622
-507
-426
-441
-437
-398
-443
-542
-599
-671
-809
-907
-953
-1046
-1131
-1106
-1079
-1123
-1104
-1001
-971
-1009
-971
-916
-938
-949
-881
-819
-778
-693
-596
-540
-480
-402
-371
-374
-340
-285
-277
-277
-229
-186
-194
-196
-168
-160
-178
-190
-227
-291
-321
-325
-359
-391
-365
-363
-463
-618
-767
-917
-1100
-1346
-1572
-1591
-1344
-994
-596
18
838
1558
2050
2494
2941
3183
3147
3030
2974
2919
2815
2738
2775
2879
2868
2671
2443
2262
1938
1385
865
545
248
-93
-243
-138
25
163
333
530
682
718
649
573
501
320
91
52
185
256
289
471
693
728
653
612
499
238
-40
-274
-490
-628
-681
-747
-805
-774
-784
-943
-1083
-1121
-1234
-1427
-1473
-1364
-1287
-1182
-936
-685
-547
-439
-353
-376
-456
-543
-692
-863
-937
-973
-1052
-1057
-939
-862
-908
-944
-935
-1012
-1158
-1235
-1252
-1284
-1276
-1176
-1067
-975
-843
-727
-688
-634
-555
-563
-608
-544
-437
-388
-296
-99
72
159
222
260
237
155
39
-76
-166
-258
-343
-356
-299
-249
-245
-234
-203
-236
-424
-688
-871
-1022
-1313
-1667
-1780
-1565
-1233
-863
-273
582
1410
1994
2467
2967
3324
3346
3178
3087
3090
3027
2917
2932
3083
3152
3005
2760
2547
2251
1724
1098
623
299
-20
-267
-263
-58
134
271
439
608
668
603
454
260
87
-13
-56
-29
127
345
498
608
734
769
616
379
145
-127
-421
-631
-729
-772
-797
-815
-841
-883
-957
-1085
-1255
-1406
-1500
-1558
-1569
-1451
-1221
-1002
-823
-620
-446
-392
-424
-482
-597
-761
-896
-991
-1068
-1083
-1033
-999
-989
-948
-928
-999
-1095
-1143
-1203
-1288
-1308
-1241
-1155
-1047
-907
-785
-696
-607
-532
-499
-486
-480
-471
-431
-340
-202
-43
148
293
395
438
398
299
123
-39
-168
-273
-345
-384
-320
-233
-175
-130
-130
-131
-188
-345
-565
-737
-814
-1010
-1300
-1405
-1220
-915
-624
-158
560
1298
1861
2310
2765
3125
3242
3167
3087
3077
3057
2979
2948
3040
3109
2981
2723
2497
2246
1804
1240
771
430
103
-178
-244
-109
55
161
268
397
474
412
243
88
-114
-368
-500
-412
-235
-94
176
481
649
746
774
668
415
131
-171
-493
-671
-727
-803
-855
-803
-793
-922
-1020
-1064
-1238
-1500
-1609
-1599
-1612
-1545
-1317
-1084
-912
-720
-572
-571
-623
-666
-793
-977
-1058
-1060
-1095
-1083
-949
-839
-835
-831
-811
-883
-1009
-1086
-1156
-1243
-1241
-1153
-1075
-969
-790
-650
-598
-526
-445
-457
-488
-421
-327
-263
-151
27
201
340
432
461
455
436
366
243
138
61
-45
-164
-207
-201
-230
-264
-253
-303
-527
-800
-982
-1185
-1545
-1890
-1925
-1649
-1273
-813
-100
833
1668
2247
2740
3237
3535
3510
3372
3331
3324
3235
3149
3211
3344
3322
3091
2819
2558
2135
1483
829
365
-9
-378
-585
-511
-315
-166
-28
149
277
280
201
98
-29
-164
-219
-134
28
198
381
561
695
750
700
523
279
40
-222
-497
-662
-702
-739
-797
-811
-834
-945
-1088
-1206
-1361
-1547
-1644
-1641
-1600
-1482
-1267
-1054
-878
-701
-575
-554
-566
-573
-647
-767
-821
-812
-821
-822
-776
-753
-785
-815
-845
-926
-1015
-1061
-1100
-1128
-1100
-1030
-953
-859
-746
-647
-574
-523
-484
-435
-380
-338
-304
-238
-128
2
119
229
350
436
438
382
321
239
119
13
-46
-98
-164
-197
-176
-154
-181
-230
-238
-232
-346
-586
-772
-840
-1037
-1452
-1737
-1619
-1330
-1100
-700
75
928
1538
2022
2597
3116
3329
3270
3178
3184
3183
3056
2953
3062
3209
3095
2827
2668
2501
2045
1394
850
447
31
-358
-525
-452
-319
-211
-52
158
295
299
207
53
-144
-304
-367
-338
-226
-25
211
400
574
701
707
541
304
108
-151
-423
-604
-686
-741
-801
-787
-799
-867
-946
-1096
-1324
-1516
-1624
-1713
-1717
-1552
-1334
-1157
-936
-663
-488
-439
-431
-440
-508
-611
-677
-697
-698
-671
-618
-600
-625
-633
-651
-754
-878
-954
-1049
-1141
-1132
-1069
-1021
-919
-767
-676
-617
-521
-464
-460
-413
-345
-324
-279
-167
-62
30
174
315
370
396
426
373
255
177
125
14
-87
-108
-117
-158
-171
-172
-245
-302
-367
-573
-879
-1090
-1208
-1538
-1949
-2002
-1690
-1345
-1015
-360
548
1301
1837
2365
2901
3249
3314
3192
3118
3165
3134
2971
2961
3154
3180
2925
2684
2536
2181
1583
982
537
170
-216
-453
-446
-260
-77
38
204
380
462
392
264
148
-26
-206
-231
-94
45
175
376
564
639
630
559
385
158
-76
-336
-552
-634
-677
-784
-856
-842
-879
-1009
-1124
-1216
-1362
-1518
-1586
-1583
-1507
-1331
-1128
-957
-757
-558
-481
-481
-451
-461
-570
-657
-655
-664
-705
-710
-690
-717
-772
-807
-859
-944
-1020
-1068
-1107
-1118
-1075
-1004
-934
-865
-797
-732
-672
-624
-581
-531
-471
-395
-294
-168
-32
96
199
263
291
284
247
189
137
114
111
105
98
106
107
51
-53
-172
-301
-440
-604
-828
-1096
-1290
-1391
-1581
-1899
-2036
-1802
-1453
-1166
-681
144
976
1570
2102
2709
3198
3397
3400
3387
3414
3398
3278
3183
3238
3288
3102
2807
2638
2433
1937
1319
870
513
87
-271
-368
-277
-182
-108
38
258
416
414
345
310
229
51
-56
25
144
206
319
485
567
555
529
429
203
-46
-264
-504
-690
-748
-812
-934
-974
-952
-1043
-1177
-1208
-1269
-1440
-1529
-1474
-1429
-1366
-1170
-954
-824
-666
-473
-404
-418
-390
-417
-567
-662
-642
-677
-765
-762
-741
-828
-922
-951
-1020
-1141
-1195
-1193
-1211
-1193
-1108
-1039
-985
-895
-822
-799
-729
-609
-538
-485
-373
-256
-180
-89
24
124
202
247
254
248
225
153
61
20
16
-29
-105
-133
-125
-177
-295
-398
-469
-548
-656
-811
-997
-1113
-1146
-1266
-1528
-1661
-1471
-1159
-891
-442
323
1110
1695
2225
2788
3224
3423
3428
3348
3313
3302
3172
3024
3077
3172
3015
2751
2623
2450
1993
1411
957
597
202
-133
-240
-150
-32
52
179
374
517
497
388
353
348
221
99
167
232
108
62
250
352
231
177
215
99
-104
-198
-291
-475
-606
-680
-830
-943
-923
-986
-1180
-1245
-1213
-1333
-1460
-1370
-1272
-1334
-1297
-1092
-979
-953
-806
-656
-665
-662
-580
-607
-710
-701
-700
-846
-944
-924
-1017
-1192
-1186
-1112
-1203
-1276
-1149
-1052
-1106
-1087
-969
-942
-952
-878
-825
-814
-716
-589
-537
-439
-236
-112
-85
11
125
118
85
135
132
23
-32
3
3
-1
53
78
33
-32
-97
-213
-345
-470
-576
-676
-760
-813
-875
-846
-814
-994
-1195
-1118
-809
-578
-317
295
1069
1644
2103
2677
3211
3476
3531
3515
3457
3369
3241
3058
2939
2934
2855
2620
2425
2315
2029
1527
1091
771
390
10
-163
-115
-13
83
217
374
537
630
575
496
482
399
243
102
-30
-105
-93
-15
41
102
196
165
60
-27
-166
-426
-714
-840
-944
-1081
-1090
-1005
-969
-1019
-1040
-1068
-1176
-1236
-1276
-1357
-1396
-1311
-1189
-1144
-1018
-803
-698
-666
-611
-570
-671
-817
-876
-987
-1127
-1205
-1224
-1220
-1200
-1131
-1111
-1100
-1023
-997
-1065
-1109
-1092
-1110
-1115
-1027
-930
-872
-761
-601
-489
-396
-277
-175
-105
-44
-5
14
65
136
168
178
223
271
255
228
256
246
136
45
24
-53
-192
-250
-247
-318
-459
-621
-788
-863
-890
-1083
-1370
-1383
-1101
-843
-573
18
835
1496
1977
2508
3055
3396
3491
3467
3442
3426
3337
3174
3113
3176
3126
2883
2655
2488
2170
1643
1111
711
358
-19
-290
-311
-171
-51
34
184
361
442
412
348
291
233
145
14
-107
-128
-50
12
11
43
106
46
-140
-274
-368
-575
-817
-929
-984
-1074
-1109
-1066
-1084
-1154
-1184
-1235
-1344
-1378
-1348
-1394
-1430
-1284
-1114
-1071
-968
-724
-588
-606
-559
-480
-554
-688
-727
-762
-870
-939
-948
-993
-1061
-1073
-1068
-1079
-1051
-992
-978
-972
-906
-834
-801
-738
-634
-581
-560
-475
-363
-279
-168
-42
23
84
189
242
241
295
354
320
281
295
265
188
163
156
96
35
8
-44
-129
-201
-264
-350
-447
-576
-758
-898
-932
-1026
-1291
-1459
-1273
-941
-681
-286
430
1190
1728
2179
2696
3127
3297
3259
3192
3188
3174
3054
2920
2914
2941
2785
2508
2318
2122
1696
1126
676
349
2
-306
-417
-359
-250
-127
26
198
358
404
333
282
275
176
53
70
87
-43
-103
12
53
-69
-146
-175
-314
-472
-543
-656
-834
-922
-951
-1061
-1144
-1110
-1123
-1224
-1239
-1216
-1314
-1382
-1259
-1159
-1194
-1120
-894
-790
-803
-700
-566
-577
-602
-538
-543
-627
-634
-625
-731
-821
-804
-834
-932
-928
-867
-910
-941
-843
-772
-779
-719
-601
-547
-510
-428
-386
-369
-301
-220
-169
-85
19
70
111
204
272
281
310
365
360
322
318
298
248
222
176
42
-84
-129
-202
-339
-393
-360
-390
-471
-536
-642
-787
-882
-1046
-1364
-1549
-1369
-1072
-816
-348
419
1176
1752
2272
2785
3142
3241
3153
3026
2939
2838
2670
2537
2569
2635
2529
2319
2173
1980
1551
987
533
192
-167
-479
-563
-417
-213
-40
145
366
534
563
461
348
293
195
-19
-189
-151
-19
36
81
211
307
225
42
-95
-231
-492
-787
-939
-979
-1029
-1046
-977
-918
-918
-943
-1017
-1113
-1154
-1211
-1348
-1394
-1255
-1110
-1024
-836
-554
-384
-352
-317
-290
-357
-476
-576
-663
-730
-751
-762
-776
-760
-746
-798
-852
-840
-840
-902
-920
-851
-795
-761
-660
-524
-437
-377
-308
-260
-217
-163
-134
-108
-24
73
124
185
285
359
375
366
339
275
200
137
78
10
-56
-100
-125
-146
-178
-228
-272
-291
-351
-515
-714
-826
-906
-1109
-1395
-1543
-1442
-1184
-869
-429
231
970
1540
1958
2410
2839
3009
2933
2828
2790
2738
2617
2529
2577
2654
2544
2286
2085
1890
1497
975
569
278
-42
-322
-366
-204
-18
125
272
454
570
561
479
392
320
128
-106
-146
-8
108
122
251
456
468
306
143
18
-221
-532
-730
-866
-942
-949
-930
-920
-903
-863
-958
-1092
-1095
-1153
-1334
-1414
-1282
-1169
-1134
-924
-625
-457
-366
-295
-263
-310
-405
-510
-641
-675
-641
-670
-702
-659
-607
-675
-779
-795
-826
-936
-1006
-975
-926
-886
-792
-640
-505
-422
-361
-313
-278
-266
-277
-264
-205
-133
-70
24
150
241
267
281
308
306
259
193
136
97
45
-39
-126
-172
-193
-250
-326
-343
-310
-314
-379
-490
-655
-824
-942
-1132
-1445
-1618
-1466
-1207
-969
-528
192
917
1464
1913
2343
2691
2841
2781
2662
2630
2612
2504
2419
2506
2611
2512
2304
2159
1980
1592
1112
743
468
165
-89
-127
18
200
311
432
571
643
629
496
371
286
179
-3
-195
-157
22
93
83
200
363
297
88
2
-54
-300
-581
-683
-699
-765
-811
-787
-765
-774
-824
-923
-1039
-1062
-1106
-1265
-1309
-1166
-1009
-970
-831
-521
-362
-378
-349
-263
-310
-476
-583
-654
-735
-786
-827
-888
-890
-850
-892
-967
-950
-917
-978
-1029
-969
-902
-895
-835
-696
-584
-539
-486
-409
-346
-321
-311
-254
-141
-52
-13
61
192
266
271
299
325
250
124
48
-5
-93
-183
-241
-294
-334
-351
-383
-422
-415
-399
-456
-568
-675
-742
-788
-887
-1092
-1268
-1210
-965
-719
-412
162
889
1459
1864
2324
2785
2978
2908
2815
2763
2669
2538
2451
2454
2520
2499
2317
2124
2008
1770
1317
890
622
357
57
-72
25
170
272
399
569
688
695
595
407
194
28
-87
-161
-124
47
220
308
386
478
452
261
33
-167
-411
-662
-789
-806
-817
-813
-764
-729
-747
-807
-936
-1126
-1283
-1367
-1434
-1451
-1328
-1126
-964
-800
-585
-425
-397
-425
-457
-544
-689
-813
-889
-928
-924
-899
-895
-880
-837
-855
-958
-1036
-1058
-1099
-1128
-1066
-960
-880
-777
-626
-495
-407
-337
-292
-284
-278
-264
-251
-212
-131
-45
46
168
277
333
380
418
366
253
179
121
18
-86
-155
-217
-280
-311
-318
-325
-319
-307
-326
-385
-467
-557
-649
-775
-985
-1203
-1234
-1045
-791
-484
25
708
1322
1783
2217
2636
2892
2924
2853
2798
2753
2667
2569
2550
2601
2579
2423
2263
2152
1933
1525
1102
799
516
196
-15
-10
88
154
237
380
495
509
427
257
60
-70
-147
-230
-232
-73
101
160
230
375
395
213
25
-105
-322
-587
-722
-762
-819
-850
-829
-850
-903
-951
-1072
-1276
-1416
-1469
-1539
-1561
-1402
-1170
-1004
-824
-558
-366
-329
-342
-367
-483
-655
-788
-879
-939
-936
-901
-893
-872
-817
-809
-869
-916
-951
-1023
-1081
-1071
-1029
-973
-874
-749
-618
-483
-379
-317
-255
-197
-187
-196
-155
-65
25
100
179
282
386
441
433
379
292
180
51
-77
-200
-296
-360
-380
-369
-341
-308
-260
-238
-306
-437
-566
-642
-774
-1028
-1203
-1169
-928
-648
-303
269
955
1567
2014
2419
2808
2999
2963
2856
2807
2762
2669
2589
2591
2635
2590
2431
2248
2080
1792
1331
876
564
289
-11
-162
-97
28
126
242
382
448
462
350
82
-104
-149
-205
-332
-287
-35
98
128
249
392
332
111
-67
-239
-472
-676
-783
-856
-881
-848
-847
-880
-845
-844
-1041
-1277
-1362
-1415
-1573
-1571
-1334
-1134
-992
-775
-501
-370
-355
-335
-413
-556
-695
-820
-935
-974
-920
-884
-855
-758
-674
-693
-730
-744
-816
-927
-981
-983
-958
-871
-736
-620
-506
-369
-277
-245
-196
-127
-116
-122
-54
53
113
176
305
436
503
539
539
471
376
274
130
-30
-144
-253
-373
-408
-362
-348
-348
-285
-248
-333
-471
-584
-713
-943
-1251
-1456
-1398
-1161
-881
-467
202
940
1497
1927
2396
2806
2932
2812
2684
2644
2602
2509
2475
2574
2688
2650
2479
2332
2177
1801
1236
760
440
105
-207
-279
-138
15
123
251
392
482
409
153
-99
-181
-238
-408
-456
-213
40
105
227
481
554
355
151
-2
-250
-539
-729
-818
-829
-785
-770
-785
-729
-691
-857
-1115
-1238
-1315
-1506
-1636
-1519
-1307
-1159
-969
-683
-440
-316
-262
-273
-367
-495
-622
-739
-794
-777
-760
-750
-682
-597
-602
-662
-691
-727
-828
-923
-950
-941
-924
-870
-772
-650
-527
-436
-378
-302
-214
-176
-154
-87
-8
43
120
248
375
465
526
550
522
452
341
197
57
-77
-229
-367
-421
-408
-401
-392
-338
-284
-319
-451
-603
-752
-971
-1293
-1578
-1627
-1433
-1144
-756
-125
669
1343
1836
2306
2735
2923
2853
2717
2637
2576
2471
2386
2438
2579
2610
2483
2358
2241
1919
1380
872
488
101
-263
-409
-316
-155
-21
134
332
467
397
176
13
-66
-218
-405
-372
-137
51
175
402
652
715
605
457
269
17
-254
-510
-690
-728
-715
-756
-754
-649
-643
-826
-996
-1081
-1252
-1491
-1570
-1490
-1408
-1279
-1032
-765
-564
-395
-296
-305
-340
-386
-515
-653
-673
-659
-712
-716
-611
-554
-611
-644
-632
-706
-854
-945
-972
-999
-1008
-961
-863
-733
-601
-523
-464
-362
-274
-261
-235
-146
-75
-43
44
171
262
333
416
464
466
437
358
242
141
34
-128
-278
-343
-373
-424
-437
-384
-334
-332
-353
-410
-515
-644
-835
-1128
-1379
-1386
-1220
-1024
-682
-67
638
1223
1757
2305
2711
2856
2812
2708
2607
2496
2370
2293
2349
2456
2446
2337
2253
2130
1798
1307
865
502
125
-203
-318
-238
-124
-11
174
375
426
321
215
132
-31
-227
-292
-216
-114
10
211
430
570
609
556
412
224
6
-261
-500
-611
-668
-750
-765
-673
-658
-792
-915
-986
-1146
-1367
-1473
-1460
-1429
-1339
-1130
-887
-670
-465
-315
-275
-278
-296
-399
-552
-621
-625
-666
-687
-611
-532
-542
-578
-588
-642
-762
-886
-980
-1047
-1076
-1062
-1010
-894
-747
-639
-565
-460
-371
-355
-343
-276
-221
-195
-118
6
119
233
352
425
454
468
413
277
145
31
-125
-299
-402
-444
-477
-479
-427
-372
-340
-329
-391
-535
-676
-823
-1091
-1402
-1504
-1356
-1140
-856
-334
372
1026
1566
2085
2552
2829
2879
2800
2723
2677
2599
2492
2474
2581
2640
2532
2397
2306
2092
1644
1133
736
402
59
-180
-209
-99
62
203
354
485
544
468
170
-139
-306
-402
-515
-538
-280
42
221
387
640
774
625
396
219
-47
-384
-577
-667
-732
-730
-666
-647
-650
-601
-727
-1021
-1212
-1302
-1467
-1639
-1538
-1287
-1130
-961
-668
-405
-301
-260
-256
-362
-516
-629
-736
-818
-781
-698
-682
-650
-537
-490
-582
-681
-761
-911
-1068
-1125
-1138
-1153
-1082
-926
-788
-679
-551
-436
-367
-319
-303
-313
-275
-193
-151
-87
94
277
346
400
474
452
341
243
127
-18
-139
-258
-401
-477
-468
-477
-492
-443
-357
-371
-445
-491
-566
-691
-902
-1138
-1287
-1256
-1036
-773
-390
215
901
1453
1887
2349
2740
2886
2826
2748
2718
2672
2570
2495
2546
2637
2594
2445
2348
2227
1870
1356
936
610
242
-74
-171
-96
24
158
303
451
550
484
231
-14
-114
-223
-410
-427
-180
64
204
432
721
817
715
583
400
118
-152
-374
-569
-656
-640
-668
-714
-657
-650
-872
-1136
-1253
-1390
-1636
-1739
-1608
-1452
-1322
-1090
-798
-589
-456
-386
-417
-495
-580
-729
-898
-940
-887
-875
-852
-719
-587
-593
-650
-677
-766
-955
-1113
-1177
-1217
-1236
-1166
-1027
-881
-730
-598
-519
-453
-396
-392
-403
-342
-258
-210
-120
56
214
307
388
439
408
332
244
111
-40
-159
-276
-406
-459
-412
-365
-345
-285
-213
-208
-272
-364
-477
-611
-795
-1037
-1188
-1086
-823
-543
-148
466
1112
1595
2004
2441
2773
2867
2812
2757
2734
2694
2614
2584
2672
2759
2680
2513
2405
2240
1843
1348
959
618
250
-24
-99
-41
64
173
289
418
469
319
74
-60
-145
-338
-479
-349
-124
-11
139
420
596
556
465
365
173
-65
-292
-502
-620
-621
-649
-722
-684
-603
-727
-978
-1115
-1216
-1453
-1661
-1668
-1599
-1555
-1410
-1151
-922
-743
-581
-512
-538
-552
-588
-726
-834
-813
-807
-856
-810
-691
-673
-722
-722
-753
-875
-993
-1067
-1137
-1165
-1132
-1077
-991
-844
-700
-620
-543
-441
-385
-370
-311
-225
-179
-117
8
116
170
248
349
388
375
375
357
271
165
88
10
-81
-149
-177
-174
-152
-132
-112
-92
-121
-225
-347
-451
-606
-838
-1009
-984
-798
-564
-246
267
896
1429
1836
2227
2576
2745
2710
2617
2573
2552
2480
2415
2466
2575
2579
2430
2312
2191
1885
1412
979
676
326
17
-118
-87
15
87
184
285
372
293
14
-185
-258
-383
-590
-569
-289
-86
11
229
517
596
488
364
212
-24
-265
-459
-616
-670
-641
-669
-720
-627
-586
-787
-1044
-1147
-1263
-1564
-1717
-1623
-1528
-1467
-1301
-1019
-811
-674
-562
-545
-589
-642
-724
-831
-853
-798
-780
-768
-665
-545
-525
-550
-571
-634
-751
-862
-938
-977
-976
-949
-891
-780
-649
-554
-485
-407
-342
-316
-292
-230
-158
-92
1
127
244
339
416
448
424
381
313
209
124
75
-11
-116
-142
-120
-143
-162
-115
-90
-142
-198
-246
-341
-459
-566
-723
-889
-892
-712
-509
-262
189
764
1233
1600
2003
2371
2536
2526
2490
2481
2451
2392
2338
2353
2410
2388
2260
2135
2012
1745
1341
976
692
392
98
-59
-61
-17
14
62
154
200
108
-60
-169
-230
-359
-489
-441
-269
-152
-62
117
293
316
224
130
27
-126
-314
-481
-577
-599
-606
-627
-634
-622
-686
-854
-1010
-1114
-1264
-1449
-1516
-1448
-1374
-1292
-1116
-901
-746
-638
-554
-519
-523
-551
-617
-675
-654
-595
-572
-530
-436
-387
-428
-462
-466
-526
-643
-726
-765
-802
-825
-802
-743
-666
-590
-527
-454
-363
-297
-275
-243
-155
-56
16
90
186
267
310
331
346
339
298
230
159
104
67
31
-1
-30
-52
-71
-79
-82
-95
-124
-152
-188
-245
-309
-357
-445
-591
-676
-600
-444
-285
-16
412
853
1197
1523
1875
2130
2212
2204
2201
2195
2138
2041
1990
2022
2027
1922
1808
1755
1616
1299
967
738
489
178
-37
-82
-62
-62
-39
47
136
99
-92
-268
-315
-385
-568
-619
-413
-223
-176
-32
255
387
307
231
189
50
-149
-307
-425
-483
-474
-493
-552
-505
-441
-580
-785
-863
-937
-1185
-1376
-1324
-1256
-1254
-1132
-868
-671
-567
-441
-361
-367
-386
-426
-522
-568
-526
-516
-518
-419
-302
-305
-357
-359
-387
-521
-669
-744
-776
-813
-836
-799
-702
-586
-504
-433
-330
-230
-191
-187
-137
-87
-63
-24
53
151
221
295
352
365
352
302
220
124
40
-39
-116
-154
-167
-197
-224
-197
-156
-149
-120
-69
-69
-147
-213
-235
-358
-544
-623
-561
-453
-334
-67
356
759
1100
1424
1747
1966
2005
1962
1927
1905
1844
1755
1732
1791
1828
1771
1678
1626
1519
1242
908
681
487
219
7
-21
15
13
24
46
41
17
-55
-182
-287
-314
-316
-345
-285
-90
42
75
172
285
263
141
57
-5
-128
-265
-339
-391
-421
-425
-475
-558
-589
-628
-778
-938
-985
-1034
-1152
-1180
-1063
-953
-884
-754
-589
-496
-461
-433
-429
-440
-439
-451
-471
-436
-370
-352
-349
-301
-276
-333
-402
-445
-525
-635
-707
-737
-765
-768
-727
-670
-599
-511
-437
-383
-321
-270
-241
-216
-155
-90
-56
5
94
151
184
212
218
195
138
60
-8
-61
-126
-218
-270
-248
-237
-255
-241
-191
-158
-197
-277
-338
-422
-591
-767
-824
-741
-608
-442
-130
330
767
1096
1417
1747
1947
1968
1940
1945
1935
1891
1858
1882
1955
1995
1954
1887
1830
1672
1358
1022
772
520
246
74
57
87
112
161
196
165
109
35
-83
-193
-224
-218
-207
-122
43
178
251
340
409
359
232
121
6
-156
-293
-352
-387
-413
-401
-395
-443
-516
-613
-771
-948
-1071
-1165
-1236
-1218
-1112
-995
-872
-717
-583
-511
-479
-467
-492
-535
-568
-584
-576
-541
-493
-447
-401
-371
-392
-455
-528
-620
-738
-847
-912
-944
-950
-911
-835
-749
-659
-570
-496
-440
-390
-342
-298
-241
-163
-82
2
97
179
227
246
259
258
225
167
103
40
-31
-94
-131
-154
-183
-202
-199
-183
-182
-214
-268
-342
-444
-587
-745
-825
-779
-666
-506
-210
232
667
1032
1406
1782
2013
2072
2077
2085
2049
1956
1880
1885
1942
1962
1913
1867
1837
1687
1379
1075
847
585
279
94
73
99
125
182
283
378
371
214
36
-28
-92
-275
-368
-200
-7
36
145
408
543
450
354
311
160
-69
-243
-371
-460
-466
-464
-504
-460
-372
-474
-702
-786
-851
-1105
-1309
-1261
-1181
-1183
-1066
-825
-659
-567
-463
-412
-449
-491
-544
-646
-698
-649
-623
-627
-537
-408
-401
-458
-459
-498
-652
-794
-863
-924
-984
-970
-915
-846
-741
-631
-567
-497
-406
-377
-395
-352
-279
-255
-219
-108
-5
52
127
206
232
228
220
163
84
54
28
-52
-94
-72
-85
-117
-86
-35
-43
-80
-114
-181
-281
-360
-443
-562
-614
-539
-412
-238
59
436
785
1103
1433
1712
1867
1938
1969
1946
1914
1879
1825
1814
1860
1875
1826
1759
1700
1569
1316
1063
864
641
416
271
212
212
233
232
211
216
227
162
43
6
24
-37
-95
-12
114
149
170
252
306
269
203
139
49
-50
-148
-263
-355
-379
-418
-542
-641
-652
-727
-914
-1018
-1019
-1089
-1196
-1175
-1078
-1016
-967
-878
-773
-704
-662
-638
-654
-644
-607
-623
-633
-568
-517
-531
-543
-514
-521
-611
-688
-718
-770
-861
-922
-933
-934
-929
-889
-834
-758
-664
-605
-558
-477
-405
-361
-311
-248
-186
-123
-49
27
90
144
178
180
178
164
117
72
54
39
3
-11
16
33
30
41
49
26
-22
-68
-125
-199
-252
-285
-316
-279
-159
-5
201
480
794
1084
1329
1553
1740
1836
1860
1864
1854
1819
1779
1766
1766
1754
1729
1685
1598
1473
1314
1114
891
696
539
400
306
289
315
340
373
436
482
452
394
336
238
131
56
3
-25
-15
23
66
96
120
126
68
-26
-127
-257
-421
-555
-641
-732
-824
-863
-884
-931
-978
-1008
-1053
-1110
-1148
-1171
-1177
-1153
-1105
-1052
-974
-873
-787
-730
-680
-630
-616
-635
-651
-660
-675
-691
-699
-690
-683
-685
-695
-717
-748
-792
-856
-891
-894
-894
-870
-819
-737
-621
-523
-435
-331
-238
-172
-138
-116
-66
-27
-8
35
90
154
213
244
269
289
290
265
232
209
197
191
183
175
187
174
116
80
36
-36
-94
-163
-185
-148
-87
25
211
455
708
948
1173
1380
1520
1592
1634
1653
1650
1622
1603
1617
1628
1635
1634
1596
1528
1429
1273
1095
929
758
588
467
403
373
359
364
393
395
371
322
243
176
92
16
-33
-53
-41
-20
28
82
128
147
129
70
-30
-153
-293
-441
-575
-683
-767
-825
-863
-891
-917
-958
-991
-1023
-1074
-1113
-1112
-1106
-1087
-1034
-967
-899
-827
-764
-712
-667
-633
-624
-634
-646
-647
-641
-630
-612
-595
-590
-599
-624
-663
-715
-777
-842
-891
-906
-884
-830
-753
-650
-532
-421
-334
-276
-236
-214
-201
-191
-165
-114
-37
50
137
217
276
310
309
286
256
222
187
172
193
242
295
350
409
446
432
376
301
210
105
13
-27
-5
69
186
354
561
773
954
1105
1233
1319
1345
1345
1355
1373
1384
1403
1427
1447
1450
1421
1357
1269
1152
1001
846
716
608
505
434
401
382
360
339
319
288
237
175
109
48
0
-36
-62
-62
-36
-3
23
45
58
40
-11
-74
-156
-260
-359
-437
-506
-573
-619
-655
-695
-748
-798
-851
-917
-989
-1046
-1071
-1069
-1050
-1013
-955
-884
-821
-775
-737
-708
-706
-720
-727
-717
-700
-682
-656
-622
-597
-590
-594
-613
-647
-688
-731
-756
-761
-720
-655
-597
-511
-425
-358
-312
-283
-258
-266
-273
-254
-233
-185
-122
-44
45
128
216
274
299
309
304
283
250
221
218
232
262
307
359
420
478
510
510
489
452
387
307
242
198
175
184
239
326
437
572
718
854
973
1074
1142
1179
1198
1196
1176
1158
1149
1134
1121
1116
1099
1056
998
927
835
736
636
532
441
377
330
289
260
246
235
213
184
152
112
68
26
-9
-30
-34
-24
-14
-3
5
-5
-42
-99
-170
-257
-353
-446
-525
-590
-640
-675
-696
-708
-726
-759
-801
-845
-897
-947
-978
-987
-979
-949
-895
-830
-769
-710
-659
-625
-611
-605
-610
-630
-650
-659
-662
-668
-662
-647
-640
-637
-630
-619
-612
-595
-566
-531
-489
-440
-393
-351
-311
-276
-248
-221
-198
-175
-141
-88
-33
19
80
145
197
227
252
266
262
246
231
219
213
218
231
257
296
337
371
402
432
454
453
436
407
373
343
326
328
347
386
451
539
647
766
879
968
1027
1063
1072
1056
1031
1004
976
953
939
935
932
920
896
849
784
706
609
497
395
321
263
217
199
201
203
199
192
176
143
95
46
6
-20
-34
-34
-11
19
33
20
-13
-65
-142
-243
-349
-443
-520
-580
-622
-641
-640
-636
-641
-653
-675
-716
-772
-822
-854
-871
-873
-851
-803
-743
-687
-633
-579
-538
-521
-531
-553
-577
-606
-635
-656
-662
-658
-644
-631
-620
-606
-590
-574
-561
-544
-526
-509
-484
-447
-409
-375
-332
-283
-236
-190
-136
-81
-36
6
44
70
86
104
122
129
132
138
144
155
171
186
202
230
265
301
340
386
430
468
501
520
519
497
456
398
341
295
271
274
310
368
445
546
660
763
846
912
952
958
944
925
906
883
862
848
843
840
827
800
763
707
633
553
479
409
340
283
255
241
231
224
221
216
202
179
157
135
111
89
68
50
28
3
-27
-67
-115
-175
-241
-305
-367
-422
-464
-495
-520
-545
-572
-596
-618
-644
-676
-707
-732
-749
-762
-761
-745
-722
-690
-652
-612
-579
-563
-560
-553
-541
-540
-550
-552
-546
-550
-559
-564
-568
-582
-595
-600
-602
-599
-585
-559
-518
-462
-403
-354
-304
-249
-209
-182
-156
-137
-122
-107
-89
-65
-31
7
45
88
133
159
165
158
145
123
97
82
86
102
123
156
205
255
302
345
382
406
410
399
378
362
343
325
317
333
368
413
474
553
639
712
768
814
851
869
869
865
864
856
845
834
826
813
793
762
722
675
615
543
474
416
363
318
291
276
263
253
248
244
242
234
219
199
180
158
128
97
69
34
-14
-65
-121
-178
-240
-298
-349
-394
-431
-465
-493
-516
-536
-560
-584
-611
-642
-674
-701
-719
-733
-733
-718
-691
-661
-627
-594
-571
-561
-563
-577
-602
-627
-656
-685
-701
-702
-694
-680
-653
-616
-578
-541
-506
-478
-455
-435
-413
-385
-355
-318
-283
-254
-224
-192
-164
-143
-124
-104
-82
-61
-33
-3
27
50
71
92
113
125
131
140
148
160
178
202
226
252
285
318
347
378
408
428
433
428
422
413
407
404
416
441
471
506
550
602
654
697
727
741
745
741
737
730
719
709
710
716
717
712
699
677
640
592
541
483
419
366
329
301
281
267
259
252
243
228
200
165
134
106
82
63
52
46
36
22
5
-17
-53
-102
-157
-216
-279
-337
-382
-414
-434
-445
-453
-459
-474
-495
-525
-555
-589
-629
-664
-688
-705
-715
-714
-704
-686
-665
-650
-650
-654
-660
-672
-690
-704
-709
-714
-709
-687
-655
-626
-598
-564
-524
-488
-467
-450
-433
-419
-410
-393
-366
-334
-295
-255
-214
-167
-119
-79
-47
-15
10
29
44
60
74
90
117
151
188
227
275
322
367
405
438
472
493
498
493
487
480
470
460
457
459
467
481
502
524
548
568
588
607
623
633
642
652
665
677
688
697
703
708
707
701
690
671
646
617
586
552
518
487
459
431
404
377
351
321
288
253
218
183
145
109
75
45
20
-4
-28
-57
-90
-124
-159
-195
-229
-266
-299
-331
-366
-399
-435
-470
-505
-543
-582
-619
-653
-682
-708
-730
-748
-754
-752
-747
-741
-731
-722
-715
-708
-699
-691
-684
-678
-664
-642
-615
-586
-557
-524
-495
-467
-439
-413
-393
-383
-373
-363
-351
-339
-328
-315
-298
-278
-257
-236
-213
-183
-147
-107
-65
-18
30
81
135
187
227
256
281
301
309
319
335
357
379
406
434
455
469
480
481
464
441
423
405
392
392
404
428
461
503
544
575
592
603
609
614
614
610
610
619
633
651
672
686
685
670
643
607
559
504
454
411
376
344
322
308
297
279
253
225
192
149
100
58
19
-10
-27
-31
-31
-31
-38
-51
-72
-99
-135
-178
-222
-262
-304
-342
-372
-395
-419
-444
-473
-511
-562
-612
-660
-698
-728
-737
-727
-707
-678
-643
-608
-583
-574
-572
-577
-582
-593
-600
-600
-586
-565
-541
-515
-483
-455
-432
-413
-403
-400
-398
-398
-397
-392
-380
-359
-330
-297
-262
-228
-197
-169
-144
-120
-95
-67
-34
0
40
80
121
165
207
248
284
314
335
347
356
362
369
374
379
383
385
387
389
398
409
425
444
466
489
511
531
554
576
598
617
636
650
658
665
669
667
660
647
630
611
590
564
541
516
495
476
456
435
411
386
357
325
289
250
213
180
156
136
123
105
85
64
39
13
-15
-45
-77
-106
-132
-154
-173
-194
-221
-252
-290
-327
-367
-405
-447
-486
-526
-560
-586
-606
-617
-620
-619
-616
-612
-607
-604
-599
-588
-580
-568
-555
-545
-534
-523
-513
-509
-501
-492
-490
-488
-479
-470
-461
-450
-435
-427
-424
-417
-405
-395
-385
-364
-339
-307
-267
-221
-173
-125
-79
-39
-5
24
44
62
80
97
117
142
172
207
241
274
301
324
342
349
352
357
364
369
381
398
417
436
454
470
487
498
501
493
486
483
478
478
487
496
504
522
544
554
554
560
562
549
532
509
480
450
426
404
382
366
358
346
328
310
291
269
243
216
195
177
157
138
116
95
70
43
14
-11
-43
-80
-112
-138
-165
-192
-216
-243
-272
-295
-312
-333
-358
-382
-408
-435
-457
-478
-497
-515
-525
-530
-529
-525
-518
-510
-499
-488
-477
-470
-465
-466
-464
-459
-454
-451
-450
-447
-440
-431
-423
-416
-411
-404
-397
-388
-373
-354
-331
-308
-281
-251
-215
-180
-149
-120
-95
-73
-48
-21
8
36
66
96
124
147
168
186
197
204
207
211
219
229
241
255
267
274
280
282
283
284
285
292
305
326
350
376
402
426
443
453
456
450
442
426
406
391
381
381
386
390
392
393
392
383
369
353
338
323
307
291
280
275
271
260
242
221
199
173
140
108
82
65
52
39
29
20
12
2
-7
-19
-36
-60
-87
-115
-147
-177
-204
-223
-241
-260
-275
-293
-305
-316
-329
-336
-344
-346
-350
-357
-355
-358
-362
-366
-372
-380
-390
-393
-390
-387
-382
-371
-355
-337
-323
-312
-311
-318
-328
-337
-346
-354
-356
-347
-331
-305
-272
-233
-200
-172
-150
-141
-132
-131
-131
-124
-116
-98
-79
-52
-19
13
43
69
90
101
108
112
116
120
127
139
159
179
198
222
249
269
292
313
330
340
345
354
353
355
356
353
352
353
359
364
369
368
363
353
342
333
320
315
308
303
307
304
305
298
290
287
267
255
240
218
205
185
172
160
142
125
104
83
58
28
6
-19
-50
-68
-84
-98
-108
-111
-112
-118
-124
-129
-139
-151
-162
-175
-186
-198
-209
-224
-234
-246
-258
-269
-274
-276
-275
-270
-260
-250
-246
-240
-237
-240
-248
-256
-266
-279
-291
-295
-298
-296
-287
-274
-264
-254
-246
-244
-248
-250
-250
-250
-242
-224
-201
-177
-146
-117
-93
-74
-59
-51
-48
-47
-47
-48
-46
-41
-34
-26
-13
3
16
31
46
60
72
80
90
100
108
119
134
151
165
179
194
205
208
213
218
218
219
226
234
243
254
274
290
303
313
318
316
309
299
286
277
271
266
263
266
269
268
267
270
265
256
248
240
225
206
188
170
149
128
110
90
69
50
37
26
11
-3
-7
-9
-17
-19
-25
-33
-43
-52
-74
-104
-130
-149
-173
-198
-209
-211
-211
-209
-204
-202
-203
-206
-213
-225
-235
-241
-244
-248
-249
-248
-244
-247
-258
-269
-279
-290
-303
-310
-310
-301
-288
-271
-249
-219
-189
-164
-142
-121
-107
-105
-108
-114
-123
-132
-135
-133
-128
-114
-92
-68
-45
-22
-2
17
33
43
50
59
67
73
78
81
81
82
84
76
71
74
81
87
99
113
130
149
163
169
174
182
180
172
170
174
179
181
187
195
200
203
200
193
185
182
175
170
169
172
172
174
180
181
178
174
171
169
163
155
147
142
138
135
132
130
122
109
94
82
69
53
36
22
11
2
-9
-16
-23
-29
-38
-48
-56
-64
-74
-84
-95
-106
-115
-123
-127
-131
-135
-139
-145
-149
-154
-158
-161
-164
-165
-166
-167
-163
-158
-152
-145
-133
-121
-112
-105
-96
-92
-96
-99
-100
-106
-118
-127
-136
-139
-135
-126
-121
-112
-95
-82
-72
-58
-47
-47
-51
-54
-60
-71
-75
-77
-77
-72
-62
-50
-36
-25
-16
-9
-4
-3
-3
-5
-9
-8
-2
-2
-5
-6
-3
-3
-7
-14
-19
-19
-12
-5
9
23
39
57
80
99
116
127
136
140
140
134
131
133
136
136
134
138
143
151
161
173
180
180
179
173
168
162
154
145
136
128
121
116
110
101
91
81
71
64
58
54
51
51
51
53
52
48
41
32
22
14
5
0
-3
-6
-9
-10
-12
-12
-11
-8
-11
-16
-27
-40
-54
-63
-70
-78
-81
-84
-82
-79
-77
-76
-79
-85
-92
-96
-104
-115
-123
-131
-130
-129
-126
-125
-121
-115
-105
-99
-94
-93
-96
-100
-105
-113
-121
-129
-132
-129
-119
-105
-92
-76
-58
-43
-30
-25
-32
-44
-61
-71
-75
-75
-69
-58
-41
-23
-10
-1
1
-1
-6
-13
-23
-32
-40
-38
-29
-14
7
30
52
73
87
96
100
100
100
100
101
104
104
105
105
106
109
109
109
105
100
95
91
86
79
72
61
54
45
41
39
42
49
56
66
74
81
84
83
77
69
59
47
37
28
22
20
21
28
39
51
61
64
63
56
46
33
21
10
1
-4
-7
-6
-2
-1
2
2
-1
-7
-16
-25
-33
-38
-41
-43
-44
-43
-41
-41
-44
-48
-58
-69
-82
-93
-100
-103
-101
-93
-83
-70
-58
-50
-43
-38
-37
-39
-45
-56
-73
-86
-99
-105
-107
-104
-102
-99
-94
-84
-71
-57
-43
-31
-19
-6
10
27
41
50
56
57
55
46
35
24
17
13
11
15
25
35
44
52
57
57
52
43
29
12
-8
-18
-19
-14
-8
5
22
36
41
42
42
40
35
31
26
22
21
22
27
32
35
40
45
43
37
29
26
18
10
7
9
14
17
19
18
15
5
-5
-15
-22
-24
-21
-14
-4
9
20
33
40
41
40
31
16
-2
-17
-32
-44
-50
-49
-42
-33
-23
-12
-4
-1
-5
-11
-16
-25
-33
-39
-39
-36
-30
-21
-12
-3
4
10
10
5
-5
-13
-17
-24
-33
-38
-36
-32
-30
-29
-28
-24
-20
-15
-14
-15
-13
-12
-12
-17
-24
-29
-27
-21
-12
-2
10
20
32
43
49
50
45
35
25
18
15
13
14
15
18
22
26
27
26
20
13
7
5
5
8
11
16
22
29
33
35
34
34
29
26
19
15
12
11
13
14
14
12
12
9
2
-2
-6
-7
-5
-2
5
13
20
25
22
15
1
-14
-28
-42
-52
-57
-57
-50
-37
-23
-8
2
12
16
16
8
-5
-22
-38
-50
-54
-52
-46
-35
-23
-9
3
12
19
21
17
10
0
-9
-18
-29
-38
-46
-50
-46
-40
-35
-28
-25
-23
-20
-20
-22
-24
-23
-16
-5
5
14
20
28
35
39
35
29
21
9
-3
-15
-21
-19
-13
-5
6
21
33
42
44
42
36
27
16
8
8
14
24
33
42
51
59
61
57
49
40
30
20
11
3
2
-1
-3
-2
4
9
10
4
-2
-8
-16
-27
-41
-48
-45
-41
-38
-35
-30
-22
-15
-11
-8
-5
-4
-3
-2
-2
-3
0
5
1
-4
-8
-9
-12
-17
-22
-25
-24
-20
-17
-10
-4
4
10
20
25
26
24
23
19
13
6
2
-1
-7
-9
-4
6
16
26
33
38
40
35
22
5
-12
-24
-31
-36
-41
-43
-39
-28
-16
-5
4
12
18
21
18
8
1
-4
-10
-14
-20
-23
-18
-13
-6
-1
0
5
10
9
7
0
-4
-7
-18
-25
-31
-32
-23
-16
-8
1
7
15
17
18
18
10
4
-3
-8
-6
-14
-14
-10
-7
0
3
8
11
12
11
4
0
-6
-8
-10
-11
-4
0
10
13
12
21
20
23
22
12
13
-1
-3
-9
-14
-8
-9
-3
-1
-1
3
6
12
14
14
12
19
18
23
24
21
17
5
-2
-6
-8
-9
-16
-20
-17
-13
-8
0
10
20
29
28
26
24
14
6
-7
-15
-15
-13
-3
0
3
11
16
20
22
16
14
6
-3
-9
-13
-10
-8
-6
-3
-1
2
-1
-3
-2
-6
-10
-11
-13
-13
-16
-19
-16
-10
-9
-11
-12
-9
-3
-2
-4
-11
-15
-19
-25
-28
-36
-36
-31
-31
-28
-24
-23
-18
-15
-19
-22
-26
-27
-30
-39
-40
-39
-43
-41
-35
-26
-11
0
10
19
20
17
16
17
9
0
-6
-10
-9
-8
-4
11
28
36
46
55
59
58
46
32
24
15
5
-1
0
11
21
35
43
48
54
51
49
51
46
37
31
18
12
12
10
15
19
22
26
31
36
33
25
18
15
10
7
-3
-11
-15
-15
-13
-9
-6
-4
-2
2
0
-1
0
-3
-3
-1
-5
-5
-2
-5
-7
-8
-8
-11
-15
-18
-19
-15
-6
1
1
-4
-12
-15
-16
-21
-29
-38
-43
-48
-50
-47
-39
-32
-30
-28
-23
-24
-25
-27
-25
-24
-24
-23
-17
-10
-7
-3
-6
-9
-14
-18
-19
-24
-27
-32
-32
-29
-25
-21
-17
-16
-18
-20
-23
-28
-36
-42
-46
-46
-44
-37
-28
-18
-10
-4
3
9
14
14
11
6
4
6
11
13
13
18
27
34
37
38
42
46
47
44
39
36
38
41
43
41
40
40
41
36
35
43
55
60
62
63
68
71
68
64
61
57
49
41
38
37
33
29
27
26
28
31
27
21
18
13
8
-2
-12
-21
-30
-32
-29
-26
-27
-27
-25
-19
-12
-11
-15
-20
-20
-25
-33
-35
-41
-51
-57
-58
-61
-62
-58
-52
-48
-42
-37
-33
-30
-31
-33
-31
-30
-33
-33
-27
-22
-20
-14
-8
-6
-3
1
7
11
10
9
8
5
-1
-5
-6
-8
-11
-11
-8
-7
-12
-13
-14
-17
-20
-18
-13
-10
-11
-12
-9
-1
2
-1
-2
-1
1
-5
-5
-4
-7
-10
-9
-7
-5
-1
9
16
15
13
15
16
11
2
-1
-4
-6
-7
-6
2
13
20
23
29
37
38
33
27
21
16
13
12
10
8
12
15
18
19
18
20
21
22
19
14
10
7
2
-5
-11
-11
-7
-5
-4
-1
6
14
18
17
14
11
7
1
-3
-3
-3
-4
-2
0
2
5
7
9
10
12
14
15
17
16
15
13
9
6
4
3
0
-5
-8
-7
-3
2
5
6
8
10
11
10
6
0
-3
-8
-12
-18
-20
-18
-17
-17
-13
-7
-4
-4
-1
2
3
-7
-14
-16
-14
-18
-24
-27
-28
-28
-28
-28
-24
-16
-8
-5
-8
-12
-15
-12
-16
-20
-25
-25
-24
-27
-29
-25
-20
-15
-13
-10
-5
3
9
12
11
8
5
3
0
-5
-9
-8
-7
-6
-9
-6
1
9
12
11
11
15
19
19
14
9
8
8
6
4
3
6
10
11
14
13
10
8
6
6
4
2
1
4
6
6
6
10
10
8
8
6
0
-5
-3
1
3
1
2
7
6
4
4
9
10
5
-2
-1
-1
0
1
3
4
2
1
6
9
11
8
8
8
6
1
-2
-2
0
-3
-7
-7
-2
0
0
1
4
6
4
2
0
-2
-5
-6
-6
-5
-6
-9
-11
-9
-8
-7
-8
-11
-14
-14
-15
-17
-17
-12
-8
-5
-5
-3
1
0
-3
-5
-5
-4
-2
-2
0
7
10
11
11
11
11
13
12
8
4
3
7
14
15
13
8
7
6
4
4
4
4
3
2
4
8
10
8
5
4
-1
-5
-7
-4
-4
-7
-10
-7
-3
1
4
5
2
-1
-1
3
1
-4
-11
-11
-8
-6
-5
-8
-8
-7
-8
-10
-8
-4
-6
-10
-11
-7
-5
-7
-8
-6
-5
-4
-4
-5
-10
-13
-12
-11
-13
-18
-18
-14
-14
-15
-12
-10
-6
-7
-7
-4
-4
-7
-5
-4
-3
-4
-4
1
5
4
-4
-9
-5
2
2
0
2
6
6
2
0
5
10
12
14
18
18
16
16
19
23
21
18
15
14
11
14
16
16
16
15
15
17
20
26
28
22
14
10
9
5
4
7
13
14
9
7
7
5
0
0
3
0
-6
-7
0
2
0
-3
-1
-2
-5
-6
-4
-7
-14
-20
-17
-14
-15
-18
-17
-13
-11
-10
-8
-9
-7
-4
-4
-8
-13
-14
-13
-11
-13
-12
-11
-9
-10
-10
-9
-6
-8
-13
-17
-17
-17
-14
-9
-6
-5
-6
-3
-2
3
0
-2
-4
-4
-2
-5
-8
-7
-2
1
-2
-3
-3
-1
-1
-3
1
4
5
1
0
1
3
0
0
6
9
9
5
5
5
5
5
6
8
7
6
7
9
12
15
13
15
14
9
10
13
11
13
10
6
6
8
5
6
7
8
5
6
5
2
-2
2
5
4
5
10
8
4
3
5
2
-1
1
3
-1
-2
-2
-4
-7
-4
-2
-2
-3
0
4
4
2
-1
-1
0
-2
-7
-7
-6
-6
-9
-10
-10
-6
-3
-2
-3
-3
-3
-8
-10
-8
-10
-13
-12
-13
-12
-17
-13
-5
-4
-1
-4
-1
4
-2
-1
-3
-9
-9
-14
-9
-5
-7
-6
-8
-3
5
-3
-5
-2
-3
4
5
4
6
3
5
5
7
11
5
12
8
0
4
1
2
6
4
4
5
0
2
8
9
12
10
9
11
9
9
9
9
8
4
2
4
7
7
7
6
4
1
-2
0
0
0
-1
-1
-3
-3
-4
-6
-8
-6
-3
-2
-3
-6
-7
-4
-4
-6
-10
-9
-3
1
3
1
-2
-1
-1
-1
-3
-6
-9
-7
-9
-11
-10
-10
-7
-7
-6
-5
-3
-2
-1
1
3
1
-3
-1
-1
1
4
9
12
8
3
-1
-1
0
3
5
5
5
1
-5
-5
1
6
7
4
3
5
6
2
-3
-1
2
-2
-6
-7
0
1
-1
-4
0
2
-1
-3
-3
-1
2
4
3
3
1
-3
-1
2
-2
-7
1
5
1
0
3
2
1
6
8
4
1
-1
1
3
1
0
1
0
-3
-3
1
0
-3
-5
-6
-6
-1
1
1
0
0
2
2
1
-3
-6
-9
-8
-7
-5
-4
-1
2
5
3
0
-1
0
1
2
1
1
-1
1
3
4
6
5
2
0
1
1
1
0
-1
0
0
-2
-4
-6
-6
-4
-1
2
2
-1
-5
-5
-2
1
1
-1
-3
-2
-2
-1
-2
0
0
-2
-5
-1
2
0
-8
-7
-3
0
0
2
-1
-3
0
3
3
3
3
4
1
-2
-1
2
5
1
-2
1
5
3
-2
-5
-1
1
-1
-3
-3
-2
-2
-2
-2
-2
-4
-4
-3
-2
-2
-1
1
2
-1
-3
-2
-1
1
1
1
0
-1
-1
1
0
0
-1
-2
-2
0
0
2
3
5
8
9
2
-4
-3
1
2
-2
-4
-1
4
6
7
8
5
1
0
-1
-4
-6
-7
-1
1
1
2
4
6
3
-1
0
1
0
0
0
-1
-3
-4
-4
-3
-2
-2
-2
-2
-1
0
1
0
-1
-2
-3
-3
-5
-1
0
-1
-6
-8
-5
-2
-4
-5
-5
-1
-1
-1
-2
-2
-3
-2
1
2
4
1
0
-2
-1
-1
-1
-1
-5
-7
-4
0
-1
-3
-3
-1
0
3
5
3
-2
-3
2
6
2
3
4
1
-2
3
8
5
3
7
8
6
4
4
1
0
2
2
-1
0
2
-2
-3
1
0
-3
-4
-4
-7
-6
-1
0
-3
-4
-5
-3
-1
-2
-2
1
0
-4
-2
3
2
0
1
-2
-4
-5
-2
-4
-3
4
5
-1
-3
0
1
-1
-5
-7
-5
-1
-3
-2
7
11
5
0
0
0
-1
3
5
5
6
4
0
-3
-4
-3
-2
-1
-5
-4
-2
0
-2
0
1
3
3
4
4
2
-1
0
4
6
1
-1
-1
1
-2
-1
4
9
6
3
0
1
4
7
5
3
2
3
4
5
5
3
-1
-1
-1
-1
0
2
1
2
2
2
1
0
-1
-1
3
3
3
3
1
1
1
4
1
-1
-5
-4
-2
-2
-3
-5
-5
-9
-9
-7
-4
-3
-5
-8
-9
-7
-7
-9
-8
-4
-1
-3
-6
-1
4
4
0
-1
0
2
-1
-5
-4
-1
0
-2
-3
0
3
5
3
4
3
2
0
-1
2
1
-2
-2
2
2
-2
-6
-6
-5
-4
-3
-4
-1
-2
-2
-2
-4
-5
-5
-3
-2
-3
-3
0
2
2
-2
-3
-1
3
3
2
2
5
5
3
2
2
6
3
2
0
1
1
2
1
-1
-1
-1
0
2
3
6
7
6
3
3
3
1
0
3
5
0
-5
-3
-1
1
0
-2
-2
0
-1
-2
-3
-2
1
1
1
-2
-4
-1
3
2
2
4
5
2
-3
-7
-3
-1
0
1
-1
-2
-2
-1
0
2
1
0
1
6
3
-1
4
7
1
-4
-4
-2
-4
-3
0
1
0
-1
-2
-3
-2
1
1
2
2
1
-2
-2
-1
-2
-2
-4
-2
1
-1
-5
-4
-1
-4
-4
-3
-6
-9
-5
-4
-6
-4
1
2
2
2
1
0
-1
1
1
1
1
-5
-3
4
2
4
8
0
1
9
8
2
0
2
4
3
4
-1
-1
0
-1
1
2
5
0
-5
1
-2
-5
-2
-6
-8
-5
1
-2
-7
-4
1
-1
-3
-3
-1
1
-5
-12
-11
-8
-4
-2
-2
0
1
-2
-2
0
2
2
-6
-4
4
-5
-1
2
-3
2
5
6
0
-4
-3
6
4
-4
5
3
3
4
0
0
-1
7
5
6
11
10
11
14
10
6
11
0
1
5
-2
3
5
6
5
5
2
0
1
1
3
6
6
-3
0
-3
-4
3
-5
-2
1
-2
0
0
1
1
1
-1
-2
-1
1
-1
-4
-6
-8
-6
-3
-4
-5
-4
-2
-1
-3
-7
-9
-8
-8
-6
-4
-3
-5
-7
-6
0
1
-3
-8
-8
-2
1
-2
-4
-3
0
1
0
-3
-5
-4
-1
3
4
4
4
5
7
2
-2
-1
3
4
-1
-5
-3
5
5
1
0
3
5
1
-2
-2
1
2
0
-2
-2
-2
-1
-2
-4
-5
-3
0
2
0
0
0
-1
-1
3
8
8
5
2
-1
-3
-5
-4
-2
0
-2
-1
3
6
7
7
8
4
-1
-2
0
2
0
-2
0
3
3
4
2
-1
-2
0
2
0
-4
-3
2
5
4
2
4
4
3
1
1
0
0
-3
-4
-2
-1
0
2
4
5
2
-2
-5
-3
1
3
0
0
3
3
0
-4
-1
0
-1
-4
-6
-4
-6
-11
-11
-4
1
0
0
1
-1
-7
-10
-7
-4
-1
-1
-3
-3
-3
-3
-2
-3
-3
0
2
0
-3
-2
3
2
-2
-3
-3
0
0
1
1
0
-1
0
3
2
-1
0
5
8
7
7
8
8
6
2
2
3
0
-1
1
3
3
3
2
0
-2
-1
0
1
1
3
5
3
1
2
4
5
4
4
2
-1
-2
0
6
8
3
-3
-2
1
2
1
-3
-3
-2
0
0
0
-1
-2
-4
-5
-3
0
3
1
-1
2
0
-1
-3
0
3
1
-1
0
5
6
2
-1
0
-1
-4
-5
-4
-3
-7
-9
-7
-3
-1
-2
-3
-1
0
-1
-4
-7
-5
-5
-3
-4
-3
-1
-2
-1
-2
-2
-3
-2
-4
-3
-4
-4
-5
-4
-1
1
2
1
0
-3
-4
-3
-1
1
2
4
2
3
6
7
7
7
5
2
-1
-3
-5
-5
-4
-2
3
3
1
1
1
3
4
5
6
5
1
-1
1
4
6
5
5
2
0
1
2
2
3
3
3
3
1
3
5
6
2
-2
-4
-4
-3
-3
-2
0
0
-2
-5
-4
0
1
-3
-4
-3
-2
-3
-3
0
4
4
2
0
-2
-1
1
3
0
-4
-4
1
4
3
0
-1
1
2
-1
-5
-5
-2
-1
0
-2
-3
-3
-2
-1
-1
0
3
5
5
2
-1
0
1
2
1
1
2
2
0
-2
-5
-5
-5
-3
-2
-5
-5
-4
-2
2
1
-2
-1
2
3
0
-3
-3
-3
-6
-7
-5
1
2
-1
-3
-2
0
0
1
-1
-3
-4
-3
-1
0
-1
-2
-2
-2
0
1
0
1
-1
1
3
6
6
4
1
-3
3
2
2
3
-2
-2
-1
0
2
-2
0
-2
1
7
3
4
5
5
3
6
0
-1
-2
0
1
1
0
0
-5
0
-3
-3
-1
-5
-4
-5
-6
-5
-4
-2
-3
1
-1
2
-1
2
1
2
1
-5
-1
-2
-3
2
-6
-5
-2
1
5
10
7
3
1
3
1
2
1
3
1
6
-1
-2
-3
1
-3
4
-1
-4
1
4
5
10
4
8
2
6
0
-3
-2
-1
-2
3
0
-7
8
-11
6
1
-9
11
-11
4
0
-9
8
-9
5
2
-5
-5
2
-17
11
-14
9
-8
0
-3
-2
0
-1
6
-3
-2
-2
0
2
-2
7
-5
0
-3
1
-6
-14
-1
-1
1
-1
6
-1
3
3
1
-5
0
-2
-7
0
2
-5
-5
-2
-4
-1
-1
-3
4
1
-2
-4
-5
-7
-5
0
-4
-4
2
1
2
3
4
2
3
-1
3
3
-4
-1
-1
-3
-1
-1
-1
-3
3
6
2
3
-1
4
5
4
4
2
5
3
4
5
3
7
8
3
1
1
5
2
-3
-3
-6
-7
-4
-3
-1
-2
-2
-1
1
1
1
-2
-2
0
5
4
2
-2
-3
1
2
1
-1
-4
-2
-1
-2
-3
-1
-1
-3
-2
2
2
1
-2
-2
3
4
2
0
0
0
0
2
2
1
-4
-5
-3
-2
-3
-4
-3
-3
-4
-2
-1
2
1
-2
1
0
-2
-4
-3
1
2
0
-2
1
4
4
1
-1
0
1
0
-2
-3
-2
0
1
2
0
0
-2
-1
0
1
-2
-6
-7
-4
-3
-4
-3
-1
0
-2
-4
-1
-2
-3
-3
-2
-2
-3
-4
-3
-1
1
2
3
4
3
1
1
-3
-6
-6
-6
-6
-5
-2
0
0
-2
-4
-1
0
0
-1
-3
-2
-4
-1
2
6
5
2
2
4
7
6
1
2
4
4
-2
-2
5
8
5
0
-2
4
6
6
2
2
3
3
2
-1
-3
-1
-1
-2
-4
-1
1
2
4
6
8
4
0
1
4
3
-3
-5
-4
0
3
2
1
3
0
-1
-2
-1
0
-3
-3
-2
0
2
1
3
3
3
1
2
0
-4
-7
-4
-1
-1
-7
-7
-5
-2
0
-2
1
2
0
-4
-6
-5
-4
-5
-4
-4
-4
-3
-4
-2
-3
-3
-2
0
2
2
-1
-2
-1
-2
-4
-5
-2
1
2
-1
-4
-3
1
2
2
0
-1
-1
4
5
1
1
3
-1
-2
2
1
-4
-2
0
-2
-1
3
1
-4
1
2
-3
-5
-2
0
-2
-1
1
-1
2
2
-3
-4
4
2
-2
-2
-1
-2
-2
1
2
2
3
4
4
4
2
3
5
4
4
2
0
-1
-3
0
3
3
3
5
3
2
5
4
2
1
2
4
-1
-3
1
-1
-2
1
-2
-1
3
-4
-4
-2
-2
0
-2
-6
-2
4
1
0
3
2
-1
4
6
-1
-5
-4
-3
-2
3
-1
-5
-6
-6
-4
-9
-5
-5
-7
-4
-6
0
-4
-3
-1
-1
3
-1
1
8
8
5
-2
-1
4
6
7
4
-1
-1
0
2
-1
-2
0
2
2
1
3
4
2
-2
-2
0
2
1
-4
-4
-2
1
1
0
1
2
2
1
1
2
2
4
2
0
3
4
1
0
-1
-4
-3
-1
-3
-6
0
6
2
-4
-3
-5
-4
-2
-1
2
4
-2
-5
0
4
0
1
3
1
0
1
-2
-4
-1
1
-1
-4
2
4
-2
-6
-4
0
3
1
-2
-4
-2
1
2
3
2
0
-3
-6
-6
1
4
2
0
1
0
2
6
2
-1
3
4
-3
-5
-1
-1
-3
-4
-2
0
-1
-5
-4
2
2
-3
0
2
-2
-5
-2
-1
-2
2
3
1
