8
8
7
4
5
3
6
1
2
1
0
2
2
6
1
1
4
1
4
2
1
4
0
-1
-3
0
-1
-4
0
0
-3
-3
-2
-5
-5
-3
-1
-3
-6
-3
-2
0
-3
0
1
1
4
4
6
5
2
0
4
7
10
3
6
9
3
6
-1
-1
4
2
0
2
-1
3
6
4
-3
3
9
3
8
9
7
7
5
10
8
6
10
9
13
11
14
16
14
19
16
16
14
13
16
14
16
22
16
22
24
20
18
17
16
9
11
21
11
6
16
20
16
16
17
17
22
19
16
19
18
20
15
19
17
13
17
19
19
16
15
16
15
17
18
17
20
17
16
16
18
19
15
15
16
15
15
15
17
13
13
14
11
17
15
15
18
14
13
9
13
10
7
11
8
10
7
7
13
8
11
8
10
10
10
11
7
9
8
10
11
10
11
7
10
13
14
14
13
11
12
13
15
14
9
12
10
12
10
12
13
7
4
5
10
8
3
5
7
9
7
3
1
4
2
0
-3
-1
6
5
5
8
7
6
10
9
10
3
5
7
7
4
6
9
3
4
6
7
4
2
3
3
3
2
-1
-1
-2
-3
-6
-9
-5
-4
-7
-1
-3
-5
-5
-8
-7
-11
-8
-5
-5
-4
-4
-3
2
-3
-1
-2
-2
2
-4
-7
-10
-4
-6
-10
-7
-9
-9
-8
-7
-4
-5
-5
-5
-6
-4
-3
-4
-3
-4
0
-3
-4
-8
-8
-10
-12
-8
-7
-4
-4
-6
-5
-7
-1
-1
-3
1
-3
-2
-12
-14
-7
-5
-4
-7
-4
-2
-1
2
-6
-1
-3
0
-1
-5
0
-2
-4
-1
-1
0
0
-1
1
-1
-1
1
-2
-2
-2
-1
-4
-7
-6
-7
-5
-7
-5
-4
-7
-5
-5
-4
-7
-8
-6
-4
-3
-4
-7
-2
-1
-3
-3
0
1
-1
-2
1
-2
-2
-2
-2
4
1
-5
-7
-7
-3
-7
-10
-10
-11
-5
-6
-12
-9
-6
-7
-7
-11
-4
-7
-7
-4
-7
-3
-8
-6
-4
-4
3
2
5
6
5
2
-1
0
-1
-1
4
1
8
5
6
11
0
5
-3
-3
-3
2
4
-4
-1
-2
3
1
1
6
2
-1
1
1
1
0
-2
-4
-2
0
-1
-1
1
3
-1
-2
-3
-2
0
-2
-2
1
0
0
1
-3
-4
-6
-7
-6
-7
-6
-7
-2
-5
-6
-5
-7
-8
-5
-2
5
7
-3
-5
-8
-5
-14
-7
-7
-4
-4
-5
0
-3
-6
-2
-5
-5
-3
-1
-3
-4
-2
-6
-2
1
-2
0
1
2
3
1
6
2
2
3
4
4
3
1
0
0
3
2
-2
-4
-6
-6
-5
-9
-5
-7
-9
-7
-3
-5
-5
-4
-6
-16
-24
-9
-8
-7
-4
-6
-7
-4
-2
-1
-3
-4
-7
-4
0
-4
-6
-4
-7
-10
-8
-8
-6
-4
-10
-5
-5
-9
-9
-15
-9
-10
-16
-14
-11
-13
-10
-9
-8
-10
-10
-12
-16
-17
-11
-11
-13
-13
-9
-4
-6
-8
-10
-3
-9
-7
-10
-10
-6
-13
-13
-9
-7
-12
-12
-7
-7
-4
-4
-2
-1
-4
-4
-5
-1
-1
1
0
-1
0
1
-1
0
-3
-2
1
2
4
3
2
-1
2
4
-3
4
0
-7
-5
-4
-1
-2
2
5
3
3
6
6
8
5
5
3
2
2
2
2
0
1
3
3
4
5
4
3
3
4
1
2
2
1
0
-4
0
-3
0
0
2
0
0
0
2
-1
1
1
2
6
4
7
5
3
6
11
16
10
9
9
12
12
12
18
12
15
17
12
10
6
6
6
6
3
2
2
6
4
2
-1
7
6
3
5
4
4
2
5
4
8
7
2
8
6
8
6
7
14
8
5
6
3
3
5
4
3
3
6
9
6
1
-3
-4
-6
-6
-2
6
-6
-9
1
-6
-9
-1
0
1
0
-1
-2
0
-1
-5
-4
-3
-5
-4
-4
-2
-4
-3
-6
-6
-2
-2
0
-1
-2
-1
0
1
1
-2
-1
-4
-2
-5
-4
-3
-6
-4
-6
-5
-4
-4
-4
2
4
2
-1
-4
-6
-9
-9
-9
-7
-7
-9
-7
-9
-12
-15
-10
-9
-13
-11
-12
-14
-12
-15
-14
-14
-15
-15
-15
-11
-15
-13
-12
-14
-13
-14
-16
-16
-14
-15
-15
-15
-15
-15
-16
-15
-18
-23
-23
-28
-29
-20
-19
-30
-32
-26
-25
-25
-32
-33
-28
-32
-26
-25
-24
-22
-24
-23
-22
-21
-22
-21
-23
-24
-20
-17
-26
-22
-20
-21
-21
-23
-21
-22
-24
-22
-20
-19
-24
-27
-25
-30
-24
-26
-26
-24
-24
-20
-21
-21
-22
-25
-23
-26
-25
-22
-23
-23
-21
-13
-17
-21
-16
-15
-17
-17
-17
-19
-24
-21
-18
-20
-19
-17
-17
-22
-18
-17
-18
-17
-19
-16
-17
-17
-13
-13
-13
-11
-16
-14
-14
-16
-15
-18
-14
-14
-14
-15
-12
-14
-14
-11
-10
-11
-9
-11
-11
-8
-16
-15
-20
-14
-16
-15
-7
-10
-8
-10
-7
-5
-11
-7
-13
-13
-11
-14
-7
-12
-9
-10
-10
-8
-10
-11
-9
-11
-12
-10
-10
-10
-15
-14
-14
-11
-14
-12
-15
-18
-13
-14
-12
-15
-14
-14
-16
-12
-11
-11
-13
-14
-8
-7
-5
-6
-9
-9
-9
-3
-6
0
-6
-3
-1
-4
-7
-14
-14
-13
-16
-14
-16
-19
-15
-15
-16
-16
-12
-15
-14
-11
-15
-14
-15
-16
-10
-15
-15
-14
-13
-8
-13
-8
-6
-4
-6
-10
-9
-12
-11
-8
-8
-5
-7
-7
-5
-6
-6
-6
-11
-9
-16
-6
-12
-17
-14
-11
-9
-11
-3
-3
-3
-3
-5
-3
1
-3
-7
-4
-4
-4
-3
-5
2
-4
-5
-5
-7
-2
-4
-3
-4
-10
-5
-3
-4
-4
-8
-9
-8
-9
-5
-8
-11
-6
-13
-11
-14
-9
-8
-14
-8
-5
-9
-12
-19
-17
-24
-20
-19
-23
-15
-22
-15
-16
-21
-22
-20
-21
-21
-25
-23
-24
-26
-27
-27
-23
-26
-28
-25
-26
-25
-24
-28
-25
-26
-26
-29
-26
-27
-25
-25
-27
-27
-28
-28
-32
-33
-32
-36
-38
-33
-31
-29
-34
-33
-39
-40
-39
-37
-38
-49
-44
-33
-33
-28
-28
-27
-31
-30
-30
-28
-26
-34
-29
-28
-29
-30
-31
-29
-36
-37
-32
-35
-33
-37
-34
-34
-36
-37
-37
-35
-38
-39
-38
-37
-38
-38
-37
-37
-39
-40
-40
-39
-38
-44
-39
-38
-38
-34
-34
-31
-31
-34
-32
-32
-34
-36
-38
-41
-43
-39
-40
-38
-39
-42
-40
-37
-32
-37
-39
-35
-38
-37
-35
-34
-32
-32
-33
-35
-34
-36
-33
-30
-35
-33
-33
-28
-26
-32
-25
-28
-29
-26
-27
-23
-28
-29
-28
-29
-28
-26
-26
-20
-20
-18
-21
-18
-16
-20
-19
-18
-16
-18
-16
-17
-16
-15
-16
-17
-15
-14
-12
-13
-14
-14
-15
-12
-13
-14
-14
-14
-14
-15
-15
-14
-13
-11
-13
-12
-14
-16
-16
-17
-15
-12
-14
-11
-11
-14
-11
-9
-5
-5
-5
-6
-9
-7
-4
-2
-1
-1
2
-5
-8
-13
-15
-12
-13
-11
-14
-13
-15
-12
-15
-18
-15
-12
-12
-17
-13
-10
-15
-8
-12
-9
-7
-14
-7
-8
-5
-6
-7
-1
-4
-1
-3
-3
-7
-3
-3
-1
-5
-2
0
4
3
-8
-7
-15
-10
-10
-5
-2
-14
-10
-4
-9
-6
-5
-5
-2
0
-4
-3
0
-3
-4
-4
-4
-6
-7
-6
-4
-4
-2
-6
-6
-10
-7
-6
-9
-6
-7
-7
-3
-8
-8
-11
-14
-10
-10
-10
-16
-10
-13
-16
-14
-15
-9
-8
-10
-12
-13
-14
-13
-20
-23
-17
-16
-17
-19
-17
-16
-18
-20
-18
-18
-19
-17
-20
-15
-19
-21
-15
-19
-18
-16
-20
-19
-19
-15
-14
-16
-14
-15
-14
-14
-14
-15
-13
-11
-15
-12
-12
-12
-13
-16
-13
-18
-21
-17
-15
-17
-14
-13
-9
-13
-13
-17
-21
-19
-21
-11
-12
-11
-9
-8
-8
-7
-7
-8
-6
-8
-11
-3
-6
-10
-8
-9
-11
-14
-12
-12
-13
-11
-13
-11
-11
-13
-13
-18
-18
-19
-22
-19
-19
-14
-18
-19
-16
-19
-16
-18
-18
-23
-20
-16
-17
-15
-15
-13
-12
-12
-15
-17
-12
-13
-17
-21
-20
-19
-22
-17
-17
-19
-16
-14
-14
-15
-17
-14
-17
-17
-14
-13
-13
-13
-12
-13
-12
-13
-13
-14
-12
-13
-10
-9
-6
-8
-8
-6
-9
-4
-8
-7
-9
-13
-17
-9
-6
-6
-5
-2
2
0
5
3
10
3
2
3
5
6
4
6
7
5
3
4
3
5
5
7
5
6
5
4
10
8
8
5
3
5
4
3
6
7
8
5
6
6
5
7
5
6
10
14
11
8
9
12
15
20
17
13
13
18
19
22
18
17
17
16
14
10
6
6
11
8
7
2
8
13
12
6
11
13
8
11
12
10
12
11
11
13
15
15
13
18
16
17
22
23
27
23
21
20
16
19
18
24
20
20
28
27
24
20
16
19
14
18
28
14
12
15
24
18
16
22
20
22
22
23
21
25
26
18
19
17
20
20
19
23
18
19
18
20
21
22
22
17
19
20
18
19
16
13
14
16
14
12
14
18
12
16
12
11
17
14
23
21
20
19
18
17
15
12
14
11
17
14
12
16
13
17
14
16
15
14
17
15
16
15
15
16
20
19
17
18
20
20
22
20
25
22
23
22
22
23
21
23
21
21
20
21
20
18
17
20
13
12
18
20
20
16
15
14
12
11
8
1
4
16
16
18
20
18
21
20
21
18
16
14
14
20
18
16
18
17
15
16
14
15
14
14
15
14
14
12
8
7
8
8
4
11
8
6
8
6
5
7
6
6
4
1
6
4
11
9
13
12
12
14
14
13
16
14
6
6
6
9
8
11
7
4
6
11
9
9
9
9
9
8
10
13
12
13
14
13
12
9
11
6
11
9
8
12
11
11
12
11
13
13
13
11
11
13
11
11
10
7
10
11
14
13
15
17
12
17
12
10
11
11
12
11
11
13
13
14
11
13
15
14
14
14
14
13
14
15
14
13
12
11
13
10
14
10
13
14
12
12
14
12
10
11
15
20
20
19
16
20
23
24
25
23
23
24
29
32
22
26
32
28
24
16
18
19
22
18
18
17
24
23
20
17
18
25
20
23
26
22
22
21
21
23
23
25
27
28
31
29
31
33
32
32
30
27
26
29
31
33
36
30
35
38
32
32
28
29
23
21
30
23
16
25
27
28
28
27
27
30
29
28
31
28
28
27
27
26
28
28
25
29
28
25
26
22
26
26
21
22
23
26
27
26
23
20
21
20
21
22
19
19
18
17
20
16
17
20
20
20
12
19
18
15
12
9
17
14
14
8
12
17
13
12
14
8
11
10
8
12
9
9
8
8
9
8
7
8
11
10
8
8
8
13
12
11
13
9
11
11
7
8
6
9
3
0
4
5
4
1
-1
-3
-2
4
4
0
0
-10
-5
-4
-8
-6
-4
1
2
4
4
7
3
5
5
-3
2
3
2
4
3
6
0
2
3
-1
3
1
3
4
-2
-1
-1
-4
-5
-5
-4
-4
-3
0
-1
-1
-6
-1
-4
-7
-3
-9
-2
-4
-1
3
-1
7
0
2
-2
-2
3
-2
-1
-6
-6
-6
-6
-5
-7
-6
-3
0
0
-1
2
1
-2
0
1
-2
0
3
1
1
2
0
-3
-2
-5
-2
-2
-1
2
0
1
1
4
5
2
5
5
2
-3
-5
-3
2
-1
7
6
7
4
9
10
3
2
-1
5
1
-2
-1
1
2
0
-3
3
3
2
3
4
2
0
1
1
-1
2
-2
-3
-4
-2
-3
-4
-1
-5
-3
-5
-4
-4
-5
-2
-2
-2
-1
-2
0
-1
0
3
4
5
1
-2
5
4
7
4
5
8
6
7
-3
-6
-4
-5
-6
-6
-11
-9
-3
-7
-9
-9
-6
-8
-7
-6
-7
-7
-7
-7
-4
-7
-7
-1
-3
1
0
1
3
3
0
-2
-4
-5
-3
3
-1
0
0
0
5
2
-4
-6
-5
-6
-12
-4
-8
-18
-7
-2
-5
-8
-3
-4
-4
-2
-2
2
-3
-5
-6
-4
-5
-7
-8
-6
-7
-8
-7
-9
-7
-9
-10
-7
-12
-11
-7
-6
-8
-11
-11
-15
-10
-12
-11
-10
-12
-12
-12
-18
-8
-8
-11
-10
-7
-1
-11
-10
-12
-15
-14
-12
-13
-16
-15
-13
-14
-14
-16
-13
-14
-15
-14
-18
-16
-20
-15
-16
-18
-12
-14
-17
-15
-14
-12
-12
-13
-13
-15
-12
-14
-13
-16
-16
-14
-16
-10
-15
-17
-18
-24
-21
-18
-18
-18
-27
-27
-25
-23
-21
-18
-22
-27
-28
-30
-25
-22
-29
-24
-22
-22
-19
-19
-19
-19
-21
-24
-21
-19
-21
-23
-22
-19
-22
-23
-21
-22
-22
-22
-20
-20
-26
-26
-27
-28
-26
-28
-28
-24
-26
-20
-22
-24
-24
-27
-24
-27
-26
-27
-26
-24
-23
-14
-15
-16
-19
-16
-15
-20
-12
-20
-23
-25
-23
-21
-22
-22
-22
-21
-17
-18
-19
-17
-15
-15
-20
-16
-14
-16
-17
-17
-17
-16
-17
-15
-16
-14
-17
-18
-14
-10
-9
-11
-12
-10
-9
-4
-8
-15
-14
-16
-11
-6
-11
-5
-1
-1
-5
-2
4
-4
0
-2
-5
-2
-3
0
-4
-2
2
-1
1
-3
-5
-4
-4
-1
-1
-4
-4
-2
-2
-9
-7
-6
-7
-5
-9
-9
-7
-8
-7
-7
-6
-8
-8
-7
-8
-5
-3
-4
-2
-1
4
2
4
4
3
4
0
4
1
5
6
5
4
4
8
-1
-6
-7
1
-2
-5
-1
-1
-1
-1
-3
3
1
-2
2
-1
-1
-3
-1
0
-1
-2
-2
2
5
6
6
6
9
8
2
6
-2
3
1
0
5
2
2
6
7
4
-1
0
-1
-5
-1
1
-8
-11
-5
-1
3
1
2
5
1
3
5
4
4
0
1
3
2
2
2
4
2
0
3
-2
0
4
1
2
-1
3
1
4
5
3
3
1
3
2
1
1
0
0
1
2
0
6
3
4
3
4
1
-3
2
-6
-2
-2
-6
-4
-6
-1
3
-5
-2
-5
-5
-8
-5
-7
-9
-7
-7
-3
-7
-3
-4
-8
-7
-5
-4
-2
-4
-2
-1
-3
-2
-6
-7
-5
-5
-7
-4
-9
-11
-8
-13
-8
-10
-15
-14
-13
-11
-11
-11
-14
-14
-15
-16
-16
-18
-11
-6
-10
-10
-9
-6
-6
-4
-3
-1
-6
-9
-8
-2
-6
-7
-3
-9
-5
-5
-5
-3
-9
-7
-8
-6
-8
-13
-14
-14
-13
-15
-13
-9
-14
-10
-10
-13
-11
-15
-15
-13
-18
-14
-9
-13
-9
-13
-6
-4
-5
-4
-10
-5
-8
-10
-12
-14
-13
-14
-12
-8
-10
-11
-11
-12
-9
-9
-9
-9
-12
-10
-8
-10
-6
-6
-7
-8
-8
-6
-6
-8
-10
-7
-5
-5
-6
-4
-5
-4
-3
-3
1
1
-4
-5
-11
-2
2
1
3
-3
4
2
10
9
5
11
1
2
3
4
6
0
4
5
5
8
8
8
7
8
7
7
6
5
10
7
6
5
3
3
7
8
6
6
8
5
5
9
7
4
8
12
11
7
12
10
9
18
17
15
13
15
16
18
18
19
20
24
25
17
17
12
11
13
12
10
10
8
14
14
13
12
12
13
8
12
12
12
11
9
11
12
11
13
15
17
18
15
17
17
21
15
13
16
13
19
17
17
20
16
18
21
15
20
12
10
6
8
15
8
3
13
17
12
19
15
14
15
15
13
16
19
15
14
14
13
16
16
16
14
14
13
10
12
14
14
15
14
14
15
15
12
12
9
9
13
13
13
11
13
10
10
7
11
15
15
7
13
11
8
4
4
5
1
3
2
6
4
4
5
0
3
2
1
0
-2
2
2
-1
-4
-5
0
1
-2
-2
0
-2
-1
0
-2
-2
-1
-3
-2
-1
-3
0
-3
-4
-3
-5
-4
-8
-11
-10
-7
-12
-15
-15
-16
-12
-6
-7
-10
-10
-15
-18
-19
-10
-6
-5
-8
-10
-6
-4
0
-2
-2
-7
-7
-3
0
0
-3
0
-5
-6
-2
-4
-3
-3
-4
-2
-3
-4
-8
-9
-10
-9
-9
-11
-8
-6
-7
-9
-7
-10
-7
-8
-8
-11
-11
-7
-4
-3
-2
-1
1
-2
0
-3
-4
1
-5
-6
-7
-5
-8
-10
-7
-14
-8
-6
-6
-4
-8
-5
-10
-9
-7
-4
-4
-7
-6
-10
-8
-7
-7
-9
-10
-7
-7
-4
-1
-2
-2
-3
-2
1
1
0
4
1
-2
-5
-14
-5
-2
-1
-4
1
6
4
9
1
1
2
4
7
2
2
4
2
3
2
3
4
3
5
2
4
1
4
7
3
3
2
2
2
1
3
3
5
5
3
2
2
4
2
3
4
6
11
6
5
12
9
11
18
15
13
7
9
13
16
15
10
18
11
11
8
3
7
8
7
3
3
3
7
3
2
4
3
3
2
2
8
5
5
6
4
3
0
6
8
11
12
11
11
13
10
14
8
7
8
7
14
8
13
12
11
16
10
7
2
3
2
7
8
-3
-2
4
4
4
4
8
8
5
5
6
8
5
2
3
3
2
2
3
8
1
3
1
3
3
1
6
0
3
2
2
2
1
1
-5
-4
-3
-5
-3
-4
-2
-3
-5
-3
-4
-6
-5
-1
-5
-5
-12
-9
-14
-16
-12
-16
-12
-15
-12
-10
-10
-12
-13
-7
-12
-13
-14
-17
-15
-17
-17
-13
-15
-12
-16
-16
-15
-14
-13
-14
-13
-17
-13
-14
-13
-17
-13
-12
-12
-13
-11
-13
-14
-17
-19
-16
-23
-23
-21
-20
-18
-24
-22
-21
-20
-27
-32
-30
-34
-22
-17
-19
-15
-24
-18
-16
-19
-18
-16
-18
-20
-15
-15
-15
-16
-16
-17
-18
-16
-16
-18
-17
-16
-18
-16
-20
-20
-21
-22
-21
-24
-21
-22
-20
-17
-20
-20
-23
-22
-23
-24
-21
-23
-20
-20
-23
-19
-17
-11
-11
-16
-14
-13
-14
-22
-20
-19
-20
-19
-19
-17
-21
-18
-16
-15
-14
-16
-16
-17
-18
-13
-13
-16
-12
-10
-13
-11
-11
-9
-13
-12
-15
-13
-9
-6
-6
-5
-5
-8
-7
-3
-6
-14
-12
-9
-4
-8
-4
-3
-7
-3
0
2
3
2
2
0
1
-3
-7
-2
-5
0
-1
-1
0
-3
2
1
-1
1
-3
-2
-5
-1
-2
-6
-3
-5
-4
-3
-6
-5
-5
-6
-5
-2
-6
-5
-4
-2
-6
-5
-1
0
-4
-2
2
2
5
6
5
4
5
4
1
2
3
10
6
4
0
-4
-6
-2
1
-5
-7
-3
-1
-3
-5
-6
-3
-3
-4
-2
-6
-4
-5
-3
-2
-2
-2
-2
1
2
3
4
4
8
8
4
5
4
5
6
8
9
8
11
15
11
10
9
6
-3
-4
3
5
2
0
14
6
5
9
5
7
9
8
7
8
8
4
4
3
3
3
2
4
4
5
6
3
5
4
0
1
-2
2
2
2
3
-1
-1
-2
-2
0
-2
-2
0
-3
-3
-6
2
6
6
5
-2
0
-4
-4
-6
-9
-4
-6
-6
-5
-8
-6
-8
-8
-5
-5
-4
-8
-5
-5
-5
-8
-10
-6
-8
-6
-6
-7
-5
-8
-5
-3
-5
-5
-3
-4
-5
-6
-7
-6
-7
-6
-6
-6
-9
-12
-10
-10
-11
-10
-15
-22
-24
-14
-10
-12
-14
-13
-18
-25
-24
-16
-16
-16
-13
-13
-12
-9
-9
-12
-11
-18
-13
-14
-10
-16
-14
-11
-17
-14
-17
-15
-18
-20
-17
-17
-13
-19
-18
-21
-24
-22
-24
-23
-21
-20
-18
-15
-19
-21
-22
-22
-26
-25
-23
-22
-18
-20
-18
-16
-17
-15
-13
-20
-16
-17
-18
-23
-21
-21
-24
-23
-20
-22
-23
-17
-17
-16
-20
-18
-17
-21
-17
-14
-14
-14
-15
-16
-17
-19
-16
-18
-19
-17
-16
-15
-14
-16
-17
-16
-11
-12
-13
-12
-12
-13
-21
-23
-20
-17
-16
-12
-8
-4
-11
-7
-8
-4
-8
-14
-8
-13
-15
-15
-11
-13
-14
-12
-13
-11
-9
-8
-10
-9
-9
-13
-10
-8
-12
-11
-12
-15
-13
-12
-12
-12
-13
-13
-10
-9
-12
-11
-9
-9
-9
-6
-7
-11
-6
-2
-1
-3
1
4
0
-1
-2
2
3
-1
5
0
-1
-1
-3
-5
-6
-5
-5
-4
3
2
0
0
0
0
2
-1
3
1
1
3
3
5
3
5
6
8
10
7
9
10
10
12
6
8
6
6
11
10
10
10
13
19
12
9
5
0
3
2
14
3
-5
2
4
8
9
10
10
9
7
4
6
10
7
8
5
5
5
4
7
6
5
4
3
3
4
2
2
4
4
5
6
4
3
0
-2
3
-1
3
2
-5
3
1
3
4
3
10
6
4
3
2
5
-1
-5
-3
1
0
-2
-3
-2
1
2
-1
1
-3
0
1
-2
0
-4
-3
-2
-1
0
0
0
0
1
2
2
0
-2
-1
1
-2
0
-1
-1
1
0
2
-1
-4
-3
-5
-4
-7
-10
-9
-10
-10
-13
-10
-8
-8
-10
-16
-12
-10
-14
-7
-4
-12
-7
-2
-1
0
-3
0
-3
-7
-2
-1
1
0
-1
0
-4
-1
3
0
-1
-1
0
1
-1
-2
-1
-2
-2
-4
-5
-3
-1
2
-2
0
-3
-3
0
-4
-3
-6
0
7
4
2
6
9
8
11
10
14
13
6
4
4
5
3
2
6
5
0
4
7
7
6
6
7
2
2
3
7
5
6
7
6
6
4
3
5
4
3
5
5
9
7
8
7
8
11
8
9
5
7
6
2
3
7
5
8
14
17
15
12
19
14
11
11
9
14
13
12
13
11
15
16
16
16
18
17
16
18
17
18
20
17
17
15
14
16
15
18
16
20
18
17
17
17
18
16
17
20
24
26
22
22
28
31
27
28
33
36
37
32
24
28
26
29
34
31
29
25
25
25
29
24
21
21
25
26
21
19
24
26
22
22
24
22
18
24
21
19
22
21
21
25
25
24
23
28
28
24
23
19
23
21
22
28
24
26
29
29
24
24
25
19
16
15
17
19
9
15
23
16
20
19
21
23
24
19
21
24
18
20
20
19
19
19
22
22
23
21
19
20
19
22
20
18
19
21
22
22
22
19
17
18
19
17
14
19
18
14
13
17
15
21
26
17
16
12
20
19
12
11
10
13
12
9
11
8
10
12
9
10
9
10
9
7
10
5
6
6
7
9
5
11
9
12
12
11
10
9
10
10
12
7
11
9
7
8
10
12
8
2
3
5
3
5
0
-6
-1
2
4
4
3
0
-5
-5
-7
6
3
5
7
5
9
10
11
9
8
7
7
11
11
8
11
10
8
7
11
11
10
10
10
11
8
8
7
5
6
2
2
7
7
12
12
11
13
7
8
8
6
7
9
11
11
16
16
18
17
14
14
12
14
15
7
8
11
11
7
7
11
11
14
13
11
14
10
14
12
10
12
15
15
12
13
14
16
15
14
11
13
12
16
16
17
17
13
16
14
19
19
18
19
14
10
16
12
14
20
20
23
21
24
23
23
26
24
25
21
21
23
22
25
22
25
25
24
27
23
27
25
21
22
22
27
24
22
24
22
24
24
23
25
23
27
25
24
25
24
24
23
26
27
28
27
31
35
35
38
39
35
32
34
38
36
41
43
41
39
37
39
31
26
26
29
30
26
25
28
27
27
26
25
28
24
26
28
25
25
25
30
29
31
30
29
34
33
34
35
38
40
32
32
34
29
34
34
38
37
32
40
41
35
29
26
24
25
30
41
27
24
28
32
32
32
38
33
34
33
32
38
35
31
29
31
31
33
33
32
33
32
32
31
31
32
31
34
30
32
32
32
36
32
31
29
28
28
30
25
25
27
26
28
25
32
28
28
29
26
27
24
23
22
14
19
17
20
21
15
20
17
17
15
15
14
15
17
14
18
18
16
17
17
17
13
14
15
16
16
16
16
18
15
15
17
12
16
15
12
15
14
10
9
10
4
2
6
11
10
5
5
6
2
1
1
3
1
-7
-3
6
2
2
8
13
11
7
7
6
7
5
4
9
6
3
7
5
5
8
4
7
4
5
7
6
7
1
-1
0
0
2
-2
3
2
3
5
2
1
1
2
5
0
-2
1
4
11
6
9
9
7
7
7
13
9
6
4
0
3
2
4
5
1
4
5
6
7
7
7
4
5
8
10
9
6
12
10
8
10
8
8
4
7
8
9
12
12
13
13
11
11
9
11
14
12
12
5
9
10
9
12
13
14
14
15
19
18
21
20
16
16
14
18
19
17
19
15
17
16
17
21
19
20
18
17
18
17
16
13
17
18
14
15
13
16
13
11
15
15
16
13
13
15
16
15
16
19
20
21
21
23
24
23
22
19
22
28
23
18
27
28
19
21
15
15
15
14
12
11
8
14
15
11
11
12
14
13
16
16
13
11
11
13
14
12
12
15
17
21
18
21
23
23
20
18
17
15
15
20
19
20
21
26
26
24
21
13
14
13
12
22
16
11
17
17
18
18
24
19
19
22
20
25
23
23
22
20
21
19
21
25
24
19
17
19
20
22
20
17
19
17
16
18
15
16
15
11
12
10
13
13
11
15
9
11
12
8
13
10
14
14
16
11
8
10
0
7
7
6
6
1
6
2
2
6
3
2
1
1
3
0
0
1
-1
1
-2
-4
0
2
1
2
3
2
-1
-1
0
3
0
0
-2
-2
-2
-3
-2
-5
-7
-3
-5
-8
-11
-8
-6
-10
-6
-7
-8
-9
-15
-12
-22
-16
-4
-9
-9
-10
-6
-3
-5
-6
-2
-7
-7
-6
-4
-4
-8
-2
-6
-9
-7
-7
-7
-6
-7
-6
-7
-9
-7
-11
-9
-12
-16
-14
-15
-11
-14
-12
-7
-15
-12
-15
-17
-17
-16
-11
-11
-10
-8
-10
-5
-7
-10
-10
-9
-4
-11
-14
-16
-14
-16
-17
-14
-14
-14
-14
-13
-13
-11
-12
-11
-15
-13
-14
-14
-9
-12
-9
-12
-12
-10
-13
-12
-13
-10
-10
-10
-8
-8
-9
-8
-5
-4
-7
-4
-5
-7
-8
-16
-8
-2
-6
-2
-2
3
4
3
9
0
2
5
2
0
0
1
0
3
5
4
7
4
9
10
7
12
7
7
8
5
8
7
5
6
8
6
9
12
6
11
8
9
12
10
10
12
11
14
12
13
14
16
20
17
16
11
18
19
20
25
21
24
27
22
36
18
138
153
87
43
46
188
285
330
222
164
170
286
369
415
340
291
295
318
347
335
366
330
337
254
207
213
235
255
199
140
28
-27
-6
19
-3
-86
-175
-229
-260
-260
-302
-312
-355
-428
-481
-519
-515
-538
-521
-534
-592
-613
-601
-542
-520
-515
-513
-494
-455
-457
-411
-340
-271
-252
-246
-202
-151
-95
-37
16
72
89
90
130
209
269
282
297
315
329
343
357
391
409
410
380
363
370
379
375
383
368
415
434
389
333
375
463
449
412
357
394
400
407
389
400
366
323
314
327
312
240
237
224
200
105
59
61
65
-1
-103
-116
-156
-199
-282
-292
-335
-401
-482
-499
-527
-608
-664
-691
-692
-778
-872
-867
-673
-724
-817
-914
-853
-698
-688
-675
-655
-584
-544
-530
-481
-353
-274
-225
-193
-154
-85
-8
59
147
245
248
246
268
359
456
482
490
472
486
500
521
523
552
553
497
451
424
425
432
398
359
313
241
195
155
172
151
94
18
77
27
42
86
24
74
17
24
91
150
129
161
145
243
226
239
307
316
371
320
345
358
398
356
353
393
337
298
247
289
282
202
99
58
33
-19
-107
-172
-212
-297
-406
-478
-517
-610
-663
-762
-840
-924
-1025
-938
-758
-812
-1053
-1218
-1085
-791
-681
-855
-910
-850
-672
-634
-659
-481
-355
-275
-331
-319
-172
-34
73
137
231
226
163
224
395
592
596
490
463
508
613
642
653
686
653
590
510
527
569
605
563
456
391
307
293
311
325
310
181
73
31
39
88
86
125
114
-16
-116
-77
122
250
172
37
39
102
177
252
324
347
269
207
269
370
408
385
394
417
325
210
246
371
404
256
98
55
43
18
-54
-53
-138
-319
-474
-477
-466
-552
-687
-785
-834
-952
-1077
-924
-700
-858
-1117
-1295
-1046
-754
-769
-922
-943
-788
-694
-729
-694
-458
-312
-293
-384
-341
-184
-37
42
140
240
195
143
209
435
601
582
515
485
551
626
659
694
746
705
608
542
565
628
671
614
527
440
355
360
373
415
377
323
245
125
105
160
258
294
194
42
-9
71
195
240
213
162
120
132
172
253
321
358
300
244
250
281
347
388
394
356
255
188
171
269
309
199
60
-38
-75
-144
-153
-181
-279
-427
-583
-657
-675
-709
-853
-952
-1009
-1016
-948
-932
-1085
-1211
-1178
-1002
-827
-929
-1045
-1036
-806
-652
-701
-717
-546
-377
-346
-386
-313
-119
20
62
81
170
215
253
343
501
590
529
497
539
646
725
698
687
697
705
659
625
640
664
657
586
490
443
422
435
398
346
290
193
140
122
126
211
180
62
-23
-41
60
157
164
77
41
48
143
197
227
256
255
280
262
282
341
422
433
415
378
349
376
386
410
382
320
222
148
123
129
39
-81
-168
-279
-350
-455
-523
-578
-686
-833
-992
-1026
-1119
-1081
-1064
-1014
-1073
-1352
-1402
-1282
-975
-901
-1015
-1202
-1064
-918
-793
-732
-646
-454
-458
-456
-458
-253
-55
104
134
137
165
168
305
509
658
665
576
535
622
723
821
851
818
781
688
682
693
770
774
728
611
472
447
447
499
488
388
266
138
104
134
235
272
110
-33
-97
-12
100
173
122
66
10
21
103
203
259
272
283
249
259
266
403
511
519
441
329
370
438
479
475
433
368
232
150
175
191
121
-35
-168
-304
-377
-447
-520
-552
-711
-887
-1059
-1127
-1069
-1046
-1146
-1158
-1201
-1312
-1355
-1344
-1156
-993
-1000
-1147
-1161
-1045
-822
-675
-630
-538
-520
-447
-388
-272
-58
103
146
148
181
246
380
532
660
697
654
593
643
752
877
909
849
816
738
723
771
823
819
746
643
544
499
488
513
502
428
291
155
128
163
248
194
61
23
-3
4
21
113
200
133
-17
-5
118
263
308
247
273
278
293
335
432
526
519
446
403
456
473
491
507
492
411
260
185
225
221
102
-45
-148
-260
-383
-467
-528
-561
-735
-944
-1108
-1117
-1104
-1154
-1256
-1329
-1255
-1289
-1397
-1492
-1383
-1160
-1015
-1164
-1298
-1187
-965
-722
-756
-716
-612
-482
-408
-385
-204
-9
114
116
149
230
323
440
572
657
700
641
638
730
831
927
883
850
790
759
799
822
823
766
723
642
560
508
504
534
482
345
225
160
178
207
181
128
22
-30
-26
10
49
100
132
5
-50
6
148
270
247
192
208
275
313
371
445
532
485
420
414
479
538
530
505
446
412
285
238
264
261
122
-70
-194
-291
-329
-424
-489
-643
-804
-988
-1122
-1082
-1094
-1187
-1313
-1387
-1307
-1276
-1424
-1504
-1414
-1196
-1065
-1238
-1350
-1194
-956
-755
-799
-796
-670
-508
-402
-359
-221
-58
56
94
158
263
342
454
580
651
691
651
689
795
878
927
904
884
853
844
881
894
868
789
750
705
644
596
543
554
508
386
277
212
217
216
165
122
97
38
-10
-10
67
178
97
-18
-23
76
194
246
203
219
242
269
350
392
464
473
470
482
474
484
506
545
540
463
365
308
327
269
194
105
-31
-182
-301
-367
-363
-501
-698
-850
-989
-1046
-1100
-1145
-1231
-1300
-1431
-1299
-1276
-1402
-1503
-1487
-1208
-1063
-1204
-1364
-1212
-950
-737
-821
-830
-639
-469
-373
-361
-237
-48
92
114
184
289
356
466
569
682
722
697
728
816
884
937
922
884
887
865
897
895
846
803
783
727
659
599
563
565
507
409
316
254
275
272
175
109
66
55
95
84
102
60
-5
39
80
141
174
179
170
222
239
316
385
397
416
427
463
474
483
505
529
515
470
395
358
393
344
228
148
34
-53
-170
-280
-354
-377
-579
-754
-855
-971
-1000
-1106
-1175
-1249
-1344
-1442
-1271
-1269
-1372
-1502
-1534
-1244
-1095
-1179
-1319
-1200
-951
-789
-868
-823
-620
-467
-355
-371
-289
-106
55
115
195
280
333
414
500
649
705
692
714
761
827
876
870
874
899
859
852
818
797
794
770
717
663
578
524
515
473
430
330
236
199
164
152
171
53
15
35
35
102
64
3
29
72
114
178
177
193
210
230
349
373
381
404
435
502
516
464
469
541
537
487
390
363
390
296
205
135
38
-67
-172
-311
-359
-417
-591
-707
-893
-952
-1065
-1142
-1180
-1245
-1402
-1456
-1233
-1294
-1436
-1615
-1479
-1198
-1083
-1227
-1373
-1215
-955
-770
-888
-836
-634
-453
-394
-423
-290
-77
64
107
177
228
329
418
531
659
702
701
683
761
839
922
897
893
887
842
873
846
847
832
799
737
659
583
560
552
517
434
318
231
191
179
150
158
97
-1
68
82
7
-45
1
123
163
91
27
121
206
249
249
324
379
327
353
454
536
522
469
458
545
543
433
410
477
469
303
150
151
153
13
-149
-259
-294
-362
-600
-677
-724
-851
-1028
-1120
-1139
-1197
-1304
-1418
-1292
-1182
-1316
-1592
-1584
-1231
-1014
-1179
-1335
-1219
-1034
-842
-839
-832
-665
-500
-416
-440
-354
-142
43
99
158
218
263
365
488
632
702
685
661
728
808
885
911
910
919
854
839
846
858
856
813
749
684
604
552
553
557
500
378
245
204
195
264
342
117
-10
-14
52
142
130
50
63
63
26
94
158
277
237
198
266
310
344
379
459
534
539
388
357
517
588
538
416
374
387
300
182
208
188
63
-156
-323
-303
-310
-481
-660
-712
-846
-983
-1152
-1186
-1141
-1191
-1349
-1386
-1270
-1299
-1492
-1571
-1287
-1101
-1116
-1324
-1328
-1105
-870
-788
-865
-743
-579
-468
-456
-398
-169
-2
61
72
133
232
337
451
585
653
637
620
666
788
861
898
858
856
823
810
833
848
862
798
719
660
615
580
556
530
491
380
254
194
197
276
347
141
-25
-25
29
135
142
75
58
47
-3
63
168
284
267
178
224
278
347
409
446
516
523
399
346
478
588
564
442
376
350
299
204
207
206
72
-142
-324
-352
-338
-413
-606
-734
-840
-1002
-1157
-1157
-1130
-1210
-1386
-1468
-1304
-1295
-1473
-1578
-1422
-1193
-1113
-1273
-1402
-1223
-935
-775
-880
-873
-679
-519
-454
-413
-265
-108
9
51
112
211
291
413
537
624
639
631
660
775
861
908
868
843
865
853
865
868
870
816
765
705
664
631
590
561
517
427
321
229
255
329
293
141
24
28
106
136
79
48
51
114
107
68
107
210
272
279
254
263
347
409
461
509
508
470
443
495
574
553
488
420
384
367
299
193
167
112
-45
-207
-317
-347
-409
-511
-685
-875
-925
-1014
-1194
-1183
-1163
-1335
-1484
-1307
-1238
-1464
-1608
-1482
-1235
-1133
-1215
-1369
-1289
-1038
-807
-863
-911
-710
-518
-454
-458
-337
-125
13
50
129
205
266
380
518
643
677
658
674
754
846
915
913
886
901
873
876
892
897
870
815
758
689
631
599
597
543
466
363
267
235
292
314
250
72
17
57
142
133
49
57
102
150
93
89
164
290
317
291
291
328
406
449
526
572
526
455
468
568
609
543
431
400
390
349
198
140
132
18
-183
-366
-336
-430
-463
-706
-889
-957
-1035
-1170
-1257
-1237
-1372
-1460
-1411
-1303
-1459
-1543
-1594
-1417
-1182
-1170
-1371
-1390
-1126
-897
-865
-930
-786
-595
-476
-461
-398
-203
-27
52
89
178
272
343
469
576
690
688
674
712
824
913
928
900
899
910
871
887
877
893
837
789
697
663
617
580
546
490
408
286
210
257
280
257
174
23
1
79
135
93
91
62
104
92
88
154
262
307
278
265
325
410
421
496
547
554
488
428
480
597
578
476
347
327
321
234
138
59
1
-161
-351
-430
-410
-561
-746
-869
-962
-1131
-1229
-1231
-1316
-1408
-1464
-1375
-1389
-1512
-1618
-1622
-1383
-1141
-1242
-1462
-1408
-1135
-895
-895
-930
-782
-610
-497
-482
-405
-193
12
69
90
142
233
386
511
629
667
668
673
744
835
936
970
924
907
869
898
921
911
894
861
789
699
632
622
637
588
504
389
298
263
277
341
268
96
7
56
150
154
50
31
124
127
120
104
178
298
304
280
293
362
427
464
498
570
532
469
474
549
607
535
406
368
407
271
194
141
35
-55
-196
-377
-402
-492
-609
-713
-949
-1047
-1191
-1196
-1268
-1362
-1445
-1427
-1383
-1437
-1560
-1697
-1525
-1252
-1163
-1359
-1490
-1317
-1024
-870
-901
-849
-733
-591
-470
-424
-304
-109
47
112
132
176
308
460
598
681
695
690
707
813
924
1002
982
946
905
892
951
959
950
909
852
781
715
664
653
636
587
471
333
280
304
352
296
141
64
116
151
133
71
64
140
154
123
129
132
224
310
321
325
315
369
467
515
538
538
496
515
543
552
538
491
422
367
350
233
173
39
-12
-152
-300
-353
-541
-532
-683
-919
-1096
-1105
-1163
-1300
-1378
-1469
-1467
-1366
-1420
-1602
-1709
-1610
-1347
-1233
-1337
-1468
-1364
-1143
-951
-938
-891
-775
-633
-487
-467
-394
-193
5
101
123
160
260
399
544
666
709
685
721
782
886
957
986
983
967
921
927
964
968
952
873
831
759
687
645
649
626
547
402
345
362
292
217
194
183
202
129
20
56
106
166
164
149
131
120
149
299
370
327
310
329
456
497
454
493
579
578
504
438
478
542
474
372
293
253
200
14
-76
-95
-202
-373
-518
-568
-684
-840
-1042
-1120
-1153
-1301
-1428
-1553
-1544
-1432
-1412
-1580
-1680
-1749
-1604
-1347
-1293
-1398
-1457
-1332
-1138
-996
-966
-861
-710
-570
-515
-504
-359
-114
74
132
150
181
293
457
603
726
732
744
772
832
917
989
1045
1040
996
923
953
975
1009
969
913
836
746
681
660
679
629
538
384
359
367
310
206
219
281
219
107
61
126
204
191
166
184
205
182
226
361
418
373
326
438
536
541
479
506
624
632
496
402
498
593
447
292
269
247
89
-41
-91
-230
-278
-444
-557
-718
-829
-938
-1137
-1205
-1230
-1332
-1541
-1684
-1485
-1227
-1497
-1763
-1768
-1587
-1400
-1258
-1302
-1443
-1367
-1137
-953
-966
-855
-675
-567
-512
-435
-314
-143
43
200
265
247
272
445
666
812
814
779
808
899
977
1032
1097
1119
1102
978
985
1047
1085
1033
963
917
839
733
675
711
713
671
505
374
287
337
364
423
302
104
77
158
237
229
214
210
218
177
227
311
426
446
384
404
493
505
533
588
660
681
556
433
537
667
618
430
378
327
211
122
21
-42
-166
-313
-472
-466
-694
-902
-903
-1130
-1182
-1206
-1411
-1665
-1616
-1391
-1366
-1549
-1744
-1801
-1682
-1373
-1202
-1374
-1524
-1389
-1154
-973
-990
-871
-683
-560
-499
-460
-365
-128
102
215
237
224
281
465
689
822
839
786
830
897
983
1069
1141
1142
1098
989
1003
1065
1076
1067
1001
926
811
723
689
734
713
621
466
362
341
307
267
362
311
135
56
74
184
228
174
161
184
162
171
237
410
458
344
346
459
519
538
518
575
664
588
408
436
581
620
412
269
260
213
74
-107
-152
-233
-267
-510
-756
-720
-885
-1128
-1149
-1199
-1343
-1551
-1696
-1670
-1484
-1358
-1602
-1951
-1936
-1607
-1351
-1334
-1528
-1561
-1365
-1181
-1066
-1032
-885
-697
-585
-568
-525
-378
-111
87
184
216
195
245
455
729
849
797
732
804
933
993
1046
1105
1147
1098
958
964
1051
1100
1041
964
887
799
687
669
719
718
591
383
295
284
330
276
272
195
116
35
28
110
168
227
178
118
77
166
282
407
414
343
342
402
504
562
569
614
619
538
479
526
560
571
511
363
214
222
75
-31
-84
-194
-290
-553
-623
-750
-913
-1018
-1119
-1263
-1379
-1605
-1636
-1678
-1624
-1400
-1582
-1833
-2059
-1805
-1392
-1260
-1464
-1630
-1483
-1276
-1053
-1003
-921
-743
-604
-544
-564
-419
-119
102
172
189
204
230
422
681
879
865
769
778
897
1020
1113
1172
1168
1132
1005
1014
1087
1161
1142
1049
945
843
768
740
792
780
684
483
331
302
364
432
345
197
124
134
138
163
182
217
248
166
114
161
303
426
433
382
359
427
527
580
601
656
630
532
528
547
613
584
513
340
334
249
36
34
-50
-139
-388
-396
-554
-837
-923
-907
-1124
-1305
-1318
-1545
-1786
-1693
-1474
-1491
-1649
-1869
-2006
-1875
-1415
-1233
-1578
-1676
-1447
-1248
-1143
-1090
-917
-706
-624
-609
-597
-446
-128
102
179
202
198
230
453
699
890
885
781
803
931
1050
1120
1180
1206
1181
1034
1029
1108
1178
1193
1094
956
866
798
769
810
802
713
509
341
317
359
442
399
194
130
87
66
141
243
222
199
102
62
162
282
433
417
327
320
371
489
590
593
631
633
524
481
525
592
674
509
353
266
220
135
50
-39
-157
-304
-498
-597
-746
-751
-914
-1236
-1310
-1340
-1436
-1680
-1783
-1637
-1358
-1566
-1908
-2049
-1942
-1499
-1216
-1432
-1774
-1673
-1339
-1071
-1081
-1005
-829
-739
-636
-587
-470
-213
34
156
188
147
173
401
662
868
887
763
749
861
1058
1178
1194
1181
1165
1045
1052
1137
1198
1221
1105
988
881
832
816
857
830
755
537
349
347
391
441
420
274
97
100
96
162
226
252
207
140
83
120
258
426
484
367
316
365
495
610
649
642
655
572
527
553
633
673
610
454
330
232
184
156
74
-55
-298
-506
-484
-512
-786
-953
-1123
-1174
-1301
-1459
-1639
-1686
-1654
-1426
-1429
-1824
-2113
-1940
-1495
-1252
-1397
-1728
-1637
-1428
-1107
-1007
-1046
-889
-705
-585
-582
-537
-273
69
154
187
180
192
350
652
889
926
785
739
886
1043
1188
1204
1187
1195
1128
1038
1139
1211
1253
1163
1026
922
864
836
868
872
790
619
398
356
413
518
451
273
88
175
203
174
167
214
267
210
119
131
279
405
486
399
346
380
476
591
683
656
649
568
558
630
679
646
591
541
412
332
226
183
132
-25
-181
-410
-432
-502
-718
-782
-1012
-1246
-1234
-1308
-1527
-1623
-1736
-1666
-1375
-1572
-1907
-2088
-1846
-1385
-1240
-1523
-1776
-1583
-1242
-1033
-1080
-957
-824
-695
-601
-539
-409
-136
51
142
194
192
264
443
701
899
902
764
785
909
1133
1209
1182
1162
1162
1080
1084
1152
1210
1218
1071
964
873
863
833
834
781
727
509
346
338
430
429
330
164
28
159
154
109
97
184
185
139
36
90
263
379
386
285
274
369
460
562
604
544
577
546
507
513
615
625
457
364
350
273
108
71
52
-144
-293
-565
-501
-509
-863
-952
-1194
-1239
-1363
-1446
-1563
-1887
-1824
-1543
-1433
-1840
-2092
-2075
-1800
-1412
-1309
-1704
-1870
-1531
-1166
-1067
-1172
-1042
-821
-649
-592
-609
-485
-114
84
143
149
163
246
491
737
892
823
707
790
961
1139
1150
1121
1124
1157
1048
1077
1135
1180
1163
1041
925
851
823
797
815
755
665
420
310
321
366
384
347
111
-34
35
87
146
111
109
136
83
-8
68
238
417
379
207
240
378
476
571
575
643
639
494
464
618
748
674
448
403
415
395
202
151
188
-77
-243
-411
-435
-458
-612
-881
-1046
-1190
-1293
-1374
-1494
-1597
-1669
-1757
-1702
-1543
-1671
-1978
-2049
-1648
-1323
-1357
-1713
-1751
-1422
-1057
-986
-1121
-1006
-749
-567
-571
-508
-267
-18
72
132
230
286
392
591
793
911
872
818
883
1091
1229
1218
1160
1176
1212
1164
1197
1219
1254
1189
1073
982
967
953
906
843
771
692
536
434
404
447
466
323
94
70
199
305
263
94
48
176
200
215
240
309
397
343
311
435
552
592
586
590
699
677
621
662
734
750
687
543
461
547
598
382
199
127
101
-139
-378
-167
-230
-629
-924
-896
-1033
-1123
-1181
-1508
-1491
-1592
-1755
-1891
-1520
-1358
-1728
-2069
-2088
-1603
-1212
-1384
-1717
-1583
-1322
-1122
-1145
-1074
-823
-586
-611
-633
-560
-219
27
86
194
284
263
274
545
821
1015
847
768
847
1046
1168
1184
1193
1264
1187
1026
1097
1185
1282
1177
1042
931
902
827
812
809
808
677
409
291
324
393
411
300
94
19
35
154
165
133
102
96
67
85
146
285
397
292
242
327
449
495
507
580
665
621
522
509
636
689
667
495
406
433
462
262
151
234
53
-368
-432
-191
-393
-666
-820
-986
-1111
-1160
-1307
-1518
-1572
-1571
-1766
-1946
-1730
-1442
-1725
-2085
-2060
-1732
-1422
-1477
-1692
-1630
-1413
-1209
-1172
-1177
-904
-688
-668
-683
-569
-321
-77
11
94
240
254
307
458
744
907
861
767
853
1018
1135
1163
1148
1239
1217
1088
1072
1201
1274
1214
1048
972
957
900
841
804
809
739
516
341
356
401
377
269
190
105
27
29
103
136
198
181
39
11
90
275
443
406
275
279
385
525
585
652
687
656
622
632
667
780
816
621
575
534
499
445
356
343
203
64
-208
-365
-239
-184
-528
-831
-952
-991
-1089
-1278
-1327
-1426
-1600
-1791
-1823
-1716
-1429
-1507
-1888
-2123
-1852
-1450
-1282
-1483
-1652
-1473
-1255
-1093
-1115
-946
-726
-592
-582
-545
-436
-166
54
184
290
251
233
372
736
939
933
791
833
947
1090
1163
1206
1254
1239
1120
1050
1180
1246
1252
1124
1054
960
880
816
853
859
792
580
370
362
376
392
311
275
137
28
-25
115
184
164
102
47
72
88
180
303
450
334
261
300
501
574
572
624
714
685
610
619
722
886
818
585
483
612
633
503
343
412
186
-9
-184
-206
-81
-319
-548
-775
-817
-959
-1004
-1239
-1283
-1319
-1523
-1772
-1863
-1653
-1448
-1454
-1771
-1976
-2092
-1712
-1268
-1214
-1602
-1662
-1480
-1221
-1045
-969
-832
-751
-617
-583
-578
-410
0
166
202
149
129
245
525
823
938
839
725
792
931
1142
1218
1233
1193
1106
987
1085
1201
1253
1192
1051
935
826
804
833
878
817
651
373
287
318
361
347
236
72
15
-79
-106
64
209
110
-61
-156
-99
89
217
317
268
147
106
268
475
578
518
521
576
567
554
665
762
779
727
560
437
528
660
569
369
324
245
-37
-159
-107
-45
-230
-597
-659
-824
-813
-976
-1079
-1162
-1350
-1474
-1724
-1738
-1708
-1684
-1602
-1543
-1768
-2033
-2096
-1772
-1303
-1196
-1607
-1843
-1615
-1216
-978
-980
-924
-812
-664
-692
-634
-336
43
144
73
61
122
279
525
792
908
823
696
704
923
1191
1270
1212
1118
1056
1003
1101
1230
1291
1196
1026
864
814
884
908
892
769
631
406
325
354
404
395
262
41
-101
42
47
85
102
35
-52
-94
-56
61
226
281
229
92
140
309
446
557
540
464
535
539
593
737
804
739
697
591
601
644
663
630
512
469
251
150
119
154
-1
-109
-320
-543
-526
-480
-716
-908
-991
-1070
-1259
-1463
-1376
-1565
-1649
-1658
-1669
-1570
-1556
-1811
-1979
-1784
-1420
-1267
-1515
-1687
-1507
-1221
-1042
-1021
-988
-803
-647
-625
-572
-404
-118
29
71
128
222
277
425
655
845
872
750
764
941
1143
1175
1161
1149
1179
1132
1099
1181
1258
1237
1105
983
948
969
906
867
817
744
581
420
386
431
416
289
136
41
84
69
7
-44
94
88
-58
-128
-69
112
220
204
116
134
190
312
434
514
499
453
499
607
642
711
747
693
715
686
594
605
681
669
575
349
340
250
217
169
13
-79
-241
-462
-503
-399
-587
-872
-993
-999
-1128
-1262
-1420
-1439
-1489
-1600
-1763
-1627
-1414
-1524
-1790
-1905
-1728
-1427
-1240
-1444
-1579
-1428
-1167
-1022
-1030
-927
-707
-618
-596
-488
-358
-129
35
132
214
252
295
456
687
850
872
788
843
952
1079
1156
1184
1162
1170
1105
1084
1161
1195
1175
1067
977
905
862
810
810
743
664
515
356
312
330
308
207
78
-41
-5
-64
-93
-113
-48
55
-68
-212
-196
-17
124
199
78
36
115
200
347
445
459
453
424
494
622
669
704
697
668
676
631
560
601
660
604
442
295
266
247
215
102
-26
-167
-277
-461
-511
-482
-639
-846
-936
-1024
-1226
-1340
-1299
-1221
-1604
-1748
-1669
-1700
-1497
-1426
-1721
-1930
-1810
-1542
-1313
-1390
-1523
-1456
-1291
-1095
-1024
-984
-814
-649
-538
-490
-478
-295
-1
140
202
225
239
365
553
751
855
820
779
851
958
1076
1123
1101
1126
1093
1003
1015
1075
1101
1058
939
860
793
725
717
692
646
536
338
218
249
255
180
70
-56
-118
-118
-50
-108
-190
-152
-100
-126
-159
-162
-73
72
92
41
53
141
235
304
372
446
437
458
494
577
713
735
610
617
723
689
629
579
618
615
498
345
274
324
282
133
-44
-124
-136
-293
-377
-510
-550
-644
-801
-936
-1019
-1075
-1222
-1296
-1402
-1436
-1546
-1622
-1541
-1349
-1367
-1628
-1775
-1631
-1286
-1101
-1226
-1385
-1300
-1092
-904
-814
-729
-609
-501
-437
-377
-218
-14
141
211
314
362
365
458
694
908
912
839
800
911
1048
1127
1131
1118
1107
1024
962
1029
1129
1093
967
858
811
769
714
680
665
610
442
262
208
254
252
158
49
-73
-158
-179
-166
-91
-93
-181
-290
-251
-158
-123
-69
-26
7
-17
6
103
232
295
323
348
404
455
478
557
688
722
664
601
651
738
739
686
621
582
546
488
360
389
430
248
86
22
-36
-127
-174
-233
-370
-534
-661
-688
-737
-821
-928
-1018
-1218
-1230
-1214
-1368
-1439
-1382
-1274
-1298
-1414
-1461
-1532
-1414
-1143
-1039
-1142
-1246
-1186
-973
-762
-704
-639
-579
-512
-388
-288
-181
-5
154
220
228
261
355
514
669
780
754
719
758
833
956
1033
1039
991
951
894
918
985
1011
955
830
756
711
671
642
642
582
489
337
219
214
229
203
96
-22
-121
-178
-188
-160
-189
-223
-267
-216
-270
-316
-224
-154
-106
-85
-85
-93
22
89
184
256
315
312
336
411
531
589
641
653
594
649
713
720
718
744
680
620
561
553
523
499
409
283
200
154
73
-8
-40
-116
-245
-353
-432
-533
-544
-630
-694
-839
-980
-977
-1052
-1161
-1161
-1246
-1339
-1331
-1198
-1157
-1299
-1385
-1422
-1245
-981
-974
-1140
-1130
-970
-776
-685
-679
-582
-445
-357
-315
-251
-96
67
147
234
290
309
370
508
665
752
735
673
716
818
927
930
908
915
888
834
849
893
890
851
751
686
640
615
565
536
504
425
280
184
183
175
145
54
-51
-134
-156
-189
-190
-210
-247
-304
-307
-203
-281
-269
-186
-149
-138
-130
-58
29
89
98
169
257
327
348
375
514
602
571
608
652
730
774
738
715
764
786
730
661
660
693
595
498
433
419
354
233
138
107
40
-86
-183
-249
-252
-338
-472
-591
-597
-652
-750
-848
-908
-958
-1059
-1112
-1172
-1199
-1151
-1039
-1095
-1184
-1292
-1329
-1081
-828
-864
-1033
-1065
-932
-694
-606
-552
-499
-438
-349
-275
-234
-81
101
185
228
204
255
362
498
635
708
648
619
631
722
853
899
874
799
750
743
804
809
816
760
679
597
526
507
517
495
421
326
185
125
106
119
103
24
-107
-201
-237
-223
-201
-238
-264
-333
-389
-402
-319
-143
-213
-260
-248
-214
-104
-37
23
124
176
128
168
262
408
505
518
549
563
541
651
728
788
807
723
667
702
728
725
691
643
605
477
405
385
375
312
216
83
22
-28
-132
-171
-203
-259
-391
-537
-590
-578
-622
-701
-792
-897
-938
-1015
-1066
-1110
-1138
-1200
-1147
-1002
-1079
-1230
-1356
-1187
-922
-825
-961
-1089
-1011
-779
-641
-638
-554
-471
-406
-360
-301
-181
-5
80
134
172
222
262
332
483
633
638
544
539
601
739
800
788
749
731
695
677
714
765
756
637
567
521
504
481
464
426
391
284
150
112
136
164
95
-18
-109
-145
-168
-158
-168
-181
-221
-296
-340
-313
-272
-221
-172
-200
-256
-228
-154
-74
16
35
64
109
159
193
283
399
459
452
443
493
568
636
665
681
694
686
629
642
718
739
660
554
520
521
476
407
361
321
244
110
23
26
17
-87
-215
-287
-312
-373
-462
-515
-526
-565
-710
-786
-805
-784
-854
-933
-998
-1027
-1077
-1085
-867
-879
-987
-1173
-1162
-931
-678
-711
-881
-888
-752
-564
-572
-507
-382
-291
-279
-267
-219
-34
94
141
193
233
250
247
357
532
652
565
505
497
607
720
743
710
716
691
613
631
660
738
658
586
517
485
455
451
434
425
392
225
126
114
173
151
93
-14
-80
-129
-136
-137
-147
-132
-190
-286
-323
-272
-233
-179
-175
-191
-254
-242
-116
-48
-15
31
21
27
88
146
245
329
329
305
337
412
488
486
519
568
537
517
496
522
584
582
489
428
422
411
350
309
321
283
153
43
16
25
14
-118
-237
-253
-284
-363
-443
-453
-449
-534
-648
-695
-678
-710
-763
-839
-851
-853
-917
-847
-805
-802
-876
-940
-870
-700
-647
-693
-698
-662
-531
-483
-457
-375
-275
-226
-200
-181
-73
41
90
135
192
228
250
289
367
486
501
481
460
500
564
607
592
599
590
547
548
529
569
561
521
454
419
378
360
329
296
289
211
133
73
68
60
35
-42
-89
-131
-165
-183
-201
-199
-214
-262
-310
-306
-293
-266
-243
-218
-221
-233
-239
-139
-54
-51
-34
-25
27
91
145
193
253
265
289
322
374
418
428
444
486
487
447
443
460
510
489
424
371
371
370
326
269
257
231
127
51
32
29
-25
-115
-194
-211
-253
-327
-386
-398
-408
-490
-586
-604
-593
-622
-674
-727
-741
-752
-800
-774
-691
-673
-747
-820
-774
-634
-543
-561
-576
-534
-464
-407
-368
-280
-186
-160
-142
-108
-28
69
123
168
235
275
277
289
361
471
513
486
457
477
523
560
567
569
568
527
485
478
505
520
473
411
376
343
313
291
270
255
209
125
67
53
65
49
-10
-62
-97
-132
-151
-158
-160
-164
-201
-255
-262
-240
-216
-215
-232
-230
-209
-191
-184
-160
-119
-61
-41
-37
-23
66
112
117
165
215
254
264
282
323
394
416
402
400
435
465
459
450
473
474
432
403
386
398
387
335
278
268
238
188
127
121
111
31
-55
-98
-91
-111
-182
-263
-273
-284
-346
-404
-409
-410
-457
-520
-553
-537
-554
-596
-626
-621
-603
-602
-592
-575
-569
-577
-564
-504
-427
-403
-421
-398
-322
-251
-214
-187
-134
-76
-43
-14
33
103
152
175
201
251
281
293
319
378
419
408
391
393
434
450
449
423
418
422
396
380
375
376
348
303
274
260
235
207
178
158
132
88
42
23
21
5
-34
-68
-90
-95
-100
-124
-134
-137
-135
-159
-170
-161
-130
-120
-130
-128
-107
-81
-75
-58
-19
11
8
9
35
88
127
119
118
150
184
194
200
208
225
236
226
223
248
258
244
214
208
222
193
155
144
148
129
84
39
31
19
-5
-45
-77
-92
-127
-167
-187
-192
-217
-257
-289
-304
-314
-331
-355
-373
-378
-385
-410
-432
-425
-419
-409
-394
-391
-396
-395
-370
-321
-283
-263
-259
-246
-203
-163
-128
-98
-67
-45
-18
14
44
83
118
146
166
181
198
219
245
276
296
285
284
295
309
316
319
315
303
289
280
275
271
263
246
219
205
194
172
156
143
136
116
82
58
44
42
32
23
-3
-23
-30
-37
-33
-30
-36
-48
-66
-59
-49
-48
-37
-36
-32
-25
-31
-20
2
21
29
28
26
40
59
63
78
87
88
88
86
92
111
120
114
102
105
106
102
102
98
91
79
64
50
46
47
35
15
-1
-16
-26
-35
-46
-56
-76
-92
-114
-125
-123
-132
-135
-161
-173
-187
-197
-205
-200
-202
-215
-217
-223
-216
-213
-200
-192
-181
-177
-170
-160
-138
-113
-91
-79
-62
-50
-32
-1
22
47
64
80
96
114
136
156
170
179
193
199
213
223
236
249
255
253
243
242
243
249
241
242
230
212
214
213
206
201
192
181
166
164
164
157
163
157
130
112
113
120
126
116
103
94
85
82
79
79
79
66
51
48
47
38
37
25
15
-2
-17
-31
-29
-20
-36
-70
-90
-96
-103
-107
-122
-126
-155
-182
-191
-194
-195
-211
-238
-250
-249
-254
-261
-266
-259
-254
-264
-270
-257
-249
-244
-245
-243
-233
-224
-215
-188
-166
-156
-155
-142
-115
-87
-70
-59
-43
-26
-9
11
33
57
69
76
92
105
120
130
138
148
155
156
154
164
175
177
170
167
165
163
158
158
152
137
120
112
109
97
95
80
66
55
42
28
14
2
-4
-11
-24
-35
-46
-47
-51
-59
-61
-65
-72
-76
-74
-70
-72
-76
-77
-78
-69
-65
-65
-57
-53
-46
-40
-39
-30
-24
-11
-9
-8
-6
3
10
14
28
39
37
43
41
51
54
51
59
53
50
49
51
51
51
51
43
41
44
41
38
33
31
27
18
14
9
7
6
-2
-6
-7
-11
-11
-13
-12
-17
-19
-19
-18
-13
-13
-14
-16
-14
-14
-11
-7
-2
-7
-9
-10
-5
3
7
15
14
16
17
20
23
20
26
24
23
24
24
28
30
33
35
34
33
32
36
38
35
34
30
35
36
32
35
31
32
30
25
26
29
30
29
27
29
26
26
29
28
28
28
26
26
26
33
32
29
28
25
27
25
23
20
27
27
20
19
20
13
9
5
7
4
-1
-1
2
3
2
-9
-5
-1
-4
-5
-4
0
-6
-9
-3
1
1
1
-2
4
8
11
13
12
14
4
5
9
7
8
6
7
7
8
11
17
18
7
2
2
9
18
25
29
7
6
21
26
30
30
25
23
23
24
25
25
19
17
12
10
9
11
14
14
11
3
3
4
4
6
3
2
-2
2
4
5
8
4
0
2
2
6
9
11
14
10
12
9
20
25
27
24
12
18
15
19
22
15
18
21
14
20
17
20
18
20
18
15
18
15
21
16
12
2
5
8
11
4
5
0
-4
-3
-3
-2
-8
-7
-13
-16
-15
-17
-19
-15
-17
-19
-23
-24
-21
-22
-22
-29
-27
-29
-27
-25
-26
-30
-26
-26
-23
-26
-30
-25
-27
-16
-19
-21
-21
-14
-10
-11
-13
-12
-12
-15
-12
-7
-7
-14
-12
-13
-13
-18
-11
-9
-14
-13
-10
-12
-10
-14
-15
-15
-16
-16
-19
-11
-10
-12
-14
-10
-7
-8
-8
-9
-6
-11
-2
-7
-1
5
11
12
10
18
15
19
21
17
14
12
13
11
13
21
20
15
17
22
21
21
21
25
23
13
16
22
22
22
17
17
18
17
14
14
13
14
14
12
12
13
7
6
6
8
6
5
-6
-9
-2
-3
-4
-9
0
-1
-6
-1
-1
1
-5
-2
-4
-8
-8
-15
-8
-9
-8
-5
-9
-4
-4
-5
0
-5
-3
-5
-6
-3
-4
-6
-8
-9
-5
-7
-8
-5
-3
2
-4
-5
-1
7
11
6
6
11
12
15
20
23
22
19
24
28
28
28
24
21
20
22
21
20
28
23
18
17
10
13
14
11
7
5
6
7
6
8
9
7
0
4
8
7
7
11
12
10
8
11
13
17
15
15
19
20
21
17
18
21
21
18
17
20
24
20
23
26
22
22
20
21
18
13
15
13
9
9
18
13
11
14
9
5
8
7
4
1
-1
-1
0
-2
-3
-2
-2
-3
-6
-6
-6
-7
-9
-5
-5
-6
-5
-7
-1
1
-3
-3
-6
-6
0
-4
1
-1
1
-1
2
4
3
11
8
14
15
13
10
8
12
6
10
12
10
15
13
11
13
15
14
12
12
12
8
7
5
2
4
3
6
1
-2
2
4
7
5
6
5
3
3
-1
3
3
0
0
-1
3
1
1
2
-4
-2
-3
-4
-5
-4
-5
-4
-9
-8
-8
-7
-4
-13
-14
-17
-8
-9
-8
-3
-9
-5
-4
-3
-2
-6
-8
-8
-8
-6
-10
-12
-7
-11
-9
-12
-11
-13
-15
-9
-13
-11
-15
-18
-15
-19
-16
-19
-17
-14
-15
-11
-9
-10
-12
-10
-14
-12
-13
-6
-7
-7
0
1
8
7
4
10
6
6
5
-1
-4
-1
1
-1
4
0
-1
2
4
7
8
2
6
4
6
4
3
7
6
7
3
8
10
6
5
5
4
5
7
8
12
10
8
7
11
10
11
11
2
2
4
5
6
8
14
11
10
12
16
20
12
11
9
10
12
8
8
6
11
10
10
10
6
8
12
11
7
6
7
7
3
8
5
6
1
1
3
1
4
2
1
3
3
3
4
3
8
8
8
4
6
13
11
13
17
18
22
19
17
16
17
20
21
24
27
21
13
12
14
17
14
7
10
13
15
9
5
9
8
7
5
9
8
5
7
3
9
8
8
4
5
10
12
11
12
11
9
8
8
11
10
12
12
12
14
10
18
19
12
12
6
11
5
17
16
-3
9
14
16
14
18
17
19
19
14
16
20
17
14
14
16
15
12
14
12
12
11
5
7
5
6
5
3
2
1
3
2
0
-3
-2
-6
-4
-4
-6
-9
-7
-10
-11
-8
-11
-7
-9
-8
-9
-10
-16
-9
-18
-17
-13
-15
-14
-15
-14
-12
-12
-12
-10
-9
-12
-11
-10
-10
-10
-12
-11
-10
-10
-11
-12
-8
-10
-12
-5
-7
-8
-8
-10
-9
-12
-9
-9
-10
-9
-12
-12
-11
-15
-17
-19
-18
-16
-23
-28
-29
-20
-18
-19
-18
-18
-24
-28
-23
-24
-16
-19
-17
-16
-14
-16
-14
-10
-9
-10
-17
-10
-8
-6
-7
-8
-7
-9
-11
-7
-6
-9
-9
-9
-4
-10
-11
-11
-10
-8
-15
-15
-12
-14
-11
-14
-16
-17
-16
-16
-18
-18
-20
-19
-20
-18
-16
-19
-15
-14
-18
-15
-10
-16
-20
-27
-23
-24
-23
-25
-19
-23
-25
-22
-22
-19
-22
-21
-22
-20
-22
-20
-21
-19
-18
-18
-20
-22
-20
-21
-20
-19
-21
-16
-18
-16
-14
-19
-15
-12
-12
-15
-17
-15
-12
-16
-16
-19
-15
-16
-17
-11
-10
-6
-6
-5
-4
-6
1
-1
-4
-3
-4
-3
-2
1
3
-2
2
1
5
7
2
5
6
9
5
4
3
5
1
4
2
1
6
4
6
3
3
2
4
6
5
10
8
5
8
9
12
12
16
17
17
19
12
16
16
6
11
17
18
15
10
5
8
9
6
4
3
4
7
4
3
6
4
1
5
4
3
3
4
4
3
1
3
5
4
8
6
7
7
6
6
7
2
0
-1
3
4
2
3
4
10
6
4
0
-2
-2
2
6
6
-8
-1
7
5
7
9
7
6
11
12
13
13
9
10
14
12
10
10
13
14
12
15
12
12
15
13
15
12
10
15
12
14
8
6
6
6
6
6
4
7
5
7
9
3
3
-1
8
10
8
8
3
3
-1
-5
0
-2
-1
-1
-2
-1
-2
1
-4
-2
0
-3
-4
-2
-2
-4
-4
-2
-1
-5
-3
-5
-4
-2
-2
-2
-2
1
-4
-3
8
25
29
23
24
34
54
64
71
69
64
67
77
84
95
85
75
77
82
83
79
73
62
52
44
52
44
41
39
30
27
17
5
-4
-2
-3
-12
-18
-21
-25
-21
-25
-24
-19
-23
-25
-25
-15
-11
-11
-11
-8
-4
-5
-1
4
7
13
15
20
23
20
20
17
21
17
12
10
13
12
9
6
6
8
1
-2
-3
-10
-11
-11
-20
-25
-21
-21
-26
-21
-23
-23
-22
-21
-18
-13
-13
-11
-8
-9
-9
-5
2
4
4
3
5
10
10
8
9
13
12
12
12
13
10
10
11
11
10
5
4
5
-6
-14
-9
-3
-2
-5
-6
-2
-4
-3
-6
-2
-8
-7
0
-6
-5
-4
-2
2
4
5
5
9
13
11
14
16
15
19
21
23
21
22
23
24
26
22
23
25
24
25
27
22
22
24
22
21
26
28
23
23
27
32
28
25
31
33
28
26
22
27
30
34
31
29
29
20
25
28
29
29
25
23
29
30
30
26
28
28
25
30
30
30
31
27
28
26
23
25
27
29
30
29
32
31
33
28
28
29
26
29
30
30
33
29
33
36
32
34
30
29
29
26
37
26
19
27
35
34
34
37
36
36
36
36
34
35
35
29
32
35
32
31
31
37
35
33
34
35
34
36
33
33
33
34
36
33
34
34
32
34
35
36
39
37
37
33
34
36
37
38
39
40
39
39
41
38
30
36
38
34
34
30
34
36
31
30
33
32
32
32
31
30
27
31
32
29
33
29
24
28
29
29
30
32
31
33
32
32
31
31
34
34
30
30
31
28
29
24
25
24
25
26
20
23
22
21
18
19
19
16
14
11
18
25
18
20
22
24
20
23
24
18
19
18
21
24
22
22
25
21
19
23
23
23
24
21
23
20
20
20
16
20
18
18
17
17
22
21
25
23
19
24
19
20
21
16
23
22
23
25
26
30
28
24
31
35
32
23
25
24
24
25
23
27
26
25
28
29
33
28
27
35
28
32
32
32
34
31
32
29
33
33
31
29
29
28
29
31
35
30
30
33
33
35
32
34
31
25
24
29
32
29
31
37
35
34
34
42
38
33
32
33
36
34
36
37
36
34
36
37
40
38
38
37
38
39
38
38
40
38
40
38
40
36
35
41
38
39
38
43
41
41
40
43
40
38
43
48
47
42
45
45
49
51
51
54
50
50
50
49
51
54
54
53
53
42
38
41
46
46
43
42
47
47
45
44
44
48
43
45
50
45
46
49
48
51
48
48
52
52
57
56
56
58
57
56
54
53
54
51
55
54
53
58
58
62
57
49
48
45
48
43
50
51
39
48
47
48
47
49
50
48
53
51
51
51
50
49
46
47
50
49
54
50
51
48
45
48
46
52
45
49
50
48
52
48
48
48
44
46
48
46
47
44
48
45
41
44
41
46
51
44
45
42
43
42
36
41
41
40
38
35
38
38
37
33
35
37
31
35
31
31
30
31
32
30
31
31
30
33
36
34
32
31
33
30
31
29
30
29
28
28
31
30
27
26
26
27
22
27
25
23
20
19
22
25
28
21
26
20
19
15
14
23
21
26
29
28
27
27
27
28
25
22
23
29
27
27
29
27
23
24
25
25
21
20
22
23
20
21
18
16
19
13
16
17
19
20
19
20
18
17
20
19
13
14
17
17
17
22
23
31
25
23
27
24
30
21
19
21
22
21
18
19
19
17
19
19
20
20
20
21
17
17
17
17
20
16
14
16
17
19
16
13
19
15
17
19
18
18
19
19
21
20
20
21
22
20
13
15
13
12
19
21
21
22
23
21
23
22
24
23
22
22
22
25
23
25
24
25
26
27
27
29
28
24
22
24
23
24
21
21
19
19
21
19
21
18
20
17
11
14
15
14
14
14
18
15
14
12
15
12
13
19
13
12
12
15
15
6
5
12
13
12
3
-2
-6
-2
-1
-3
-3
-6
-6
-1
-5
-9
-9
-10
-9
-10
-11
-13
-15
-14
-18
-15
-13
-17
-14
-16
-13
-13
-11
-10
-13
-16
-14
-15
-17
-14
-17
-14
-15
-12
-10
-11
-18
-21
-24
-23
-25
-24
-16
-31
-31
-23
-17
-21
-17
-17
-15
-17
-17
-15
-14
-14
-18
-14
-16
-14
-10
-11
-8
-10
-11
-10
-9
-9
-6
-8
-8
-7
-8
-3
-4
-6
-10
-13
-13
-9
-9
-10
-11
-8
-10
-8
-10
-12
-3
-5
1
-4
-10
-5
-8
-8
-14
-13
-12
-14
-7
-13
-9
-10
-11
-10
-12
-8
-11
-10
-10
-14
-15
-12
-12
-11
-14
-13
-15
-13
-10
-14
-15
-15
-17
-16
-20
-16
-16
-20
-20
-21
-19
-21
-20
-18
-21
-23
-20
-24
-24
-24
-24
-23
-27
-24
-27
-21
-30
-33
-29
-31
-21
-25
-28
-24
-22
-18
-18
-14
-13
-16
-13
-13
-12
-8
-13
-14
-10
-16
-14
-14
-11
-13
-14
-12
-14
-11
-15
-16
-16
-17
-18
-19
-18
-16
-16
-11
-14
-15
-16
-20
-17
-17
-16
-17
-16
-11
-9
-4
2
0
-4
-7
4
9
-2
-3
-6
-7
-4
-5
-1
-4
-4
-2
-1
2
-2
4
4
5
2
3
5
5
4
4
4
6
9
6
8
6
8
9
10
9
11
8
8
10
11
10
11
7
5
5
2
6
7
10
9
13
14
11
15
14
10
11
11
9
8
5
4
4
7
7
6
9
6
10
12
11
11
8
11
11
12
13
10
10
8
8
10
8
11
11
6
9
11
7
8
6
6
10
8
6
8
13
12
13
14
11
10
8
7
9
10
12
6
14
9
12
12
4
3
1
-2
-2
1
-1
6
2
-1
-3
3
-1
-7
-4
-3
-1
-2
-1
1
-2
-1
-1
1
7
6
9
12
9
8
6
5
5
4
6
4
7
5
4
12
9
7
6
1
-1
-7
-4
8
-2
-8
-5
5
0
0
0
3
5
2
1
0
2
0
-1
-4
0
1
1
1
1
2
1
0
0
2
2
2
4
4
5
3
2
1
-1
1
3
1
2
4
5
6
3
4
3
3
7
11
9
2
8
6
4
4
-4
1
2
2
1
0
4
2
2
3
0
1
-2
-2
-2
-5
-2
-4
-3
1
0
-3
-4
-1
2
0
-1
2
5
2
3
4
2
1
2
4
3
3
1
-5
-4
0
-2
-6
-3
-3
-6
-4
-5
-3
-2
-6
-11
-9
-16
-8
-7
-10
-6
-7
-3
3
-2
0
2
-5
-2
0
0
-1
-3
-2
-5
-3
-5
-5
1
-4
-4
-2
-4
-7
-9
-8
-10
-10
-12
-9
-8
-9
-8
-8
-10
-9
-8
-8
-8
-12
-11
-6
-5
-3
-1
3
7
-3
0
-2
2
4
-3
-6
-6
-1
-5
-7
-3
-3
-5
-1
-1
2
-2
0
1
-3
-1
-1
-3
1
-1
-5
-2
-1
-1
-1
0
0
2
3
5
6
7
5
6
8
8
9
7
0
3
10
11
10
10
16
20
19
21
24
28
24
21
24
22
24
23
23
26
25
27
25
27
29
29
27
29
28
30
27
29
28
28
27
23
25
24
26
26
26
26
27
28
25
26
25
30
30
28
29
29
33
33
33
33
40
42
39
38
36
36
39
35
33
41
43
39
35
33
31
35
34
29
31
30
36
34
32
32
34
35
32
35
33
31
32
31
34
35
35
39
39
42
41
42
47
46
44
43
44
45
46
47
51
50
50
51
53
55
48
45
41
44
44
53
49
31
41
47
50
47
48
49
46
48
47
48
52
48
47
47
44
47
45
45
48
46
44
44
42
40
41
40
40
40
38
43
40
35
37
35
36
36
30
31
29
29
31
27
28
29
24
31
31
30
27
22
26
22
18
15
18
20
18
15
16
16
17
14
16
15
11
15
14
13
12
14
11
13
15
12
14
15
15
14
14
13
13
14
15
14
13
14
15
15
16
14
15
14
13
9
11
12
6
10
6
5
12
13
17
7
3
7
10
7
10
13
10
15
17
18
19
24
22
22
18
19
20
21
20
21
20
22
21
22
22
22
21
19
21
20
15
13
13
15
15
10
16
15
18
18
17
18
13
15
13
14
12
13
14
15
16
16
21
24
19
19
27
21
16
14
14
12
14
13
13
16
14
15
17
20
16
16
18
18
17
15
19
19
19
16
19
19
17
17
17
17
18
20
21
23
24
22
24
25
27
26
24
25
27
20
25
27
24
26
26
31
29
32
38
35
32
33
32
33
33
32
30
33
32
36
35
34
39
39
37
38
36
37
39
40
39
34
37
37
36
38
36
40
40
37
38
39
40
37
39
39
40
44
45
43
45
46
46
46
48
51
48
49
50
46
51
49
50
60
56
52
47
44
42
47
44
44
43
42
45
45
42
43
49
44
45
48
52
44
44
47
46
50
47
47
50
54
54
53
57
58
55
55
53
52
53
52
58
55
54
56
57
59
55
50
47
44
46
51
63
46
39
47
49
51
48
48
51
48
47
45
48
45
46
47
44
47
48
47
48
50
47
46
45
44
46
46
45
40
43
43
44
42
40
38
38
39
39
35
34
37
34
37
32
39
36
35
42
41
40
35
34
34
32
34
35
30
31
30
30
30
29
31
32
31
34
31
32
33
29
28
30
31
33
36
34
38
39
39
39
37
36
38
36
39
41
38
38
38
42
41
41
37
34
37
38
36
28
28
34
33
28
30
30
34
26
26
24
18
31
32
34
30
32
35
35
36
38
35
32
29
33
34
27
31
33
30
28
29
27
26
26
25
26
26
19
20
21
18
18
14
17
18
16
20
15
14
12
12
12
7
9
10
11
9
8
16
19
18
12
12
14
15
16
6
4
8
10
6
4
6
6
7
6
6
4
3
7
6
3
5
6
6
7
7
8
7
8
10
11
8
10
11
9
11
13
12
13
12
15
14
13
10
9
14
8
10
11
17
21
16
21
23
28
26
26
19
20
24
21
23
23
24
22
25
25
23
23
25
24
27
25
24
24
24
26
24
21
24
25
24
24
28
27
25
26
26
26
28
26
28
25
29
32
27
29
27
30
30
31
38
41
32
31
31
34
35
36
40
26
26
27
22
24
26
22
19
19
22
23
20
20
20
23
20
22
26
23
27
23
27
28
27
29
28
32
32
34
37
35
36
32
30
28
25
26
27
26
28
26
24
30
27
30
24
20
19
17
33
19
16
25
30
26
26
30
26
26
24
26
25
24
23
25
23
22
18
21
21
18
18
18
15
18
18
19
18
17
18
15
16
14
13
14
11
12
12
11
10
7
8
7
6
9
6
8
12
18
19
9
12
10
3
-2
2
6
1
4
2
2
4
4
5
5
8
9
6
5
6
6
5
6
6
6
2
6
7
5
1
2
2
0
3
1
1
2
2
2
-2
4
3
1
1
-2
0
-3
-2
0
-5
-5
-5
-6
-3
-3
-9
-10
-6
-7
-13
-4
-3
-4
-2
-5
-6
-1
-2
1
1
-5
-4
0
0
-4
-2
-3
-8
-5
-5
-3
0
-7
-4
-4
-9
-11
-10
-10
-12
-10
-8
-8
-6
-8
-6
-6
-9
-8
-10
-10
-5
-10
-3
-4
-7
-2
-1
4
2
-4
5
9
3
-2
-2
-1
0
2
-1
1
2
1
1
2
2
3
7
6
2
1
4
3
2
6
5
6
9
7
2
6
4
6
9
8
8
7
6
5
7
8
8
10
10
12
11
7
2
3
6
11
7
9
14
11
9
9
10
5
5
6
4
3
5
6
5
5
4
5
7
5
5
7
6
5
8
6
2
4
3
4
5
4
6
5
5
4
5
7
3
4
5
2
2
10
10
3
3
11
11
15
12
12
8
15
24
15
10
12
20
14
12
8
6
4
6
3
1
2
1
5
2
-2
2
7
1
3
5
5
2
0
5
2
3
2
7
6
11
10
7
11
11
8
4
5
4
5
8
5
8
7
4
9
8
2
-6
-6
-4
-9
-2
0
-17
-9
-1
-1
-7
-2
2
-1
-1
-7
-5
-4
-5
-6
-9
-8
-7
-8
-7
-8
-11
-11
-12
-12
-13
-13
-13
-15
-15
-11
-13
-12
-14
-13
-16
-20
-19
-16
-17
-20
-20
-17
-21
-20
-18
-16
-16
-15
-12
-18
-20
-17
-22
-27
-23
-21
-21
-24
-22
-20
-18
-20
-19
-22
-21
-21
-24
-23
-23
-23
-24
-23
-23
-21
-23
-22
-21
-22
-19
-21
-20
-20
-20
-17
-15
-18
-18
-18
-16
-19
-21
-19
-23
-22
-24
-26
-29
-29
-27
-30
-26
-29
-31
-32
-38
-43
-34
-34
-33
-24
-25
-27
-24
-23
-20
-21
-23
-18
-21
-24
-21
-17
-21
-22
-24
-20
-22
-20
-15
-19
-18
-17
-20
-17
-19
-21
-20
-21
-20
-22
-23
-20
-20
-18
-21
-19
-21
-21
-21
-27
-21
-23
-21
-20
-22
-14
-14
-10
-13
-13
-15
-10
-7
-14
-17
-16
-17
-15
-19
-19
-19
-18
-16
-18
-16
-18
-18
-19
-20
-23
-21
-19
-19
-20
-18
-19
-18
-18
-20
-23
-21
-22
-19
-22
-21
-19
-22
-22
-19
-18
-21
-20
-19
-19
-23
-27
-29
-22
-19
-21
-21
-17
-17
-19
-20
-14
-20
-18
-16
-19
-17
-22
-17
-21
-19
-20
-19
-12
-15
-16
-12
-12
-12
-14
-11
-12
-14
-14
-13
-12
-11
-10
-7
-10
-10
-9
-6
-7
-7
-5
-6
-7
-2
-3
-3
-3
3
10
7
11
8
3
6
11
12
15
8
12
14
8
12
6
1
0
4
4
1
-1
3
6
2
3
5
7
6
6
8
7
8
6
7
10
9
9
12
12
13
16
17
19
18
16
18
16
14
15
16
16
16
17
20
19
14
9
8
10
3
4
9
11
0
3
11
8
12
12
13
10
11
10
11
9
9
5
5
7
3
2
7
4
1
1
-1
5
0
3
2
0
2
5
4
6
2
-2
2
0
-2
-1
-6
-9
-9
-10
-11
-11
-4
-4
-4
-2
-8
-4
-7
-6
-10
-14
-6
-13
-8
-9
-10
-4
-6
-6
-8
-6
-11
-10
-5
-8
-14
-8
-7
-8
-8
-11
-10
-7
-5
-8
-7
-4
-7
-5
-6
-7
-5
-7
-7
-5
-8
-5
-5
-7
-9
-13
-10
-8
-14
-14
-13
-11
-14
-17
-20
-15
-22
-23
-14
-22
-19
-16
-17
-13
-11
-9
-11
-9
-7
-7
-11
-11
-12
-10
-11
-12
-8
-11
-13
-13
-13
-12
-13
-13
-11
-11
-13
-17
-14
-16
-17
-18
-21
-15
-16
-17
-18
-19
-18
-18
-17
-16
-18
-18
-16
-16
-13
-13
-8
-4
-9
-5
-5
-12
-8
-7
-16
-12
-8
-13
-11
-11
-10
-12
-10
-5
-5
-6
-7
-5
-10
-7
-4
-5
-5
-6
-5
-10
-6
-7
-7
-4
-7
-3
-4
0
-1
-4
-3
-1
-2
-2
-1
2
0
3
0
-11
-6
-7
-5
-2
1
6
-2
2
3
0
-5
-5
-2
-2
-5
-7
-5
-4
-3
-2
-4
-5
-2
-3
-4
-5
-5
-5
-7
-8
-7
-13
-11
-11
-14
-12
-14
-12
-11
-10
-9
-10
-11
-11
-6
-5
-6
-4
-6
-3
-2
3
5
4
-2
-1
-2
4
5
-5
-4
3
5
3
5
-3
-4
-5
-1
-5
-8
-6
-3
-4
-6
-7
-8
-5
-9
-7
-3
-8
-9
-9
-9
-9
-11
-9
-5
-3
-5
-5
-2
-2
-3
-4
-5
-9
-5
-3
-2
-3
-4
0
3
0
-4
-1
-6
-9
-8
-10
1
-14
-17
-5
0
-5
-9
0
0
-2
-2
-3
-2
0
-2
-4
-5
-4
-6
-3
-1
-3
-2
-4
-5
-2
-3
-3
-1
-1
-2
1
0
-3
-4
-6
-9
-4
-4
-9
-9
-10
-5
-10
-11
-11
-11
-4
-8
-7
-12
-12
-11
-11
-13
-17
-10
-15
-13
-13
-19
-17
-21
-21
-20
-21
-23
-19
-21
-23
-21
-21
-19
-22
-21
-23
-22
-21
-26
-21
-25
-27
-21
-24
-26
-26
-22
-25
-26
-26
-26
-23
-25
-28
-28
-31
-36
-32
-30
-32
-36
-40
-35
-32
-32
-37
-37
-43
-41
-44
-37
-34
-36
-33
-30
-28
-30
-34
-32
-28
-27
-28
-28
-26
-27
-28
-24
-30
-32
-27
-26
-25
-25
-27
-22
-23
-25
-22
-26
-29
-31
-29
-30
-29
-26
-29
-27
-26
-31
-31
-29
-28
-32
-34
-30
-26
-25
-23
-19
-17
-20
-17
-17
-13
-15
-20
-22
-21
-22
-25
-21
-22
-24
-28
-24
-23
-26
-22
-22
-25
-26
-24
-23
-22
-23
-22
-24
-22
-24
-25
-21
-26
-23
-24
-18
-20
-20
-20
-19
-19
-19
-19
-19
-16
-14
-21
-29
-26
-24
-21
-22
-19
-19
-19
-16
-17
-15
-15
-16
-17
-20
-20
-20
-18
-16
-16
-13
-14
-13
-14
-13
-15
-19
-19
-19
-19
-18
-23
-22
-24
-24
-24
-24
-20
-18
-17
-19
-18
-19
-19
-18
-19
-18
-16
-14
-16
-14
-13
-9
-9
-6
-4
-6
-6
-3
-4
-6
-2
-9
-3
-4
-8
-6
-14
-18
-16
-14
-16
-18
-18
-12
-12
-14
-15
-7
-7
-14
-11
-10
-12
-14
-9
-8
-4
-5
-2
-2
-4
-3
-1
1
-2
-3
-7
-9
-13
-14
-16
-14
-12
-10
-6
-7
-1
-4
-8
-8
-7
-8
-9
-5
-10
-13
-7
-6
-4
-1
1
-3
2
-1
-5
0
3
-1
-3
-5
-5
-7
-7
-5
-7
-6
-9
-12
-14
-11
-11
-9
-12
-10
-11
-14
-12
-15
-14
-14
-14
-16
-11
-13
-12
-14
-15
-18
-12
-7
-10
-13
-15
-14
-17
-17
-17
-25
-25
-26
-30
-24
-29
-26
-30
-30
-27
-24
-23
-26
-27
-24
-24
-23
-26
-31
-29
-28
-29
-33
-36
-37
-38
-37
-37
-40
-33
-31
-32
-33
-36
-35
-32
-31
-29
-34
-35
-35
-39
-38
-41
-44
-46
-44
-45
-47
-48
-45
-46
-50
-52
-51
-57
-47
-42
-47
-44
-42
-42
-41
-43
-46
-45
-46
-50
-44
-45
-51
-48
-46
-48
-49
-49
-47
-49
-48
-49
-50
-49
-53
-48
-54
-57
-59
-61
-56
-56
-54
-53
-57
-57
-58
-61
-60
-59
-60
-61
-60
-54
-53
-50
-52
-49
-56
-49
-49
-57
-50
-50
-58
-56
-54
-56
-57
-58
-59
-57
-57
-56
-55
-57
-54
-53
-56
-55
-54
-55
-54
-55
-54
-51
-52
-52
-53
-55
-53
-49
-49
-53
-47
-48
-50
-46
-44
-45
-45
-44
-50
-54
-52
-46
-46
-48
-48
-45
-41
-42
-41
-38
-37
-42
-45
-44
-44
-45
-45
-45
-43
-45
-44
-46
-44
-43
-44
-43
-44
-46
-45
-46
-41
-44
-47
-46
-47
-46
-46
-47
-45
-51
-49
-46
-52
-48
-49
-49
-47
-48
-48
-49
-48
-45
-46
-49
-47
-40
-40
-43
-45
-46
-48
-46
-41
-38
-43
-45
-47
-48
-47
-48
-49
-54
-57
-52
-49
-51
-52
-55
-49
-50
-50
-50
-49
-48
-52
-49
-48
-47
-47
-51
-43
-43
-46
-41
-41
-38
-42
-45
-42
-44
-42
-44
-42
-40
-40
-40
-36
-34
-41
-43
-44
-41
-43
-39
-34
-52
-51
-42
-38
-43
-42
-38
-38
-37
-39
-37
-36
-36
-39
-39
-39
-42
-41
-40
-37
-37
-38
-40
-40
-38
-39
-38
-39
-41
-38
-35
-34
-38
-36
-40
-41
-40
-39
-39
-41
-41
-41
-40
-38
-32
-30
-33
-33
-37
-34
-37
-41
-36
-42
-35
-36
-42
-38
-39
-37
-36
-40
-36
-33
-37
-39
-37
-36
-38
-35
-36
-34
-35
-32
-34
-36
-34
-34
-30
-31
-30
-33
-31
-30
-32
-31
-29
-29
-31
-29
-30
-31
-28
-32
-35
-36
-33
-40
-41
-37
-39
-39
-42
-39
-37
-35
-45
-46
-47
-39
-33
-39
-33
-37
-33
-35
-33
-31
-34
-38
-39
-34
-32
-36
-35
-30
-34
-34
-34
-33
-34
-31
-35
-38
-36
-37
-36
-38
-40
-38
-42
-38
-38
-39
-37
-38
-38
-40
-41
-39
-41
-40
-36
-37
-37
-32
-29
-28
-30
-32
-30
-29
-25
-31
-35
-35
-37
-35
-35
-37
-34
-35
-36
-32
-35
-36
-36
-36
-38
-40
-35
-36
-37
-36
-37
-39
-39
-40
-39
-39
-39
-39
-40
-37
-38
-38
-39
-36
-37
-33
-34
-37
-41
-43
-35
-38
-42
-40
-36
-34
-40
-32
-30
-30
-32
-32
-32
-38
-35
-35
-36
-36
-38
-35
-35
-36
-31
-34
-34
-32
-34
-33
-36
-36
-33
-37
-36
-36
-39
-36
-39
-38
-38
-40
-39
-41
-37
-39
-40
-43
-42
-42
-40
-37
-40
-39
-35
-31
-32
-34
-33
-27
-31
-29
-35
-31
-35
-37
-27
-34
-32
-33
-38
-36
-36
-36
-39
-39
-36
-34
-35
-34
-35
-32
-31
-37
-33
-33
-38
-37
-37
-32
-36
-36
-32
-30
-28
-30
-27
-23
-22
-22
-26
-25
-26
-25
-26
-25
-23
-22
-23
-16
-20
-19
-18
-21
-24
-29
-26
-20
-27
-30
-26
-25
-25
-24
-22
-25
-20
-21
-23
-22
-21
-20
-20
-20
-17
-23
-22
-16
-20
-21
-19
-19
-16
-17
-16
-15
-16
-18
-13
-11
-17
-14
-15
-17
-14
-15
-15
-17
-12
-13
-15
-13
-13
-14
-14
-13
-9
-12
-17
-17
-19
-25
-19
-20
-22
-21
-21
-18
-18
-18
-19
-18
-18
-17
-19
-21
-20
-21
-18
-18
-18
-17
-18
-18
-17
-18
-16
-19
-17
-17
-17
-12
-17
-16
-20
-21
-21
-22
-22
-22
-22
-25
-26
-29
-29
-31
-36
-38
-35
-33
-32
-32
-31
-30
-38
-39
-44
-33
-30
-34
-27
-27
-27
-26
-26
-24
-26
-32
-28
-26
-25
-26
-27
-23
-26
-25
-22
-24
-24
-25
-28
-24
-26
-28
-29
-30
-32
-36
-35
-33
-32
-32
-34
-36
-35
-35
-37
-35
-36
-39
-32
-32
-34
-29
-27
-25
-27
-27
-23
-30
-32
-23
-30
-34
-33
-32
-34
-34
-33
-36
-35
-32
-29
-32
-32
-26
-29
-31
-29
-30
-30
-31
-33
-33
-30
-29
-33
-32
-32
-31
-30
-25
-22
-22
-27
-25
-25
-23
-20
-23
-20
-25
-27
-25
-29
-25
-25
-20
-16
-20
-17
-15
-12
-16
-21
-19
-18
-18
-20
-20
-13
-15
-14
-13
-14
-14
-15
-15
-15
-17
-19
-19
-16
-19
-19
-20
-21
-21
-21
-19
-21
-19
-20
-21
-18
-19
-18
-19
-19
-19
-18
-12
-11
-14
-16
-7
-14
-8
-3
-6
-10
-8
-8
-13
-5
-7
-6
-1
-5
-13
-13
-13
-11
-14
-15
-15
-16
-11
-11
-16
-17
-15
-17
-19
-17
-15
-17
-16
-14
-15
-14
-17
-13
-11
-13
-10
-8
-10
-8
-8
-13
-13
-16
-15
-15
-11
-11
-10
-14
-11
-7
-15
-13
-20
-21
-25
-17
-15
-27
-20
-12
-17
-24
-16
-17
-19
-16
-16
-17
-17
-18
-21
-17
-17
-19
-20
-20
-17
-18
-16
-18
-19
-15
-15
-17
-13
-15
-13
-11
-12
-12
-13
-16
-18
-16
-17
-16
-17
-18
-17
-21
-14
-11
-9
-11
-12
-12
-15
-21
-16
-19
-20
-13
-18
-14
-19
-18
-13
-17
-15
-12
-13
-14
-15
-13
-14
-13
-16
-13
-14
-15
-11
-12
-11
-11
-13
-10
-11
-11
-9
-9
-10
-12
-12
-10
-9
-12
-13
-13
-10
-16
-15
-14
-16
-18
-22
-15
-16
-21
-26
-23
-20
-22
-29
-33
-31
-28
-22
-24
-24
-23
-20
-19
-21
-18
-19
-21
-25
-26
-19
-17
-23
-23
-22
-27
