3
3
3
6
1
-8
0
-1
-1
3
3
6
4
3
2
3
6
2
3
5
-1
0
0
-1
-4
-4
-2
-4
-6
-6
-3
-2
-4
-4
0
5
2
-2
3
-2
-9
-10
-9
-3
-1
-4
-3
-6
-5
2
3
2
3
6
0
5
3
0
2
-2
-4
-1
-5
-6
-3
-6
-3
-3
0
8
5
4
4
5
7
4
8
3
-2
6
-1
-5
0
5
5
6
7
6
9
5
2
8
3
1
-1
1
3
-1
-3
-5
-5
0
0
2
3
4
-1
-3
-1
1
0
-1
2
0
-3
-3
-5
-4
-5
-11
-14
-10
-7
-8
-13
-12
-6
-9
-8
-5
-6
-5
-1
1
-2
-1
-1
0
1
5
9
14
13
11
10
11
9
4
4
-1
-1
4
1
2
2
3
6
6
7
6
9
14
6
3
2
-2
-3
-5
-2
3
2
1
-2
-3
-4
-6
-4
2
2
6
6
1
-2
-8
-9
-7
-9
-4
-2
-9
-5
-6
-12
-9
-7
-4
-5
-4
0
-3
-3
-5
-7
-10
-11
-7
-11
-13
-4
-1
-2
0
7
6
7
10
5
8
1
1
9
7
9
8
6
7
6
9
12
5
8
9
9
16
15
7
-1
-1
-1
-3
-4
-3
-4
0
7
0
-2
2
0
0
3
4
1
-5
-5
-4
-4
-7
-11
-5
-2
0
-2
3
3
4
6
0
-7
-12
-8
-10
-10
-7
-9
-1
1
2
3
-1
-4
-10
-6
-6
-2
2
2
0
-8
-5
-6
-7
2
-2
2
6
0
7
2
-2
2
3
8
1
2
6
3
-4
-5
-1
0
0
4
7
1
2
-2
-5
-2
-3
-2
-4
-6
-1
1
-2
-5
-2
7
8
3
11
13
9
10
7
8
9
7
3
2
4
2
0
1
4
9
5
7
15
8
6
8
3
-3
-5
-3
-7
-8
-10
-6
-2
-6
-10
-8
-13
-12
-9
-12
-11
-15
-13
-9
-8
-11
-12
-7
-5
-5
-3
-2
0
2
1
0
-2
-4
-4
-5
0
8
7
1
4
6
5
11
10
6
7
16
10
3
1
-3
-1
-1
-1
0
-2
-8
-8
-3
-1
1
5
11
14
12
12
13
7
8
9
1
-1
0
-1
0
6
5
2
4
0
-1
0
-1
0
-6
-8
-4
-7
-11
-5
-5
-3
-4
-3
-2
-4
-3
-5
-2
-3
-3
-5
-11
-2
-1
-8
-3
-6
-4
2
3
5
5
5
5
8
3
0
6
10
8
6
8
6
3
3
3
0
4
3
-1
3
-1
-5
-4
-1
-8
-10
-7
-7
-4
-11
-10
-5
-9
-6
-1
-8
-8
-4
-3
-4
-1
8
8
5
0
-3
-4
-7
-9
-3
-5
-5
0
9
11
11
12
13
10
10
10
3
3
-1
4
7
2
5
3
4
7
10
7
4
10
10
8
7
2
6
0
-6
-7
-7
-7
-9
-6
-5
-4
-2
-6
-5
-6
-6
-3
-5
-4
-3
-2
-6
-5
3
-4
-6
-3
-3
-4
-6
-5
-5
-4
-6
-5
-6
-4
0
-2
1
-2
-3
3
-3
1
6
10
12
11
14
10
1
0
-2
-7
-6
-6
-5
-4
1
-1
-3
0
3
1
-3
-5
-4
1
6
8
2
1
3
-1
1
-3
-9
-4
-5
1
2
4
5
6
4
6
6
0
3
3
7
7
4
11
13
11
11
9
6
8
4
0
3
0
-3
4
-2
-7
-4
-4
-4
-3
-3
-1
0
-5
-4
-4
-4
-3
-2
-3
-11
-10
-7
-9
-11
-11
-14
-9
-9
-10
-4
-4
-9
-10
-9
-5
-5
-3
-4
-4
-2
1
6
7
3
4
12
12
12
8
10
10
9
8
6
5
-2
-1
3
1
4
8
3
3
4
6
8
10
10
5
4
1
-4
-5
-7
-5
-4
-5
-1
-3
0
3
-4
-1
1
0
-2
-6
-3
-5
-12
-12
-14
-12
-6
-7
-1
0
2
3
3
4
2
3
0
1
-1
-1
1
-3
-1
-3
-6
-5
-8
-4
-1
1
7
4
7
7
4
3
0
4
3
0
2
6
5
4
16
18
19
19
14
19
15
6
4
1
-2
1
-3
-3
0
-6
-8
-7
-6
-4
-6
-9
-7
-7
-14
-18
-15
-13
-10
-8
-12
-9
-9
-11
-9
-16
-13
-6
-4
-6
-2
3
2
4
3
1
-4
2
5
-1
3
4
4
4
2
1
0
2
3
4
5
4
5
5
10
6
4
4
2
1
-4
-5
3
2
6
11
0
8
12
7
12
7
8
8
2
5
5
12
9
5
7
6
9
5
6
7
8
4
-4
-5
-10
-15
-10
-13
-11
-8
-11
-9
-12
-9
-11
-14
-8
-8
-12
-9
-15
-20
-14
-15
-12
-3
0
-3
-2
5
7
4
4
6
9
8
2
7
7
8
8
7
9
7
9
9
9
10
13
15
12
6
6
6
0
-1
1
4
-1
-2
-4
-10
-6
-7
-3
1
-2
-1
-5
0
-5
-7
-1
-8
-5
-6
-10
-9
-4
0
-4
-5
-2
1
1
-8
-6
-6
-9
-6
-2
-1
-5
-2
2
-4
-5
-4
-6
-5
0
1
7
11
7
9
3
4
5
6
6
4
11
8
6
11
11
13
13
11
10
8
6
7
11
11
10
11
12
8
3
1
-4
-5
-4
-7
-6
-3
-3
-4
-8
-9
-9
-13
-14
-11
-7
-10
-12
-11
-10
-8
-11
-9
-9
-15
-12
-10
-10
-10
-9
-6
-7
-6
-3
-3
-2
-1
0
3
0
-6
-6
-3
-7
-11
-2
0
0
7
8
8
6
1
6
10
13
8
4
9
11
11
11
11
12
15
19
20
19
19
18
18
17
16
14
9
10
7
2
-1
3
4
3
2
3
6
2
4
-2
-7
-2
-9
-12
-8
-13
-12
-14
-15
-13
-18
-12
-8
-7
-3
-3
2
-4
-11
-3
-9
-11
-12
-18
-17
-18
-15
-14
-13
-8
-10
-10
-6
-10
-9
-9
-11
-7
-11
-10
-10
-9
-2
-1
-3
3
5
3
3
6
5
5
9
5
7
13
17
14
14
12
11
13
16
15
14
20
20
20
21
16
14
14
17
9
8
7
2
7
9
6
9
12
14
12
12
10
1
-2
-4
-5
-3
-5
-7
-6
-13
-15
-9
-11
-12
-13
-13
-10
-10
-7
-8
-11
-14
-13
-15
-15
-15
-13
-9
-15
-12
-11
-14
-12
-5
-7
-3
-3
-5
-2
-1
-5
-5
3
4
7
0
3
6
0
6
8
9
11
12
11
13
8
6
7
4
4
2
3
-1
-5
-5
-8
-11
-5
0
-3
5
7
4
4
5
1
-1
-2
-4
-4
-1
3
3
-2
1
5
2
6
5
7
11
11
8
5
3
3
3
2
4
3
8
11
7
10
5
3
8
3
4
5
4
0
-1
1
-3
-2
-2
-8
-6
-4
-6
-2
-4
-2
0
3
1
-2
-3
-4
-1
-1
-9
-10
-3
-4
-3
-3
-5
0
3
-1
-2
-5
-4
-4
-12
-17
-16
-16
-24
-22
-16
-12
-7
-4
1
3
3
12
6
0
1
-3
2
1
0
0
3
5
4
6
7
8
6
11
10
11
12
8
11
7
1
3
2
-1
0
6
7
6
5
7
8
9
3
4
4
0
2
3
7
7
6
3
2
5
2
-4
-7
-7
-3
-4
-3
1
1
0
2
5
-2
-3
0
0
-1
0
-6
-5
1
-2
-3
-4
-4
-9
-12
-7
-9
-8
-6
-8
-5
-11
-11
-1
-6
-7
-1
-6
-9
-7
-6
-5
-4
-5
-3
2
4
-4
-5
-1
0
0
-8
-4
3
1
4
4
1
1
5
1
3
10
9
12
14
11
9
6
6
9
11
13
10
8
9
4
10
8
3
8
9
4
7
12
5
1
-4
-2
-1
-12
-6
-1
-2
-5
-2
1
-5
-7
-6
-5
-2
-5
-8
-9
-11
-10
-9
-12
-14
-14
-14
-9
-11
-13
-8
-4
-6
-2
-1
3
3
0
2
-5
-3
-4
-3
1
1
-3
-3
-3
-2
5
6
8
9
10
12
7
2
8
11
11
9
14
13
12
13
13
14
8
10
15
9
8
10
3
4
4
-2
-5
-6
-5
-8
-6
-10
-9
2
7
6
4
-3
-2
-1
-11
-18
-19
-20
-14
-14
-12
-8
-10
-4
-8
-10
-6
-7
-9
-8
-7
-2
-1
-9
-8
-6
-13
-12
-10
-9
-3
0
-1
4
11
13
9
10
5
3
10
12
8
4
2
-1
5
7
1
10
16
16
18
19
21
18
20
18
8
2
-1
1
2
-2
-3
4
6
8
9
9
10
4
-1
-1
-8
-1
-3
-8
-6
-9
-8
-8
-7
-3
-1
-1
-1
-1
-7
-13
-14
-15
-15
-17
-17
-16
-16
-11
-13
-14
-13
-12
-10
-11
-10
-7
-10
-8
-6
-7
-3
-3
-3
-4
-2
1
2
6
4
10
9
3
5
14
16
8
13
15
19
17
6
4
7
9
9
6
8
17
16
13
8
11
18
14
15
16
12
11
9
3
5
0
-6
-1
-5
-9
-4
0
0
2
4
3
-4
-2
-4
-8
-15
-15
-8
-10
-12
-11
-13
-10
-8
-5
-12
-12
-9
-10
-8
-9
-11
-13
-17
-17
-14
-15
-16
-9
-9
-10
-7
-9
-3
9
3
3
10
5
7
6
4
5
-2
5
8
3
10
9
7
16
18
13
6
5
14
13
7
9
13
17
13
15
15
11
5
8
11
5
9
8
4
3
2
3
-5
-7
-4
-5
-3
-5
-6
-1
-3
-2
-7
-11
-12
-15
-17
-13
-8
-6
-10
-8
-1
-2
-3
-4
-8
-10
-8
-7
-13
-14
-13
-12
-10
-8
-6
-4
2
-4
2
8
2
5
4
10
8
7
8
5
5
1
8
12
9
1
4
6
4
1
4
3
5
4
1
5
2
2
1
0
2
3
7
4
-3
2
10
10
6
7
2
-2
0
1
-2
1
1
-3
-2
-4
-3
-3
-2
-5
-6
-5
-7
-4
-10
-9
-7
-9
-5
-5
-11
-7
0
-6
-3
0
0
0
-1
2
-4
-9
-4
2
6
1
2
2
0
5
6
3
4
2
12
12
8
9
4
6
5
3
3
8
6
9
6
5
8
5
4
3
2
-5
-9
-5
-7
-10
-7
-11
-13
-7
-8
-8
-9
-7
-7
-7
-3
-2
-5
-5
0
6
0
-4
0
2
0
-4
-3
-6
-7
-3
-4
-3
-2
6
1
4
13
10
13
9
6
4
0
4
2
-8
-7
0
1
10
10
2
7
7
4
6
7
11
12
10
2
0
7
3
-2
-3
0
2
1
4
2
1
2
-1
-4
-8
-4
0
-6
-12
-14
-14
-10
-8
-12
-11
-8
-12
-10
-5
-2
1
1
-3
-4
-3
-4
-3
-1
-4
-6
2
2
1
3
-1
1
1
-1
-1
2
0
-3
0
-3
-5
-5
0
1
0
1
1
1
8
12
7
6
6
6
7
10
12
11
14
16
15
19
18
19
16
13
14
6
4
7
1
4
3
-4
-5
-8
-8
-6
-6
-6
-2
3
5
-2
-4
-2
-8
-10
-12
-14
-10
-13
-7
-2
-6
-8
-3
-3
-11
-6
-5
-2
-3
-10
-5
-10
-9
-9
-12
-8
-14
-22
-21
-19
-14
-10
-11
-10
-10
-11
-7
-11
-16
-15
-10
-3
-4
-4
4
9
8
5
13
16
20
21
20
22
27
31
29
26
26
25
19
16
22
28
29
29
21
22
24
23
22
19
8
-2
4
-1
-8
-4
-4
-4
0
-2
-6
-11
-12
-16
-18
-16
-17
-15
-19
-22
-21
-25
-23
-22
-28
-26
-18
-17
-13
-10
-13
-12
-15
-13
-13
-20
-10
-9
-11
-4
-6
-8
-8
-12
-12
-2
-6
-1
2
-5
2
1
1
1
0
6
12
9
10
23
20
22
23
19
21
21
20
20
21
19
19
18
16
15
16
16
13
8
7
6
9
9
5
10
10
4
-1
-2
-2
-6
-6
-12
-15
-16
-15
-15
-11
-9
-10
-11
-12
-11
-12
-11
-8
-5
-9
-8
-4
-5
1
-4
-3
2
1
5
7
4
0
4
5
-4
-4
-4
-10
-12
-10
-5
-5
-10
-4
3
-2
-4
-5
-4
-6
-8
-4
-5
-4
-4
-5
1
4
7
7
6
9
5
7
12
10
9
8
10
11
9
3
2
2
7
3
-4
2
6
10
9
8
8
4
7
4
1
-5
-9
-3
-14
-7
-7
-12
-9
-9
-8
-9
-10
-8
2
3
-1
3
-1
3
8
2
1
7
12
7
10
9
10
11
2
5
6
6
4
3
0
5
2
-8
-4
-1
6
0
-10
-9
-7
-9
-8
-6
-4
-9
-3
-4
-11
-6
-7
-2
1
-3
1
7
8
4
-1
9
8
-4
-4
-2
-7
-7
-10
-14
-13
-14
-6
-5
-8
-2
-3
-6
-8
-13
-13
-8
-4
-5
-3
2
0
0
0
6
7
4
6
13
16
12
19
18
18
16
19
21
19
19
16
16
11
13
15
13
13
7
9
9
5
4
0
5
-1
-9
-8
-13
-14
-13
-20
-17
-12
-14
-11
-9
-9
-12
-13
-14
-14
-11
-14
-17
-11
-9
-11
-10
-13
-12
-13
-13
-7
-8
-8
-5
-5
-9
-6
-1
2
7
2
1
1
1
4
3
3
4
11
14
17
14
12
15
17
16
17
18
15
19
16
23
21
14
20
18
18
15
12
17
9
4
-2
-2
-4
-9
-6
-8
-11
-6
-6
-16
-15
-14
-11
-5
-9
-11
-15
-17
-13
-16
-16
-18
-12
-7
-13
-5
1
1
0
-11
-13
-8
-16
-23
-18
-15
-18
-12
-7
-3
-5
-9
-2
-7
-6
0
1
3
4
7
8
10
9
5
6
6
6
7
9
17
18
17
27
33
28
24
20
16
19
16
14
9
12
14
4
9
12
8
8
4
10
11
9
3
-2
4
0
-8
-8
-9
-12
-8
-5
-5
-6
-4
-6
-9
-9
-10
-7
-10
-11
-16
-23
-18
-17
-18
-23
-24
-23
-18
-14
-15
-8
-13
-18
-13
-11
-13
-13
-16
-18
-16
-13
-15
-8
-6
-6
-2
-5
2
8
13
10
12
13
8
17
18
12
16
20
25
21
19
25
24
23
18
22
20
13
25
20
14
15
11
15
12
14
16
11
7
9
7
4
11
13
8
5
5
9
9
0
-3
-6
-10
-13
-11
-6
-10
-14
-9
-12
-19
-25
-20
-23
-28
-26
-33
-32
-33
-33
-30
-26
-22
-20
-20
-18
-17
-21
-17
-16
-18
-13
-7
-4
-7
-3
0
-3
2
7
10
7
11
14
10
16
18
24
20
18
21
18
27
19
15
18
20
21
19
16
16
23
17
22
22
18
19
15
12
8
8
5
1
-1
-2
-1
4
4
-2
-4
0
1
1
3
1
-2
-5
-15
-13
-9
-8
-9
-8
-5
-7
-10
-7
-7
-8
-7
-10
-19
-20
-17
-19
-16
-18
-17
-12
-14
-9
-5
-2
-5
-6
-7
-6
-7
-3
0
-7
-10
-9
-6
-9
-9
-8
-8
-7
-6
-2
-3
-1
8
6
3
10
5
1
4
3
7
5
2
3
5
7
10
6
7
13
14
14
9
8
13
11
11
16
20
13
10
13
10
4
7
16
13
12
12
8
11
6
-2
0
-2
1
4
5
8
0
-1
8
10
3
-3
0
-4
-11
-9
-5
-2
-2
-1
-2
-3
-7
-5
-2
-8
-17
-11
-15
-18
-14
-19
-17
-12
-14
-7
-9
-12
-10
-12
-10
-14
-12
-14
-15
-12
-10
-13
-13
-9
-8
-9
-7
-7
-3
-1
-3
-3
-2
-3
1
3
5
4
5
2
3
6
6
12
12
12
17
16
18
20
22
24
22
15
11
12
15
13
12
10
5
7
10
9
15
13
11
12
7
14
10
9
11
2
2
-1
-5
-8
-7
-5
-4
-2
-5
-4
1
1
0
-3
-3
-5
-1
-2
-4
-3
-7
-11
-10
-10
-10
-7
-11
-12
-13
-15
-16
-19
-21
-21
-20
-19
-21
-25
-20
-18
-16
-13
-12
-14
-11
-8
-13
-16
-7
-6
-6
0
6
8
6
7
5
10
7
6
13
22
25
17
14
17
21
20
19
24
27
19
15
15
11
18
22
12
7
17
13
6
11
8
10
12
4
8
12
6
5
-3
-3
2
3
1
0
3
5
1
2
-2
-6
-5
-6
0
-7
-12
-12
-18
-15
-23
-17
-8
-10
-13
-14
-19
-22
-23
-27
-30
-22
-20
-20
-18
-23
-22
-17
-14
-19
-18
-14
-13
-12
-12
-7
-7
-6
-2
-4
-4
3
6
10
9
12
16
11
15
17
18
23
26
23
20
21
21
23
23
21
21
22
16
16
21
16
15
16
12
16
23
21
18
18
17
20
13
4
7
3
-6
-4
-1
-1
-2
2
4
1
-3
-1
-6
-11
-13
-16
-19
-22
-17
-22
-24
-24
-26
-22
-25
-24
-17
-16
-15
-16
-14
-15
-19
-22
-23
-22
-26
-23
-21
-20
-11
-9
-5
-1
-3
-6
-1
3
-2
-4
0
8
7
-2
7
8
5
9
11
10
13
10
8
11
11
14
15
15
16
17
19
15
12
15
19
20
23
21
21
22
17
17
18
20
21
15
11
11
10
9
8
4
3
7
3
-1
0
2
5
-5
-9
-3
-3
-9
-5
-6
-12
-13
-13
-14
-22
-16
-18
-24
-23
-31
-23
-17
-22
-22
-21
-20
-18
-19
-11
-4
-1
-1
-7
-11
-11
-8
-12
-15
-10
-8
-7
-1
3
5
4
3
3
3
5
3
0
-2
2
-1
-3
7
7
7
2
4
12
10
14
18
19
23
24
19
23
30
26
20
18
19
14
10
7
10
10
4
5
9
13
14
15
13
8
2
6
2
1
3
-4
-4
-10
-14
-12
-10
-8
-10
-12
-13
-18
-19
-20
-19
-21
-24
-23
-19
-16
-15
-14
-16
-13
-12
-11
-10
-10
-13
-11
-6
-5
-4
-5
-5
-3
-1
-3
-2
1
2
2
0
1
2
2
9
11
2
8
7
10
9
4
12
11
7
3
6
11
14
12
10
15
16
17
14
15
16
11
8
4
5
3
-2
-5
4
12
5
2
7
8
11
10
4
3
3
4
-6
-5
-2
-3
0
0
1
-2
-2
-5
-10
-7
-7
-13
-11
-8
-10
-13
-12
-10
-8
-7
-8
-4
-4
-4
-5
-8
-4
-5
-9
-8
-9
-7
-10
-13
-14
-11
-11
-15
-8
-9
-15
-11
-5
-4
-5
-8
-9
-3
2
1
-2
-1
0
3
6
8
12
13
11
16
17
14
17
16
16
22
20
12
7
6
3
2
2
6
11
15
15
13
12
14
11
10
12
10
14
11
7
8
0
-5
4
4
3
4
-1
4
7
-1
1
3
0
0
-5
-11
-16
-13
-14
-14
-13
-9
-4
-8
-8
-8
-12
-13
-15
-12
-12
-19
-14
-17
-18
-17
-20
-20
-22
-24
-21
-17
-21
-17
-12
-14
-13
-13
-15
-14
-9
-9
-7
-5
2
9
6
15
23
21
19
17
17
17
16
17
17
19
23
23
26
21
22
24
15
17
18
11
9
12
16
15
12
10
14
12
6
7
11
9
6
8
9
18
7
-5
7
9
-3
-5
1
1
-6
-9
-11
-3
3
-12
-15
-2
-6
-18
-16
-8
-11
-28
-19
-8
-18
-22
-15
-12
-13
-19
-13
1
-8
-22
-15
-8
-12
-20
-14
-8
-12
-23
-17
-12
-19
-17
-15
-7
-12
-13
-5
-5
-5
-7
-7
-8
-9
-7
-5
-3
1
3
9
18
23
27
28
28
30
20
12
10
11
10
9
10
12
20
16
13
22
27
22
25
26
28
29
24
24
18
13
14
13
9
3
6
6
0
-1
1
0
-4
-5
-4
-4
-7
-8
-10
-9
-15
-23
-11
-10
-16
-11
-10
-4
-4
-7
-6
-6
-7
-11
-14
-19
-21
-11
-5
-9
-8
2
9
4
3
15
23
17
9
16
19
9
-2
-5
-3
-19
-34
-36
-31
-31
-42
-44
-40
-36
-36
-42
-37
-25
-24
-18
-16
-3
3
-3
5
18
27
18
19
19
18
19
5
3
-1
-10
-18
-25
-28
-29
-38
-38
-29
-22
-13
-7
2
20
31
38
46
55
60
55
62
70
75
74
71
72
74
69
57
51
46
42
34
22
18
20
9
-1
-2
-5
-6
-9
-6
-7
-10
-7
-9
-13
-15
-18
-22
-22
-24
-28
-36
-40
-37
-39
-38
-40
-36
-32
-38
-40
-38
-31
-34
-33
-28
-23
-25
-23
-11
-4
-4
-6
-4
-9
-9
-8
-13
-10
-9
-16
-12
-9
3
11
7
-2
-7
-21
-42
-60
-70
-70
-87
-101
-103
-90
-70
-61
-43
-15
6
13
12
21
37
51
58
59
71
81
93
97
112
125
134
128
130
105
123
147
94
72
32
-1
-35
-65
-68
-55
-31
5
56
100
149
178
219
283
286
276
246
236
258
228
179
135
106
91
44
-6
-53
-111
-205
-336
-427
-522
-618
-735
-895
-948
-978
-1011
-958
-936
-876
-781
-691
-560
-486
-458
-405
-340
-289
-277
-277
-229
-154
-77
-5
89
211
322
405
441
497
583
626
627
572
521
525
501
426
348
335
443
558
594
620
689
819
864
683
408
162
-76
-464
-989
-1420
-1630
-1749
-1963
-2147
-2066
-1759
-1465
-1299
-1074
-679
-267
-49
34
218
507
734
826
942
1225
1555
1757
1893
2096
2307
2365
2268
2171
2067
1823
1478
1179
937
609
215
-39
-120
-239
-446
-510
-347
-173
-139
-71
195
470
556
549
642
756
687
488
369
329
193
-58
-234
-290
-364
-534
-692
-757
-836
-1013
-1243
-1449
-1638
-1894
-2193
-2435
-2590
-2679
-2741
-2728
-2596
-2380
-2124
-1858
-1571
-1232
-908
-652
-433
-223
11
211
366
539
737
917
1018
1094
1198
1313
1388
1399
1401
1414
1394
1349
1316
1323
1315
1275
1242
1218
1172
1110
1108
1197
1278
1269
1292
1438
1603
1654
1642
1726
1828
1686
1300
947
708
345
-274
-900
-1313
-1641
-2122
-2626
-2815
-2751
-2747
-2869
-2867
-2608
-2367
-2340
-2295
-2015
-1633
-1418
-1300
-960
-408
93
464
894
1442
1887
2092
2173
2294
2350
2169
1856
1573
1331
1033
666
385
237
123
-20
-118
-94
-29
0
12
55
125
155
130
106
111
81
17
-27
-25
0
26
76
165
258
297
307
329
296
169
-5
-196
-447
-781
-1139
-1465
-1770
-2086
-2347
-2490
-2536
-2526
-2442
-2232
-1938
-1632
-1326
-979
-606
-286
-23
240
539
816
1022
1220
1472
1737
1913
2026
2167
2304
2332
2260
2192
2155
2053
1868
1696
1585
1457
1261
1076
951
839
715
623
611
643
686
784
945
1083
1137
1144
1110
918
521
25
-467
-1017
-1697
-2379
-2902
-3300
-3706
-4081
-4244
-4194
-4125
-4119
-4043
-3808
-3550
-3408
-3266
-2955
-2502
-2064
-1640
-1066
-307
468
1150
1836
2560
3173
3550
3714
3781
3735
3481
3050
2603
2224
1836
1402
1043
885
833
749
669
720
855
871
761
724
770
736
586
462
482
526
480
459
570
756
864
899
991
1126
1156
1028
861
719
514
148
-279
-631
-962
-1376
-1822
-2166
-2401
-2632
-2886
-3054
-3087
-3077
-3090
-3038
-2855
-2578
-2317
-2062
-1688
-1220
-782
-425
-33
445
868
1148
1397
1726
2013
2112
2114
2181
2256
2159
1933
1784
1726
1587
1345
1158
1099
1003
787
590
481
355
131
-58
-91
-84
-96
-4
244
503
644
768
906
888
602
183
-224
-744
-1469
-2190
-2705
-3095
-3504
-3828
-3870
-3696
-3558
-3461
-3231
-2852
-2529
-2369
-2145
-1736
-1321
-1001
-627
-20
696
1311
1897
2598
3307
3790
4060
4271
4392
4272
3936
3564
3224
2806
2322
1946
1719
1512
1263
1115
1105
1050
878
721
676
589
363
134
3
-93
-291
-510
-592
-576
-603
-653
-596
-423
-285
-250
-225
-159
-150
-320
-584
-813
-1035
-1378
-1819
-2157
-2375
-2620
-2929
-3140
-3171
-3161
-3235
-3265
-3125
-2907
-2773
-2657
-2384
-2011
-1671
-1366
-973
-445
93
560
1028
1563
2081
2456
2718
2943
3111
3140
3029
2906
2798
2624
2387
2203
2122
2013
1816
1657
1595
1450
1113
798
683
584
276
15
153
484
576
534
825
1356
1472
1069
738
706
383
-605
-1640
-2089
-2351
-3053
-3869
-4050
-3673
-3545
-3797
-3742
-3145
-2664
-2739
-2865
-2535
-2052
-1918
-1953
-1590
-821
-142
308
906
1805
2625
3042
3265
3545
3718
3526
3081
2671
2339
1939
1456
1068
895
864
823
722
712
879
995
811
499
411
394
71
-421
-608
-501
-555
-763
-708
-324
12
133
278
587
889
962
844
724
660
462
15
-473
-781
-1052
-1502
-1962
-2188
-2295
-2502
-2715
-2775
-2749
-2762
-2784
-2739
-2624
-2440
-2202
-1935
-1600
-1136
-597
-84
421
1000
1555
1961
2306
2664
2925
2995
2998
3032
3031
2871
2629
2473
2397
2253
1984
1705
1551
1460
1193
755
433
326
154
-246
-535
-443
-276
-298
-290
-31
307
447
414
331
217
-21
-450
-1059
-1711
-2236
-2705
-3253
-3760
-4008
-4026
-4002
-4001
-3902
-3640
-3338
-3092
-2935
-2772
-2458
-2056
-1724
-1398
-853
-114
608
1261
1957
2689
3305
3712
3937
4027
3983
3802
3501
3121
2752
2447
2171
1901
1711
1629
1586
1516
1434
1373
1301
1165
955
755
570
362
144
-65
-196
-242
-249
-235
-151
30
239
406
558
711
798
755
592
376
88
-299
-753
-1195
-1583
-1947
-2280
-2521
-2666
-2790
-2913
-3007
-3038
-3063
-3131
-3182
-3121
-2965
-2779
-2555
-2200
-1679
-1120
-597
-48
553
1115
1544
1854
2146
2393
2512
2545
2558
2564
2529
2463
2396
2294
2148
2016
1881
1658
1350
1046
789
472
50
-304
-488
-589
-708
-714
-435
-9
329
608
1021
1445
1529
1297
1020
732
164
-734
-1557
-2080
-2574
-3223
-3711
-3753
-3571
-3548
-3605
-3375
-2926
-2688
-2750
-2722
-2390
-2065
-2002
-1895
-1361
-582
30
517
1281
2294
3067
3446
3778
4218
4441
4211
3789
3528
3324
2883
2316
1997
1967
1901
1668
1550
1712
1874
1735
1452
1334
1284
959
404
11
-168
-441
-858
-1096
-1022
-916
-932
-872
-600
-301
-211
-255
-226
-178
-347
-741
-1091
-1277
-1519
-1965
-2362
-2460
-2470
-2696
-2976
-2995
-2875
-2982
-3278
-3378
-3257
-3220
-3326
-3295
-2938
-2448
-2052
-1612
-915
-62
660
1215
1808
2480
3001
3232
3352
3533
3674
3603
3407
3315
3298
3183
2969
2791
2705
2571
2285
1941
1629
1316
906
402
-7
-221
-355
-478
-443
-125
309
617
837
1162
1435
1323
905
482
58
-663
-1655
-2466
-2954
-3453
-4078
-4485
-4447
-4237
-4213
-4219
-3934
-3474
-3215
-3219
-3120
-2728
-2357
-2222
-1988
-1351
-506
188
825
1758
2833
3616
4064
4453
4816
4845
4483
4020
3624
3221
2704
2196
1942
1941
1942
1830
1844
2104
2267
2049
1732
1621
1413
734
-68
-497
-786
-1345
-1914
-1996
-1734
-1604
-1575
-1246
-654
-252
-182
-167
-48
-57
-430
-967
-1346
-1573
-1909
-2379
-2604
-2488
-2412
-2565
-2644
-2438
-2331
-2606
-2922
-2962
-2988
-3262
-3492
-3321
-2918
-2567
-2159
-1454
-474
468
1258
2049
2894
3608
3986
4129
4283
4444
4380
4093
3845
3753
3619
3361
3207
3209
3149
2912
2605
2263
1784
1180
604
59
-569
-1193
-1616
-1838
-2015
-2034
-1657
-996
-414
14
537
1119
1395
1246
960
718
243
-679
-1739
-2537
-3114
-3751
-4364
-4583
-4415
-4234
-4232
-4154
-3817
-3487
-3444
-3559
-3522
-3331
-3197
-3093
-2697
-1857
-818
177
1222
2462
3690
4602
5179
5602
5865
5757
5278
4671
4099
3518
2867
2283
1946
1828
1758
1704
1779
1967
2042
1869
1589
1330
970
366
-341
-909
-1356
-1834
-2252
-2361
-2129
-1795
-1450
-986
-390
121
417
592
671
575
250
-204
-648
-1103
-1597
-2028
-2265
-2366
-2475
-2585
-2582
-2510
-2563
-2767
-2948
-3017
-3110
-3278
-3331
-3114
-2725
-2291
-1728
-942
-46
784
1538
2291
2987
3501
3826
4055
4220
4254
4143
3969
3803
3609
3353
3038
2723
2446
2139
1761
1344
941
562
99
-466
-995
-1431
-1841
-2294
-2650
-2759
-2664
-2507
-2248
-1710
-938
-197
408
991
1573
1919
1845
1523
1170
689
-91
-1019
-1757
-2284
-2817
-3342
-3600
-3539
-3435
-3443
-3420
-3238
-3057
-3052
-3106
-3006
-2749
-2481
-2162
-1580
-720
248
1201
2227
3333
4319
5035
5527
5875
5984
5783
5378
4904
4372
3742
3088
2560
2161
1800
1491
1276
1132
966
721
450
166
-186
-625
-1090
-1512
-1890
-2225
-2456
-2534
-2471
-2306
-2062
-1723
-1323
-941
-615
-344
-129
-32
-81
-243
-457
-716
-1039
-1397
-1732
-1993
-2211
-2403
-2545
-2585
-2562
-2556
-2532
-2446
-2308
-2187
-2061
-1850
-1556
-1225
-861
-401
159
743
1299
1870
2463
2994
3383
3665
3934
4127
4108
3947
3788
3623
3296
2802
2381
2070
1673
1104
601
320
19
-482
-970
-1209
-1369
-1705
-2092
-2201
-2048
-1937
-1891
-1597
-951
-273
185
605
1200
1745
1847
1599
1354
1091
498
-456
-1326
-1920
-2547
-3319
-3904
-4046
-4004
-4066
-4048
-3735
-3281
-2961
-2748
-2423
-1950
-1506
-1171
-756
-113
657
1344
1999
2811
3693
4373
4798
5132
5416
5473
5200
4753
4307
3836
3239
2560
1984
1605
1289
892
538
398
380
162
-241
-479
-563
-863
-1415
-1824
-1932
-2083
-2429
-2588
-2354
-2044
-1931
-1777
-1320
-807
-570
-519
-370
-173
-240
-591
-912
-1083
-1327
-1780
-2190
-2309
-2284
-2395
-2526
-2377
-2035
-1845
-1821
-1654
-1298
-1065
-1069
-1005
-676
-303
-96
149
675
1346
1866
2261
2796
3394
3784
3908
3953
4041
3980
3640
3179
2817
2500
2014
1430
1027
806
503
98
-151
-216
-363
-667
-895
-981
-1135
-1431
-1648
-1646
-1582
-1558
-1412
-991
-439
19
435
960
1453
1611
1431
1172
876
228
-764
-1673
-2347
-3048
-3851
-4368
-4389
-4244
-4187
-3973
-3396
-2726
-2296
-2007
-1567
-1040
-711
-565
-293
209
737
1165
1653
2369
3174
3795
4220
4633
5017
5123
4901
4545
4174
3683
3009
2305
1742
1274
817
402
110
-37
-138
-283
-488
-647
-747
-944
-1254
-1540
-1698
-1839
-2040
-2169
-2122
-1976
-1868
-1742
-1474
-1137
-884
-709
-525
-342
-296
-398
-523
-646
-837
-1128
-1376
-1480
-1541
-1626
-1653
-1525
-1310
-1177
-1098
-932
-730
-634
-627
-563
-400
-245
-110
127
505
935
1343
1761
2220
2652
2959
3140
3237
3248
3137
2916
2638
2357
2084
1762
1430
1173
991
783
495
245
107
-70
-386
-718
-921
-1066
-1337
-1642
-1726
-1588
-1468
-1404
-1115
-535
20
361
687
1161
1494
1380
990
646
240
-513
-1515
-2346
-2878
-3418
-4039
-4380
-4232
-3905
-3712
-3485
-2956
-2288
-1895
-1764
-1523
-1082
-772
-703
-522
31
732
1280
1815
2637
3605
4309
4675
4983
5321
5382
4962
4350
3871
3389
2656
1789
1169
839
465
-58
-441
-493
-496
-744
-1048
-1099
-1016
-1162
-1498
-1639
-1557
-1596
-1846
-1952
-1753
-1523
-1457
-1334
-905
-387
-60
142
460
830
920
725
539
432
171
-338
-810
-1043
-1218
-1538
-1828
-1849
-1718
-1708
-1780
-1680
-1420
-1241
-1218
-1122
-846
-555
-371
-182
184
647
1018
1313
1691
2146
2491
2668
2807
2955
3012
2880
2656
2440
2175
1804
1377
990
649
316
-6
-248
-416
-553
-679
-766
-809
-878
-981
-1040
-1014
-973
-947
-829
-535
-167
96
320
642
948
977
698
373
74
-458
-1310
-2149
-2711
-3181
-3750
-4231
-4285
-4014
-3785
-3598
-3185
-2510
-1925
-1583
-1252
-739
-225
74
326
787
1406
1948
2404
2976
3665
4246
4588
4778
4916
4897
4578
4027
3427
2839
2163
1376
671
181
-190
-592
-943
-1055
-1015
-1054
-1179
-1174
-1024
-982
-1106
-1185
-1108
-1045
-1128
-1164
-992
-713
-507
-321
41
498
831
984
1111
1246
1191
871
439
47
-366
-916
-1495
-1899
-2120
-2325
-2536
-2608
-2487
-2350
-2287
-2192
-1983
-1743
-1602
-1479
-1263
-979
-722
-472
-125
311
758
1173
1613
2103
2570
2930
3186
3392
3517
3501
3329
3070
2781
2424
1974
1493
1102
772
426
108
-108
-240
-394
-569
-683
-760
-893
-1072
-1155
-1155
-1173
-1173
-1003
-674
-391
-184
110
495
677
530
271
73
-299
-1062
-1937
-2578
-3042
-3633
-4250
-4479
-4257
-3952
-3767
-3434
-2734
-1953
-1454
-1124
-623
13
433
598
871
1410
1943
2274
2623
3165
3695
3986
4086
4171
4190
3941
3450
2940
2471
1915
1276
746
413
142
-167
-368
-332
-233
-284
-353
-236
-76
-119
-276
-244
-74
-61
-214
-210
30
195
172
209
446
654
616
455
397
382
139
-310
-687
-920
-1240
-1749
-2177
-2358
-2512
-2812
-3056
-3046
-2941
-2963
-2985
-2792
-2493
-2298
-2165
-1870
-1443
-1077
-780
-360
222
779
1239
1706
2267
2797
3149
3370
3573
3733
3700
3495
3285
3095
2788
2374
2015
1745
1433
1043
725
535
326
2
-302
-469
-600
-852
-1173
-1378
-1424
-1480
-1642
-1720
-1508
-1118
-843
-674
-324
237
645
627
419
346
225
-365
-1309
-2059
-2469
-2936
-3680
-4211
-4102
-3691
-3497
-3378
-2839
-1967
-1339
-1125
-844
-256
235
329
326
677
1214
1531
1734
2196
2873
3352
3547
3763
4040
4037
3667
3236
2896
2396
1656
1061
798
539
107
-90
172
413
292
263
678
1009
760
418
579
780
392
-146
-91
201
15
-368
-229
225
255
-42
-82
122
37
-442
-938
-1208
-1432
-1915
-2563
-2928
-2904
-2963
-3344
-3536
-3192
-2852
-2960
-3042
-2634
-2180
-2126
-2107
-1717
-1209
-899
-623
-160
436
1018
1544
2029
2553
3128
3549
3704
3817
4022
4038
3690
3299
3127
2841
2196
1614
1378
1135
593
100
5
-21
-344
-713
-803
-794
-1016
-1387
-1613
-1699
-1833
-2029
-2130
-2031
-1768
-1463
-1112
-619
-6
539
922
1272
1533
1462
1096
731
316
-444
-1369
-1974
-2265
-2711
-3243
-3286
-2847
-2486
-2405
-2171
-1563
-1015
-914
-1000
-816
-440
-287
-374
-202
407
1057
1471
1885
2605
3350
3716
3785
3866
3925
3663
3087
2524
2090
1594
1009
553
364
277
156
133
316
518
564
584
696
735
541
250
69
-66
-357
-716
-908
-924
-978
-1105
-1116
-975
-859
-876
-918
-902
-920
-1069
-1286
-1467
-1612
-1801
-2010
-2137
-2162
-2166
-2181
-2105
-1915
-1707
-1519
-1325
-1067
-772
-556
-406
-202
81
322
464
672
1050
1443
1706
1966
2376
2819
3063
3138
3238
3353
3281
2950
2558
2244
1886
1369
804
383
93
-227
-592
-851
-949
-1036
-1211
-1379
-1468
-1549
-1704
-1895
-2006
-2050
-2093
-2061
-1874
-1591
-1241
-787
-227
321
761
1154
1531
1683
1503
1210
936
489
-248
-969
-1369
-1656
-2119
-2519
-2488
-2171
-2017
-2056
-1861
-1362
-1014
-1060
-1131
-875
-522
-452
-529
-269
334
844
1155
1598
2312
2959
3266
3413
3621
3726
3534
3142
2763
2411
1976
1509
1134
873
661
491
400
376
377
378
398
405
347
241
112
-57
-309
-619
-913
-1184
-1447
-1694
-1833
-1843
-1783
-1692
-1546
-1325
-1118
-997
-943
-895
-903
-1031
-1201
-1303
-1332
-1387
-1453
-1386
-1179
-992
-897
-775
-556
-373
-348
-388
-323
-188
-130
-118
8
298
626
905
1225
1662
2091
2405
2617
2775
2854
2764
2541
2278
1966
1578
1187
889
664
432
221
119
97
14
-184
-401
-539
-712
-1057
-1463
-1734
-1859
-2041
-2311
-2402
-2199
-1940
-1809
-1587
-1061
-444
-49
203
616
1133
1324
1093
867
865
706
67
-635
-868
-868
-1208
-1735
-1787
-1371
-1190
-1437
-1521
-1177
-910
-1121
-1437
-1368
-1112
-1084
-1176
-952
-373
161
544
1059
1789
2443
2827
3119
3460
3660
3564
3335
3136
2877
2463
2037
1713
1450
1213
1048
963
894
877
929
909
728
551
468
226
-254
-699
-951
-1229
-1665
-2000
-2058
-2018
-2040
-1998
-1753
-1448
-1261
-1130
-952
-792
-761
-849
-913
-894
-897
-995
-1056
-941
-783
-756
-789
-680
-519
-562
-736
-781
-728
-796
-929
-909
-725
-535
-362
-83
295
664
984
1283
1535
1722
1840
1850
1780
1697
1594
1418
1211
1097
1037
914
767
721
752
676
495
374
305
114
-208
-495
-706
-951
-1254
-1469
-1553
-1562
-1508
-1391
-1167
-840
-459
-76
236
521
832
1091
1161
1049
944
892
697
278
-125
-293
-400
-739
-1146
-1243
-1117
-1168
-1442
-1542
-1313
-1167
-1335
-1462
-1250
-924
-847
-870
-618
-123
276
466
742
1265
1740
1955
2083
2325
2571
2542
2332
2191
2087
1860
1510
1217
1042
903
757
624
571
607
625
517
354
270
163
-191
-648
-939
-1142
-1520
-1956
-2068
-1968
-1987
-2067
-1855
-1436
-1198
-1127
-947
-641
-483
-546
-599
-510
-407
-434
-512
-424
-170
-18
-46
14
251
374
216
50
81
48
-225
-483
-496
-431
-487
-487
-258
86
370
604
909
1259
1536
1637
1610
1614
1611
1458
1165
957
913
827
642
541
612
711
683
592
550
526
378
59
-281
-532
-761
-1081
-1438
-1616
-1595
-1583
-1615
-1512
-1186
-832
-594
-363
-26
331
564
662
688
715
727
602
307
17
-118
-250
-547
-857
-937
-898
-994
-1157
-1211
-1144
-1107
-1172
-1253
-1265
-1149
-996
-931
-828
-503
-51
319
604
1007
1513
1884
2058
2180
2322
2368
2248
2041
1818
1611
1391
1147
923
751
643
566
466
373
315
223
64
-125
-314
-526
-773
-1010
-1204
-1387
-1543
-1577
-1545
-1514
-1438
-1276
-1055
-864
-686
-467
-255
-101
30
157
262
318
355
394
408
404
411
413
391
351
325
283
192
97
14
-78
-169
-233
-269
-276
-246
-155
-49
38
153
305
435
493
520
573
629
618
563
535
567
601
562
487
465
479
403
217
23
-111
-279
-555
-839
-1014
-1106
-1230
-1359
-1408
-1361
-1288
-1241
-1176
-1092
-988
-863
-722
-572
-414
-196
91
363
552
716
945
1118
1093
937
811
735
508
111
-186
-293
-404
-667
-845
-760
-623
-636
-679
-528
-300
-194
-169
-40
207
416
539
709
1046
1423
1653
1802
2057
2328
2408
2285
2170
2137
1934
1504
1161
1031
834
394
38
19
-13
-377
-741
-718
-677
-1056
-1506
-1526
-1416
-1706
-2108
-2077
-1819
-1867
-2074
-1932
-1528
-1323
-1348
-1192
-750
-391
-332
-288
23
398
478
375
494
777
807
557
471
644
657
349
113
181
216
-35
-307
-292
-163
-259
-461
-418
-156
-9
-59
0
303
594
636
594
759
1026
1082
940
925
1116
1208
1046
897
966
1026
828
527
397
324
65
-304
-551
-659
-835
-1090
-1247
-1256
-1264
-1354
-1421
-1352
-1226
-1180
-1152
-967
-641
-394
-241
40
474
777
831
896
1131
1244
999
686
625
586
221
-237
-387
-341
-521
-881
-998
-840
-800
-1020
-1152
-988
-803
-857
-928
-701
-318
-100
7
326
835
1190
1304
1478
1810
1991
1867
1700
1685
1627
1322
961
802
733
502
191
61
87
-5
-263
-426
-407
-439
-680
-909
-923
-884
-1029
-1224
-1173
-993
-953
-995
-847
-526
-329
-291
-144
171
391
406
433
625
785
730
629
678
771
691
485
400
413
291
0
-239
-331
-457
-724
-979
-1048
-1015
-1052
-1105
-1003
-750
-526
-375
-185
107
375
520
615
745
888
940
903
885
916
917
824
715
665
604
445
240
86
-52
-255
-512
-700
-817
-971
-1138
-1240
-1257
-1251
-1286
-1246
-1102
-962
-850
-659
-373
-116
84
342
698
970
1082
1215
1418
1510
1370
1164
1098
991
626
183
-91
-259
-573
-1010
-1266
-1265
-1287
-1451
-1515
-1302
-988
-851
-777
-485
-81
161
243
405
726
954
970
1022
1227
1407
1427
1376
1437
1543
1471
1274
1120
1011
839
540
236
34
-152
-355
-543
-663
-693
-706
-729
-736
-718
-665
-633
-653
-673
-649
-604
-585
-584
-516
-370
-245
-139
17
218
380
464
545
643
661
569
460
362
202
-33
-250
-406
-566
-769
-922
-965
-985
-1027
-1037
-939
-786
-694
-606
-422
-179
-6
79
204
413
557
569
581
708
839
806
738
782
890
880
732
666
708
666
457
266
195
118
-88
-330
-428
-441
-539
-694
-741
-671
-640
-684
-681
-573
-450
-370
-264
-93
126
339
519
701
884
1045
1158
1163
1075
974
843
624
306
1
-229
-451
-727
-985
-1101
-1128
-1199
-1287
-1267
-1142
-1037
-1004
-935
-764
-599
-508
-403
-239
-51
92
213
370
529
642
738
837
900
926
925
920
891
800
696
620
536
410
289
207
148
62
-26
-56
-66
-108
-167
-184
-170
-192
-241
-248
-218
-215
-237
-219
-137
-56
-23
39
161
281
346
383
453
517
502
435
365
288
161
-19
-200
-353
-500
-660
-790
-864
-891
-902
-893
-821
-706
-582
-475
-353
-205
-80
-6
57
144
211
237
259
313
375
406
443
513
572
604
612
619
605
531
435
327
209
66
-74
-193
-304
-392
-463
-516
-542
-543
-528
-498
-461
-404
-336
-255
-167
-74
56
198
329
438
537
658
734
721
674
641
578
415
199
13
-130
-308
-533
-703
-766
-799
-874
-925
-882
-784
-744
-739
-667
-547
-450
-425
-389
-252
-89
3
69
201
399
554
623
703
855
987
1007
989
1034
1106
1077
959
886
880
812
642
486
409
326
154
-25
-118
-167
-290
-448
-522
-531
-566
-646
-668
-595
-525
-493
-442
-323
-186
-114
-66
19
119
161
136
123
140
125
33
-79
-140
-186
-282
-401
-478
-507
-536
-588
-611
-570
-511
-469
-418
-326
-207
-121
-64
18
126
205
229
248
313
364
353
330
352
402
395
356
360
401
412
365
327
326
306
231
139
75
27
-58
-166
-234
-269
-299
-335
-355
-326
-274
-228
-167
-79
27
138
247
334
395
451
493
486
429
347
271
170
21
-136
-242
-313
-418
-528
-566
-541
-548
-600
-604
-543
-501
-544
-579
-523
-468
-491
-512
-413
-263
-173
-108
55
303
469
554
689
899
1031
1009
988
1057
1091
968
811
786
781
648
464
403
427
341
166
54
50
-30
-238
-399
-449
-496
-653
-790
-771
-690
-665
-663
-541
-330
-178
-114
-23
138
235
200
133
137
129
4
-149
-209
-234
-312
-403
-416
-362
-323
-323
-291
-214
-158
-145
-142
-103
-71
-81
-91
-80
-50
-38
-36
-8
51
111
150
206
284
354
389
402
421
446
426
370
318
274
213
108
26
-13
-45
-95
-152
-161
-136
-137
-166
-169
-124
-90
-109
-124
-75
-5
19
-4
26
115
164
148
156
233
274
225
151
141
145
54
-88
-177
-209
-293
-436
-525
-529
-534
-593
-625
-582
-515
-489
-480
-422
-318
-236
-186
-107
13
136
232
312
424
557
656
709
752
820
870
851
802
791
782
706
580
506
473
373
229
122
70
-13
-162
-277
-311
-346
-437
-513
-498
-441
-435
-445
-382
-261
-177
-153
-107
-16
41
19
-13
5
3
-57
-134
-176
-182
-225
-293
-312
-293
-282
-295
-298
-263
-226
-230
-246
-229
-192
-186
-207
-201
-158
-128
-121
-93
-22
46
84
118
189
261
291
303
338
380
383
354
342
342
326
278
233
214
185
131
79
53
38
9
-39
-56
-47
-59
-81
-84
-59
-33
-29
-6
39
83
125
157
197
234
256
250
239
222
186
130
56
-10
-80
-158
-232
-305
-361
-410
-463
-505
-533
-543
-544
-548
-530
-489
-451
-406
-342
-273
-193
-111
-29
56
143
214
282
348
404
455
487
520
542
549
543
528
521
494
447
407
367
317
259
189
122
60
-16
-92
-151
-204
-246
-286
-309
-304
-288
-270
-237
-185
-135
-83
-32
12
43
65
79
82
66
40
22
4
-24
-57
-72
-77
-95
-116
-133
-136
-152
-180
-202
-218
-230
-258
-276
-269
-250
-240
-231
-189
-130
-72
-31
24
94
142
176
200
227
252
251
226
203
190
161
122
85
51
30
5
-26
-39
-40
-46
-47
-48
-41
-27
-18
-17
-8
5
19
39
54
74
96
129
152
172
191
201
205
192
168
136
100
40
-30
-92
-157
-217
-271
-317
-339
-350
-353
-346
-324
-293
-252
-216
-165
-112
-72
-14
29
61
103
140
176
211
245
274
295
317
334
336
342
338
323
307
280
245
212
174
129
88
37
-10
-53
-101
-138
-174
-205
-227
-235
-228
-218
-197
-171
-143
-98
-57
-28
0
18
34
36
39
39
26
16
4
-11
-28
-48
-68
-85
-101
-122
-146
-162
-177
-191
-200
-213
-216
-214
-212
-203
-185
-170
-149
-122
-95
-58
-24
9
35
65
94
116
133
143
154
166
170
173
179
177
174
166
152
136
119
99
83
69
56
43
36
35
30
37
49
52
58
68
76
81
90
95
100
102
100
97
93
87
85
68
48
39
19
-5
-29
-54
-88
-121
-155
-191
-218
-233
-240
-247
-242
-231
-216
-195
-169
-136
-101
-71
-47
-19
2
17
30
39
47
54
69
75
91
107
119
133
140
150
154
147
143
126
102
80
49
22
-2
-35
-52
-64
-72
-73
-76
-69
-60
-44
-28
-12
11
28
39
48
54
61
59
52
48
43
37
29
16
7
7
-3
-17
-24
-39
-56
-70
-87
-106
-121
-132
-140
-146
-151
-151
-143
-138
-127
-111
-92
-70
-51
-26
-4
19
42
70
95
105
125
136
142
152
145
145
145
132
124
103
83
62
38
22
6
-6
-13
-16
-21
-18
-13
-7
7
17
21
25
33
40
41
49
55
63
66
64
67
58
53
41
20
-3
-36
-68
-109
-139
-169
-197
-210
-218
-218
-209
-183
-156
-126
-96
-74
-43
-20
-6
5
12
17
19
34
36
42
61
70
89
111
131
141
146
153
152
146
134
107
84
60
31
11
-9
-21
-31
-43
-43
-40
-35
-20
-7
2
21
31
39
49
49
56
50
38
33
22
13
7
-3
-14
-22
-35
-42
-49
-64
-75
-94
-108
-118
-134
-142
-144
-148
-147
-140
-133
-122
-106
-88
-67
-42
-28
-16
7
29
41
46
52
58
63
63
69
73
77
93
96
97
101
102
97
85
72
60
45
28
22
18
14
19
23
34
45
49
58
63
62
61
58
55
52
46
45
42
35
34
28
12
-2
-12
-33
-51
-65
-76
-87
-99
-108
-120
-126
-122
-123
-124
-118
-111
-107
-96
-85
-71
-48
-37
-17
-1
4
16
24
31
34
43
51
53
57
66
74
82
88
91
87
76
72
64
53
39
24
17
8
-1
1
0
-1
-4
-7
-6
-11
-13
-16
-13
-12
-13
-8
-6
-6
-9
-11
-14
-17
-22
-22
-27
-29
-27
-33
-33
-34
-36
-41
-45
-43
-39
-39
-38
-39
-35
-29
-30
-21
-16
-15
-2
2
0
4
12
19
20
23
30
33
35
40
49
54
53
59
61
66
63
59
55
44
42
29
22
22
13
10
5
3
8
8
5
6
7
9
4
3
3
0
0
-3
-5
-1
-7
-11
-6
-7
-13
-19
-20
-25
-32
-40
-47
-62
-71
-76
-83
-84
-86
-89
-94
-86
-80
-69
-52
-37
-28
-19
-3
4
14
24
24
34
44
47
55
58
66
69
70
75
75
80
71
64
61
55
45
33
29
18
4
2
-5
-9
-6
-12
-8
-2
2
0
0
5
6
4
-5
-9
-12
-14
-16
-20
-22
-22
-20
-23
-24
-19
-25
-21
-20
-24
-20
-26
-32
-33
-31
-34
-40
-33
-30
-36
-27
-22
-20
-9
-6
0
3
9
7
3
6
2
1
4
13
20
20
23
24
29
32
29
28
26
29
24
19
14
8
9
8
7
3
8
14
17
23
23
27
27
20
22
22
20
19
11
6
2
0
2
1
-1
-2
-3
-10
-16
-20
-30
-33
-37
-44
-44
-46
-48
-42
-39
-38
-34
-29
-26
-24
-22
-17
-12
-2
3
7
9
14
17
12
13
15
20
20
24
29
28
30
23
22
22
22
24
18
12
6
8
4
-1
-4
-3
-2
-11
-9
-9
-10
-6
-7
-4
-4
4
6
2
3
0
-4
-8
-16
-18
-15
-18
-13
-14
-18
-18
-16
-20
-17
-13
-13
-18
-18
-11
-10
-5
2
1
1
3
9
11
12
18
19
18
19
20
20
25
25
26
25
27
31
32
34
28
21
16
16
11
2
1
-2
-4
-5
-2
-2
2
5
8
9
6
11
10
7
9
3
-5
-7
-8
-16
-24
-29
-34
-39
-37
-32
-30
-31
-32
-37
-43
-44
-46
-52
-56
-56
-59
-51
-47
-41
-29
-21
-15
-2
5
13
19
28
31
36
39
35
41
44
44
38
43
46
44
46
46
52
51
50
51
47
37
31
27
15
11
8
4
-1
1
3
-1
3
-2
4
6
4
1
-7
-13
-20
-18
-22
-24
-25
-29
-25
-25
-27
-29
-30
-30
-30
-30
-34
-34
-39
-36
-37
-46
-37
-35
-29
-21
-20
-16
-10
-7
-9
-7
-4
-1
7
9
12
13
13
16
17
20
20
22
25
26
23
23
29
27
27
28
26
24
26
24
20
26
27
25
27
30
26
25
26
24
17
12
8
4
2
-5
-4
-6
-13
-16
-22
-24
-25
-25
-31
-33
-30
-34
-37
-33
-35
-30
-26
-36
-38
-34
-28
-21
-18
-13
-9
-6
3
12
13
14
19
18
13
12
19
19
21
22
21
24
19
25
25
22
28
26
20
23
20
13
14
9
8
9
2
2
4
1
-5
-3
-6
-7
-6
-9
-7
-15
-13
-7
-12
-17
-16
-12
-22
-20
-24
-28
-28
-35
-34
-31
-31
-32
-26
-23
-22
-18
-15
-6
-7
-6
-3
0
4
0
1
7
10
11
16
21
20
23
24
24
25
27
29
27
28
27
28
30
22
24
20
15
16
7
5
8
5
-1
5
7
8
8
7
8
7
2
0
2
-4
-4
-3
-3
-1
-5
-8
-5
-7
-11
-15
-19
-23
-33
-39
-39
-33
-33
-34
-32
-24
-25
-27
-19
-25
-21
-10
-4
1
3
4
8
9
6
13
10
14
20
14
20
20
12
18
20
15
14
18
14
8
11
10
11
10
15
15
9
21
17
9
12
7
7
12
9
9
8
3
-1
1
0
-2
-2
-8
-13
-15
-23
-26
-25
-27
-23
-25
-28
-25
-26
-26
-26
-20
-16
-16
-15
-7
-4
-2
1
0
-3
-5
-4
-2
-2
2
6
10
12
13
18
16
21
21
18
23
21
17
13
13
15
17
10
13
7
3
13
5
7
13
10
2
9
17
4
2
0
-2
-6
-5
0
0
-1
-4
1
1
2
6
1
-1
-1
-7
-12
-13
-15
-19
-19
-19
-19
-23
-23
-14
-17
-20
-14
-12
-14
-15
-12
-11
-8
-8
-6
2
2
-2
0
5
2
7
12
14
19
18
12
8
11
3
4
8
10
16
15
15
17
14
9
13
14
8
11
14
11
7
5
1
2
4
5
-1
-5
1
-4
-8
-6
-8
-13
-9
-10
-15
-11
-13
-15
-11
-6
-6
-5
-5
-2
0
1
-8
-9
-10
-9
-4
-11
-9
-5
-1
-3
-8
-11
-8
-12
-17
-6
-1
4
3
5
8
3
3
3
1
3
2
2
6
7
8
13
13
8
9
15
9
1
9
9
8
9
4
8
12
11
10
6
2
9
4
3
7
3
8
3
-2
-1
-2
-3
-5
-10
-13
-8
-13
-14
-9
-9
-2
-7
-7
-3
-2
2
3
7
5
5
7
0
-4
-2
0
-6
-1
1
1
5
2
7
4
6
7
2
-2
-3
-6
-5
-6
-8
-6
-6
-5
-2
2
0
-1
-1
0
-3
-2
-2
-1
1
-3
-3
-1
-5
-4
0
-3
1
1
-4
-3
-5
-8
-9
-8
-11
-6
-4
-8
-5
-8
-6
0
-1
-4
-5
-3
-6
-5
-8
-9
-2
1
1
4
5
6
9
8
11
13
13
9
13
14
6
9
7
6
8
9
13
11
16
14
10
8
9
10
9
8
10
6
5
3
2
7
0
0
2
-3
0
3
2
3
2
-2
-1
-1
-7
-13
-8
-9
-13
-9
-12
-14
-15
-12
-9
-10
-8
-7
-7
-9
-15
-13
-14
-14
-8
-4
-4
-4
-3
3
5
0
4
6
2
0
-2
2
1
-1
2
-1
-1
3
2
5
3
0
1
-2
2
7
9
8
6
9
13
11
12
11
9
7
4
0
0
4
1
0
1
-6
-6
-7
-2
-2
-7
-5
-5
-3
-9
-9
-8
-9
-10
-13
-11
-9
-5
-7
-4
-3
-2
0
2
3
4
5
5
6
5
10
10
6
4
1
4
8
5
4
6
3
11
10
1
4
5
4
8
8
6
7
1
1
1
2
1
1
4
3
2
-3
-5
-3
0
-5
-7
-3
-4
-6
-4
3
1
4
4
0
6
0
3
2
4
6
-3
1
0
-2
-2
-6
-12
-7
-6
-7
-8
-11
-6
-3
-4
-4
-7
-3
-3
-6
-4
-5
-2
-2
-4
-3
-1
1
3
0
0
1
0
8
6
3
0
2
6
1
3
5
0
2
1
4
4
2
-2
-9
-5
-9
-13
-11
-9
-7
-5
-4
2
6
4
6
2
-2
0
-1
-3
4
1
2
7
5
6
2
-1
5
5
7
8
3
13
13
8
11
13
5
-1
-1
-6
-5
-3
-5
-4
-4
-9
-5
6
3
1
5
5
6
2
1
1
-6
-10
-4
-4
-7
-8
-3
2
11
14
10
11
12
10
4
1
0
-3
-4
-1
-3
-2
2
-2
1
0
1
7
4
0
2
3
1
3
-6
-7
-6
-8
-9
-14
-15
-19
-19
-12
-9
-7
-6
-7
-12
-11
-9
-13
-14
-12
-12
-9
-12
-9
-6
-7
0
2
3
6
9
10
12
10
11
15
8
7
10
4
3
7
5
7
8
5
9
11
9
14
18
16
17
14
8
7
6
-1
-1
4
5
0
-1
5
5
5
10
7
6
5
-5
-8
-9
-13
-14
-11
-5
-1
1
-1
2
-1
-4
-4
-10
-10
-5
-13
-19
-10
-14
-17
-14
-15
-8
-8
-7
-6
-7
-8
-4
-6
-8
-1
-2
2
0
-3
0
5
6
5
9
6
9
14
13
13
12
16
16
14
6
5
4
7
5
7
8
6
9
5
4
5
9
11
5
1
-2
-3
-7
-8
-5
-7
-11
-13
-14
-8
-4
-1
0
-2
-4
-7
-6
-4
-5
-8
-5
-4
-7
-4
-4
1
0
0
7
4
0
-1
-2
-1
-2
-8
-8
-7
-10
-6
-1
2
1
2
4
3
4
1
1
3
-3
-6
-6
1
4
5
1
4
6
3
2
2
2
3
5
7
2
0
7
8
4
4
1
5
11
7
8
11
11
6
3
4
3
-4
-12
-9
-10
-16
-13
-15
-13
-13
-12
-10
-7
-3
0
4
3
2
6
-2
-3
5
4
4
2
6
3
-1
1
3
7
9
11
9
11
12
3
6
7
3
3
-1
0
1
0
2
6
7
10
5
-1
3
-5
-4
-1
-4
-9
-12
-9
-9
-13
-10
-8
-12
-12
-7
-6
-9
-10
-9
-6
-5
-7
-10
-8
2
-2
-5
-3
-1
-4
-4
-2
-3
1
3
6
12
8
11
16
11
10
9
6
7
6
8
2
-2
3
-1
4
9
4
6
8
7
4
3
-1
-4
-2
-3
-3
-2
-3
-2
2
4
0
2
2
4
10
5
1
-1
0
4
0
3
0
-6
-4
0
-3
-7
-9
-9
-10
-6
-12
-12
-9
-10
-10
-11
-4
-8
-4
-2
-11
-9
-5
-3
-1
4
8
7
13
12
7
7
10
6
1
2
1
1
-1
2
0
2
6
5
9
11
7
11
11
5
4
4
1
5
2
-4
0
-2
-2
3
3
0
1
4
-2
-4
-5
-4
-5
-8
-7
-8
-7
-3
1
0
0
3
1
2
1
-3
-9
-7
-7
-6
1
-2
-3
-1
0
-2
-1
1
-3
-3
-2
-2
-1
-2
-2
-1
1
-2
-7
-11
-6
-8
-4
-1
-1
7
5
4
4
6
6
6
-1
0
4
1
0
2
1
2
8
9
5
3
3
5
0
-9
-5
-5
-9
-1
-1
-4
-5
-4
3
3
3
6
2
0
4
4
1
10
9
3
1
1
1
3
6
6
9
9
7
8
10
12
10
4
1
2
2
2
3
1
-1
-3
3
3
0
4
1
4
-2
-11
-12
-14
-11
-12
-16
-13
-11
-12
-8
-10
-9
-9
-10
-11
-15
-13
-11
-17
-18
-14
-15
-16
-10
-8
-1
2
0
7
4
0
6
6
1
1
5
-5
-3
0
-3
0
5
11
14
17
19
15
17
23
24
21
18
18
15
8
7
9
7
8
7
6
11
10
10
18
12
9
15
11
9
3
3
2
-1
-2
-4
-3
-3
-1
-6
-9
-10
-13
-10
-10
-16
-18
-14
-19
-17
-16
-23
-22
-25
-31
-23
-20
-22
-20
-16
-13
-10
-7
-15
-6
-1
-7
2
3
-1
1
2
3
5
4
5
9
5
7
12
9
9
12
11
9
14
15
9
17
17
16
22
19
16
12
14
15
14
15
17
19
13
9
10
1
-2
4
-2
-4
-1
1
4
1
-3
1
0
-2
0
-5
-11
-11
-13
-17
-19
-17
-15
-12
-8
-6
-9
-15
-11
-10
-11
-11
-8
-7
-9
-11
-12
-8
-9
-8
-2
-4
-4
1
-6
-9
-1
1
-3
2
6
6
1
2
5
2
4
5
6
4
5
3
0
1
3
9
10
11
12
8
9
14
10
1
3
6
5
3
0
3
5
8
13
7
10
13
6
-1
-2
-2
3
0
-2
-2
-1
-7
-11
-8
-10
-4
2
6
2
-2
1
-1
-4
-5
-7
-2
-1
-4
-2
-2
-2
0
0
7
6
-2
-1
-5
-6
-3
-2
-4
2
8
3
0
3
-1
-5
-8
-9
-7
-5
-4
-4
-6
-8
-6
-9
-10
-9
-12
-8
-4
0
1
-2
2
4
6
4
1
3
2
-2
-3
1
1
0
1
3
2
4
15
12
5
6
3
1
2
3
4
8
7
10
11
12
16
16
11
6
10
8
7
3
4
5
3
-1
0
4
-6
-3
2
0
-3
0
1
1
0
-8
-4
-5
-8
-8
-12
-14
-12
-10
-11
-13
-15
-11
-10
-10
-3
-3
-5
-11
-8
-5
-13
-12
-3
-4
-9
-1
6
2
6
6
7
8
0
-1
-2
-3
-5
-1
2
1
2
-1
0
3
4
4
7
12
9
3
6
9
6
8
8
2
3
4
6
8
6
5
9
8
4
1
2
10
9
3
6
5
3
5
5
2
2
1
2
1
-2
5
2
-3
-2
-4
-4
-9
-11
-7
-6
-5
-9
-11
-8
-12
-5
-2
-5
1
2
0
-3
-4
-5
-1
-6
-12
-9
-9
-8
-6
-3
2
6
6
-3
-2
-1
-4
-3
-4
-2
-2
-5
-4
-3
-5
0
2
1
4
-5
-7
-1
2
-2
-2
3
6
10
7
2
-2
2
5
-2
3
7
7
9
7
13
16
15
14
10
9
9
7
2
0
1
3
6
4
4
7
6
11
11
8
4
3
2
-1
-7
-5
-5
-9
-12
-11
-6
-7
-3
-5
-7
-3
0
-2
-4
-6
-6
-11
-14
-14
-13
-11
-10
-13
-12
-8
-8
-9
-8
-3
-5
-4
-8
-5
2
-1
-1
1
2
2
0
1
4
0
5
9
7
6
3
4
1
-4
-1
3
4
6
9
8
11
12
9
12
9
4
12
11
3
9
4
5
7
3
3
9
11
3
5
5
3
-1
1
4
-2
7
6
2
3
0
-4
-6
-11
-12
-12
-9
-3
-7
-3
3
3
-4
-4
0
-10
-12
-17
-10
-7
-17
-19
-13
-7
-8
-5
-6
-10
-4
0
-9
-7
-1
-2
-2
-11
-14
-10
-7
-7
-10
-6
-3
0
3
4
9
9
12
14
20
22
19
18
14
10
11
16
12
11
16
19
14
10
15
22
18
10
6
3
0
-2
1
-2
-2
1
-3
-2
-9
-9
2
-5
-11
-12
-10
-2
-4
-14
-18
-19
-16
-23
-21
-13
-8
-6
-11
-5
0
0
0
-3
-3
-4
-8
-9
-10
-6
-6
-8
-4
4
11
9
3
12
14
4
8
5
1
8
6
-2
4
2
7
7
2
13
18
5
0
1
5
6
-2
-6
-1
3
-4
-5
-8
-4
2
-4
-3
6
6
3
1
-2
-4
-1
-3
-7
-1
0
-5
-5
-3
-10
-5
2
0
-1
4
6
2
4
-3
-5
1
2
2
0
-1
1
4
2
-2
3
8
5
6
6
1
4
1
3
7
0
-1
4
5
4
9
8
9
9
3
4
2
3
2
1
0
-2
1
-7
-7
-3
-2
-3
-9
-5
-9
-8
-2
-4
-7
-13
-15
-13
-13
-14
-12
-10
-7
-5
-3
-4
-9
-7
-7
-12
-8
2
3
-1
-8
-2
-4
-12
-7
-5
-5
-3
-1
4
7
11
11
7
11
11
9
11
11
9
14
10
8
13
10
7
5
8
12
18
17
12
15
16
11
10
4
0
7
5
1
2
1
-7
-4
-2
0
6
3
0
0
0
-4
-9
-10
-13
-12
-14
-13
-9
-7
-9
-6
-6
-11
-9
-9
-1
3
-3
-7
-10
-11
-8
-12
-12
-8
-2
3
0
-5
-1
-4
-6
-3
1
3
-3
-1
7
3
4
5
0
4
11
5
3
1
0
4
3
3
2
1
4
3
-6
-6
1
4
5
-2
-3
3
2
2
2
2
8
7
12
9
11
9
3
2
-3
3
3
2
7
6
2
1
3
-1
-1
5
2
-5
-7
-9
-12
-10
-7
-9
-7
0
4
1
-2
0
-4
-5
3
1
-2
-3
-4
-4
-5
-2
4
1
-2
-5
-4
-2
0
5
3
3
7
4
7
3
-3
-3
-1
-3
0
0
2
7
6
5
0
4
6
0
-1
-4
-4
-4
-6
-6
-1
2
-2
1
2
4
4
-2
0
3
4
2
3
10
4
0
3
-1
-6
-9
-9
-2
1
0
3
-1
3
0
0
-3
-5
-3
-2
0
0
0
0
1
0
-5
-3
-2
-4
-5
-5
-7
-5
-7
-9
-2
-4
-7
-5
-4
-7
-3
-5
-4
-1
-1
1
3
6
2
4
6
9
12
7
2
3
5
9
7
5
8
1
3
2
4
7
4
8
4
6
7
6
6
6
6
4
2
0
3
5
1
-5
-9
-9
-2
3
-1
-7
-2
0
-4
-4
-10
-4
-2
-4
0
1
-3
-2
-7
-10
-5
-4
-7
-6
-4
-6
-7
-2
1
-2
-4
-8
-7
-4
-7
-6
-9
-8
-9
-7
-5
-3
-1
0
7
5
-1
3
7
1
2
7
8
6
4
7
11
9
7
9
15
12
15
12
0
8
7
6
1
-6
4
-1
-2
1
-5
1
6
2
-5
-2
5
-1
-4
-3
0
5
3
-5
-2
1
-3
-5
-5
-3
-4
-5
-5
-7
-2
-1
-1
0
1
-2
-6
-8
-10
-4
-8
-13
-11
-4
-4
-2
1
3
7
3
3
-3
-4
-2
-1
0
1
4
0
3
0
0
1
1
6
4
4
8
10
6
7
9
7
2
-2
5
4
-2
5
2
3
4
-1
4
5
4
3
1
4
5
3
3
-1
1
-2
-2
-3
-10
-4
-7
-3
-3
-3
2
-2
-3
-5
-6
-8
-9
-7
-12
-13
-11
-10
-11
-7
-2
1
0
2
4
9
11
3
2
-3
-3
-6
-9
-1
-3
1
3
8
8
8
16
10
12
9
5
1
2
9
8
6
0
-2
6
0
1
4
6
6
0
0
-4
-1
-1
-6
-4
-3
-4
-5
-4
-5
-4
-4
-2
-3
-7
-2
-1
-3
-2
1
-2
0
-3
-3
-3
-2
-6
-9
-6
-4
1
4
2
0
-2
-4
-5
-3
-6
1
2
-2
2
4
1
-2
1
5
7
6
5
3
0
7
4
1
3
5
6
6
4
3
9
9
5
-1
4
6
1
-1
2
-1
-5
2
0
-4
5
3
-5
0
2
-3
-3
-1
1
0
-5
-6
-9
-6
-3
-11
-9
-5
-6
-2
-1
-2
1
-2
-3
-1
-3
-6
-6
-7
-6
-5
-3
2
2
5
4
2
8
4
0
5
5
5
-1
-4
1
-1
-1
2
-1
5
6
-1
4
3
6
8
10
9
2
3
0
1
-1
1
4
1
-4
-6
-4
-8
-5
5
2
4
5
4
10
5
2
3
1
1
-5
-1
-3
-3
2
-5
2
-1
-5
-3
-5
-8
-10
-8
-5
-11
-9
-4
-5
-3
-6
-6
-5
-4
-3
5
10
3
0
-2
-1
-1
-1
0
5
4
2
6
7
6
8
7
5
6
2
0
5
2
0
0
-2
1
-2
-3
-1
-2
-3
-2
0
1
4
5
0
4
10
1
-1
-2
-1
-2
-1
-6
-6
-2
-3
-3
1
2
-3
4
8
3
6
7
5
5
-3
-8
-5
-10
-15
-10
-5
-7
-5
-1
2
0
6
5
2
2
-1
-4
-6
3
3
4
3
-3
-3
-1
-2
-1
5
6
8
7
11
12
3
3
5
-2
-3
-9
-3
1
-3
-8
-5
0
1
5
3
-1
1
3
-2
-5
-6
-3
2
1
3
2
1
0
1
3
8
6
6
7
6
3
0
-1
-5
-7
-7
-6
-11
-13
-10
-12
-12
-8
-8
-5
1
2
-1
-1
-4
-7
-7
-1
2
1
0
3
1
0
4
4
9
11
6
4
4
3
3
2
5
9
10
4
-3
2
7
5
-2
1
4
-2
-5
-5
-4
1
2
-1
-3
-4
-1
-2
-2
1
4
4
-4
-3
-1
3
4
0
5
5
2
7
9
4
4
5
1
3
2
0
5
6
3
-1
-5
-9
-7
2
-2
-6
-3
-1
1
0
-5
-6
-3
-8
-8
-5
-5
-5
-7
-7
-5
-4
-5
0
3
2
-1
-3
-5
-7
-6
-6
0
-7
-5
2
-1
-1
3
3
4
8
2
5
5
5
5
5
-1
-5
-4
-5
-1
2
6
9
4
1
2
0
2
5
6
-1
0
5
1
2
5
4
2
9
11
10
4
5
11
8
8
9
6
0
0
-4
-2
-2
-10
-7
-2
-1
1
2
-2
-1
1
0
-3
-7
-10
-11
-11
-7
-11
-13
-10
-10
-10
-10
-6
-5
-3
-1
7
3
-2
5
1
0
0
1
1
1
-3
-12
-8
0
3
6
4
2
1
2
0
1
1
2
6
7
4
2
-1
-2
-4
-3
2
0
2
3
1
7
7
10
9
10
13
9
9
8
9
4
0
4
5
3
6
1
1
0
1
3
1
3
1
2
-5
-5
-5
-4
-4
-3
1
-2
-2
-3
-4
2
-2
-3
-1
-2
-4
-4
-5
-10
-7
-10
-13
-8
-5
-3
-6
-7
-6
-8
-6
-1
-2
-3
-5
-6
-8
-12
-7
-11
-6
-3
-5
-3
-6
-2
-1
-1
1
1
2
2
-1
2
3
6
10
11
8
8
16
11
10
16
16
15
16
12
11
12
13
10
3
3
0
0
5
6
11
11
8
11
5
4
4
-1
-1
1
-3
-2
-4
-9
-8
-2
-3
-6
-4
-4
-1
-5
-9
-3
-4
-8
-9
-3
-7
-13
-11
-13
-11
-7
-10
-8
-13
-10
-5
-6
-5
-2
-2
-11
-12
-8
-8
-9
-10
-8
1
-1
-5
5
5
6
9
6
4
3
4
4
1
-2
2
2
7
11
4
8
12
9
6
7
7
7
11
10
7
6
6
2
1
2
2
2
0
1
1
2
3
6
6
8
8
-1
2
4
0
2
0
-3
-3
-3
-6
-6
-5
-8
-8
-12
-12
-12
-10
-11
-9
-6
-7
-5
-7
-5
-3
2
2
6
7
4
5
4
11
11
6
7
4
7
9
9
8
-3
0
1
2
7
4
8
9
1
-5
-2
-9
-13
-8
-15
-12
-11
-5
4
-6
-6
-4
-9
-13
-11
-5
-4
-4
-3
-6
-4
-1
5
1
-2
1
1
4
3
3
7
0
2
5
0
4
7
5
5
13
8
-4
-3
1
10
11
1
4
5
1
4
0
2
6
2
0
3
5
3
2
8
12
7
5
5
3
2
0
1
-2
-4
0
-5
-3
-4
-4
0
-3
-3
-5
-11
-9
-8
-9
-7
-11
-10
-13
-8
-6
-7
-8
-8
-6
-8
-5
-2
-3
-1
-2
-2
-3
-2
0
1
-3
1
7
0
-1
3
2
1
6
5
5
13
8
2
6
4
2
3
-3
-2
4
7
10
4
6
6
3
3
2
5
3
0
0
-3
-2
-3
-3
3
4
1
3
9
11
9
11
11
8
10
9
8
8
5
2
-1
1
-4
-10
-8
-7
-11
-6
-4
-3
-1
0
1
-1
0
-4
-4
-10
-11
-10
-13
-9
-7
-3
-1
-5
-14
-11
-11
-9
-4
-9
-7
-14
-11
-9
-14
-12
-11
-11
-4
4
3
6
3
0
5
4
-1
1
2
4
6
-1
1
2
0
6
10
4
7
15
4
7
8
6
8
7
6
3
5
11
10
8
9
15
14
8
14
13
7
6
5
4
4
3
4
5
4
6
4
5
9
8
9
6
1
0
0
3
1
-1
-7
-5
-4
-13
-11
-9
-15
-14
-9
-10
-11
-6
-3
-5
-13
-17
-17
-14
-20
-18
-19
-19
-17
-17
-9
-8
-8
-3
-4
-6
-9
-8
0
5
2
2
1
-6
-2
-1
-2
-2
0
4
4
1
6
12
11
13
17
10
9
10
15
14
8
9
8
6
6
7
8
13
11
5
7
8
5
7
8
7
8
8
2
4
4
7
4
2
6
9
6
-1
3
2
1
-2
-3
-4
0
4
3
2
-1
-2
-9
-15
-13
-12
-15
-11
-11
-18
-13
-9
-12
-9
-8
-8
-6
-8
-5
-3
-7
-7
-5
-6
-10
-4
0
-3
0
-2
3
5
0
5
11
7
6
6
-1
2
1
1
3
1
6
8
4
5
9
10
9
4
-1
2
0
-2
-5
-5
-3
-11
-9
-4
-7
-4
-5
-4
3
1
7
4
7
11
8
9
7
2
5
2
-7
1
6
-2
-3
3
4
2
5
8
10
4
5
0
-7
-5
-7
-8
-7
-6
-9
-6
-3
-1
7
9
1
0
1
-1
-1
-2
2
-2
1
4
1
3
-1
1
3
3
5
6
11
12
9
5
4
-1
-3
-9
-12
-9
-10
-11
-11
-3
-4
-8
-5
-6
-5
-2
-2
-5
-3
-3
-2
-2
-2
-4
-9
-5
-4
-2
-2
1
-2
-5
3
3
0
3
2
5
6
-1
-3
-6
3
2
-5
-4
2
5
5
9
11
12
15
8
6
5
-3
-2
-2
-5
-3
2
3
5
5
11
6
2
5
7
9
4
0
1
-2
-1
1
1
4
3
1
1
-2
-7
-2
2
-4
-2
3
0
-3
-3
-6
-5
-4
-3
-5
0
-4
-7
-1
-4
-3
-4
2
-2
-11
-5
-8
-11
-7
-11
-13
-7
-5
1
0
1
-2
-3
3
5
6
2
3
0
-2
-1
-8
-4
-4
-4
2
2
0
-1
2
8
9
12
15
14
14
16
12
4
4
3
3
-3
-1
6
-2
0
5
3
8
11
7
7
4
-2
1
3
2
1
-1
-2
-5
-8
-7
-2
-3
-2
-1
0
2
3
2
-2
-9
-10
-14
-16
-12
-12
-12
-11
-8
-10
-7
-5
-6
-2
5
-4
-5
-4
-5
0
-2
-3
-4
-6
1
6
3
2
6
12
13
8
6
5
-6
-5
2
-1
-1
-2
5
8
7
7
8
9
4
2
-1
2
4
1
8
7
4
