-1
2
2
1
3
1
1
5
2
2
1
2
5
1
6
10
2
1
1
1
1
2
5
2
0
2
-1
-5
0
2
-3
4
11
6
3
5
1
-6
-9
-5
-10
-9
-4
-2
-2
-2
4
6
5
3
-2
-4
1
-2
-6
-3
-4
-1
4
-3
-1
2
2
2
1
-7
-3
3
-2
-3
-4
-4
-5
3
4
0
0
-5
-6
2
-2
-4
0
0
1
0
-1
3
0
-7
-4
-1
-6
-2
-2
-1
5
0
-2
1
3
6
4
6
9
8
2
7
6
1
6
2
-1
3
2
2
0
-3
1
2
-1
-1
0
-6
-3
2
0
3
-1
-3
3
-1
-2
2
0
-3
0
-3
-8
-3
-6
-7
-9
-8
-9
-7
-2
0
7
4
9
9
6
9
7
7
1
1
1
2
5
4
9
9
4
3
3
3
3
-1
-6
-8
-5
-3
-12
-7
-1
-4
-7
-8
-9
-6
-3
1
5
6
-1
4
2
-4
-5
-5
0
-4
-6
-3
-4
-3
-5
-4
-1
-5
1
1
3
2
1
2
1
-1
-1
-2
-3
1
-1
4
9
4
5
3
1
2
3
4
2
0
3
2
3
4
2
-2
-1
2
2
4
4
2
3
8
10
9
13
8
2
0
-2
0
-3
0
-2
-5
-5
-5
-5
0
-1
-4
-2
-2
-4
-8
-7
-6
-6
0
4
-1
1
2
-2
-1
-6
-6
3
-1
-2
4
1
0
-3
-10
-2
1
2
0
-2
6
4
-3
0
0
-4
-4
-4
-1
-4
-3
3
2
5
5
0
4
0
0
-1
-1
6
2
-1
-1
3
2
0
-2
-9
-8
-5
-9
-5
-4
-3
5
8
4
3
5
3
1
2
1
1
2
4
3
1
6
7
1
4
8
1
3
8
3
6
6
0
-3
0
4
4
4
5
5
2
4
4
0
-7
-13
-12
-7
-5
-7
-6
1
-2
-7
-8
-6
-5
-8
-8
-10
-6
-4
-3
2
-1
-1
4
2
4
1
-2
1
1
0
1
5
8
5
5
7
7
9
9
12
7
2
6
1
-1
0
-5
-7
-7
-5
-5
-10
-11
-9
-11
-11
-8
-9
-9
-7
-8
-5
1
-1
0
2
5
12
9
9
11
8
9
9
9
11
9
9
7
2
0
2
-1
3
3
3
5
-2
4
3
-5
0
0
-3
4
2
-3
-3
-8
-11
-9
-7
-5
1
-6
-5
2
-2
-3
-3
-5
-3
-2
-9
-10
-3
-2
5
7
6
11
11
7
1
2
3
4
2
-2
-2
-6
-3
0
-3
-8
-5
1
0
-5
-7
0
0
1
-3
-1
-1
-8
-10
-7
-4
-2
3
12
9
8
6
0
0
5
0
4
5
-3
-4
-2
-3
-6
-2
2
4
5
8
7
3
6
5
3
-1
-1
-2
-7
-6
-7
-3
2
7
10
6
9
5
1
5
4
5
1
-1
0
-5
1
-2
-5
-2
-3
-3
0
-2
0
6
3
1
-3
1
-3
-5
-2
-4
-4
-3
-1
-2
-3
-1
-1
2
4
2
2
-6
-6
-4
-6
-4
-7
-14
-14
-10
-12
-14
-8
-3
1
8
8
8
4
4
4
3
0
-1
-2
-5
-2
-5
-4
5
9
7
9
14
13
9
12
12
9
0
-1
4
-2
-1
-2
-6
-1
0
-2
7
7
2
3
7
5
-3
-4
-5
-4
-2
1
1
-1
4
-2
-7
-2
-6
-4
4
2
5
5
4
1
0
-3
-1
1
-2
-4
0
-3
-3
1
-5
-3
-4
-5
-6
-8
-3
-5
-5
1
2
-4
-7
-7
-12
-13
-8
0
3
6
10
5
5
-2
-2
-3
-7
-1
0
1
3
7
9
6
5
5
7
7
8
6
5
7
1
5
4
6
3
-1
1
-6
-5
-5
1
-2
-2
3
-3
-6
-2
-2
-5
-1
-1
-2
-5
-6
1
-1
-3
-4
-7
-3
-5
-6
-8
-7
1
0
-1
-2
-1
2
1
2
2
1
8
10
12
17
12
7
5
2
2
0
-6
2
2
2
8
5
4
4
6
7
4
1
-2
0
4
-2
-5
-4
-3
-4
-3
-7
-13
-12
-9
-13
-10
-5
-8
-7
-3
-4
-3
-3
-7
-8
-5
-7
-7
-7
0
4
3
9
10
8
7
5
6
5
3
3
2
3
2
5
2
2
-1
-4
-3
2
8
9
12
7
4
4
1
0
0
-2
-3
-2
-2
-3
-6
-8
-8
-8
-6
-6
-5
3
7
10
11
8
4
-1
-4
-8
-5
2
2
-2
1
9
8
11
9
8
2
-8
-4
-7
-8
-9
-9
-4
-4
-5
-1
2
-1
1
7
9
7
8
7
1
-1
0
-4
-10
-9
-6
-8
-11
-12
-5
-4
-5
-1
-4
-7
-2
-5
-6
-6
-7
-4
0
1
1
4
1
6
8
8
8
3
2
4
7
4
8
7
6
11
7
3
6
9
7
3
3
3
4
6
5
8
7
4
4
0
4
2
-6
-4
-5
-5
-4
-7
-5
-5
-3
-6
-10
-7
-11
-13
-7
-6
-9
-4
-1
-1
-2
-1
9
7
2
1
1
-1
-3
-3
-2
-3
-4
-3
-5
-6
-2
3
5
7
9
6
5
0
-1
2
-5
-2
-6
-7
3
4
-1
0
7
8
4
6
4
-5
-3
-7
-8
-6
-5
-3
-7
-2
-7
-3
4
2
5
5
3
4
9
3
5
3
-5
-1
-4
-5
-4
-5
3
5
6
11
4
1
3
0
0
6
8
4
7
6
1
0
3
5
3
1
6
8
2
-2
5
4
-5
-12
-9
-7
-6
2
5
0
-1
-2
4
4
1
1
-3
-1
-1
0
-8
-10
-2
-2
1
-2
-3
2
2
0
-4
-10
-14
-15
-13
-11
-7
-3
-4
-5
-3
-4
-6
-6
-3
2
2
6
8
6
4
7
7
6
7
1
-2
-6
-6
1
0
0
3
2
8
11
7
11
10
2
0
3
8
1
0
7
2
3
7
3
2
2
3
2
-5
-11
-8
-3
-4
-6
-7
-2
-2
2
4
-2
-6
-5
-2
-1
-1
-2
-3
-5
-5
-2
3
2
0
1
7
6
2
0
-2
-6
-2
1
1
4
1
6
8
4
7
9
12
15
14
10
8
0
0
-3
-4
-3
2
5
-1
-3
-3
3
3
-4
-2
-1
-7
-13
-15
-13
-10
-13
-19
-14
-12
-8
-5
-5
-9
-10
-9
-13
-8
-5
-2
-1
-7
-11
-11
-4
1
-2
-3
-5
3
11
11
13
12
12
12
11
11
8
5
7
9
7
7
11
12
13
14
12
9
7
3
3
9
3
3
4
2
5
-2
-6
3
5
4
3
1
4
7
1
-3
-5
-11
-13
-10
-7
-11
-9
-9
-10
-4
-6
0
-6
-3
5
1
-5
-2
-5
-6
-1
-11
-10
-6
1
3
-4
-1
-2
-3
2
1
0
-7
-4
1
-6
-2
-2
-2
-3
-5
-3
2
2
2
-2
-4
-2
-7
-3
0
-4
-2
3
3
2
6
7
7
15
15
10
12
19
16
9
11
6
-1
-2
-3
-7
-3
-1
1
1
4
9
9
7
7
5
5
-1
-9
-6
-12
-10
0
-4
-5
1
-4
-10
-4
-2
-7
-4
-4
-6
-5
-2
-2
-3
-3
-8
-15
-15
-15
-21
-13
-9
-9
-2
-1
0
4
7
10
9
3
4
7
10
10
7
9
10
9
12
10
9
14
14
14
9
4
4
5
5
5
1
-1
0
-4
2
2
-1
0
-5
-3
1
1
-5
-8
-3
-5
-13
-10
-9
-12
-9
-11
-11
-7
-7
-3
-1
-6
-9
-9
-1
0
-4
-4
-2
0
3
3
-4
-1
0
-10
-2
3
0
3
5
8
13
9
4
2
2
2
3
0
3
7
3
8
1
1
2
1
7
8
5
6
4
1
1
2
-2
-1
1
0
-1
-3
-5
-6
-1
1
-4
-7
-3
-1
3
2
1
-2
-1
2
-1
-5
-3
0
-1
-4
2
5
0
0
1
1
3
6
7
7
-4
-7
-4
-3
4
0
-7
-2
-3
-3
-1
-1
0
0
0
-1
-7
-8
-1
-5
-4
-2
-7
-7
-6
3
7
4
7
3
2
2
2
5
2
1
6
9
14
13
7
9
11
8
3
2
7
-1
-5
0
-4
-7
-8
-8
-7
-7
-5
1
4
3
1
0
3
3
6
5
1
-5
-14
-11
-7
-7
-7
-10
-14
-10
-6
-8
-6
0
1
-1
-1
0
3
5
-1
-6
-5
-7
-4
6
5
5
7
11
14
14
8
6
3
-1
-3
-6
0
-5
-5
-2
-3
2
0
9
12
8
9
12
11
5
3
2
5
6
4
4
4
3
2
-4
-1
0
-5
0
-2
3
0
-6
-7
-8
-5
-13
-9
-4
-10
-7
-2
2
4
0
3
4
-1
-2
-7
-10
-9
-5
-2
-5
-6
-3
0
-4
-1
0
1
5
0
0
-2
-3
-4
-6
-6
-8
-7
-1
6
5
4
7
5
9
8
7
4
0
-3
-1
0
2
5
-1
0
6
7
-2
3
11
11
13
9
7
11
6
0
4
-2
-6
-2
-4
1
-2
0
0
1
-2
-5
-2
-11
-12
-8
-7
-6
-9
-7
-8
-6
-3
-7
-7
-3
-3
1
5
2
-1
0
-1
-1
-1
-4
-2
1
5
6
8
12
13
10
12
11
5
6
8
4
2
3
1
4
4
-2
-6
-2
4
-1
4
1
-4
3
-3
-6
-7
-7
-8
-7
-7
-14
-12
-10
-7
-4
-1
-3
-6
-3
-3
-1
-4
-7
-4
-4
-1
3
7
2
-4
2
-2
-2
-2
-6
-4
-1
-2
2
9
14
16
9
4
8
8
5
3
8
9
10
14
12
5
-1
-1
-2
-5
-3
0
-3
-6
-8
-3
0
0
-2
-5
-1
-2
-6
2
-2
-1
1
-2
-2
-3
1
-1
-8
-7
-2
-1
-1
-2
-3
4
4
3
5
9
11
6
8
7
0
5
6
-1
2
0
-4
-5
-7
-3
1
0
-5
0
0
3
3
-5
-8
-12
-13
-18
-20
-16
-15
-12
-7
-4
-1
1
1
6
6
9
1
-7
-2
-6
-8
-7
-7
-1
3
6
9
13
14
11
10
12
11
14
16
14
11
9
6
6
3
2
2
5
7
4
1
5
7
5
6
2
-5
-5
-14
-23
-21
-14
-9
-4
-3
2
2
-2
-8
-8
1
-5
-4
-2
-8
-5
-3
1
-1
-7
-6
1
2
-1
2
5
7
6
6
4
11
9
5
7
3
2
1
-4
-2
-4
-3
0
-1
0
0
2
-3
-3
-2
-2
1
2
-2
-7
-6
-7
-11
-11
-4
5
5
4
9
5
-2
-2
-2
-4
-5
-3
-4
0
-1
-4
-6
-2
7
4
5
10
7
0
4
6
4
4
-3
-4
4
3
-2
-1
2
1
5
6
0
4
6
8
8
9
8
3
-3
-4
-1
0
-4
-4
1
-2
-3
-3
-2
-1
0
1
-2
-6
-7
-12
-11
-8
-6
0
-1
-2
3
5
4
3
2
-1
1
0
-1
-2
-5
0
-1
4
4
0
6
5
4
7
5
2
-1
3
-3
-5
1
-5
-4
-2
1
3
2
-3
-11
-9
-2
-1
-4
-9
-11
-6
-9
-7
-3
-5
4
0
-2
-4
-1
3
0
3
1
2
5
8
8
4
3
3
5
4
4
8
4
2
5
7
3
6
3
4
7
3
6
6
2
2
2
6
0
-4
-1
-2
-1
4
9
5
4
-1
1
-2
-5
-1
-6
-6
1
1
3
5
1
-6
-14
-14
-10
-3
-7
-8
-2
0
5
2
-1
2
-1
0
0
-8
-11
-3
3
2
0
1
5
1
1
-3
-5
-5
-11
-3
1
1
-2
-4
-2
-6
-5
-4
-7
-4
0
-1
-1
3
3
-1
-2
-5
-4
-6
-7
-3
-2
2
-3
-1
8
6
9
8
7
9
11
12
8
11
15
12
11
11
13
7
6
5
10
9
12
12
5
5
-2
-4
-8
-11
-15
-11
-9
-12
-11
-12
-7
-2
2
6
8
7
2
0
-6
-5
-7
-12
-8
-7
-4
-5
-8
0
4
8
8
2
-2
0
-7
-10
-9
-12
-9
-7
-2
-4
1
8
0
0
4
4
-1
-2
-2
-6
-2
3
5
-3
-8
-10
-7
1
-4
-4
1
5
8
6
9
9
3
7
3
1
4
2
8
4
-2
3
1
-2
3
2
1
9
11
9
9
7
7
3
-1
-2
-5
-8
-8
-6
-5
-3
6
13
11
13
11
5
6
0
-5
-5
-6
-5
-1
-5
-1
3
4
3
-3
-6
-2
-5
-7
-8
-11
-10
-14
-15
-8
-2
-6
-11
-10
-5
-5
-1
4
2
-4
-5
3
7
5
5
1
3
4
4
4
2
6
4
5
8
13
12
7
3
-1
5
3
-3
-2
5
10
2
0
3
4
5
-3
-10
-11
-8
-10
-13
-4
4
1
5
3
1
-6
-11
-4
2
7
5
-2
0
-3
2
4
-2
-1
1
-1
0
-3
-1
10
5
1
5
2
3
-3
-5
0
4
8
3
-2
3
6
1
0
-4
1
-2
-12
-2
-4
-2
-4
-5
-1
0
3
-1
-1
8
3
-1
0
-7
-5
-4
-6
-8
-8
-5
-6
-8
-5
0
2
0
-4
1
1
-7
1
1
4
7
5
9
11
14
11
10
10
8
9
3
8
15
15
9
4
5
3
0
-7
-7
-5
-6
-4
-10
-10
-5
-5
0
-2
-1
-6
-6
-4
-3
-3
-9
-8
-11
-8
-5
-5
-4
-5
-11
-8
-7
-5
-1
0
-4
-1
3
3
10
14
9
5
4
2
4
7
4
6
2
-2
2
7
6
5
5
-2
-5
0
-2
-9
-3
-3
-1
0
-6
-9
-6
-11
-11
-4
-5
5
6
2
9
9
10
17
10
8
7
8
12
3
-2
-4
-5
-5
-2
2
5
0
0
6
6
9
10
8
6
0
-4
-6
-7
-4
-6
-16
-10
-4
-6
0
-2
1
0
0
4
-2
-1
-1
-9
-8
-7
-7
-5
-5
-5
-2
-2
-5
1
1
-1
-6
-6
0
-2
-3
-7
-6
-6
-7
-1
-2
0
8
7
8
13
5
4
9
3
4
6
4
1
0
6
-2
-4
6
3
4
3
2
6
13
7
2
4
1
2
-7
-8
-6
-9
-2
-1
3
12
13
8
4
-1
-8
-11
-10
-1
1
-4
-4
-1
-3
-3
-5
-7
-3
3
5
1
1
2
1
3
4
4
5
-2
-7
-4
0
2
2
5
7
6
-2
-5
0
-7
-5
-4
-7
-6
-3
0
2
2
-4
-11
-9
-8
-6
-5
-2
-1
2
5
5
1
2
3
-3
-3
-3
-3
3
1
-3
3
2
5
10
7
10
15
6
2
2
1
5
5
7
5
3
3
0
-3
-5
-4
-2
-2
-2
-3
-2
-2
0
-3
-8
-6
1
-6
-3
0
3
7
6
1
2
-1
-5
-2
-4
-2
-3
-2
1
-2
-3
0
7
0
1
7
3
2
3
3
8
9
4
6
2
-2
1
-3
-1
0
1
3
7
9
6
-3
0
3
-15
-11
-2
-5
-3
3
3
-11
-12
0
-5
-17
-7
-5
-13
-10
5
2
-2
4
1
3
6
1
-1
5
-3
-3
-6
-9
-11
-15
0
-1
-4
2
2
-2
-3
7
7
4
7
7
9
4
6
11
7
0
2
1
4
7
2
3
8
5
7
7
1
-1
0
4
9
4
10
12
-2
2
-1
-3
0
-7
-3
-6
-6
0
4
3
1
-3
-5
1
0
-2
-6
0
-1
-2
1
2
1
2
-1
2
7
5
6
-1
7
-2
-5
3
-6
-8
-9
-9
-11
-14
-15
-17
-15
-11
-15
-16
-12
-8
-7
-3
-1
-2
3
-3
-5
-8
-3
5
-3
-3
6
6
6
7
10
16
16
11
9
11
12
8
8
10
9
6
4
7
10
9
8
7
4
5
3
-2
-8
-5
-5
-9
-7
-15
-15
-11
-13
-14
-9
-6
-1
4
3
6
15
11
2
6
3
3
6
5
9
8
8
6
5
5
10
6
3
1
-2
4
1
-3
0
-3
-10
-11
-8
-8
-2
6
0
2
6
5
9
2
-2
-3
-6
0
-3
-7
1
6
4
4
11
11
4
5
-1
-5
-6
-13
-9
-10
-16
-18
-22
-24
-21
-19
-22
-20
-18
-24
-20
-17
-18
-12
-16
-14
-4
-9
-8
-2
-3
1
-1
-2
3
8
17
23
27
29
25
26
30
19
12
11
7
8
3
7
13
9
8
10
5
-2
4
6
4
7
6
5
9
12
9
13
10
6
12
13
13
16
13
13
16
9
4
4
4
3
1
2
2
0
4
8
5
5
1
-6
-13
-21
-17
-16
-18
-14
-11
-11
-12
-5
-11
-10
-5
-14
-9
-4
-7
-5
0
1
1
0
-8
-14
-9
-9
-14
-17
-18
-17
-17
-25
-28
-35
-40
-37
-34
-33
-38
-35
-27
-26
-22
-21
-18
-16
-11
-6
-2
5
7
14
18
18
23
24
30
25
23
23
24
30
30
32
37
35
38
35
28
35
31
30
30
23
24
23
25
32
32
26
28
29
33
31
26
22
19
18
13
13
10
9
5
1
1
-1
-6
-10
-13
-15
-13
-21
-26
-29
-33
-28
-32
-31
-31
-34
-33
-39
-40
-42
-38
-38
-38
-37
-33
-25
-21
-20
-17
-13
-9
-2
0
-4
-4
1
0
0
-2
-5
-2
-7
-7
3
-1
-2
-1
1
4
-7
-6
-8
-24
-28
-31
-37
-46
-47
-44
-45
-45
-43
-38
-32
-22
-15
0
18
29
31
37
52
56
69
77
87
106
109
112
117
123
125
122
118
104
89
79
55
39
24
0
-13
-27
-38
-51
-56
-56
-64
-65
-71
-70
-67
-75
-72
-70
-68
-62
-52
-39
-33
-29
-22
-10
-2
-4
2
8
12
24
23
22
27
27
26
23
19
11
-5
-11
-10
-38
-67
-75
-91
-99
-124
-161
-153
-151
-142
-133
-159
-141
-113
-87
-50
-18
41
92
149
200
276
376
417
462
485
502
568
546
485
429
342
275
162
24
-103
-225
-375
-537
-634
-725
-784
-841
-945
-955
-918
-874
-788
-735
-629
-471
-308
-123
63
272
474
681
862
1049
1304
1475
1598
1717
1786
1942
2028
1980
1936
1818
1732
1621
1376
1113
803
473
138
-244
-626
-1003
-1341
-1733
-2074
-2320
-2523
-2644
-2725
-2734
-2684
-2565
-2402
-2205
-1955
-1674
-1372
-1057
-737
-414
-102
203
493
754
986
1185
1343
1466
1545
1574
1567
1522
1436
1317
1167
1000
821
626
423
221
37
-139
-303
-447
-569
-660
-733
-776
-787
-768
-725
-657
-557
-442
-304
-147
24
203
394
593
779
968
1147
1313
1464
1579
1658
1697
1679
1613
1496
1306
1069
784
451
83
-305
-704
-1111
-1503
-1863
-2183
-2456
-2680
-2845
-2946
-2979
-2948
-2853
-2694
-2478
-2206
-1891
-1539
-1151
-746
-325
103
532
952
1350
1722
2058
2358
2610
2816
2967
3049
3062
3019
2906
2726
2486
2183
1820
1416
977
524
66
-393
-822
-1218
-1551
-1840
-2080
-2241
-2339
-2378
-2367
-2301
-2184
-2032
-1852
-1641
-1401
-1153
-880
-598
-303
5
306
608
903
1182
1435
1652
1827
1956
2026
2041
2003
1916
1787
1602
1387
1153
897
629
354
87
-159
-389
-590
-753
-888
-978
-1045
-1071
-1056
-1005
-927
-833
-701
-551
-385
-205
-9
201
417
627
838
1038
1218
1372
1478
1540
1540
1463
1317
1101
809
449
32
-411
-881
-1370
-1840
-2279
-2672
-3003
-3271
-3461
-3562
-3593
-3551
-3428
-3240
-2993
-2691
-2345
-1968
-1547
-1110
-658
-190
287
764
1234
1696
2131
2545
2915
3245
3512
3718
3856
3907
3892
3789
3607
3354
3032
2661
2235
1777
1310
832
357
-79
-490
-870
-1202
-1496
-1729
-1914
-2056
-2142
-2190
-2186
-2140
-2052
-1909
-1735
-1525
-1275
-1003
-701
-379
-54
278
595
886
1147
1362
1520
1624
1667
1649
1584
1458
1294
1102
878
641
385
133
-118
-364
-591
-798
-972
-1130
-1261
-1353
-1410
-1433
-1416
-1366
-1273
-1143
-992
-816
-613
-398
-189
26
239
444
629
801
966
1101
1208
1282
1317
1318
1270
1168
1018
822
579
291
-32
-371
-731
-1088
-1438
-1771
-2058
-2309
-2517
-2652
-2721
-2728
-2666
-2544
-2362
-2125
-1841
-1513
-1159
-779
-376
31
448
871
1274
1664
2035
2377
2689
2964
3204
3405
3551
3640
3670
3651
3565
3407
3195
2920
2586
2190
1753
1296
809
304
-196
-683
-1142
-1583
-1982
-2314
-2587
-2819
-2983
-3075
-3110
-3096
-3024
-2897
-2725
-2514
-2263
-1972
-1650
-1308
-960
-593
-235
107
432
729
985
1205
1382
1509
1592
1624
1610
1551
1451
1325
1159
968
765
548
337
118
-89
-273
-434
-571
-677
-746
-787
-796
-767
-714
-627
-527
-413
-274
-135
23
192
367
550
742
935
1127
1310
1475
1616
1722
1777
1771
1713
1588
1401
1153
839
483
94
-323
-744
-1152
-1541
-1883
-2194
-2452
-2637
-2760
-2825
-2821
-2749
-2626
-2455
-2233
-1967
-1672
-1351
-1005
-649
-279
88
449
812
1153
1471
1780
2054
2303
2520
2686
2808
2877
2891
2864
2769
2608
2398
2122
1808
1444
1034
606
146
-311
-758
-1195
-1599
-1958
-2266
-2525
-2721
-2848
-2919
-2935
-2885
-2781
-2637
-2444
-2217
-1965
-1675
-1358
-1017
-656
-284
100
481
855
1210
1541
1839
2086
2291
2437
2521
2546
2506
2409
2262
2061
1827
1568
1288
996
706
440
188
-40
-228
-372
-474
-548
-586
-586
-556
-515
-460
-386
-300
-216
-115
-14
98
222
336
463
590
716
840
948
1033
1091
1105
1069
989
859
666
409
109
-230
-608
-1008
-1422
-1820
-2200
-2550
-2861
-3121
-3320
-3457
-3522
-3515
-3431
-3289
-3090
-2825
-2513
-2167
-1792
-1390
-972
-548
-124
294
711
1123
1515
1895
2272
2622
2941
3248
3501
3701
3826
3900
3901
3802
3613
3339
2991
2547
2037
1502
940
330
-266
-825
-1345
-1828
-2266
-2595
-2859
-3079
-3220
-3283
-3277
-3228
-3125
-2949
-2717
-2455
-2120
-1732
-1304
-838
-355
158
670
1168
1646
2083
2466
2785
3031
3204
3299
3314
3249
3106
2900
2651
2352
2005
1646
1283
918
562
226
-79
-353
-611
-822
-990
-1142
-1269
-1363
-1418
-1448
-1457
-1432
-1374
-1287
-1156
-992
-794
-562
-310
-21
270
554
839
1072
1249
1373
1418
1374
1238
1022
733
361
-77
-547
-1043
-1539
-2031
-2476
-2870
-3229
-3509
-3710
-3835
-3878
-3843
-3727
-3541
-3304
-2997
-2634
-2228
-1786
-1327
-840
-333
180
696
1207
1712
2193
2651
3080
3479
3833
4137
4380
4556
4670
4705
4651
4504
4269
3933
3513
3022
2463
1851
1200
536
-129
-775
-1385
-1940
-2440
-2881
-3245
-3531
-3730
-3847
-3888
-3844
-3706
-3501
-3220
-2855
-2428
-1954
-1436
-880
-314
257
816
1344
1838
2266
2636
2939
3163
3320
3394
3385
3298
3146
2922
2635
2308
1950
1557
1143
718
295
-104
-488
-836
-1143
-1407
-1624
-1790
-1908
-1978
-2011
-1999
-1949
-1870
-1762
-1620
-1439
-1236
-1003
-747
-460
-158
164
488
800
1075
1315
1503
1604
1632
1564
1408
1162
820
412
-48
-543
-1062
-1568
-2057
-2505
-2903
-3234
-3480
-3651
-3740
-3756
-3692
-3548
-3345
-3073
-2743
-2362
-1917
-1442
-933
-391
176
758
1330
1893
2442
2964
3447
3869
4244
4560
4799
4980
5081
5104
5041
4899
4675
4366
3968
3503
2979
2372
1718
1033
332
-390
-1103
-1782
-2410
-2996
-3534
-3972
-4320
-4583
-4750
-4808
-4757
-4617
-4383
-4037
-3611
-3105
-2541
-1941
-1286
-624
33
682
1293
1853
2355
2784
3128
3385
3558
3638
3627
3547
3392
3169
2890
2573
2222
1832
1422
1001
582
160
-253
-643
-1006
-1329
-1611
-1837
-2013
-2135
-2195
-2189
-2129
-2025
-1863
-1650
-1392
-1104
-790
-453
-106
238
572
883
1165
1390
1547
1647
1664
1594
1454
1230
925
559
138
-325
-810
-1301
-1788
-2256
-2678
-3050
-3374
-3612
-3765
-3838
-3827
-3735
-3553
-3298
-2976
-2584
-2131
-1627
-1085
-531
56
653
1234
1798
2335
2853
3331
3752
4115
4422
4656
4829
4939
4965
4920
4788
4583
4310
3957
3533
3053
2513
1913
1270
614
-48
-712
-1370
-1990
-2558
-3072
-3533
-3917
-4201
-4406
-4522
-4546
-4464
-4292
-4046
-3719
-3302
-2814
-2278
-1711
-1112
-491
104
683
1228
1714
2145
2494
2764
2967
3097
3153
3138
3061
2943
2768
2543
2292
2016
1720
1391
1055
720
371
29
-302
-606
-886
-1146
-1356
-1517
-1632
-1698
-1720
-1693
-1626
-1530
-1402
-1241
-1054
-851
-635
-406
-157
89
331
577
796
977
1118
1200
1233
1191
1067
877
622
307
-63
-466
-887
-1323
-1760
-2158
-2521
-2837
-3084
-3264
-3350
-3363
-3302
-3153
-2922
-2627
-2283
-1873
-1423
-941
-437
77
593
1104
1596
2051
2479
2871
3215
3507
3747
3946
4088
4172
4198
4169
4078
3922
3715
3437
3089
2674
2203
1680
1100
483
-134
-766
-1395
-1989
-2530
-2998
-3412
-3740
-3965
-4081
-4110
-4050
-3885
-3640
-3337
-2982
-2562
-2106
-1629
-1135
-634
-125
362
831
1278
1684
2043
2355
2615
2812
2957
3033
3053
3011
2919
2778
2575
2326
2051
1742
1397
1041
680
320
-34
-382
-685
-957
-1197
-1391
-1538
-1620
-1674
-1679
-1632
-1550
-1444
-1311
-1144
-958
-748
-532
-301
-58
190
410
600
784
920
1001
1012
960
838
632
356
21
-346
-758
-1196
-1618
-2022
-2394
-2716
-2992
-3190
-3310
-3366
-3333
-3234
-3063
-2824
-2529
-2176
-1781
-1353
-890
-406
84
576
1062
1526
1967
2379
2765
3111
3405
3658
3863
4013
4121
4173
4167
4104
3969
3790
3545
3234
2872
2443
1950
1394
814
204
-430
-1052
-1646
-2204
-2701
-3135
-3495
-3727
-3874
-3953
-3907
-3752
-3526
-3230
-2870
-2461
-2010
-1537
-1066
-587
-109
338
772
1195
1564
1891
2184
2424
2627
2775
2868
2911
2891
2812
2676
2490
2261
1978
1660
1313
930
548
161
-221
-566
-885
-1173
-1410
-1584
-1706
-1764
-1781
-1755
-1678
-1577
-1450
-1296
-1132
-966
-783
-595
-401
-198
5
207
389
562
710
816
870
870
808
679
469
203
-115
-490
-896
-1311
-1711
-2093
-2443
-2736
-2955
-3095
-3148
-3127
-3030
-2847
-2615
-2325
-1979
-1607
-1200
-770
-338
113
567
1022
1468
1892
2308
2704
3058
3376
3654
3884
4064
4181
4243
4237
4152
4009
3797
3508
3153
2737
2273
1761
1221
673
114
-450
-998
-1501
-1950
-2374
-2748
-3038
-3264
-3430
-3536
-3559
-3505
-3408
-3258
-3027
-2740
-2403
-2029
-1639
-1204
-760
-327
101
519
918
1272
1578
1842
2067
2231
2350
2415
2438
2424
2346
2237
2098
1918
1703
1453
1188
901
597
297
19
-243
-489
-702
-875
-1009
-1124
-1205
-1232
-1241
-1226
-1178
-1106
-1020
-928
-812
-677
-527
-364
-182
17
198
371
528
653
733
758
729
637
473
242
-44
-366
-716
-1086
-1442
-1770
-2059
-2302
-2482
-2589
-2631
-2607
-2537
-2407
-2222
-2005
-1752
-1467
-1154
-815
-476
-117
270
653
1033
1408
1778
2126
2442
2732
2985
3200
3358
3452
3530
3561
3521
3419
3279
3097
2839
2527
2179
1795
1352
859
352
-152
-688
-1233
-1726
-2173
-2584
-2963
-3251
-3443
-3580
-3655
-3639
-3541
-3384
-3194
-2943
-2623
-2285
-1927
-1537
-1110
-672
-236
203
649
1086
1491
1860
2201
2512
2761
2941
3071
3148
3163
3101
2979
2821
2620
2355
2054
1743
1419
1067
715
394
90
-209
-492
-731
-933
-1116
-1285
-1405
-1498
-1557
-1588
-1581
-1522
-1443
-1328
-1171
-978
-740
-493
-255
-8
224
419
559
649
694
663
541
356
130
-151
-485
-850
-1203
-1538
-1870
-2163
-2389
-2561
-2685
-2749
-2730
-2653
-2531
-2353
-2125
-1852
-1556
-1235
-891
-524
-156
219
608
992
1363
1725
2078
2398
2690
2947
3159
3332
3453
3511
3515
3465
3354
3180
2944
2661
2327
1945
1514
1060
596
104
-384
-865
-1331
-1765
-2154
-2498
-2787
-3015
-3179
-3266
-3284
-3229
-3105
-2919
-2660
-2346
-1985
-1585
-1157
-713
-252
203
654
1091
1487
1858
2188
2468
2700
2875
2997
3073
3086
3046
2962
2829
2645
2424
2169
1879
1554
1209
850
487
123
-241
-581
-896
-1177
-1433
-1639
-1788
-1899
-1975
-2000
-1977
-1916
-1828
-1713
-1550
-1377
-1195
-979
-758
-536
-319
-119
75
238
356
427
451
428
326
169
-29
-279
-571
-890
-1214
-1523
-1819
-2100
-2329
-2499
-2614
-2663
-2645
-2560
-2418
-2224
-1974
-1680
-1362
-1009
-632
-245
147
549
953
1347
1731
2106
2473
2809
3115
3403
3643
3837
3993
4081
4108
4073
3958
3780
3526
3200
2800
2347
1858
1307
743
184
-404
-973
-1500
-1991
-2426
-2833
-3151
-3376
-3553
-3661
-3677
-3607
-3489
-3322
-3074
-2756
-2415
-2033
-1603
-1151
-692
-230
249
710
1137
1539
1905
2212
2466
2668
2814
2901
2919
2888
2808
2659
2470
2240
1955
1641
1292
919
537
148
-230
-580
-900
-1189
-1416
-1594
-1730
-1808
-1836
-1830
-1791
-1725
-1630
-1506
-1365
-1196
-1004
-791
-554
-301
-25
254
504
738
930
1055
1114
1089
986
805
541
221
-144
-545
-958
-1355
-1718
-2039
-2311
-2508
-2634
-2702
-2703
-2653
-2543
-2389
-2199
-1971
-1712
-1404
-1059
-684
-268
179
636
1102
1562
2005
2430
2804
3134
3421
3646
3819
3928
3987
3993
3955
3860
3706
3493
3205
2855
2456
1996
1483
940
374
-213
-804
-1365
-1869
-2339
-2774
-3128
-3409
-3622
-3770
-3846
-3839
-3775
-3650
-3458
-3208
-2900
-2558
-2176
-1738
-1279
-809
-316
177
664
1122
1544
1941
2289
2588
2825
3009
3130
3176
3158
3085
2949
2749
2495
2202
1875
1508
1119
733
350
-32
-388
-713
-995
-1236
-1439
-1587
-1682
-1744
-1765
-1740
-1679
-1592
-1487
-1360
-1204
-1020
-833
-626
-392
-144
101
340
565
765
934
1039
1097
1099
1014
865
655
391
78
-272
-633
-1007
-1373
-1715
-2025
-2280
-2480
-2630
-2712
-2727
-2686
-2587
-2436
-2231
-1981
-1694
-1359
-985
-582
-155
284
729
1180
1620
2046
2449
2821
3149
3425
3656
3835
3943
3978
3956
3870
3708
3473
3169
2809
2384
1906
1388
840
271
-309
-877
-1424
-1925
-2388
-2797
-3125
-3397
-3596
-3717
-3759
-3729
-3636
-3485
-3264
-2979
-2646
-2270
-1853
-1402
-924
-427
70
568
1049
1503
1928
2300
2627
2894
3102
3243
3307
3316
3249
3120
2931
2680
2389
2049
1668
1264
832
401
-17
-416
-780
-1114
-1397
-1628
-1814
-1948
-2027
-2069
-2058
-2012
-1940
-1831
-1692
-1527
-1349
-1144
-913
-663
-400
-115
178
467
729
953
1145
1274
1323
1305
1211
1034
785
475
126
-248
-633
-1017
-1365
-1670
-1946
-2166
-2315
-2418
-2469
-2465
-2408
-2300
-2155
-1966
-1734
-1466
-1152
-809
-440
-41
378
798
1216
1619
2005
2366
2682
2963
3202
3391
3528
3630
3674
3669
3597
3464
3293
3034
2717
2337
1897
1400
839
273
-291
-880
-1461
-1987
-2453
-2854
-3212
-3488
-3680
-3810
-3865
-3850
-3753
-3594
-3387
-3118
-2776
-2397
-1984
-1527
-1047
-543
-36
477
983
1468
1927
2345
2711
3031
3288
3465
3571
3600
3551
3429
3217
2944
2626
2247
1835
1401
962
526
105
-272
-619
-927
-1194
-1409
-1566
-1685
-1768
-1814
-1817
-1808
-1773
-1703
-1622
-1511
-1365
-1200
-994
-755
-491
-199
95
388
658
885
1064
1170
1186
1134
992
780
503
170
-193
-574
-953
-1315
-1650
-1940
-2190
-2388
-2522
-2605
-2631
-2612
-2534
-2401
-2231
-2011
-1750
-1431
-1090
-724
-329
87
518
934
1353
1752
2133
2485
2787
3057
3287
3473
3594
3669
3704
3669
3585
3426
3226
2957
2621
2235
1793
1324
801
259
-281
-808
-1334
-1836
-2276
-2670
-3012
-3302
-3498
-3622
-3697
-3694
-3613
-3466
-3269
-3022
-2703
-2319
-1911
-1456
-967
-451
79
590
1104
1594
2043
2440
2781
3066
3280
3412
3471
3466
3374
3219
2994
2713
2387
2009
1601
1176
749
318
-105
-497
-849
-1157
-1430
-1643
-1795
-1905
-1970
-1991
-1964
-1907
-1828
-1725
-1590
-1429
-1255
-1058
-830
-578
-323
-45
238
514
759
964
1132
1237
1275
1231
1112
934
677
367
31
-324
-689
-1054
-1393
-1696
-1969
-2201
-2365
-2477
-2548
-2571
-2546
-2461
-2334
-2172
-1956
-1684
-1379
-1039
-655
-236
201
641
1085
1526
1943
2337
2684
2985
3232
3419
3542
3596
3591
3523
3396
3215
2984
2704
2381
2031
1649
1239
813
362
-94
-551
-1000
-1449
-1871
-2258
-2611
-2904
-3147
-3317
-3423
-3463
-3426
-3316
-3131
-2887
-2587
-2228
-1816
-1372
-891
-397
103
610
1095
1557
1984
2355
2671
2913
3079
3179
3202
3157
3050
2888
2683
2445
2179
1882
1575
1248
917
586
247
-86
-403
-704
-987
-1233
-1452
-1630
-1774
-1877
-1931
-1956
-1944
-1887
-1796
-1672
-1515
-1331
-1117
-873
-620
-348
-66
211
473
696
892
1037
1125
1143
1100
999
836
629
383
114
-176
-478
-771
-1066
-1348
-1605
-1847
-2062
-2234
-2367
-2459
-2493
-2475
-2396
-2251
-2046
-1781
-1455
-1088
-685
-259
170
608
1020
1403
1761
2080
2358
2590
2782
2934
3052
3119
3151
3158
3118
3043
2911
2756
2555
2302
2003
1659
1276
854
401
-64
-532
-1031
-1508
-1948
-2348
-2718
-3037
-3260
-3425
-3530
-3550
-3476
-3322
-3114
-2837
-2463
-2042
-1585
-1078
-560
-23
517
1035
1536
1994
2402
2758
3048
3266
3417
3492
3492
3425
3290
3098
2847
2547
2214
1855
1466
1059
653
239
-163
-546
-900
-1220
-1514
-1763
-1963
-2122
-2238
-2310
-2330
-2310
-2266
-2176
-2053
-1899
-1729
-1523
-1279
-1026
-762
-491
-192
118
387
633
868
1052
1183
1254
1267
1224
1102
913
669
386
67
-274
-629
-979
-1307
-1623
-1899
-2124
-2296
-2418
-2486
-2478
-2400
-2271
-2091
-1845
-1557
-1221
-864
-482
-80
320
715
1099
1462
1794
2091
2351
2577
2762
2911
3013
3078
3110
3092
3036
2943
2809
2636
2428
2182
1894
1566
1208
819
408
-24
-471
-914
-1348
-1769
-2160
-2520
-2833
-3077
-3260
-3372
-3396
-3333
-3192
-2990
-2707
-2340
-1916
-1451
-948
-427
97
609
1099
1557
1961
2308
2592
2814
2968
3048
3073
3046
2949
2805
2620
2396
2133
1836
1515
1172
810
430
56
-307
-667
-1006
-1307
-1574
-1797
-1973
-2114
-2203
-2236
-2234
-2191
-2109
-1993
-1846
-1673
-1463
-1238
-991
-726
-447
-151
137
431
708
953
1175
1352
1469
1527
1522
1451
1314
1104
841
536
184
-193
-583
-964
-1334
-1682
-1984
-2231
-2423
-2548
-2611
-2602
-2526
-2397
-2206
-1962
-1676
-1356
-1004
-646
-285
87
447
793
1122
1434
1729
1999
2238
2451
2640
2793
2915
3010
3069
3087
3064
2981
2863
2695
2470
2202
1885
1527
1123
687
245
-207
-685
-1157
-1605
-2020
-2382
-2714
-2969
-3147
-3263
-3297
-3240
-3095
-2884
-2621
-2270
-1855
-1426
-962
-479
15
491
935
1364
1746
2081
2369
2591
2762
2885
2944
2943
2899
2801
2656
2456
2209
1939
1623
1274
908
529
148
-229
-592
-931
-1239
-1507
-1726
-1888
-2008
-2092
-2131
-2124
-2084
-2015
-1918
-1798
-1653
-1486
-1305
-1107
-890
-655
-399
-138
134
409
670
912
1115
1281
1388
1416
1388
1280
1104
856
547
204
-171
-569
-973
-1350
-1694
-2007
-2271
-2455
-2580
-2646
-2643
-2587
-2465
-2300
-2105
-1869
-1605
-1329
-1037
-736
-420
-83
246
577
913
1257
1587
1906
2224
2517
2779
3012
3208
3365
3474
3527
3525
3453
3332
3148
2906
2609
2258
1867
1426
961
489
7
-486
-958
-1399
-1806
-2170
-2493
-2731
-2909
-3027
-3057
-3010
-2884
-2703
-2463
-2146
-1782
-1394
-980
-548
-116
305
696
1063
1406
1695
1939
2144
2295
2398
2452
2465
2440
2361
2244
2081
1880
1641
1359
1050
712
361
-19
-403
-764
-1115
-1443
-1734
-1976
-2177
-2316
-2409
-2439
-2426
-2365
-2267
-2142
-1976
-1801
-1604
-1379
-1140
-879
-601
-314
-3
318
634
952
1233
1486
1690
1829
1909
1893
1798
1614
1332
981
572
116
-367
-847
-1299
-1717
-2093
-2381
-2574
-2707
-2763
-2742
-2646
-2488
-2296
-2051
-1773
-1467
-1143
-805
-455
-87
282
652
1027
1383
1732
2064
2374
2657
2913
3127
3303
3440
3525
3577
3576
3530
3439
3303
3116
2885
2603
2268
1888
1468
1026
526
15
-495
-1005
-1485
-1944
-2346
-2692
-2971
-3179
-3306
-3349
-3327
-3238
-3074
-2845
-2575
-2259
-1910
-1538
-1152
-767
-385
-13
348
686
994
1273
1518
1720
1891
2010
2084
2116
2088
2014
1901
1730
1520
1275
1002
701
384
63
-247
-540
-821
-1063
-1261
-1423
-1552
-1625
-1651
-1647
-1605
-1538
-1446
-1325
-1194
-1043
-876
-687
-479
-255
-5
255
530
818
1107
1372
1598
1793
1933
2005
1987
1892
1715
1448
1104
702
261
-209
-696
-1166
-1597
-1990
-2326
-2599
-2789
-2909
-2970
-2965
-2896
-2777
-2625
-2438
-2218
-1966
-1699
-1403
-1073
-720
-337
59
470
902
1334
1756
2158
2524
2851
3121
3332
3493
3589
3631
3607
3544
3432
3268
3064
2813
2539
2204
1821
1419
988
511
11
-476
-941
-1396
-1844
-2218
-2528
-2776
-2976
-3084
-3106
-3087
-3007
-2863
-2647
-2402
-2123
-1808
-1453
-1085
-716
-328
59
438
789
1114
1416
1677
1897
2081
2212
2296
2334
2314
2251
2148
2008
1831
1612
1376
1115
831
532
226
-71
-376
-677
-952
-1194
-1399
-1572
-1700
-1760
-1790
-1770
-1700
-1601
-1461
-1307
-1132
-927
-734
-535
-315
-99
122
341
571
802
1007
1199
1354
1465
1515
1481
1370
1173
903
551
148
-297
-767
-1230
-1672
-2073
-2422
-2703
-2921
-3067
-3132
-3138
-3092
-2988
-2836
-2650
-2440
-2188
-1898
-1579
-1229
-839
-413
37
511
1002
1499
1992
2450
2867
3241
3555
3798
3974
4076
4114
4100
4029
3911
3763
3591
3390
3148
2876
2565
2208
1799
1340
857
341
-204
-761
-1283
-1764
-2208
-2576
-2866
-3068
-3185
-3230
-3186
-3079
-2929
-2732
-2506
-2255
-1992
-1725
-1434
-1132
-819
-496
-166
175
514
834
1130
1391
1606
1772
1881
1937
1936
1884
1785
1653
1488
1296
1087
857
629
390
144
-94
-321
-539
-746
-933
-1090
-1213
-1308
-1364
-1373
-1348
-1293
-1221
-1122
-1003
-872
-730
-572
-412
-257
-89
92
282
464
649
831
993
1128
1208
1237
1197
1076
873
596
255
-142
-577
-1011
-1426
-1808
-2134
-2401
-2592
-2709
-2765
-2763
-2704
-2608
-2477
-2316
-2141
-1934
-1693
-1426
-1128
-787
-392
37
502
987
1480
1965
2418
2830
3172
3444
3647
3770
3819
3813
3773
3697
3610
3510
3407
3285
3147
3000
2800
2550
2236
1851
1392
863
287
-309
-929
-1542
-2098
-2586
-2996
-3336
-3569
-3688
-3727
-3705
-3604
-3434
-3243
-3028
-2777
-2495
-2197
-1885
-1541
-1164
-775
-374
50
474
877
1258
1600
1893
2125
2293
2396
2429
2395
2303
2164
1974
1753
1509
1244
967
699
436
173
-78
-315
-526
-719
-894
-1034
-1141
-1215
-1267
-1268
-1240
-1193
-1108
-1012
-898
-776
-652
-521
-388
-247
-96
65
253
455
653
850
1017
1144
1204
1185
1090
884
589
218
-218
-686
-1157
-1617
-2021
-2354
-2627
-2812
-2922
-2954
-2926
-2867
-2755
-2614
-2456
-2266
-2045
-1776
-1468
-1119
-706
-240
256
777
1316
1849
2354
2802
3179
3495
3723
3871
3957
3984
3973
3929
3867
3795
3703
3592
3450
3273
3064
2795
2472
2093
1645
1153
611
40
-525
-1092
-1656
-2177
-2647
-3045
-3399
-3683
-3866
-3984
-4024
-3983
-3863
-3657
-3404
-3098
-2725
-2321
-1897
-1456
-999
-542
-110
307
714
1087
1416
1706
1949
2142
2276
2350
2370
2347
2270
2148
1987
1806
1603
1379
1147
909
667
417
169
-59
-277
-480
-668
-831
-954
-1055
-1126
-1166
-1180
-1172
-1142
-1093
-1020
-932
-838
-720
-578
-417
-246
-65
131
335
514
677
815
897
920
861
736
556
296
-30
-391
-773
-1164
-1546
-1897
-2203
-2456
-2657
-2793
-2860
-2862
-2824
-2728
-2565
-2360
-2108
-1805
-1466
-1091
-687
-265
179
633
1088
1540
1963
2361
2736
3071
3355
3594
3793
3932
4017
4057
4056
4006
3917
3785
3616
3416
3175
2901
2577
2219
1819
1367
880
368
-168
-737
-1299
-1841
-2359
-2846
-3267
-3618
-3896
-4087
-4190
-4195
-4125
-3977
-3752
-3461
-3116
-2736
-2323
-1882
-1420
-973
-519
-73
354
759
1126
1467
1770
2028
2250
2432
2558
2636
2663
2643
2570
2448
2286
2086
1844
1583
1302
1003
702
410
121
-156
-402
-634
-834
-1005
-1146
-1255
-1335
-1387
-1409
-1398
-1368
-1315
-1235
-1132
-1018
-894
-745
-592
-428
-259
-104
45
176
265
327
359
330
254
133
-35
-241
-498
-777
-1067
-1359
-1644
-1902
-2121
-2298
-2427
-2503
-2508
-2457
-2356
-2193
-1984
-1729
-1433
-1107
-754
-371
24
427
836
1251
1676
2075
2461
2825
3155
3445
3680
3874
4010
4081
4089
4041
3948
3802
3612
3381
3117
2826
2512
2177
1813
1431
1032
619
182
-274
-724
-1174
-1632
-2069
-2485
-2857
-3182
-3466
-3665
-3794
-3853
-3831
-3727
-3557
-3313
-3019
-2688
-2309
-1919
-1516
-1096
-691
-287
94
456
808
1121
1406
1664
1884
2064
2200
2304
2372
2389
2368
2305
2196
2046
1870
1664
1428
1170
888
602
315
30
-240
-498
-728
-930
-1107
-1247
-1356
-1421
-1453
-1458
-1437
-1388
-1302
-1205
-1090
-963
-831
-695
-560
-425
-301
-188
-92
-5
60
98
119
108
63
-6
-112
-249
-422
-623
-844
-1072
-1305
-1535
-1739
-1912
-2049
-2130
-2143
-2095
-1989
-1814
-1567
-1277
-940
-576
-177
236
637
1032
1408
1767
2093
2388
2654
2891
3096
3260
3393
3489
3551
3570
3539
3474
3367
3214
3023
2793
2533
2234
1912
1576
1214
842
463
78
-302
-686
-1053
-1397
-1732
-2043
-2324
-2577
-2786
-2953
-3085
-3161
-3189
-3170
-3101
-2987
-2836
-2642
-2412
-2151
-1872
-1571
-1248
-924
-586
-253
69
387
678
946
1203
1423
1610
1777
1903
2000
2061
2087
2082
2028
1947
1840
1692
1519
1331
1129
911
683
453
229
2
-218
-417
-601
-769
-920
-1043
-1155
-1243
-1316
-1360
-1385
-1395
-1377
-1346
-1286
-1209
-1119
-1010
-883
-744
-601
-448
-295
-152
-16
95
193
267
293
286
250
178
74
-59
-215
-375
-553
-737
-896
-1028
-1134
-1218
-1262
-1257
-1205
-1124
-999
-834
-639
-420
-190
65
339
598
865
1129
1376
1615
1829
2023
2196
2331
2442
2516
2556
2581
2565
2523
2457
2351
2235
2095
1929
1749
1543
1323
1089
837
563
282
-13
-320
-633
-949
-1246
-1534
-1804
-2049
-2255
-2422
-2561
-2644
-2681
-2674
-2628
-2545
-2412
-2247
-2061
-1842
-1585
-1320
-1037
-735
-427
-114
190
494
790
1067
1323
1550
1753
1926
2047
2127
2176
2180
2145
2073
1964
1826
1661
1476
1271
1044
816
577
334
98
-137
-376
-599
-809
-1011
-1185
-1357
-1506
-1631
-1742
-1831
-1902
-1936
-1942
-1932
-1895
-1821
-1724
-1599
-1448
-1273
-1081
-890
-693
-498
-303
-123
32
160
274
358
419
455
465
460
428
390
346
281
225
173
115
70
32
1
-19
-38
-41
-22
-1
37
89
156
250
347
449
568
700
829
953
1080
1200
1306
1401
1486
1559
1612
1652
1675
1683
1681
1661
1628
1581
1525
1453
1358
1243
1114
960
784
591
377
152
-89
-337
-582
-825
-1062
-1280
-1487
-1679
-1837
-1966
-2061
-2131
-2170
-2175
-2151
-2088
-1999
-1880
-1734
-1557
-1357
-1148
-915
-678
-435
-196
44
281
499
698
874
1039
1173
1279
1369
1430
1468
1475
1461
1422
1354
1265
1155
1026
880
720
552
375
199
10
-176
-345
-512
-673
-817
-947
-1057
-1155
-1241
-1311
-1361
-1400
-1428
-1418
-1396
-1360
-1296
-1226
-1125
-1016
-901
-770
-631
-495
-365
-227
-105
11
123
222
312
394
461
511
554
591
611
627
631
619
603
574
538
507
471
429
384
340
318
291
264
257
257
269
291
324
373
416
470
528
591
655
716
771
828
886
932
979
1025
1052
1067
1086
1089
1069
1040
996
939
859
772
676
559
434
293
147
-7
-169
-341
-511
-669
-829
-990
-1132
-1253
-1364
-1465
-1548
-1602
-1628
-1642
-1634
-1599
-1537
-1461
-1369
-1249
-1115
-973
-821
-661
-476
-298
-138
33
202
356
496
639
759
867
957
1001
1045
1082
1087
1073
1025
962
906
826
740
637
512
396
274
146
11
-123
-248
-367
-482
-598
-679
-750
-834
-897
-957
-975
-972
-988
-986
-967
-922
-853
-798
-734
-660
-590
-496
-401
-315
-222
-130
-34
57
148
224
293
355
391
432
473
488
508
502
495
503
490
488
468
432
427
408
387
371
335
316
308
289
272
253
234
217
198
182
172
164
152
152
152
157
168
177
189
211
227
250
280
308
341
370
403
433
447
447
432
410
390
340
282
216
135
48
-51
-137
-237
-346
-449
-560
-662
-760
-850
-930
-1023
-1087
-1137
-1169
-1171
-1187
-1172
-1121
-1052
-958
-873
-767
-639
-514
-378
-244
-113
17
146
269
388
518
635
739
842
916
988
1062
1098
1114
1098
1068
1033
945
839
723
594
466
321
174
25
-121
-267
-421
-559
-695
-824
-944
-1050
-1131
-1191
-1230
-1238
-1233
-1198
-1123
-1039
-927
-804
-680
-535
-385
-230
-76
80
221
362
505
621
737
845
926
994
1042
1086
1109
1100
1079
1038
987
925
842
743
641
532
425
326
232
137
54
-17
-77
-130
-181
-214
-232
-246
-255
-249
-228
-194
-145
-82
-1
91
194
303
416
525
622
712
790
856
893
897
880
839
789
708
595
471
325
165
-7
-189
-384
-586
-781
-984
-1178
-1354
-1518
-1662
-1784
-1881
-1950
-1982
-1979
-1941
-1864
-1762
-1627
-1456
-1261
-1043
-798
-545
-283
-6
272
540
794
1040
1270
1462
1635
1780
1894
1972
2007
2014
1976
1897
1784
1643
1481
1286
1065
827
576
317
51
-214
-476
-723
-952
-1165
-1352
-1524
-1666
-1765
-1842
-1889
-1896
-1873
-1824
-1734
-1616
-1473
-1313
-1138
-941
-736
-533
-326
-112
95
285
460
626
772
897
1000
1078
1135
1166
1175
1156
1113
1055
976
885
782
675
562
450
338
228
140
54
-20
-81
-125
-151
-161
-156
-134
-91
-42
23
106
196
301
406
517
628
733
834
931
1016
1088
1144
1175
1190
1187
1157
1106
1031
931
807
661
498
313
116
-100
-322
-545
-768
-998
-1215
-1413
-1598
-1759
-1895
-2002
-2082
-2134
-2152
-2135
-2088
-2011
-1898
-1757
-1586
-1395
-1176
-935
-685
-423
-150
124
393
653
900
1119
1322
1494
1628
1736
1807
1833
1819
1775
1692
1576
1432
1255
1063
862
651
425
196
-25
-236
-444
-634
-803
-963
-1101
-1198
-1285
-1349
-1383
-1397
-1373
-1320
-1257
-1173
-1070
-949
-807
-665
-518
-367
-207
-41
111
253
380
498
599
681
755
811
850
870
861
839
815
769
711
647
575
500
429
357
290
230
176
134
99
74
62
59
61
72
104
137
176
223
270
325
374
419
475
526
569
611
627
650
669
664
661
628
581
523
449
366
272
161
49
-74
-206
-323
-444
-564
-681
-797
-899
-969
-1034
-1101
-1152
-1197
-1209
-1200
-1203
-1190
-1160
-1110
-1045
-972
-887
-791
-687
-562
-426
-287
-152
-10
138
266
402
530
638
743
817
885
939
971
988
975
956
936
900
851
779
694
620
530
432
328
223
128
29
-62
-156
-239
-306
-373
-421
-464
-493
-499
-507
-511
-514
-504
-486
-474
-452
-431
-404
-372
-341
-314
-282
-249
-219
-186
-159
-117
-83
-60
-34
-14
3
22
34
44
59
64
76
86
99
114
123
138
152
176
191
199
216
239
262
285
309
337
356
375
398
415
431
438
444
456
454
447
431
412
394
366
330
288
239
193
145
96
45
-13
-65
-106
-147
-192
-229
-259
-294
-321
-334
-349
-364
-382
-391
-386
-384
-387
-385
-384
-381
-377
-372
-363
-358
-335
-310
-287
-252
-225
-198
-169
-136
-102
-79
-55
-28
-3
25
48
66
83
104
129
158
187
214
236
264
286
298
306
305
300
289
280
261
232
213
187
166
143
113
89
61
31
-6
-42
-72
-110
-151
-192
-230
-263
-297
-329
-351
-371
-380
-382
-385
-380
-367
-350
-318
-289
-258
-219
-174
-121
-67
-13
37
89
138
182
231
274
311
349
379
408
432
448
461
464
467
460
442
425
397
369
346
316
279
244
206
172
134
95
65
26
-6
-35
-61
-82
-109
-134
-152
-166
-178
-192
-192
-193
-193
-183
-180
-178
-173
-160
-145
-131
-120
-114
-104
-98
-97
-98
-97
-95
-97
-102
-106
-117
-123
-123
-127
-124
-123
-133
-130
-133
-130
-125
-122
-120
-117
-105
-87
-71
-64
-51
-23
4
26
58
92
123
149
189
220
235
249
262
269
272
266
249
235
216
199
172
144
120
81
54
28
-3
-34
-69
-94
-122
-159
-191
-229
-258
-287
-321
-345
-368
-381
-388
-391
-378
-356
-324
-285
-241
-183
-118
-56
2
67
130
189
245
297
341
376
412
442
457
472
484
486
481
465
447
418
382
340
289
237
178
118
58
3
-51
-104
-142
-174
-205
-222
-227
-230
-226
-222
-208
-191
-172
-146
-126
-104
-71
-45
-15
21
46
72
100
120
132
147
150
148
138
122
103
70
34
1
-25
-61
-101
-130
-169
-201
-227
-260
-288
-316
-336
-344
-359
-368
-362
-356
-337
-305
-278
-243
-204
-158
-105
-50
3
52
104
155
203
245
284
311
331
356
368
371
364
349
331
304
269
230
182
130
84
39
-12
-65
-114
-158
-196
-224
-258
-283
-300
-311
-311
-310
-306
-287
-274
-255
-224
-202
-167
-130
-90
-41
2
45
90
133
180
216
253
280
292
311
325
336
335
329
329
317
306
289
267
247
220
197
169
135
105
77
44
14
-16
-48
-72
-93
-108
-118
-126
-134
-134
-133
-126
-112
-97
-86
-74
-61
-41
-24
-12
2
9
19
32
34
27
21
21
8
-10
-22
-43
-63
-75
-91
-103
-120
-133
-140
-145
-157
-169
-172
-178
-179
-176
-175
-173
-161
-148
-137
-125
-106
-88
-66
-47
-30
-10
7
27
47
69
90
108
116
126
136
143
151
154
151
144
130
127
118
101
84
67
55
38
27
16
5
-5
-23
-28
-35
-35
-36
-42
-43
-39
-38
-29
-20
-24
-21
-19
-17
-16
-16
-10
-7
-1
3
9
13
12
13
19
20
26
33
28
27
35
38
36
40
46
46
41
41
47
45
41
39
34
29
24
18
10
5
5
6
2
1
-2
-10
-11
-12
-16
-18
-24
-24
-23
-19
-17
-18
-15
-18
-10
1
4
12
7
9
18
13
10
7
6
9
1
-5
-9
-13
-21
-20
-17
-27
-30
-37
-43
-39
-41
-43
-47
-56
-60
-56
-56
-61
-56
-51
-45
-42
-37
-31
-24
-12
1
5
5
12
22
28
38
40
38
40
41
47
51
46
50
52
44
48
39
27
26
19
14
5
-1
-10
-21
-17
-18
-21
-23
-26
-32
-33
-27
-28
-31
-27
-28
-28
-19
-19
-16
-12
-2
13
13
19
28
30
35
39
40
43
47
46
45
41
38
33
34
39
40
46
37
37
36
37
35
27
26
18
15
8
4
2
-5
-5
0
1
-9
-10
-12
-16
-14
-13
-17
-10
-9
-16
-16
-17
-21
-23
-21
-23
-22
-19
-22
-17
-15
-17
-25
-30
-27
-26
-26
-25
-22
-25
-23
-19
-26
-28
-24
-30
-26
-23
-22
-17
-17
-10
-7
-4
2
4
2
9
13
10
10
10
6
9
14
9
11
9
11
17
22
21
18
25
26
23
18
10
7
8
4
4
8
10
8
5
7
10
8
11
8
5
3
4
9
1
-4
-5
1
-2
-4
5
3
4
10
9
8
9
12
12
12
17
14
11
15
23
17
14
17
17
18
15
15
18
22
25
23
21
19
13
12
11
6
5
-5
-1
3
-6
-7
-9
-12
-20
-21
-24
-30
-26
-29
-30
-31
-31
-33
-30
-23
-21
-17
-20
-20
-21
-19
-15
-12
-14
-12
-6
-6
-4
-8
-9
-11
-12
-2
-4
-8
-7
-3
-1
-2
-2
-1
-4
-2
7
5
1
1
4
7
7
10
5
-1
3
6
5
0
3
6
10
19
20
22
20
19
28
33
26
21
25
25
27
22
17
11
8
14
15
2
-7
-3
-5
-6
2
0
0
-8
-14
-8
-8
-11
-15
-17
-13
-10
-9
-6
-4
-3
0
-5
1
3
2
7
10
8
10
14
11
9
12
12
3
1
3
0
4
4
3
3
3
7
6
4
1
4
9
6
4
1
-1
4
1
1
2
3
-1
0
6
3
3
6
-2
-3
1
0
-2
2
1
-2
-4
-10
-10
-11
-14
-13
-14
-12
-10
-13
-12
-12
-23
-23
-17
-19
-18
-20
-20
-17
-18
-17
-14
-10
-12
-12
-6
-3
-3
-3
-1
2
1
0
5
7
10
10
13
14
13
13
18
16
9
13
15
16
9
11
9
4
6
7
10
9
10
9
11
13
10
13
13
13
11
8
5
4
6
4
12
13
8
8
5
4
5
2
0
4
3
-1
3
-2
-8
-7
-8
-12
-8
-2
-2
0
1
2
2
4
5
1
2
3
1
2
7
6
7
9
7
10
10
11
13
14
13
14
13
11
14
12
10
7
0
-2
-3
-11
-10
-13
-15
-19
-22
-21
-22
-24
-24
-28
-26
-22
-23
-18
-18
-20
-20
-17
-16
-16
-15
-17
-14
-17
-17
-13
-17
-17
-7
-6
-3
-4
-5
-4
0
8
2
-3
-1
5
12
12
4
-2
4
5
9
13
13
12
15
18
21
19
20
27
20
24
24
24
25
24
24
23
28
25
22
27
23
19
18
14
15
15
9
10
5
-3
-6
-6
-5
-8
-11
-11
-10
-12
-18
-17
-14
-16
-16
-14
-14
-15
-12
-11
-8
-5
-8
-5
-4
-2
-4
-4
-8
-7
-1
-1
1
3
3
-5
2
6
6
11
14
15
14
17
14
11
13
9
7
7
1
3
6
5
6
1
3
3
0
-5
-9
-9
-15
-18
-15
-18
-22
-17
-16
-16
-16
-15
-13
-11
-16
-15
-17
-24
-23
-24
-25
-29
-31
-23
-17
-15
-18
-11
-4
-1
-3
4
9
3
2
5
8
11
14
16
20
21
23
25
32
31
26
32
23
23
28
29
32
31
23
19
20
10
15
20
8
9
21
17
12
22
11
5
10
8
5
3
-2
-4
2
-3
-2
1
-3
-4
-9
-13
-22
-27
-20
-25
-23
-16
-29
-32
-28
-27
-28
-24
-20
-18
-12
-11
-7
2
-1
-10
6
7
-2
3
9
21
10
10
22
7
8
20
26
19
16
21
16
10
13
11
3
4
2
2
1
-2
-4
-9
-7
-6
-7
-9
-11
-12
-19
-16
-13
-17
-19
-16
-17
-23
-22
-23
-17
-18
-14
-12
-16
-9
-4
-5
-6
-1
1
2
6
7
9
10
7
9
14
13
16
16
15
20
18
16
14
9
9
13
19
14
13
18
17
21
18
20
20
21
17
14
16
5
0
7
5
-3
-4
-5
-3
-3
-10
-12
-12
-14
-10
-6
-5
-3
-7
-9
-14
-17
-12
-15
-14
-10
-13
-15
-12
-12
-9
-12
-9
-4
-5
-1
-4
2
5
1
0
1
9
9
13
13
9
12
11
8
9
4
10
12
16
11
1
1
1
0
5
12
11
10
10
11
10
11
7
6
7
3
5
2
-1
-1
-2
-6
-10
-8
-8
-15
-16
-15
-19
-18
-16
-10
-6
-11
-17
-21
-17
-22
-26
-25
-27
-20
-19
-18
-14
-15
-8
-9
-6
3
3
3
3
1
3
4
3
7
5
7
13
13
12
15
22
25
23
22
22
22
18
19
21
23
23
24
20
17
18
11
8
6
2
1
5
11
11
13
13
9
13
1
-2
-4
-9
-13
-19
-15
-15
-12
-11
-5
-5
-10
-9
-8
-11
-13
-14
-15
-15
-13
-13
-11
-6
-2
-2
-2
6
9
5
7
5
7
10
6
7
3
-3
-8
-5
-2
-4
1
10
7
-2
3
2
3
-2
-3
1
-5
-4
0
1
2
7
9
7
5
6
8
-1
-6
-7
-7
-9
-14
-16
-15
-13
-15
-15
-14
-18
-15
-8
-12
-13
-9
-4
-1
-4
-6
-7
-14
-14
-14
-10
-4
0
8
8
12
14
14
17
15
15
12
10
14
18
16
17
18
20
21
16
16
15
17
15
12
12
11
6
5
3
0
-1
-2
-3
-3
-3
-5
-6
-4
4
4
3
7
5
7
3
2
0
-11
-7
-4
-3
0
-7
-5
-4
-7
2
3
0
-2
-2
-4
-9
-12
-12
-8
-9
-13
-16
-16
-9
-3
1
1
3
4
1
-1
0
3
-3
0
-1
-4
-1
-1
5
3
0
3
11
5
-3
3
3
-3
-3
-5
-10
-4
-3
-5
-4
-6
0
0
-3
-2
-3
-10
-12
-19
-17
-7
-9
-9
-5
-5
-6
-8
-4
4
5
0
-1
3
4
4
4
4
5
3
-3
-4
1
-1
0
3
4
5
9
10
9
15
17
14
10
8
10
12
18
16
15
12
9
15
18
15
15
15
17
15
16
16
13
11
6
0
1
3
4
4
2
-1
-7
-10
-11
-20
-23
-16
-12
-14
-17
-12
-14
-19
-16
-13
-12
-9
-13
-12
-8
-14
-17
-12
-8
-9
-5
2
4
3
6
14
11
3
5
8
0
0
1
1
-2
-8
0
3
0
2
4
1
2
-3
-4
-2
-4
-6
-7
-6
-2
3
0
2
3
-3
-3
0
7
13
11
9
10
8
3
1
-2
1
-2
-12
-10
-6
-9
-12
-7
-3
-6
-5
1
0
-6
-6
0
2
-1
0
-2
-4
-4
-1
2
2
6
6
9
9
10
17
15
18
20
13
12
13
13
17
14
13
21
20
20
24
16
9
2
1
1
-2
3
3
3
4
0
-3
-3
-3
-10
-8
-8
-17
-21
-23
-13
-11
-11
-10
-12
-10
-10
-4
-7
-8
-8
-9
-9
-17
-13
-10
-11
-13
-15
-15
-16
-6
-6
-7
-4
-3
-3
2
3
1
8
2
-3
-3
-6
-3
-3
-1
-2
2
5
7
13
13
20
22
18
14
15
12
15
9
7
13
7
5
6
5
11
15
13
10
6
7
8
0
2
2
-8
-12
-11
-16
-18
-20
-25
-13
-10
-10
-8
-6
-7
-5
0
-7
-11
-11
-14
-9
-6
-8
-9
-13
-6
-1
2
14
16
18
19
12
7
8
12
14
15
10
11
10
12
15
15
14
15
14
11
7
9
7
7
6
0
-2
3
4
-2
0
3
-1
-8
-10
-9
-3
-8
-10
-3
-8
-9
-5
-1
-10
-12
-5
-10
-10
-17
-16
-12
-5
-3
-1
0
-7
-10
-10
-7
-6
-7
-4
-8
-8
-4
-4
2
0
6
13
-1
-3
-3
0
9
6
1
4
3
2
2
0
3
3
4
2
-1
5
9
10
13
8
-1
2
0
-2
7
9
13
10
10
11
1
0
0
-8
-7
-2
-6
-4
-7
-10
-7
-11
-14
-11
-19
-14
-8
-6
-2
1
3
3
6
4
-1
0
2
2
5
9
19
19
14
15
13
16
16
19
19
9
11
10
4
4
4
6
5
4
6
4
-3
-1
0
0
4
3
0
-4
-8
-6
-12
-14
-13
-18
-19
-21
-17
-10
0
-3
-12
-9
-8
-3
-1
-5
-7
-9
-5
-5
-8
-10
-2
5
3
7
1
-4
-2
-3
2
2
1
2
-2
-3
0
-1
3
6
11
9
9
7
3
5
8
7
4
9
8
6
7
7
4
4
6
8
3
-4
0
-3
2
1
-2
3
2
0
-5
-3
-3
-4
-8
-14
-10
-10
-12
-12
-9
-7
-11
-13
-7
-13
-17
-8
-6
-7
-9
-9
2
5
4
6
11
15
17
15
18
17
16
19
16
13
17
18
12
10
4
5
5
3
5
0
1
8
6
11
11
12
12
11
11
3
7
2
-1
-6
-12
-11
-12
-12
-16
-11
-7
-4
-5
-8
-12
-14
-4
-10
-14
-12
-21
-22
-15
-5
-7
-8
-4
-4
-4
-2
-1
-1
-3
-6
1
-6
-11
-5
-6
-6
-6
-3
0
2
4
7
11
11
9
10
10
4
8
8
0
5
6
5
3
-1
6
4
2
3
3
6
3
5
2
5
7
1
-5
-4
2
-2
-6
-4
-5
-3
4
12
12
8
9
1
0
-4
-13
-9
-7
-8
-9
-10
-6
-1
1
3
2
0
-2
2
1
-1
0
0
-3
-6
1
7
10
8
9
12
17
22
15
10
15
13
9
4
5
5
4
2
-6
-3
-3
-4
-2
-6
-7
-8
-12
-11
-9
-12
-13
-13
-16
-11
-14
-19
-10
-13
-12
-7
-5
2
3
4
2
-4
-1
2
2
2
1
-2
5
8
9
7
5
8
10
11
9
13
13
8
6
5
-1
-8
1
1
1
1
-3
-3
-1
-2
-5
-2
-5
-11
-14
-6
-2
2
7
0
4
7
0
-1
0
2
1
-1
-2
0
-1
-5
0
-1
-4
0
-2
-1
0
-1
-2
1
1
-1
4
7
2
0
-2
-8
-11
-10
-3
0
-4
-3
-6
-12
-4
1
1
9
4
3
1
0
9
10
10
11
9
9
8
12
15
19
19
12
4
6
3
1
3
-5
-5
-8
-2
0
-5
3
-1
-3
-1
-3
-2
-3
-7
-6
-7
-5
-8
0
5
0
-2
-4
-8
-9
-9
-6
-9
-8
-4
-6
-5
-5
-2
-1
1
2
6
9
-1
-6
-5
-10
-12
-11
-8
-8
-5
-4
-6
3
6
1
5
3
-2
-4
-1
2
3
-1
-4
1
4
3
5
7
16
13
6
6
3
11
8
7
6
3
8
5
3
1
2
5
2
7
11
7
1
2
3
1
1
-1
-3
-2
2
-6
-8
-2
-7
-10
-7
-4
-7
-8
-3
-6
-4
-4
-5
2
0
0
1
-1
-1
3
8
7
3
6
7
13
12
7
9
4
7
8
1
1
-6
-6
-3
-2
-2
-4
-6
-7
-7
-11
-10
-14
-12
-5
-6
1
-1
0
0
-1
4
-3
-5
-1
-4
-5
-3
-6
-9
-6
-2
2
6
-1
-11
-4
0
9
11
9
10
7
5
7
9
5
5
0
1
10
6
-1
1
4
-2
-4
0
1
2
6
7
5
9
9
5
1
-3
-4
-8
-6
-7
-5
6
6
7
9
5
2
7
7
3
5
1
-9
-8
-6
-11
-8
-16
-17
-14
-13
-9
-8
-4
1
2
1
-1
-5
-5
-7
-10
-5
-8
-9
-6
0
2
-1
2
6
8
11
9
4
6
10
8
9
6
3
5
9
11
11
7
-1
1
2
4
2
2
4
2
-1
-3
-1
1
-4
-5
-6
-8
-8
-6
-2
0
8
9
7
3
0
0
-1
4
4
2
4
2
3
1
2
3
0
-2
5
1
-6
-5
-8
0
1
-3
-3
-5
-6
-13
-8
-7
-7
-1
-5
-5
-6
-10
-5
-3
0
-2
4
4
5
11
1
-2
3
7
4
3
4
-2
0
6
7
7
5
2
0
-1
1
1
-2
2
0
-9
-7
-11
-7
-8
-13
-6
-14
-11
-8
-12
-12
-12
-9
-5
1
3
1
3
1
2
3
2
2
0
4
9
9
6
6
11
11
13
15
9
15
18
18
21
13
17
23
17
17
15
6
7
2
-4
1
3
2
-1
-2
2
-2
-7
-9
-10
-6
-13
-13
-9
-11
-11
-14
-8
-7
-10
-6
-5
-3
-3
-3
0
7
3
-1
-9
-16
-12
-15
-19
-14
-13
-15
-15
-13
-6
-9
-3
1
2
0
3
7
-1
8
4
-3
0
-1
-3
2
3
1
2
-2
-1
4
-1
3
5
8
14
10
12
2
-2
6
6
8
12
9
10
15
11
9
8
9
10
12
10
6
4
2
2
2
0
-1
-2
-1
0
1
-2
-1
4
4
2
5
7
5
2
-2
-6
-5
-4
-4
-1
-4
-9
-3
-4
-5
-4
-9
-8
-11
-10
-11
-9
0
-1
2
1
2
1
-9
-5
-4
-10
-8
-5
-7
-8
-9
-12
-16
-14
-6
-5
-10
-12
-3
0
4
10
2
6
4
1
1
-9
-10
-7
2
1
6
12
13
21
15
13
11
8
6
10
14
13
12
10
9
6
4
-1
-1
5
0
-2
2
4
5
4
6
6
1
-2
0
-3
-6
-4
-8
-4
-2
2
7
6
7
6
6
1
-1
2
1
-4
-3
3
-1
-5
-5
-5
-4
-5
-4
0
2
-4
-1
-5
-7
-7
-10
-11
-15
-9
-7
-5
-7
-8
-10
-8
-3
-6
-6
-6
0
-4
-2
2
-7
-8
-7
-7
-6
1
2
-3
3
9
6
6
7
4
-2
0
3
2
8
7
9
5
1
3
2
5
9
9
5
4
9
7
2
3
5
1
0
7
6
3
8
7
12
10
10
13
10
13
10
9
6
-3
1
8
10
13
12
6
0
1
2
2
-2
-9
-10
-10
-9
-11
-9
-11
-11
-10
-13
-11
-11
-17
-12
-8
-8
-7
-9
-10
-14
-8
-4
-7
-6
-9
-16
-18
-15
-15
-15
-13
-10
-8
-4
-2
0
2
5
8
10
13
6
-4
-2
1
1
1
1
3
4
6
5
8
13
14
14
14
7
5
8
8
9
7
4
5
6
7
9
9
20
27
25
22
10
13
14
9
13
5
-1
0
-5
-5
-2
-1
-1
2
1
-5
-4
-1
-1
-3
-3
-3
-6
-8
-9
-15
-22
-19
-17
-14
-12
-8
-7
-8
-8
-3
-1
-5
-5
-5
-4
-3
-8
-11
-11
-9
-7
-7
-8
-4
0
1
5
8
4
1
2
-3
-9
-10
-8
-5
-2
-6
-7
-12
-10
-4
-1
2
0
8
5
5
10
8
11
9
3
9
11
11
14
11
12
19
16
21
21
14
17
13
7
10
5
4
6
3
3
1
-1
-2
-4
-4
-2
-2
-1
-5
-8
-5
-6
-5
-4
-7
-10
-4
-2
-7
-8
-7
-4
-6
-3
-6
-7
-5
-6
-9
-7
-2
-4
-2
2
1
-1
0
-3
-1
-3
0
2
-3
-2
-7
-10
-10
-4
0
-4
-4
-2
-4
-3
0
3
3
2
-2
-4
-1
1
1
1
3
-5
-3
6
-3
-2
7
5
6
9
12
9
9
10
4
0
2
3
-3
-4
0
3
6
5
7
11
10
8
13
14
8
5
3
-3
-4
-9
-9
-6
-2
-1
-6
-5
1
2
1
-1
-2
-1
-3
-3
-2
-6
-4
0
-1
-3
-4
-7
-8
-5
-2
4
6
3
0
2
1
-2
3
0
-1
-3
-8
-3
-2
-1
-2
-8
-8
-4
-3
-4
0
-1
-3
-4
-1
2
-5
-8
-6
-7
-9
-2
1
-3
-3
0
2
8
8
4
1
1
0
1
3
-2
4
4
3
4
1
5
6
6
3
0
-2
-6
-1
3
6
8
6
6
2
1
4
5
5
8
8
3
4
9
6
9
8
7
7
5
5
3
5
8
4
-4
0
2
3
1
-3
-5
-5
-6
-11
-13
-14
-17
-10
-8
-11
-9
-3
-4
-3
-6
-10
-13
-9
-7
-9
-5
-10
-8
-7
-8
-3
0
5
7
8
9
6
8
5
7
7
-1
3
2
1
-3
-8
-7
-13
-15
-10
-5
0
1
4
9
8
10
11
10
8
7
6
-2
2
-1
-11
-6
-4
-5
-3
3
4
5
11
16
10
7
7
10
5
-3
-4
-1
0
2
5
7
9
9
7
6
7
10
9
8
8
7
3
6
-3
-12
-9
-11
-13
-5
-2
1
5
7
2
-1
-1
-2
-7
-8
-7
-10
-9
-7
-7
-2
-4
-10
-11
-6
-5
-7
-2
1
3
4
4
-1
-3
-8
-14
-14
-11
-2
-3
-2
3
4
8
3
3
1
-6
-7
-8
-7
-10
-7
-4
-6
-8
-8
-9
-5
0
-4
-5
1
4
-1
2
-2
0
3
6
8
14
10
10
13
12
18
16
15
13
7
8
11
14
17
13
8
10
12
6
8
6
1
7
4
6
9
5
4
1
4
5
3
-3
-7
-2
-5
-5
2
-5
-2
1
-3
-2
-4
-7
-9
-10
-9
-14
-11
-12
-12
-7
-16
-18
-15
-19
-20
-15
-14
-18
-15
-12
-16
-23
-18
-5
-6
-6
-5
-11
-6
-5
-2
3
5
7
4
9
11
9
14
14
10
9
11
10
10
15
13
13
16
11
12
9
10
11
5
8
6
4
8
6
12
12
11
7
1
3
6
5
6
4
0
4
6
7
2
-4
-3
-3
-1
-2
-1
-6
-5
-2
-10
-6
-1
-4
-5
-2
-5
-4
-1
-1
4
-1
-7
-9
-13
-13
-16
-17
-16
-11
-12
-14
-5
0
0
-3
-8
-3
-2
-2
-4
-4
-6
-8
-2
-5
-8
-3
6
2
1
7
7
6
2
-1
5
5
1
-3
-3
1
4
4
6
10
7
14
17
11
3
0
4
3
-1
-2
0
-2
4
4
3
1
3
6
5
7
4
9
9
3
-4
-2
3
-4
-4
-2
0
6
2
2
6
5
0
2
7
3
2
-3
-8
-8
-9
-6
0
1
1
5
4
-1
-3
3
4
-8
-4
-1
-6
-9
-10
-9
-10
-9
-8
-2
-1
-4
-1
-4
-5
-4
-4
-3
-4
-8
-8
-8
-7
-8
-9
2
13
7
9
9
7
7
0
-1
-5
-7
-3
-2
-4
-3
2
7
11
6
4
7
0
-1
8
7
8
6
2
5
3
-1
-2
-3
-3
-3
-6
-5
-2
2
6
2
3
7
1
-2
-4
-4
-4
-6
-6
-2
3
3
7
13
11
7
7
9
8
7
5
5
2
2
3
0
1
-3
-6
0
-2
1
7
6
11
13
6
1
0
-2
-2
-1
0
-3
-10
-8
2
-1
-2
-3
-6
-7
-7
-2
-4
-6
-9
-12
-10
-13
-17
-20
-19
-15
-14
-8
-11
-15
-10
-6
-8
-3
-4
-2
1
-6
0
0
-5
-6
-6
-1
5
5
2
7
11
8
11
12
15
19
17
16
18
16
19
22
16
17
11
12
19
18
15
8
8
2
-2
2
0
0
-2
-5
-2
-5
-2
-4
-6
-6
-2
4
-3
-8
-15
-17
-13
-12
-13
-11
-9
-1
2
5
-3
-5
-3
-3
-2
-4
4
6
4
2
-2
-3
-5
-2
-4
-6
-4
-9
-3
-1
-1
1
-1
0
-4
-8
-9
-8
-4
-5
-6
-9
-7
-1
0
0
-1
-4
-3
-1
0
4
2
2
7
9
10
13
13
11
9
8
5
-4
-6
-2
-3
0
-4
-8
-2
1
5
6
0
3
4
5
5
1
-1
-3
1
2
-2
4
2
7
15
10
7
5
0
-2
0
-3
-1
8
5
5
5
5
6
1
3
5
4
1
1
-1
-1
-6
-7
-5
-11
-10
-12
-18
-18
-20
-13
-9
-3
-1
-5
2
1
-2
0
-2
1
3
6
3
5
8
6
13
10
7
12
7
2
-3
-9
-7
-7
-12
-9
-8
-8
-1
-1
1
5
2
3
2
-1
-1
-4
-10
-8
-7
-11
-7
-5
-1
3
4
1
5
8
10
9
9
10
9
12
11
5
4
-1
-3
1
4
5
14
13
11
8
4
7
2
-2
-1
-5
-11
-10
-13
-18
-14
-10
-16
-19
-9
-3
-1
-5
-4
5
5
1
0
-3
-5
-3
1
4
5
9
5
6
5
3
3
-2
0
4
9
9
1
3
5
-5
-3
2
2
8
9
12
14
12
9
2
-1
-1
-7
-9
-11
-10
-11
-12
-7
-12
-1
4
-1
-2
-5
-5
-8
-7
-10
-8
-3
-8
-7
-6
-6
3
-3
-2
-2
-1
3
1
6
11
11
6
4
2
4
8
3
-3
-6
0
6
2
2
2
5
11
5
3
5
0
-2
0
0
4
4
-2
0
2
4
3
4
7
3
4
3
2
1
3
4
4
1
1
-1
-5
-1
1
-3
-3
0
1
-2
-3
-5
-6
-7
-10
-13
-7
-4
-10
-10
-6
-3
-5
-5
-3
-4
-3
0
3
5
3
3
4
7
6
0
-2
-2
1
-7
-7
-4
-4
-2
2
7
4
3
-3
-5
-2
-3
-1
1
-1
3
4
4
9
5
4
5
4
2
-5
2
2
-2
3
0
2
4
6
5
2
9
6
5
10
12
16
13
8
5
5
3
2
1
-1
2
4
1
1
-2
-8
-10
-6
-8
-14
-15
-9
-11
-13
-8
-12
-5
-6
-10
-7
-11
-10
-8
-4
4
1
4
5
0
1
4
3
0
0
-4
-7
-9
-5
-1
-2
1
3
4
13
10
8
9
4
3
0
-5
-6
-5
1
8
9
5
4
3
8
12
10
10
8
7
7
-1
5
1
-8
-2
-3
-6
-5
-5
2
7
4
3
-1
-4
-4
-5
-5
-8
-7
-9
-13
-11
-7
-2
1
2
11
11
7
10
13
10
4
-1
-2
2
0
-7
-6
-5
-10
-9
-7
0
-2
0
1
-5
1
0
0
-3
-5
-8
-10
-8
-10
-9
-5
-4
0
8
7
5
6
3
0
1
4
1
6
9
3
6
4
3
4
7
7
3
7
6
9
12
9
7
8
6
0
0
-1
-5
-3
-3
-3
-1
0
-2
-4
0
3
2
-3
-6
-6
-9
-12
-11
-12
-6
-7
-8
-4
-1
-1
-1
1
0
-2
-3
-4
-7
-4
-4
4
6
1
1
-4
5
9
8
12
11
5
3
5
2
0
-5
-4
3
1
3
3
2
2
3
5
2
1
-2
-8
-6
-7
-6
-4
-8
-1
3
1
-2
-4
-2
-6
-4
-1
0
-3
-5
1
1
1
-1
-4
3
2
-1
-1
2
6
0
2
5
8
6
3
5
11
7
4
4
4
10
7
2
5
9
13
12
9
14
6
2
3
-5
-2
-1
-10
-14
-11
-6
-4
-7
-7
-1
1
1
-1
-1
-5
-10
-12
-19
-20
-12
-12
-8
-6
0
4
0
4
2
3
-4
-5
1
-2
2
-4
-5
0
-2
-1
-2
-3
1
2
3
2
-5
-1
2
-1
3
5
7
2
1
6
5
-2
-7
-4
1
1
-2
4
7
5
6
3
5
11
8
-1
4
8
0
-4
0
1
5
4
3
9
7
4
3
6
1
2
4
2
2
2
-2
4
5
-1
4
0
-3
-2
-3
-2
-1
-2
-5
-5
-3
-3
-6
-7
-3
-5
-2
-1
-4
-1
-4
-3
-4
-4
-7
-7
1
1
-2
-3
1
3
1
0
1
-6
-9
-7
-9
-6
-3
0
-1
-4
2
3
-3
-1
-2
2
-1
-8
1
0
-2
3
7
8
6
7
6
5
4
0
-3
-1
-1
-8
-8
-7
-1
6
0
-4
1
4
3
0
8
14
9
6
6
8
10
0
0
1
-6
0
0
-2
2
-2
2
-2
-4
5
2
3
4
2
-1
1
2
2
-4
-4
0
-4
-4
-4
-2
0
3
4
4
7
5
2
3
-5
-10
-10
-18
-11
-6
-5
2
0
2
0
2
6
4
4
4
1
0
1
-2
-6
-5
-2
-5
-6
-4
0
1
-3
-5
-6
-3
-6
-6
-4
-1
0
5
6
5
6
0
9
10
9
9
-3
3
4
0
-2
-5
2
4
2
1
1
2
1
0
1
-1
-7
-4
-3
-6
-1
-2
-6
-8
-11
-7
1
2
1
1
3
6
6
2
1
-2
2
4
3
2
-5
-5
-1
-6
-8
-2
0
0
10
6
-1
10
7
0
-1
-3
-8
-1
3
-1
3
1
2
5
-1
-4
2
-3
-4
0
-1
-1
-4
-5
-2
2
3
2
4
5
5
5
2
-3
-2
1
-1
6
8
5
