4
7
0
-3
-1
4
3
6
4
-2
1
2
4
1
2
1
4
2
4
2
-2
1
1
3
3
1
0
2
1
4
3
3
2
0
1
-2
-1
0
2
1
1
0
0
-4
-1
-2
5
2
1
-1
-8
-4
-6
-9
-10
-7
-11
-9
-5
-4
-7
-10
-9
-6
-6
-10
-10
-9
-7
-9
-8
-8
-6
-8
-6
-6
-5
-5
-5
-3
-5
-6
-6
-3
-4
-5
-5
-3
-1
-4
-5
-5
-6
-9
-8
-11
-12
-9
-13
-16
-14
-11
-12
-13
-17
-14
-20
-26
-14
-18
-16
-12
-11
-6
-8
-10
-7
-8
-7
-9
-10
-10
-13
-15
-15
-14
-15
-14
-13
-16
-17
-14
-20
-15
-15
-15
-16
-20
-18
-22
-20
-17
-16
-13
-12
-14
-14
-16
-18
-19
-20
-14
-13
-14
-15
-10
-3
-4
-7
-8
-2
-14
-15
-3
-3
-11
-7
-8
-11
-12
-11
-10
-8
-10
-8
-8
-10
-6
-3
0
-1
3
-2
-1
-2
-1
0
-1
-1
-2
-3
3
2
0
3
4
1
1
5
3
4
0
-4
-2
0
2
2
3
4
0
4
4
8
11
8
6
9
6
5
5
5
7
5
8
5
7
6
7
5
3
2
1
3
2
3
1
2
-1
-2
1
0
-2
-3
-3
-1
-5
-7
-1
1
0
-2
-1
-2
5
4
0
1
3
3
6
5
5
8
6
10
9
11
17
8
12
17
1
3
6
4
4
2
2
4
6
5
6
7
6
10
6
3
4
4
6
9
10
11
9
10
13
14
18
18
21
17
13
15
16
15
17
20
19
20
16
17
22
16
20
23
18
13
12
11
17
17
16
21
13
11
11
18
16
17
15
15
16
12
18
15
17
14
14
16
18
16
15
13
17
16
15
15
14
15
13
16
16
15
14
12
14
12
13
13
12
11
10
7
7
15
17
14
12
12
12
8
9
8
8
10
10
7
6
6
9
6
5
6
5
2
6
4
2
3
1
5
4
3
1
-1
2
-2
3
3
1
7
4
7
7
4
2
3
3
2
3
5
7
8
2
2
-1
0
3
1
-3
-1
4
-1
0
-4
0
-1
-7
2
-3
-1
5
6
4
8
9
5
8
8
7
6
6
8
7
6
9
6
6
7
10
8
6
9
5
6
3
1
5
2
0
5
7
6
7
4
5
3
3
0
2
1
4
4
1
0
5
5
4
7
6
7
-3
3
9
6
1
1
3
1
1
1
1
2
1
3
5
3
4
2
3
3
2
3
4
2
3
3
2
3
1
-1
3
2
3
9
2
3
6
7
9
5
7
8
4
5
6
3
0
5
7
2
8
12
9
9
6
14
8
8
8
4
8
8
8
9
7
8
5
4
9
7
7
8
10
10
8
5
5
4
7
9
14
12
11
9
10
11
10
13
12
15
13
14
15
13
12
17
20
20
20
21
18
17
16
17
18
24
28
19
21
24
16
12
13
12
11
13
15
16
17
17
17
15
13
13
16
15
15
15
14
11
12
12
14
17
16
14
17
20
21
17
11
13
14
15
16
17
20
18
15
15
17
16
13
9
8
9
12
10
5
11
11
7
9
5
9
12
15
10
9
9
6
10
5
5
9
10
6
6
6
4
4
5
4
3
6
8
8
8
6
4
7
0
3
5
9
8
8
7
3
5
3
-1
4
3
4
5
7
8
4
2
0
2
-6
-4
0
-4
-4
-2
-1
-3
1
-1
-3
-6
-6
-4
-5
-4
-5
0
-3
-4
-4
-5
-4
-4
-3
-4
-4
-2
-3
-3
-1
-5
-3
-2
-5
-4
-5
-2
-9
-6
-10
-12
-11
-11
-9
-16
-15
-13
-11
-14
-16
-15
-14
-19
-19
-11
-10
-6
-7
-7
-7
-8
-7
-6
-6
-5
-4
-3
-2
-6
-9
-7
-10
-9
-8
-6
-7
-7
-9
-7
-8
-13
-10
-13
-11
-15
-15
-12
-12
-9
-7
-10
-9
-6
-12
-9
-11
-12
-8
-8
-11
-9
-6
-4
-7
-7
-6
-7
-13
-11
-2
-10
-13
-11
-13
-12
-10
-9
-9
-10
-4
-6
-7
-5
-6
-7
-3
-5
-4
-5
-6
-6
-6
-8
-9
-8
-7
-7
-5
-6
-7
-4
-4
-6
-6
-5
-2
-5
-5
-4
-4
-1
-7
-11
-11
-8
-6
-4
-3
3
2
4
5
7
1
-3
-2
0
1
-1
1
2
-1
-1
-1
1
4
2
1
3
4
2
2
6
1
1
5
4
4
4
7
7
7
5
6
7
5
5
11
9
12
8
8
12
11
11
12
10
9
13
8
11
12
14
17
9
13
15
10
4
3
0
-2
2
-1
2
4
4
5
5
7
10
5
4
5
5
4
5
4
0
4
2
7
8
9
10
9
4
4
2
3
4
5
4
4
4
2
8
8
4
0
-2
0
0
0
-1
2
1
9
7
-5
-4
3
2
1
0
-4
-2
-4
2
2
0
0
0
3
3
4
0
2
1
4
5
2
3
2
3
5
2
1
0
-1
2
4
3
0
-2
-3
-4
-3
-3
-5
2
3
-1
-1
-3
-1
-3
-3
-1
-4
-4
-5
-7
-2
-3
-2
-5
-7
-5
-4
-4
-4
-3
-5
-6
-1
-2
-5
-7
-7
-6
-8
-5
-4
-4
-6
-4
-3
-6
-3
-8
-5
-3
-3
-2
-4
-7
-9
-11
-11
-8
-8
-11
-14
-14
-13
-13
-14
-12
-13
-17
-12
-19
-23
-15
-15
-13
-12
-10
-9
-5
-10
-11
-9
-8
-8
-12
-9
-11
-12
-14
-15
-12
-11
-12
-12
-9
-10
-12
-8
-12
-17
-17
-17
-17
-17
-16
-14
-14
-11
-15
-16
-14
-16
-17
-14
-16
-17
-18
-19
-13
-10
-11
-8
-10
-9
-13
-17
-11
-6
-8
-15
-14
-16
-13
-14
-13
-13
-14
-11
-10
-12
-12
-12
-12
-11
-8
-9
-9
-9
-11
-10
-8
-12
-13
-11
-11
-11
-9
-8
-12
-11
-9
-11
-8
-8
-7
-9
-7
-2
-6
-13
-16
-10
-4
-8
-6
-1
-1
2
-2
5
7
1
-1
-6
-4
-2
-2
-3
0
2
0
-1
3
2
0
2
-1
1
1
1
-2
-3
-1
-1
0
-3
-3
-6
-4
-1
-2
-5
-5
-5
-2
-4
-1
-1
-2
1
2
3
4
5
5
3
0
3
6
6
7
10
4
1
4
-1
-3
-6
-11
-7
-7
-5
-3
-3
-7
-7
-3
-6
-2
-1
2
-3
-4
-6
-3
-3
-5
-3
-1
3
4
2
4
6
0
1
-3
-1
-1
1
-1
0
2
1
1
2
1
1
0
2
-2
-6
-7
-6
2
0
3
-2
-1
4
2
6
5
5
5
6
5
4
4
5
4
7
4
3
2
-1
1
3
3
1
2
0
0
3
5
2
-1
0
0
0
2
1
0
2
-1
-5
-3
-1
-1
1
2
4
-1
-3
-7
-8
-8
-4
-11
-10
-8
-7
-6
-9
-11
-10
-7
-9
-11
-11
-10
-11
-13
-11
-10
-11
-11
-12
-12
-10
-9
-9
-6
-5
-6
-6
-11
-9
-7
-7
-7
-9
-9
-11
-13
-13
-13
-15
-14
-15
-14
-18
-24
-16
-16
-18
-23
-22
-22
-18
-22
-26
-20
-22
-18
-15
-17
-16
-12
-14
-17
-15
-15
-16
-12
-15
-17
-16
-18
-15
-15
-16
-17
-17
-18
-17
-17
-18
-18
-23
-19
-19
-22
-23
-20
-15
-15
-17
-19
-23
-23
-22
-25
-21
-20
-18
-17
-21
-24
-20
-19
-16
-18
-13
-16
-25
-21
-14
-17
-23
-23
-23
-22
-20
-21
-15
-18
-16
-14
-18
-15
-17
-15
-13
-9
-8
-9
-14
-13
-10
-12
-14
-13
-13
-14
-12
-13
-10
-8
-13
-12
-10
-6
-3
-7
-5
-6
-4
-8
-9
-15
-11
-4
-9
-2
-4
1
1
-2
-2
2
1
-5
-5
-3
0
-2
-2
-4
-6
-6
-2
-3
-5
-3
-5
-1
-2
-2
-3
-2
1
-1
0
0
2
-1
-1
3
3
4
5
3
-1
1
5
4
8
6
12
11
10
10
10
11
10
12
9
11
11
18
12
8
12
14
13
13
11
6
8
3
4
9
8
8
9
12
14
8
9
10
12
11
10
11
11
11
14
17
19
18
18
20
21
16
17
16
16
18
15
18
19
20
14
16
17
18
15
17
16
16
14
12
10
17
20
12
18
18
23
18
17
18
17
20
18
14
16
17
16
17
17
17
15
15
14
13
15
14
14
11
9
12
12
14
8
8
6
5
8
9
10
7
11
11
8
8
8
5
8
12
11
9
9
4
3
7
3
-2
3
1
4
6
3
4
1
5
3
3
3
3
3
4
4
6
6
4
2
6
7
5
9
9
9
8
8
9
7
5
4
8
7
5
6
8
5
4
-1
2
0
-2
1
0
3
-1
3
-1
-5
-5
-2
-3
0
4
1
-5
0
6
2
6
4
6
8
5
7
8
3
4
2
-1
6
3
3
1
2
2
2
2
-1
-1
-3
-1
-2
-5
-6
-3
0
1
-2
2
2
-1
0
-1
-5
-4
0
-1
-2
-3
1
4
4
5
5
-1
-6
0
5
0
-5
-4
-3
-1
-1
-2
-3
-1
-2
0
0
-2
-3
-2
-1
-2
-3
-2
-4
-2
1
-2
-1
-4
-2
0
-2
-2
-1
0
-3
0
2
4
2
0
1
3
-2
-3
-5
-5
2
1
0
2
8
9
7
5
10
13
9
2
2
2
4
5
0
5
6
8
9
13
11
7
9
8
8
8
7
8
5
6
7
7
10
6
8
8
7
7
6
8
6
6
8
9
13
8
9
10
11
11
10
15
12
7
10
14
10
15
15
5
15
14
13
12
3
1
4
2
6
12
9
6
8
6
6
9
10
12
9
9
10
8
11
11
13
13
14
16
15
16
16
12
15
14
13
12
13
16
14
15
15
14
14
15
12
8
6
5
7
3
11
8
8
9
-1
2
8
8
9
7
8
8
6
5
4
7
8
7
5
7
5
0
0
2
3
4
4
2
4
5
4
2
2
0
-1
-2
4
1
1
0
0
3
-2
0
-1
0
2
1
0
3
3
-1
0
1
-2
-3
-5
-4
0
0
0
-1
-3
-2
-3
-3
-5
-5
-6
-9
-6
-4
-5
-7
-7
-5
-2
-6
-4
0
-4
-3
-3
-1
0
-2
-2
-2
-3
-2
-3
-4
-4
-7
-8
-7
-10
-8
-7
-10
-10
-7
-11
-11
-11
-13
-10
-16
-9
-7
-14
-10
-8
-4
-8
-4
-3
-3
-2
-6
-2
-1
-3
-5
-6
-6
-2
-7
-9
-8
-6
-5
-6
-5
-6
-9
-9
-11
-11
-12
-14
-8
-6
-6
-4
-6
-7
-7
-6
-7
-8
-7
-5
-2
-3
-4
1
1
3
2
5
2
-6
3
5
0
-1
1
-2
3
3
2
2
1
3
3
2
4
4
6
6
7
7
3
6
6
7
7
5
6
7
6
7
9
11
9
11
11
9
12
14
13
14
15
15
9
11
10
11
12
9
14
16
17
16
15
22
19
15
17
14
16
15
14
12
13
14
13
14
15
16
13
13
15
17
16
15
14
12
12
11
13
14
13
12
14
12
13
13
15
14
16
16
21
19
16
15
19
23
18
23
21
20
18
16
20
19
29
24
20
24
21
15
13
16
12
15
13
14
16
14
15
18
15
15
17
15
18
19
16
15
15
18
16
20
21
23
24
24
25
23
22
19
20
19
22
21
23
20
24
19
21
24
26
24
19
14
16
17
18
22
26
24
11
16
20
25
27
23
24
22
22
20
21
20
19
20
22
23
21
20
19
15
17
19
19
16
18
19
19
20
20
19
19
14
17
19
20
20
17
18
15
19
17
15
19
23
27
21
19
16
14
17
22
15
15
14
11
15
13
13
10
12
11
9
13
11
13
12
10
11
11
12
11
9
13
10
14
14
11
12
13
12
11
12
9
9
9
9
8
8
9
7
3
2
3
3
3
3
1
-2
1
4
2
-2
-3
-1
-5
-5
0
-1
4
4
2
2
2
4
7
6
5
3
3
4
0
1
0
3
1
1
2
-1
1
1
-2
2
-1
-3
-4
-7
-6
-6
-3
-3
0
0
0
-3
-2
-4
-6
-2
-5
-4
-3
-7
-9
-1
-3
-2
-1
-2
-3
-8
-4
-2
-8
-10
-4
-7
-6
-4
-6
-6
-5
-5
-5
-2
-6
-8
-6
-6
-3
-2
-2
-3
-4
-3
-3
-7
-6
-2
-3
-5
-5
-2
-6
-5
-5
-4
2
-3
-6
-3
-4
-4
-5
-4
-7
-10
-4
-7
-4
-1
3
4
3
3
6
1
-3
-1
-3
-2
-3
0
-1
-3
0
-1
-1
-1
-3
-2
-2
0
-2
-5
-2
-7
-5
-7
-5
-3
-1
-3
-5
-2
-1
-2
-3
-4
-1
-2
-1
3
1
1
0
5
5
3
3
4
1
2
7
6
13
11
4
11
4
1
3
-2
-3
0
0
5
5
3
4
3
2
1
1
0
2
1
1
6
1
2
4
2
4
8
8
6
10
8
5
5
3
1
4
6
6
7
7
4
0
5
2
2
4
2
0
-2
-10
-3
-4
-1
0
-8
-3
2
0
-1
-4
-1
1
-4
-3
-5
-4
-1
-1
-2
-1
-4
-6
-5
-2
-2
-2
-2
-6
-4
-1
-3
-6
-2
-6
-9
-6
-6
-1
-7
-8
-7
-9
-11
-8
-8
-6
-6
-7
-6
-5
-7
-11
-10
-7
-12
-8
-13
-12
-7
-8
-7
-12
-10
-8
-10
-11
-10
-9
-10
-9
-9
-11
-12
-10
-13
-11
-11
-11
-11
-15
-13
-9
-11
-11
-12
-13
-14
-16
-12
-12
-12
-18
-16
-19
-23
-17
-17
-17
-21
-21
-19
-20
-24
-22
-22
-23
-23
-29
-22
-20
-20
-18
-16
-19
-16
-13
-18
-15
-14
-15
-10
-11
-15
-14
-14
-11
-12
-9
-10
-12
-14
-11
-11
-10
-11
-13
-11
-15
-18
-20
-15
-15
-15
-13
-11
-10
-12
-11
-16
-16
-16
-14
-15
-13
-11
-13
-6
-8
-7
-7
-5
-14
-21
-10
-8
-13
-15
-13
-15
-14
-14
-13
-14
-14
-14
-13
-13
-17
-13
-12
-13
-11
-8
-8
-11
-6
-7
-8
-6
-11
-9
-9
-6
-6
-7
-8
-11
-8
-7
-4
-3
-3
-4
-4
-6
-10
-8
-6
-5
-8
-6
-2
2
4
2
0
3
6
3
1
-6
-1
1
3
5
1
1
0
2
4
6
4
5
7
5
6
7
5
5
3
4
6
7
6
6
8
8
9
8
9
10
9
7
9
10
11
12
12
11
16
17
14
14
15
16
12
15
22
16
11
19
14
7
11
6
2
7
9
7
11
9
8
7
7
7
7
8
7
4
7
7
5
5
6
9
8
8
8
10
13
11
10
9
11
13
10
13
13
15
18
11
11
14
11
9
11
11
10
1
-2
3
15
12
5
5
8
8
13
11
11
12
13
12
9
8
9
12
9
11
7
9
6
5
8
10
10
6
8
11
12
8
10
12
8
6
6
7
8
5
4
5
4
6
5
9
7
5
9
9
10
3
5
8
7
0
2
1
-2
1
3
2
1
3
3
3
1
3
3
4
1
3
-2
2
-1
0
0
1
6
3
2
1
4
3
2
4
1
2
0
1
6
2
1
0
-3
-7
-4
-2
-3
-5
-7
-8
-5
-4
-5
-11
-10
-6
-7
-9
-6
-4
-5
-2
0
2
3
2
4
7
1
3
6
4
3
1
0
0
1
1
-3
-1
0
0
1
-2
-4
-6
-6
-6
-9
-4
-2
-2
-3
-3
0
-3
-3
-5
-8
-4
-3
-2
-4
-8
-4
-2
3
0
2
3
-3
-11
0
1
-8
-6
-3
-3
-3
-2
-5
-5
-3
-4
-4
-2
-3
-3
-3
-1
-3
-2
-2
-2
-3
-2
-2
-1
-3
-2
0
-3
-1
0
0
-1
-2
-2
3
2
0
2
0
-4
-2
0
0
-1
0
3
3
1
4
6
9
7
7
1
1
0
2
3
4
5
7
7
4
9
7
9
8
4
9
13
10
8
8
9
10
8
8
7
7
9
8
8
7
7
6
5
5
7
8
7
8
10
10
11
14
13
14
12
12
14
16
16
22
13
15
19
13
15
10
7
9
10
7
13
12
9
12
11
12
14
12
11
13
13
14
15
11
14
15
16
15
19
17
19
20
17
18
14
16
18
16
17
18
20
20
17
20
20
22
18
17
14
14
15
17
14
17
24
18
12
18
23
20
23
19
20
20
19
20
20
20
21
19
23
22
18
18
17
19
18
19
16
22
20
21
19
16
17
14
16
17
17
16
16
13
16
14
14
15
15
19
20
18
19
22
19
15
14
14
11
10
11
11
12
13
13
8
12
8
6
9
7
10
9
7
10
10
9
9
8
6
5
10
7
10
9
9
9
8
11
10
7
9
7
7
6
7
7
3
2
4
4
0
-1
0
2
4
3
-3
-6
-4
1
-3
3
-2
-1
3
0
3
6
8
5
8
7
6
6
8
6
5
2
0
3
3
7
5
4
3
4
4
1
2
-1
-1
-4
-4
-2
0
1
0
0
-1
-2
-1
-6
-5
-3
-7
-4
-4
-1
-2
-2
2
5
8
7
-6
-6
3
-1
-4
-4
-4
-4
-1
-2
-3
-3
0
-2
1
2
1
-4
2
3
0
5
0
0
1
5
3
1
6
5
2
5
7
7
7
9
9
7
8
8
8
10
10
12
10
4
0
5
7
6
7
12
15
14
11
15
13
13
12
8
9
9
8
10
8
8
9
8
12
11
9
13
12
12
11
9
10
8
8
6
8
6
8
8
10
8
11
9
9
10
7
7
10
15
12
15
15
17
13
17
16
13
15
15
17
20
23
11
14
21
19
11
12
8
10
9
12
13
16
13
8
13
11
13
14
15
14
12
12
12
10
12
12
13
15
17
17
19
19
19
14
15
17
18
15
14
19
16
15
15
18
18
16
19
12
8
10
9
8
13
16
15
8
6
11
15
15
11
9
13
13
11
10
9
12
10
9
12
12
6
8
6
6
7
7
8
6
5
7
6
2
3
4
1
4
3
4
3
-2
2
2
-4
-1
-2
-6
0
3
6
0
-4
-3
-2
-5
-8
-4
-8
-9
-7
-2
-4
-5
-5
-6
-10
-9
-11
-10
-9
-9
-8
-9
-10
-10
-11
-8
-6
-8
-9
-10
-11
-11
-11
-10
-12
-11
-9
-10
-11
-10
-14
-14
-14
-18
-18
-19
-20
-14
-19
-23
-20
-18
-18
-23
-24
-25
-29
-33
-21
-19
-25
-20
-15
-17
-15
-12
-14
-13
-13
-13
-12
-11
-11
-16
-15
-16
-13
-10
-13
-13
-13
-16
-16
-16
-18
-17
-21
-22
-22
-22
-18
-18
-15
-15
-15
-17
-20
-21
-25
-24
-24
-24
-22
-22
-22
-19
-15
-15
-18
-16
-14
-25
-27
-18
-19
-20
-21
-20
-21
-24
-25
-24
-22
-20
-19
-18
-18
-19
-19
-17
-12
-16
-15
-16
-17
-16
-14
-16
-18
-18
-16
-16
-17
-16
-15
-18
-19
-16
-17
-14
-15
-15
-14
-12
-18
-20
-20
-22
-16
-16
-14
-15
-12
-11
-10
-11
-6
-8
-19
-16
-17
-16
-13
-14
-13
-14
-12
-12
-12
-13
-13
-13
-14
-11
-12
-16
-16
-14
-18
-17
-15
-20
-14
-17
-16
-14
-15
-12
-16
-16
-15
-15
-14
-11
-8
-11
-13
-9
-7
-8
-10
-11
-11
-10
-8
-7
-6
0
-9
-4
-3
-9
-9
-15
-16
-17
-12
-16
-13
-9
-13
-13
-13
-14
-10
-13
-11
-12
-12
-11
-11
-8
-9
-9
-9
-8
-6
-5
-4
-4
-9
-6
-8
-10
-7
-8
-7
-3
-1
-6
-4
-6
-6
-8
-9
-7
-9
-15
-15
-11
-12
-6
-7
-13
-14
-8
-6
-10
-12
-13
-9
-14
-13
-9
-12
-11
-10
-13
-11
-13
-13
-13
-10
-13
-14
-13
-14
-10
-13
-11
-13
-12
-15
-19
-18
-16
-14
-12
-15
-16
-14
-16
-15
-18
-18
-18
-16
-9
-9
-14
-16
-18
-17
-20
-22
-21
-25
-26
-22
-16
-19
-22
-17
-19
-20
-21
-21
-17
-21
-21
-18
-20
-17
-21
-22
-20
-18
-17
-18
-18
-17
-16
-19
-16
-20
-19
-14
-18
-19
-19
-19
-17
-21
-24
-23
-22
-22
-23
-24
-25
-23
-23
-24
-26
-30
-24
-26
-28
-23
-28
-29
-23
-16
-18
-16
-18
-19
-17
-16
-15
-15
-17
-20
-20
-20
-17
-20
-20
-17
-17
-18
-17
-15
-18
-24
-22
-26
-24
-25
-26
-21
-23
-21
-23
-24
-21
-22
-22
-26
-24
-23
-21
-16
-22
-23
-23
-20
-17
-17
-15
-21
-25
-21
-17
-22
-24
-20
-23
-22
-21
-20
-22
-19
-19
-19
-20
-19
-19
-19
-19
-18
-15
-19
-18
-18
-15
-16
-18
-15
-20
-15
-16
-13
-10
-12
-14
-14
-15
-11
-8
-8
-8
-13
-14
-10
-9
-14
-11
-10
-13
-9
-8
-6
-5
-4
-4
-5
-6
-9
-12
-13
-7
-9
-7
-8
-5
-6
-8
-5
-3
-7
-8
-7
-6
-7
-7
-6
-8
-10
-7
-8
-7
-7
-11
-7
-6
-7
-9
-9
-7
-6
-6
-2
-2
-2
-7
-2
5
2
3
1
3
5
4
3
2
5
10
2
11
12
-3
-1
-2
-3
-4
-3
-4
-2
3
-4
-4
-1
-2
1
0
-3
0
1
1
2
1
2
1
5
6
4
8
6
8
4
0
3
4
2
5
4
3
8
6
4
5
3
5
2
0
4
-1
-5
-6
0
1
3
1
-4
1
4
2
1
1
1
1
-2
3
0
1
0
2
1
-4
1
-6
-2
1
-2
-2
-3
-1
0
1
0
0
-1
-4
-4
0
-2
-1
0
-3
2
1
-1
-1
-1
5
7
2
1
1
-1
-1
1
-5
-4
-1
-7
-3
-2
-2
0
-2
-3
-5
-3
-4
-6
-2
-5
-6
-3
-3
-3
-9
-4
-2
-6
-6
-7
-6
-7
-7
-6
-6
-7
-8
-7
-7
-10
-9
-9
-13
-12
-14
-17
-18
-17
-12
-17
-16
-14
-10
-16
-15
-18
-21
-24
-28
-13
-18
-18
-11
-11
-7
-10
-9
-8
-10
-8
-12
-10
-9
-10
-10
-11
-11
-12
-13
-10
-11
-11
-12
-11
-6
-11
-12
-15
-14
-17
-17
-13
-12
-11
-9
-11
-13
-14
-16
-16
-15
-14
-14
-13
-12
-16
-10
-8
-10
-8
-7
-2
-15
-15
-4
-8
-13
-14
-13
-14
-13
-14
-14
-10
-9
-10
-8
-8
-9
-10
-8
-7
-6
-4
-7
-7
-4
-5
-5
-8
-9
-3
-3
-3
-4
-1
-4
-3
-2
-2
2
-3
1
4
-1
-7
-3
4
2
-1
-2
-2
0
3
3
2
3
8
4
4
-1
-7
-3
0
-1
-1
-1
-2
1
0
0
-3
0
2
1
4
4
1
0
-2
-2
-1
0
-3
-3
-2
0
4
0
3
0
4
3
6
6
7
7
6
13
12
9
11
11
11
10
12
11
16
21
12
19
17
7
7
11
10
8
7
7
12
10
8
11
11
11
10
10
11
11
12
10
13
9
12
13
15
16
17
17
18
19
17
14
11
14
15
14
15
15
18
16
14
17
19
19
16
13
8
7
8
7
15
22
10
5
11
15
15
14
13
13
12
12
11
12
12
15
16
14
14
13
13
14
10
12
17
12
15
14
14
16
13
13
10
12
12
10
10
13
10
8
10
9
9
7
7
8
11
10
5
7
4
6
5
1
2
0
1
3
2
4
3
3
4
2
0
-2
1
2
-2
-2
1
-3
0
-1
-3
1
4
4
2
0
2
1
0
-1
-1
-2
-1
-3
-4
-1
-3
-2
-3
-7
-6
-9
-10
-8
-9
-9
-13
-14
-8
-11
-13
-7
-16
-18
-11
-14
-19
-11
-5
-7
-5
-10
-7
-6
-5
-8
-8
-8
-7
-6
-6
-6
-5
-7
-9
-9
-10
-7
-9
-7
-8
-10
-10
-9
-13
-12
-10
-11
-9
-10
-9
-12
-8
-10
-11
-9
-9
-8
-9
-7
-12
-5
-6
-6
-7
-5
-3
-11
-11
-4
-6
-12
-10
-13
-13
-8
-10
-11
-8
-11
-10
-10
-9
-11
-11
-10
-9
-5
-7
-10
-9
-9
-8
-8
-9
-11
-8
-8
-10
-8
-6
-8
-7
-7
-6
-4
-3
-5
-2
-4
-11
-8
-9
-6
-8
-6
-4
0
0
-2
-6
0
3
-7
-5
-5
-7
-10
-8
-8
-5
-7
-7
-2
-4
-6
-4
-8
-9
-4
-5
-5
-6
-4
-6
-6
-6
-5
-4
-6
-5
-4
-8
-5
-6
-7
-6
-5
-3
-2
3
-1
-1
2
7
1
0
3
3
4
2
3
5
11
3
12
9
-2
0
-6
-5
-5
-2
0
-1
0
-2
-2
-2
-3
1
2
2
2
3
3
1
3
5
3
7
6
9
9
12
10
6
6
5
5
4
6
11
9
8
8
4
6
6
10
6
7
2
3
1
-1
6
7
9
-1
4
6
7
8
9
7
8
6
6
7
5
5
3
7
7
8
4
3
3
6
7
3
8
8
5
9
8
6
6
6
4
5
6
7
7
5
5
5
5
2
8
8
10
7
8
8
3
3
5
5
0
-1
0
4
7
6
6
7
9
9
6
4
7
6
3
7
6
5
4
2
5
6
6
4
6
5
6
6
5
4
2
3
4
4
2
3
5
3
4
0
-1
-2
0
0
-5
-5
-3
1
-4
-3
-4
-2
-10
-10
-1
-9
0
5
3
3
6
9
4
4
3
5
8
2
4
4
1
2
4
7
4
6
9
4
2
5
4
3
3
5
1
0
4
5
6
6
6
2
2
2
1
1
4
4
4
1
0
5
7
8
5
8
7
0
5
10
3
3
7
3
4
7
7
7
7
5
7
6
7
5
5
5
4
10
6
7
5
9
7
6
6
5
6
3
8
5
7
4
5
7
9
9
8
3
1
3
4
6
4
2
7
7
6
8
10
12
10
9
9
11
6
2
2
8
9
10
8
10
10
8
10
7
7
6
6
4
5
3
-3
-1
-1
1
1
-1
0
2
1
1
0
-3
-2
-2
-5
-3
-1
-1
-1
-3
1
0
-1
1
3
-1
0
0
-6
-7
-3
0
-7
-2
-4
-11
-11
-16
-19
-20
-18
-19
-23
-23
-23
-22
-24
-24
-24
-29
-28
-30
-31
-32
-33
-32
-35
-35
-37
-35
-35
-37
-35
-37
-38
-40
-46
-48
-44
-43
-43
-42
-43
-44
-42
-44
-49
-48
-49
-55
-55
-60
-64
-65
-55
-56
-64
-66
-62
-60
-66
-65
-67
-67
-68
-69
-68
-70
-72
-70
-71
-71
-72
-73
-74
-78
-74
-74
-76
-77
-77
-77
-78
-80
-82
-83
-86
-84
-85
-87
-87
-87
-88
-90
-89
-92
-93
-92
-86
-90
-92
-94
-92
-94
-99
-98
-99
-102
-105
-104
-105
-102
-102
-101
-105
-107
-109
-108
-106
-109
-108
-108
-110
-110
-107
-108
-108
-109
-110
-111
-111
-111
-112
-113
-113
-113
-115
-114
-112
-114
-115
-112
-110
-110
-111
-113
-117
-119
-119
-118
-115
-116
-118
-117
-112
-114
-116
-119
-121
-115
-119
-116
-114
-121
-117
-107
-112
-109
-108
-105
-102
-104
-102
-103
-101
-102
-101
-97
-100
-99
-100
-99
-96
-98
-95
-94
-92
-90
-92
-92
-92
-93
-93
-89
-85
-81
-78
-79
-80
-80
-81
-78
-80
-79
-74
-77
-74
-75
-73
-68
-68
-62
-64
-59
-62
-71
-66
-64
-67
-69
-65
-63
-60
-59
-62
-57
-56
-57
-52
-51
-53
-52
-56
-51
-48
-51
-49
-49
-51
-49
-49
-49
-48
-46
-43
-42
-42
-38
-41
-40
-38
-38
-36
-38
-39
-36
-39
-42
-42
-39
-37
-36
-35
-34
-38
-36
-34
-29
-27
-31
-27
-28
-34
-33
-32
-27
-29
-25
-28
-25
-22
-26
-21
-23
-23
-22
-20
-17
-17
-18
-21
-22
-18
-17
-14
-14
-14
-14
-14
-12
-11
-10
-6
-5
-6
-4
-3
-3
-4
-1
4
4
7
7
10
11
10
8
10
15
22
26
24
31
34
30
27
24
24
26
31
31
35
35
30
31
32
34
37
37
40
39
40
40
39
41
45
47
48
49
53
52
54
55
53
53
53
57
59
60
60
64
62
65
68
67
71
66
62
60
58
59
63
68
66
69
66
59
62
67
71
68
68
69
67
67
66
64
63
67
71
68
66
68
69
67
72
71
74
73
70
67
69
71
69
70
70
72
71
72
73
72
68
69
71
70
72
77
80
78
77
73
77
79
77
76
75
73
69
70
71
77
76
75
76
72
74
73
69
66
68
70
69
67
68
62
59
60
62
67
66
71
72
70
69
67
67
68
72
70
71
71
70
70
69
68
65
64
67
64
66
61
59
61
60
63
64
63
63
64
57
65
65
57
60
65
66
68
72
66
67
68
66
66
67
68
65
65
63
64
63
61
64
63
67
64
63
61
58
58
58
56
51
57
59
62
63
61
59
59
56
58
57
58
56
58
57
55
54
56
61
61
64
66
64
56
63
62
59
58
57
59
62
62
59
60
62
59
62
63
61
59
60
61
64
64
66
64
66
64
61
61
61
63
63
66
67
68
67
67
67
67
71
70
71
69
71
72
70
68
59
63
67
72
67
71
73
71
68
74
77
67
68
66
68
68
66
69
70
70
70
70
70
69
67
70
72
71
74
67
68
68
66
67
66
68
65
64
66
67
66
65
64
65
65
65
66
68
66
70
68
72
74
72
74
72
70
71
70
69
76
73
70
78
75
70
69
68
62
66
68
70
69
70
67
68
67
66
70
67
67
65
63
64
66
65
66
67
67
72
73
70
70
71
69
67
67
68
67
68
62
70
69
68
68
66
66
63
61
58
57
55
52
54
67
58
48
50
56
58
57
59
58
54
54
53
52
54
52
52
50
51
52
52
49
46
46
48
47
45
46
47
47
45
45
47
43
38
43
42
39
37
41
38
38
35
35
32
33
38
38
37
36
31
31
34
33
28
29
29
29
29
32
34
32
31
29
31
30
30
25
29
28
26
29
28
25
27
25
27
29
30
30
27
28
28
28
28
27
27
29
26
24
26
24
25
21
15
18
21
21
17
16
17
16
18
13
8
12
15
8
14
15
6
9
16
14
13
16
13
9
14
13
13
12
10
13
8
12
11
11
11
10
11
8
10
8
6
6
9
4
4
2
4
5
7
9
8
7
4
7
4
4
4
2
5
3
0
1
1
6
5
6
7
3
0
0
7
3
2
5
1
3
4
1
4
6
6
3
5
5
4
8
7
8
11
7
5
9
8
7
7
7
8
9
8
9
7
8
10
6
10
11
9
8
11
9
8
3
5
10
5
8
7
11
9
12
15
12
13
15
12
8
6
8
7
10
13
10
11
9
13
13
12
11
9
11
13
14
11
7
7
7
5
9
6
6
5
8
8
7
9
9
7
9
9
9
10
10
12
15
18
17
16
14
19
18
13
16
13
22
18
12
23
13
12
10
9
6
11
12
10
16
14
8
11
13
9
11
10
11
8
11
13
9
10
10
11
12
15
15
14
19
18
14
14
12
14
14
14
15
17
17
16
18
13
15
17
13
9
6
6
13
15
14
20
14
8
14
19
16
17
15
15
14
15
13
16
14
14
14
14
13
13
12
11
15
15
13
14
12
10
14
15
15
11
12
10
10
12
11
11
5
9
9
6
8
6
6
7
11
11
7
9
5
2
5
-2
-1
1
-1
4
2
2
-2
-1
0
-1
0
-1
-2
1
0
-2
-3
0
-3
-8
-1
0
-2
-1
-3
-2
-1
-3
-3
-4
-3
-6
-5
-8
-6
-4
-6
-9
-11
-9
-10
-13
-14
-13
-15
-17
-14
-14
-16
-21
-26
-21
-24
-19
-21
-19
-13
-16
-17
-17
-12
-15
-15
-13
-17
-17
-14
-15
-15
-17
-19
-17
-19
-17
-19
-18
-20
-19
-17
-19
-21
-21
-27
-28
-25
-27
-24
-23
-20
-23
-23
-22
-26
-24
-21
-22
-22
-19
-22
-24
-21
-19
-18
-17
-17
-10
-24
-29
-21
-20
-24
-25
-25
-26
-28
-24
-25
-21
-24
-26
-22
-25
-22
-23
-22
-21
-22
-21
-21
-22
-22
-21
-22
-23
-23
-20
-23
-20
-19
-19
-21
-20
-19
-19
-16
-18
-16
-15
-15
-24
-22
-15
-18
-19
-20
-18
-17
-12
-14
-13
-16
-12
-12
-15
-18
-22
-19
-21
-17
-18
-17
-19
-17
-18
-13
-16
-19
-17
-15
-15
-17
-20
-21
-17
-18
-18
-18
-22
-20
-17
-18
-18
-19
-19
-15
-17
-17
-13
-10
-9
-13
-9
-7
-5
-5
-7
-7
-6
-4
-4
-3
-2
4
-2
-4
-2
-9
-7
-5
-8
-13
-10
-11
-8
-9
-9
-12
-10
-9
-10
-8
-10
-8
-10
-9
-7
-8
-8
-6
-8
-4
-5
-6
-5
-1
-3
-8
-5
-9
-5
-3
-3
-4
-3
-5
-1
-4
-3
-2
-5
-2
-6
-8
-9
-12
-5
-2
-1
-5
-8
-4
-2
-1
-1
-4
-1
-3
-2
-2
-2
-1
-3
-3
-2
0
-3
-3
-3
0
1
-3
-2
-2
-1
-2
-2
-3
-1
-3
-6
-4
-3
-3
-6
-5
-3
-5
-7
-9
-8
-9
-1
-3
-6
-6
-11
-9
-8
-8
-14
-12
-14
-16
-14
-10
-13
-14
-11
-11
-14
-14
-13
-13
-10
-14
-13
-10
-12
-13
-13
-11
-8
-7
-8
-8
-8
-7
-9
-8
-10
-13
-13
-11
-10
-11
-8
-11
-8
-14
-15
-12
-14
-14
-14
-17
-16
-15
-13
-17
-21
-18
-17
-26
-19
-12
-18
-14
-12
-12
-15
-10
-11
-8
-11
-9
-7
-8
-8
-10
-10
-11
-9
-8
-10
-8
-8
-12
-11
-10
-10
-12
-12
-12
-14
-15
-12
-12
-9
-8
-9
-10
-9
-12
-10
-13
-11
-10
-11
-11
-11
-11
-10
-9
-10
-8
-2
-5
-16
-8
-4
-10
-12
-13
-10
-10
-9
-9
-10
-11
-10
-10
-9
-10
-9
-10
-6
-8
-7
-7
-10
-9
-10
-10
-12
-11
-8
-9
-11
-9
-10
-11
-10
-8
-8
-5
-8
-5
-4
-6
-3
-10
-13
-13
-10
-12
-12
-11
-8
-7
-4
-2
-3
-3
-8
-10
-11
-6
-6
-7
-7
-7
-7
-10
-8
-7
-7
-8
-11
-5
-3
-8
-8
-7
-7
-5
-8
-8
-8
-7
-4
-6
-4
-6
-6
-4
-2
-4
-2
3
1
1
-2
5
6
3
3
6
7
5
0
0
2
14
4
3
7
1
0
-2
-1
-4
-3
-3
0
3
-1
-1
1
-2
1
-1
2
4
4
2
0
1
0
3
3
4
3
5
7
7
4
3
2
3
6
4
5
6
10
6
4
5
5
8
5
2
1
0
0
4
3
4
4
1
1
6
9
4
6
1
3
4
5
6
4
6
5
5
6
6
4
2
3
3
4
2
2
4
4
5
5
1
0
-2
-2
-3
0
0
-1
-2
-1
-4
-3
-5
-2
0
-2
0
-5
0
-2
-9
-7
-7
-8
-7
-9
-7
-8
-5
-7
-7
-4
-6
-6
-10
-10
-9
-10
-9
-5
-4
-6
-5
-3
-4
-1
-3
-5
-5
-6
-4
-4
-3
-3
-4
-3
-3
-4
-4
-5
-6
-5
-6
-8
-9
-8
-6
-8
-11
-12
-7
-9
-11
-12
-14
-13
-18
-10
-13
-8
-10
-11
-7
-7
-5
-8
-2
-6
-3
-7
-6
-7
-7
-7
-9
-7
-6
-8
-6
-10
-11
-8
-9
-11
-10
-10
-12
-14
-17
-12
-13
-12
-13
-11
-11
-13
-16
-17
-13
-13
-12
-12
-12
-11
-11
-11
-10
-11
-7
-3
-16
-11
-8
-16
-20
-16
-15
-19
-14
-15
-16
-16
-14
-13
-16
-12
-13
-14
-12
-9
-9
-10
-11
-8
-10
-13
-12
-12
-13
-10
-7
-8
-3
-4
-5
-6
-6
-5
-4
-3
-2
-1
-4
-9
-8
-6
-7
-2
0
-3
0
0
1
3
1
5
0
2
-3
-4
0
-1
3
1
0
5
4
3
3
4
3
0
8
6
5
5
1
4
1
3
3
3
4
2
4
2
1
1
1
1
1
4
5
5
3
7
8
9
11
11
7
9
10
8
10
12
19
7
10
15
9
7
4
3
1
0
0
3
5
3
4
5
1
6
7
4
4
2
6
4
9
7
5
8
8
12
12
13
14
10
12
12
9
12
10
14
15
17
16
14
18
15
16
11
10
7
4
5
6
13
16
17
13
8
12
16
17
16
14
19
20
16
17
15
19
15
19
21
19
19
18
17
18
17
17
19
18
18
17
15
12
13
10
10
10
11
13
9
8
8
8
7
9
10
6
8
11
12
9
8
6
12
6
1
9
3
6
12
8
10
7
9
9
8
8
4
8
7
6
6
5
8
1
3
6
2
3
5
3
0
1
1
0
-1
-1
-2
-3
-2
-1
-2
-4
-2
-5
-4
-5
-5
-1
-2
-1
1
2
5
3
3
2
3
1
7
4
2
9
15
11
11
12
8
9
6
2
3
4
-5
-6
-10
-9
-9
-12
-14
-15
-15
-16
-17
-14
-17
-20
-18
-20
-15
-16
-10
-6
-6
-1
-2
0
3
4
6
10
11
17
16
16
18
15
23
18
21
21
20
12
5
12
6
2
-4
-7
-7
-10
-13
-15
-16
-17
-18
-20
-23
-22
-23
-24
-25
-23
-21
-19
-17
-15
-15
-6
-6
-5
1
6
11
16
22
24
29
31
36
39
41
43
44
44
38
39
36
34
34
38
36
31
31
26
25
13
19
10
2
0
-11
-12
-14
-19
-21
-23
-26
-26
-28
-29
-34
-33
-36
-29
-30
-28
-23
-23
-17
-10
-6
1
6
14
25
29
38
43
52
54
62
67
70
74
72
72
70
70
71
68
67
58
48
46
37
37
30
28
16
13
4
-8
-14
-21
-25
-33
-36
-38
-41
-46
-51
-57
-59
-66
-66
-66
-65
-59
-60
-60
-54
-52
-38
-30
-14
-3
9
22
31
45
51
64
77
89
97
102
107
110
113
112
116
117
109
103
99
88
78
63
55
51
49
49
32
15
13
6
-3
-6
-12
-19
-27
-33
-44
-53
-58
-63
-68
-74
-80
-86
-91
-96
-95
-95
-89
-89
-84
-78
-75
-61
-54
-40
-30
-10
4
20
29
41
55
65
84
94
110
112
125
121
124
124
125
129
125
123
113
108
97
93
78
71
74
67
62
51
45
33
24
19
18
16
9
3
-10
-19
-32
-44
-57
-63
-72
-88
-97
-116
-124
-139
-141
-148
-145
-142
-143
-138
-145
-135
-122
-105
-92
-79
-57
-37
-17
3
18
34
53
73
93
109
119
129
130
136
142
144
143
144
148
143
134
120
123
110
103
98
92
89
77
78
71
69
64
68
70
70
68
63
53
46
38
27
17
5
-15
-39
-54
-74
-88
-116
-130
-157
-179
-193
-215
-220
-238
-228
-231
-215
-216
-206
-194
-183
-155
-123
-82
-71
-40
-16
17
33
58
75
92
123
140
158
158
167
158
156
159
163
166
156
150
134
126
114
112
111
108
105
105
106
104
102
104
111
125
137
145
146
146
150
148
155
152
148
122
99
79
65
37
1
-30
-66
-93
-118
-141
-177
-229
-258
-279
-279
-297
-317
-310
-325
-300
-302
-272
-262
-252
-210
-185
-135
-119
-86
-62
-36
13
38
72
85
88
89
112
135
160
157
151
139
134
139
141
150
138
141
125
127
136
135
131
134
152
164
182
186
192
197
221
240
251
270
281
272
274
281
277
279
259
244
229
205
179
138
93
40
-13
-52
-103
-146
-191
-241
-293
-360
-387
-426
-414
-416
-417
-461
-460
-466
-438
-410
-396
-356
-337
-294
-290
-235
-211
-174
-141
-108
-56
-19
10
19
36
29
30
33
81
114
133
122
115
112
107
127
145
173
189
187
191
194
206
210
232
259
287
305
316
320
326
332
344
373
394
410
404
401
386
376
366
358
359
344
321
284
237
204
166
121
63
5
-38
-99
-154
-211
-261
-331
-395
-419
-435
-448
-497
-546
-547
-529
-529
-584
-595
-591
-568
-542
-531
-495
-491
-489
-489
-449
-403
-396
-375
-320
-269
-225
-192
-149
-136
-89
5
91
166
175
169
174
220
268
292
315
308
273
235
219
207
175
144
126
113
105
86
47
18
7
24
61
104
138
167
175
213
293
406
511
592
599
592
607
655
721
754
776
745
712
660
618
563
498
450
397
339
247
118
-9
-84
-183
-196
-289
-284
-432
-503
-614
-672
-616
-679
-546
-591
-573
-651
-644
-611
-686
-653
-699
-565
-589
-600
-698
-709
-710
-674
-607
-647
-600
-736
-700
-732
-586
-523
-364
-219
-186
-141
-163
5
94
217
282
431
488
445
429
407
434
386
411
409
404
285
165
72
8
-11
-60
-50
-73
-112
-196
-221
-203
-192
-133
-81
10
59
106
138
198
270
369
511
661
849
934
955
956
972
1003
1049
1128
1154
1156
1044
924
824
735
660
619
569
483
370
213
54
-72
-142
-172
-188
-219
-300
-430
-540
-584
-605
-562
-556
-587
-628
-708
-726
-759
-757
-826
-809
-819
-772
-820
-947
-1040
-1051
-974
-992
-910
-978
-1016
-1087
-1110
-1054
-1023
-766
-369
-14
26
-122
-149
-2
265
481
746
983
950
729
627
675
692
618
605
690
634
396
107
-69
-218
-315
-297
-198
-168
-360
-589
-693
-655
-570
-446
-284
-150
-100
-119
-80
18
129
260
458
650
794
815
753
702
739
869
1062
1339
1448
1378
1053
882
846
951
1054
1078
1049
828
615
387
315
280
300
344
358
312
149
-49
-184
-143
4
122
140
118
13
-132
-180
-138
-71
-8
-32
-122
-232
-299
-452
-551
-617
-684
-668
-784
-866
-1105
-1228
-1392
-1376
-1335
-1394
-1455
-1595
-1592
-1729
-1688
-1675
-1567
-1551
-1487
-929
-370
-11
-264
-373
-114
369
731
921
1317
1385
1170
933
1131
1322
1186
944
956
1057
808
391
49
-80
-296
-426
-392
-295
-495
-966
-1182
-1116
-916
-857
-738
-589
-506
-494
-431
-211
-29
120
305
605
861
967
924
898
999
1153
1340
1471
1658
1684
1559
1347
1235
1207
1156
1193
1153
1084
844
563
343
248
231
226
258
223
130
-41
-130
-144
-45
41
149
203
206
144
52
44
117
228
266
294
102
-59
-272
-336
-414
-496
-602
-831
-977
-1267
-1505
-1663
-1689
-1702
-1847
-2010
-2239
-2306
-2494
-2559
-2572
-2423
-2248
-1934
-1553
-1182
-748
-579
-394
-255
261
806
1288
1513
1603
1710
1620
1665
1712
1848
1788
1609
1390
1176
882
433
109
-103
-202
-406
-623
-874
-1149
-1456
-1615
-1488
-1339
-1223
-1204
-1115
-1034
-907
-722
-452
-116
143
428
653
855
967
1046
1163
1363
1568
1662
1684
1606
1492
1334
1240
1211
1245
1240
1171
1071
801
598
347
289
313
406
400
271
146
-57
-86
-42
129
302
403
431
393
395
393
459
600
756
852
825
724
629
486
459
492
472
410
222
-67
-427
-611
-821
-856
-926
-1079
-1464
-1807
-2082
-2311
-2341
-2395
-2438
-2558
-2613
-2839
-2865
-2864
-2714
-2483
-2190
-1789
-1466
-778
-348
-51
13
234
774
1291
1828
1980
2122
2043
1920
1863
1946
2028
1823
1563
1307
1056
622
185
-194
-407
-596
-784
-939
-1189
-1492
-1857
-1892
-1741
-1502
-1366
-1278
-1149
-1054
-858
-615
-254
76
388
683
957
1168
1256
1334
1459
1671
1852
1968
1919
1791
1606
1456
1440
1478
1502
1367
1110
787
553
472
457
441
352
217
110
24
-19
-57
-20
62
186
322
404
406
375
432
553
740
921
979
946
873
837
779
717
680
567
498
267
16
-279
-560
-864
-1137
-1266
-1483
-1723
-2007
-2331
-2410
-2598
-2651
-2838
-2907
-2950
-2993
-2899
-2944
-2817
-2702
-2480
-2179
-1750
-984
-187
151
140
58
499
1172
1759
2083
2273
2408
2121
1912
1952
2090
1968
1640
1513
1401
1018
354
-178
-433
-613
-783
-877
-995
-1330
-1881
-2158
-1991
-1712
-1541
-1441
-1257
-1096
-1011
-849
-544
-149
156
518
920
1217
1316
1287
1359
1576
1853
2050
2112
2030
1915
1690
1527
1430
1517
1513
1385
1195
861
577
305
259
263
343
299
135
-15
-142
-189
-120
105
284
417
461
477
442
517
642
812
1009
1103
1121
981
894
742
671
653
595
477
204
-109
-505
-807
-1098
-1282
-1518
-1753
-2020
-2288
-2466
-2767
-2811
-3067
-3012
-3174
-3178
-3239
-3221
-3130
-3061
-2729
-2457
-1995
-1546
-641
-53
174
-6
249
968
1633
2114
2261
2585
2426
2154
2016
2280
2394
2042
1773
1618
1453
791
144
-198
-343
-606
-870
-968
-1206
-1712
-2270
-2252
-1968
-1752
-1721
-1619
-1432
-1371
-1243
-999
-517
-159
162
520
912
1150
1181
1255
1454
1784
2020
2150
2155
2043
1860
1708
1739
1808
1802
1652
1412
1182
876
630
471
458
461
373
231
39
-141
-257
-214
-12
206
312
338
332
364
450
614
801
1012
1137
1136
1100
1042
947
885
872
865
726
484
158
-229
-499
-696
-878
-1141
-1343
-1719
-2007
-2306
-2559
-2711
-2821
-2819
-3029
-3093
-3280
-3396
-3302
-3298
-3161
-3044
-2675
-2260
-1812
-1034
-440
-103
-158
18
683
1414
1994
2175
2408
2492
2332
2201
2357
2549
2373
2044
1883
1710
1222
544
70
-71
-297
-574
-836
-1104
-1547
-2096
-2249
-2073
-1860
-1863
-1861
-1729
-1632
-1522
-1321
-925
-505
-170
178
561
852
969
1069
1322
1679
1984
2159
2171
2129
1996
1914
1889
1990
2143
2066
1858
1436
1094
791
691
718
716
627
318
45
-201
-290
-284
-140
57
183
217
154
117
147
321
585
884
1058
1079
954
850
840
860
949
974
910
625
278
-110
-407
-553
-698
-768
-1059
-1428
-1995
-2373
-2557
-2591
-2518
-2706
-2828
-3180
-3329
-3557
-3583
-3471
-3318
-3054
-2984
-2709
-2450
-1742
-902
-358
-241
-255
243
945
1625
1945
2256
2479
2447
2318
2440
2698
2581
2252
2019
2041
1727
1109
516
201
-38
-407
-622
-841
-1201
-1851
-2250
-2191
-2028
-2038
-2133
-2035
-1926
-1833
-1696
-1363
-994
-689
-363
80
508
718
844
1034
1387
1742
2007
2159
2189
2147
2046
2098
2068
2036
2010
2031
2053
1697
1246
779
676
703
728
680
413
67
-300
-408
-322
-149
-49
18
38
92
99
111
238
474
766
938
1080
1026
893
774
808
915
1009
913
661
281
-66
-339
-529
-608
-857
-1071
-1487
-1877
-2157
-2413
-2599
-2738
-2835
-2941
-3173
-3342
-3528
-3584
-3548
-3508
-3278
-3141
-2916
-2412
-1471
-611
-408
-588
-500
229
1143
1788
2196
2507
2540
2313
2260
2658
2914
2697
2419
2366
2282
1716
989
524
318
100
-184
-363
-709
-1418
-2149
-2365
-2121
-1967
-2063
-2147
-2128
-2143
-2126
-1893
-1474
-1092
-756
-353
125
438
529
657
994
1500
1944
2216
2309
2250
2137
2088
2198
2364
2353
2109
2043
2021
1871
1453
1004
773
714
789
652
476
105
-293
-474
-345
-100
-49
-67
-111
-64
27
154
281
479
689
881
1010
1085
1057
874
919
1049
1193
1096
827
467
64
-110
-253
-345
-592
-903
-1336
-1784
-2063
-2276
-2456
-2638
-2737
-2968
-3148
-3431
-3596
-3637
-3546
-3478
-3407
-3241
-3141
-2724
-1898
-852
-416
-486
-589
-41
853
1614
2118
2436
2672
2508
2414
2631
3000
2901
2587
2526
2507
2144
1379
788
482
282
-3
-226
-508
-1121
-1910
-2353
-2242
-2076
-2127
-2280
-2280
-2268
-2270
-2121
-1795
-1393
-1060
-647
-167
241
410
509
800
1275
1796
2147
2324
2318
2236
2170
2243
2402
2514
2499
2284
2115
1861
1552
1210
1003
936
831
711
383
45
-284
-460
-431
-259
-126
-182
-251
-263
-169
-33
209
436
655
812
894
950
974
1049
1064
1201
1274
1220
947
685
400
190
43
-96
-329
-689
-1083
-1526
-1875
-2127
-2194
-2365
-2449
-2819
-3149
-3378
-3469
-3489
-3508
-3352
-3412
-3341
-3399
-3252
-2841
-1965
-798
-249
-254
-618
-221
635
1523
2087
2460
2825
2660
2406
2445
2861
2865
2613
2550
2623
2311
1444
703
363
275
-3
-181
-408
-965
-1850
-2470
-2382
-2164
-2126
-2269
-2215
-2202
-2280
-2241
-1969
-1518
-1130
-676
-170
246
363
403
653
1149
1727
2145
2368
2370
2279
2165
2203
2376
2560
2585
2339
2134
1955
1702
1325
1045
925
880
788
492
149
-191
-431
-477
-264
-85
-107
-216
-257
-188
-53
184
413
630
812
932
957
1002
1056
1066
1133
1293
1294
1062
768
414
197
64
15
-257
-548
-1043
-1437
-1848
-2052
-2115
-2265
-2379
-2773
-2995
-3340
-3377
-3459
-3406
-3281
-3327
-3268
-3278
-3174
-3121
-2397
-985
-30
-14
-656
-537
347
1315
1907
2397
2928
2793
2297
2259
2830
2991
2594
2441
2720
2597
1706
822
463
369
67
-91
-134
-539
-1574
-2447
-2429
-2091
-2004
-2182
-2150
-2117
-2256
-2330
-2082
-1612
-1244
-864
-337
165
333
287
420
914
1547
2043
2333
2391
2298
2120
2115
2333
2631
2702
2462
2225
2099
1914
1499
1171
1024
1006
939
714
358
-53
-378
-499
-291
-21
-19
-197
-293
-262
-126
101
357
564
729
846
897
952
978
992
1062
1224
1308
1099
783
459
218
113
63
-84
-377
-798
-1251
-1666
-1853
-2015
-2108
-2177
-2480
-2764
-3119
-3240
-3322
-3234
-3131
-2891
-2887
-3142
-3349
-3284
-2637
-1449
-205
48
-368
-808
-341
699
1576
2095
2490
2690
2326
2123
2299
2615
2544
2378
2552
2660
2129
1128
474
259
258
204
125
-190
-1006
-1957
-2328
-2051
-1843
-1860
-1946
-1972
-2044
-2173
-2138
-1867
-1449
-1034
-520
-69
147
109
90
425
1067
1701
2064
2151
2043
1900
1873
2019
2289
2431
2409
2278
1986
1811
1577
1395
1205
1141
1037
824
614
198
-77
-201
-133
-29
38
-71
-232
-254
-154
43
271
485
581
662
715
809
858
956
1098
1162
1220
1157
931
681
419
320
234
216
-105
-506
-878
-1173
-1334
-1691
-1807
-2045
-2153
-2404
-2592
-2862
-3130
-3174
-3193
-3060
-3008
-3066
-3222
-3210
-3185
-2942
-2149
-834
-64
-223
-821
-743
237
1198
1821
2206
2636
2491
2030
2048
2546
2750
2470
2449
2655
2433
1556
727
448
458
345
185
12
-535
-1507
-2233
-2155
-1801
-1737
-1906
-1989
-2041
-2223
-2265
-2050
-1617
-1210
-827
-411
-107
-17
-50
185
740
1407
1852
2012
1978
1897
1844
1970
2229
2514
2623
2379
2032
1744
1703
1587
1523
1341
1161
919
590
313
65
-21
-115
-24
25
-53
-272
-385
-305
-88
204
422
538
535
565
600
760
975
1140
1187
1171
1135
944
782
616
559
462
352
108
-219
-590
-947
-1149
-1270
-1449
-1755
-2017
-2309
-2409
-2630
-2790
-2973
-3056
-3112
-3153
-3069
-3079
-3116
-3153
-3090
-2749
-1930
-841
-215
-394
-796
-574
362
1282
1818
2164
2421
2314
2038
2161
2585
2693
2475
2430
2550
2272
1473
777
539
527
396
208
-57
-691
-1550
-2073
-1955
-1680
-1701
-1909
-2030
-2118
-2211
-2184
-1933
-1548
-1200
-850
-472
-201
-114
-54
252
813
1403
1768
1882
1861
1818
1851
2016
2288
2439
2371
2146
2063
1880
1648
1528
1469
1407
1184
928
567
357
152
-2
50
107
10
-194
-269
-307
-213
-32
166
317
439
490
497
604
766
902
984
1150
1170
1057
887
776
678
601
534
353
101
-199
-477
-747
-939
-1176
-1481
-1796
-1917
-2125
-2347
-2587
-2733
-2879
-3003
-2983
-3042
-3029
-3122
-3131
-3094
-2934
-2749
-2249
-1157
-355
-314
-763
-691
91
980
1621
1993
2363
2288
1961
1947
2423
2708
2499
2370
2464
2325
1618
942
655
598
442
250
34
-460
-1268
-1946
-1954
-1680
-1614
-1824
-1969
-2067
-2210
-2220
-2011
-1612
-1289
-991
-661
-359
-202
-142
88
579
1173
1579
1752
1757
1729
1731
1872
2116
2342
2367
2182
1952
1800
1588
1418
1445
1387
1243
942
663
333
139
25
-6
124
81
-97
-294
-302
-285
-137
88
273
386
438
460
480
662
826
981
1084
1207
1130
961
883
789
778
718
645
363
51
-244
-473
-696
-878
-1101
-1345
-1555
-1871
-2139
-2344
-2420
-2587
-2701
-2785
-2828
-2889
-3000
-3007
-2989
-2876
-2798
-2614
-2291
-1547
-653
-361
-505
-672
-158
664
1391
1774
2057
2229
1990
1912
2192
2592
2526
2305
2269
2261
1862
1182
794
659
542
299
101
-251
-869
-1577
-1832
-1623
-1524
-1651
-1851
-1940
-2067
-2109
-1970
-1660
-1324
-1086
-783
-478
-260
-169
1
385
914
1373
1610
1684
1670
1697
1791
2013
2214
2284
2166
1999
1877
1708
1508
1382
1390
1309
1116
815
517
246
72
30
104
141
6
-195
-312
-283
-197
-15
182
316
372
389
425
536
711
862
997
1125
1148
1040
922
881
916
893
806
633
373
107
-165
-408
-636
-805
-944
-1169
-1460
-1826
-2048
-2189
-2337
-2338
-2539
-2628
-2814
-2905
-2959
-2910
-2841
-2856
-2691
-2615
-2400
-1694
-681
-324
-495
-731
-241
595
1269
1656
1928
2199
1961
1880
2133
2559
2494
2182
2242
2297
1952
1233
841
707
573
362
153
-135
-764
-1482
-1758
-1550
-1453
-1614
-1853
-1945
-2031
-2101
-1968
-1697
-1381
-1181
-881
-573
-353
-255
-121
274
793
1256
1484
1564
1561
1600
1730
1936
2152
2220
2103
1903
1824
1742
1531
1370
1287
1186
1009
816
560
286
54
-54
-3
73
-23
-245
-336
-323
-250
-113
61
187
266
336
406
502
638
756
862
1050
1144
1063
947
901
858
863
886
795
575
243
12
-258
-387
-567
-803
-1020
-1317
-1551
-1915
-2106
-2344
-2388
-2372
-2448
-2613
-2885
-3036
-3079
-2902
-2766
-2660
-2658
-2491
-2098
-1258
-600
-479
-592
-515
201
873
1466
1710
1911
1950
1873
2064
2340
2517
2288
2141
2164
2071
1624
1103
812
628
464
251
5
-476
-1079
-1537
-1568
-1451
-1520
-1735
-1948
-1987
-2027
-1939
-1772
-1544
-1331
-1116
-781
-505
-307
-185
67
480
947
1293
1455
1507
1542
1661
1854
2055
2149
2101
1962
1870
1911
1836
1548
1288
1124
1067
970
765
441
145
-22
-102
-50
-59
-216
-390
-406
-317
-207
-99
-29
46
177
345
463
554
628
712
836
1020
1110
1044
966
901
890
876
844
743
526
326
70
-103
-309
-499
-754
-1092
-1286
-1581
-1727
-1956
-2167
-2316
-2546
-2497
-2744
-2752
-2877
-2886
-2822
-2859
-2685
-2697
-2315
-1947
-1079
-506
-447
-615
-472
312
936
1532
1743
2027
1961
1853
1981
2326
2518
2292
2231
2172
2068
1479
1013
810
703
530
258
42
-515
-1102
-1548
-1509
-1383
-1461
-1667
-1857
-1925
-2036
-1936
-1762
-1463
-1240
-1007
-716
-500
-342
-222
115
545
1026
1316
1447
1473
1514
1651
1843
2082
2172
2130
1947
1935
1894
1752
1474
1269
1224
1111
960
642
389
98
-51
-82
-42
-98
-309
-424
-438
-309
-228
-111
-29
88
214
348
465
537
640
725
895
1026
1047
978
891
892
868
876
801
661
417
218
54
-152
-319
-591
-829
-1077
-1262
-1509
-1790
-2017
-2172
-2248
-2348
-2500
-2681
-2823
-2856
-2813
-2753
-2743
-2722
-2578
-2262
-1586
-851
-536
-629
-737
-247
507
1175
1516
1728
1910
1826
1843
2088
2397
2370
2186
2181
2179
1856
1284
923
810
706
501
250
-135
-702
-1271
-1460
-1334
-1310
-1511
-1756
-1863
-1947
-1962
-1857
-1646
-1402
-1198
-936
-673
-495
-382
-190
214
695
1093
1291
1355
1402
1505
1694
1920
2080
2143
2091
1938
1870
1801
1649
1420
1287
1206
1065
876
555
258
52
-27
-52
-51
-138
-352
-454
-416
-305
-204
-85
-8
51
161
285
399
507
644
751
875
987
956
840
787
829
889
868
797
578
356
135
-16
-175
-314
-491
-799
-1091
-1374
-1560
-1786
-1904
-2032
-2204
-2379
-2553
-2687
-2798
-2779
-2769
-2707
-2686
-2653
-2489
-2157
-1417
-805
-544
-640
-617
-54
605
1208
1469
1763
1902
1823
1869
2131
2384
2264
2162
2172
2138
1733
1218
926
824
679
451
218
-183
-739
-1257
-1363
-1270
-1309
-1537
-1722
-1778
-1883
-1884
-1790
-1564
-1345
-1138
-857
-618
-448
-358
-110
297
749
1096
1272
1345
1412
1524
1705
1918
2048
2085
2033
2009
1952
1770
1491
1310
1300
1275
1133
849
494
175
-1
-15
30
2
-166
-339
-393
-355
-294
-204
-77
39
151
244
308
356
436
595
782
962
975
893
771
787
849
882
868
721
541
297
147
-44
-217
-373
-610
-702
-1003
-1249
-1677
-1847
-1868
-1954
-2015
-2245
-2393
-2602
-2655
-2656
-2563
-2519
-2507
-2517
-2321
-2002
-1456
-815
-581
-538
-507
-15
522
1030
1374
1612
1818
1791
1873
2024
2198
2142
2058
2096
2030
1723
1235
964
808
637
437
223
-135
-616
-1043
-1226
-1208
-1281
-1422
-1588
-1635
-1708
-1727
-1647
-1498
-1266
-1066
-790
-561
-397
-277
-62
297
688
1021
1206
1310
1398
1511
1654
1836
1953
1993
1945
1854
1685
1741
1746
1490
1212
1001
981
842
722
399
187
84
-53
-76
-87
-156
-329
-294
-192
-100
-63
9
63
183
359
468
514
560
676
698
822
930
881
764
732
722
625
596
478
296
115
-64
-277
-467
-679
-927
-1164
-1321
-1484
-1676
-1899
-2137
-2297
-2407
-2443
-2490
-2589
-2655
-2740
-2710
-2648
-2520
-2268
-1823
-1037
-646
-587
-773
-522
162
805
1317
1577
1846
1745
1637
1794
2198
2333
2191
2156
2149
1920
1393
1030
871
798
612
402
126
-373
-972
-1349
-1285
-1194
-1285
-1520
-1666
-1788
-1920
-1853
-1653
-1364
-1180
-960
-734
-558
-439
-303
32
490
913
1160
1269
1307
1371
1499
1716
1971
2103
2041
1946
1879
1802
1602
1407
1314
1299
1222
977
663
346
113
9
33
63
-48
-265
-424
-444
-372
-263
-130
-18
91
166
216
268
385
519
703
886
966
916
820
769
812
886
914
819
655
491
279
140
-26
-180
-429
-669
-875
-1135
-1318
-1545
-1795
-2004
-2138
-2165
-2312
-2484
-2742
-2835
-2737
-2668
-2635
-2692
-2617
-2411
-1949
-1226
-703
-577
-679
-521
102
783
1313
1537
1728
1846
1834
1958
2197
2349
2222
2147
2178
2065
1643
1146
878
776
653
445
130
-328
-861
-1267
-1318
-1245
-1332
-1568
-1740
-1800
-1849
-1826
-1713
-1502
-1267
-1028
-754
-541
-401
-278
2
438
875
1180
1303
1356
1435
1578
1783
1969
2076
2112
2119
2069
1854
1569
1384
1354
1374
1278
1032
670
308
60
-17
33
18
-117
-290
-414
-472
-448
-349
-228
-76
95
202
228
261
339
484
715
944
1023
960
878
833
836
914
951
891
715
519
332
134
-48
-220
-427
-639
-922
-1114
-1381
-1588
-1780
-1943
-2062
-2184
-2327
-2534
-2603
-2637
-2593
-2592
-2567
-2580
-2526
-2425
-2164
-1551
-740
-386
-447
-551
-231
421
993
1482
1727
1921
1819
1747
1908
2167
2208
2065
2090
2080
1768
1208
832
667
559
418
235
-74
-614
-1159
-1439
-1375
-1295
-1393
-1553
-1655
-1736
-1810
-1737
-1538
-1265
-1035
-762
-496
-332
-234
-99
249
686
1086
1316
1404
1435
1484
1596
1785
1969
2040
1967
1855
1866
1772
1528
1231
1125
1112
1046
874
551
259
-11
-116
-78
14
-63
-252
-362
-352
-264
-183
-63
52
186
289
357
403
499
594
717
885
1007
951
824
784
747
749
741
660
526
299
70
-196
-390
-560
-761
-890
-1140
-1375
-1695
-1890
-2020
-2101
-2117
-2269
-2366
-2563
-2639
-2645
-2574
-2488
-2466
-2386
-2227
-1890
-1376
-769
-480
-435
-401
-3
598
1118
1461
1615
1783
1792
1826
1967
2153
2139
1984
1952
1878
1620
1146
815
651
521
329
73
-254
-721
-1125
-1329
-1293
-1283
-1422
-1592
-1661
-1677
-1670
-1575
-1397
-1162
-963
-712
-481
-288
-149
41
386
755
1081
1258
1345
1406
1488
1633
1796
1920
1894
1804
1711
1715
1624
1488
1285
1094
991
864
763
513
312
62
-15
-14
-47
-119
-238
-273
-279
-152
-67
25
87
193
292
408
541
603
674
756
885
938
948
897
825
778
754
729
628
481
267
56
-83
-215
-437
-713
-959
-1147
-1358
-1579
-1810
-1975
-2157
-2232
-2334
-2469
-2549
-2703
-2673
-2684
-2594
-2563
-2582
-2386
-2131
-1420
-735
-428
-485
-594
-142
495
1162
1534
1760
1875
1784
1791
1997
2267
2229
2098
2072
2062
1723
1203
841
688
586
426
225
-151
-694
-1224
-1412
-1323
-1261
-1399
-1601
-1699
-1794
-1792
-1694
-1460
-1223
-1023
-738
-495
-321
-235
-50
309
747
1125
1329
1388
1412
1473
1619
1819
1970
2042
1934
1805
1622
1582
1587
1445
1237
998
888
702
539
296
108
27
-43
-78
-137
-229
-385
-364
-218
-46
51
116
149
198
332
473
615
721
825
861
891
915
888
854
841
853
757
659
496
290
109
-61
-180
-404
-653
-935
-1134
-1355
-1543
-1701
-1860
-1972
-2146
-2304
-2454
-2523
-2534
-2536
-2458
-2491
-2507
-2524
-2455
-2140
-1712
-1034
-545
-352
-441
-373
101
697
1288
1594
1798
1834
1756
1751
1922
2101
2098
2045
1986
1821
1413
943
656
566
471
303
45
-377
-882
-1299
-1406
-1340
-1296
-1408
-1538
-1629
-1729
-1718
-1596
-1335
-1061
-794
-559
-384
-261
-158
84
469
888
1202
1344
1376
1391
1452
1586
1780
1927
1940
1795
1648
1545
1448
1279
1145
1131
1016
820
520
284
96
18
15
12
-15
-176
-316
-330
-235
-131
1
110
208
259
313
385
497
644
764
874
934
950
862
799
826
841
808
743
595
404
214
38
-103
-274
-459
-693
-914
-1128
-1381
-1596
-1764
-1787
-1918
-2064
-2330
-2446
-2476
-2494
-2386
-2469
-2394
-2530
-2463
-2388
-2086
-1645
-1110
-514
-377
-361
-406
74
656
1239
1562
1754
1861
1703
1692
1820
2093
2086
2018
1943
1775
1394
902
661
542
482
267
38
-351
-836
-1253
-1423
-1294
-1269
-1334
-1498
-1572
-1673
-1695
-1549
-1293
-987
-761
-524
-362
-227
-120
121
486
885
1204
1339
1392
1387
1462
1574
1747
1907
1898
1767
1563
1477
1420
1319
1239
1124
961
723
524
352
198
105
24
-10
-49
-153
-300
-310
-237
-120
25
139
203
236
309
404
552
701
811
839
894
902
873
829
848
835
750
698
545
388
188
23
-154
-272
-460
-753
-1005
-1218
-1354
-1547
-1709
-1853
-1992
-2149
-2320
-2382
-2414
-2458
-2463
-2477
-2416
-2394
-2426
-2327
-2016
-1475
-796
-363
-315
-463
-269
279
919
1436
1671
1812
1756
1680
1759
1996
2098
2014
1966
1908
1691
1212
781
572
489
386
226
-55
-541
-1061
-1379
-1375
-1254
-1275
-1422
-1536
-1637
-1701
-1631
-1442
-1174
-935
-672
-440
-267
-180
-67
235
628
1031
1283
1366
1371
1374
1458
1623
1804
1897
1840
1684
1503
1418
1370
1239
1065
946
851
693
448
204
35
-31
-40
-43
-85
-195
-321
-333
-198
-59
56
130
207
271
374
493
573
676
763
862
911
946
885
790
755
771
759
655
532
297
116
-37
-158
-326
-500
-740
-1014
-1268
-1432
-1591
-1731
-1838
-2026
-2165
-2296
-2367
-2467
-2498
-2482
-2472
-2433
-2420
-2414
-2192
-1802
-1228
-640
-368
-422
-467
-32
594
1143
1475
1679
1776
1700
1700
1882
2067
2061
1959
1903
1814
1501
1003
667
557
463
288
70
-279
-780
-1222
-1379
-1293
-1248
-1362
-1504
-1589
-1656
-1650
-1538
-1319
-1063
-822
-579
-369
-220
-125
66
413
818
1153
1312
1351
1368
1420
1533
1698
1823
1855
1755
1582
1419
1344
1252
1107
990
868
752
543
304
90
-22
-56
-59
-55
-129
-262
-338
-292
-146
17
118
178
240
337
429
539
657
765
842
886
922
898
817
755
739
760
717
596
393
191
1
-141
-231
-344
-578
-849
-1152
-1355
-1490
-1547
-1683
-1795
-1920
-2132
-2198
-2296
-2251
-2266
-2190
-2238
-2243
-2175
-2157
-1949
-1670
-1133
-468
-116
-177
-357
-94
501
1121
1486
1638
1765
1646
1509
1616
1893
1936
1809
1697
1647
1395
896
500
368
338
203
29
-258
-686
-1170
-1426
-1316
-1142
-1184
-1339
-1419
-1486
-1500
-1401
-1170
-878
-645
-428
-226
-60
11
139
420
803
1169
1340
1353
1335
1330
1401
1543
1722
1788
1713
1560
1439
1328
1129
982
911
911
811
622
333
84
-75
-124
-35
33
-23
-189
-270
-244
-130
5
129
244
320
376
419
481
536
618
720
835
894
816
676
570
541
543
560
476
311
53
-174
-336
-497
-586
-738
-927
-1145
-1394
-1615
-1827
-1872
-1982
-2028
-2081
-2183
-2280
-2391
-2430
-2463
-2293
-2229
-2068
-1837
-1370
-690
-415
-434
-615
-186
479
1061
1384
1496
1663
1540
1517
1716
2071
2057
1851
1749
1715
1502
1019
700
568
518
284
83
-201
-659
-1135
-1366
-1217
-1117
-1227
-1449
-1542
-1604
-1605
-1474
-1242
-988
-817
-610
-412
-197
-95
54
365
743
1098
1248
1296
1298
1341
1441
1608
1767
1836
1728
1569
1527
1427
1260
1040
971
914
826
635
329
124
-67
-133
-108
-27
-125
-278
-351
-313
-202
-88
29
107
220
300
382
428
526
597
684
803
879
792
655
630
599
621
565
432
261
68
-116
-321
-459
-569
-781
-946
-1172
-1404
-1598
-1786
-1868
-1969
-2016
-2143
-2252
-2337
-2385
-2389
-2327
-2309
-2281
-2062
-1699
-963
-481
-397
-625
-541
91
741
1244
1416
1614
1591
1493
1594
1898
2053
1911
1803
1783
1710
1272
827
582
530
419
220
12
-410
-924
-1331
-1323
-1156
-1172
-1358
-1508
-1568
-1603
-1543
-1385
-1135
-939
-725
-495
-262
-124
-47
175
525
939
1197
1296
1319
1333
1393
1521
1684
1793
1786
1673
1544
1476
1353
1181
1017
943
866
728
515
256
61
-91
-103
-59
-45
-166
-279
-311
-238
-118
-22
84
167
247
306
372
454
551
649
734
806
781
700
619
577
552
504
450
326
143
-110
-305
-448
-554
-707
-939
-1180
-1392
-1578
-1675
-1815
-1998
-2161
-2260
-2230
-2285
-2309
-2518
-2511
-2430
-2240
-1801
-1078
-533
-601
-832
-766
-52
629
1100
1340
1607
1648
1467
1550
1870
2117
1987
1938
2012
1881
1360
866
706
676
601
389
156
-279
-856
-1295
-1296
-1114
-1152
-1331
-1505
-1569
-1673
-1683
-1524
-1254
-1000
-785
-555
-386
-280
-199
47
463
912
1180
1275
1284
1293
1383
1519
1717
1836
1851
1704
1558
1472
1400
1228
1057
972
885
761
516
263
36
-68
-118
-88
-72
-181
-325
-376
-307
-193
-61
38
126
198
279
355
424
520
600
715
805
851
755
633
589
607
629
545
397
144
-43
-183
-289
-466
-624
-821
-1040
-1276
-1442
-1612
-1754
-1814
-1952
-2062
-2179
-2254
-2318
-2300
-2287
-2317
-2215
-2074
-1498
-713
-358
-573
-865
-442
264
909
1180
1451
1630
1450
1363
1622
2020
1988
1798
1769
1883
1611
1045
693
613
551
374
242
-19
-519
-1128
-1363
-1176
-1052
-1182
-1382
-1484
-1583
-1615
-1541
-1296
-1051
-867
-657
-421
-228
-176
-53
218
668
1051
1216
1272
1275
1286
1371
1547
1719
1791
1716
1563
1437
1460
1311
1079
937
903
848
650
435
141
-27
-122
-110
-47
-69
-241
-390
-345
-224
-106
-9
92
152
218
316
364
445
519
607
685
768
745
592
514
511
513
449
355
160
-65
-221
-357
-493
-675
-850
-1028
-1174
-1316
-1551
-1714
-1908
-1958
-1993
-2011
-2054
-2235
-2322
-2374
-2228
-2122
-1683
-857
-430
-551
-965
-732
-52
643
998
1258
1570
1448
1231
1339
1808
1936
1806
1762
1897
1709
1122
715
628
659
506
364
149
-279
-905
-1288
-1178
-994
-1051
-1249
-1356
-1471
-1569
-1588
-1387
-1108
-898
-693
-506
-323
-278
-196
44
479
904
1116
1186
1179
1193
1260
1432
1623
1781
1728
1610
1548
1475
1283
1063
1020
1026
989
768
483
210
3
-100
-64
23
-51
-229
-377
-365
-303
-198
-91
17
111
164
195
220
299
372
483
636
717
659
555
447
409
417
407
385
241
-15
-244
-409
-505
-619
-757
-928
-1169
-1317
-1487
-1615
-1676
-1806
-1862
-1921
-1951
-2041
-2115
-2137
-2078
-2008
-1442
-580
-248
-533
-1038
-641
73
778
1007
1227
1479
1241
1060
1285
1793
1775
1569
1576
1767
1504
903
533
507
553
396
318
69
-405
-1039
-1306
-1050
-872
-978
-1216
-1321
-1429
-1486
-1437
-1209
-975
-780
-607
-411
-247
-240
-150
87
555
944
1087
1101
1068
1095
1168
1380
1617
1692
1652
1499
1456
1274
1102
1033
1027
1030
870
638
331
129
-35
-65
20
39
-112
-280
-369
-393
-300
-178
-62
24
80
77
62
136
236
326
438
539
540
419
327
268
239
278
247
162
-16
-244
-448
-614
-630
-748
-836
-977
-1157
-1363
-1588
-1658
-1678
-1668
-1713
-1752
-1850
-1938
-2009
-1972
-1714
-941
-373
-347
-737
-831
-351
226
704
957
1277
1250
1039
1005
1333
1552
1467
1441
1577
1572
1104
666
468
469
428
362
280
-61
-595
-1055
-1066
-878
-840
-959
-1075
-1182
-1296
-1338
-1237
-1005
-810
-614
-438
-269
-226
-212
-63
259
673
917
1011
1000
981
1007
1141
1367
1488
1526
1501
1496
1358
1154
979
938
1007
997
872
598
334
64
-17
44
119
68
-74
-216
-308
-282
-226
-133
-32
68
74
78
79
96
140
255
416
465
437
302
190
116
148
157
141
61
-131
-317
-529
-629
-751
-791
-877
-982
-1146
-1370
-1494
-1591
-1595
-1610
-1612
-1674
-1753
-1809
-1808
-1392
-765
-388
-482
-715
-547
-125
329
612
921
1140
1077
977
1117
1361
1380
1305
1371
1505
1340
950
637
515
455
376
326
175
-181
-643
-888
-846
-781
-838
-939
-1019
-1101
-1164
-1161
-1051
-897
-725
-544
-351
-215
-174
-128
44
374
684
869
940
950
960
1019
1173
1334
1508
1568
1471
1358
1222
1111
1007
1014
1028
944
766
482
242
105
68
93
125
64
-81
-234
-277
-239
-158
-40
30
59
53
36
41
98
184
274
355
371
284
138
38
79
98
91
-47
-189
-340
-445
-544
-690
-793
-909
-1013
-1123
-1227
-1371
-1482
-1601
-1613
-1637
-1642
-1702
-1740
-1650
-1075
-557
-424
-720
-818
-431
67
513
687
970
968
841
875
1202
1399
1298
1239
1331
1376
1080
763
562
516
430
376
297
23
-394
-799
-839
-722
-693
-830
-968
-1082
-1161
-1149
-1069
-919
-792
-649
-521
-347
-260
-210
-106
139
484
708
805
834
852
895
1021
1207
1313
1355
1388
1370
1305
1153
995
901
939
951
852
656
404
167
49
78
116
98
-13
-148
-238
-226
-181
-137
-56
17
47
56
63
54
44
142
263
339
326
214
58
-37
-1
1
11
-69
-252
-487
-606
-676
-767
-801
-923
-1044
-1165
-1276
-1391
-1478
-1498
-1553
-1540
-1538
-1542
-1569
-1249
-710
-436
-517
-702
-456
-79
336
548
792
946
862
812
998
1261
1229
1150
1170
1252
1081
809
584
484
417
318
257
77
-218
-593
-763
-713
-657
-726
-859
-948
-1019
-1022
-981
-861
-739
-601
-494
-349
-212
-145
-79
85
385
627
751
794
834
854
933
1074
1339
1501
1429
1249
1106
1078
1038
1039
1005
942
777
541
342
235
137
73
86
85
9
-157
-260
-297
-195
-77
-4
30
17
-34
-65
26
149
213
231
241
214
109
42
-28
-20
41
7
-108
-322
-482
-630
-664
-660
-691
-818
-944
-1081
-1193
-1252
-1306
-1303
-1325
-1305
-1354
-1373
-1382
-1215
-678
-334
-282
-534
-457
-132
238
498
688
906
854
777
831
1065
1086
1043
1030
1119
1045
773
547
385
340
265
239
113
-114
-431
-668
-665
-587
-589
-671
-752
-820
-822
-816
-729
-605
-462
-340
-233
-96
-39
25
127
358
603
731
782
789
832
1040
1264
1325
1291
1200
1135
1116
1150
1112
1005
887
727
631
535
394
234
152
114
86
35
-57
-170
-225
-166
-101
-35
-38
-74
-119
-59
24
92
108
114
77
57
43
15
-4
-69
-92
-211
-275
-365
-463
-570
-620
-640
-730
-849
-1011
-1073
-1140
-1124
-1180
-1233
-1263
-1347
-1310
-1305
-1008
-569
-365
-412
-634
-466
-132
234
458
605
738
667
613
759
948
967
944
960
1024
863
641
454
361
356
311
267
86
-160
-438
-589
-529
-471
-507
-602
-707
-767
-775
-737
-638
-535
-419
-337
-249
-111
108
276
351
390
450
552
713
860
1004
1152
1187
1131
1002
975
952
1020
1066
1038
887
655
479
354
326
318
281
175
73
-63
-150
-163
-124
-82
-49
-35
-68
-99
-118
-69
30
135
168
162
111
56
16
32
101
94
59
-69
-179
-315
-367
-391
-423
-473
-616
-721
-830
-896
-983
-1043
-1048
-1089
-1100
-1164
-1221
-1250
-1224
-1129
-872
-436
-277
-365
-537
-371
-52
290
519
624
688
596
596
671
863
891
864
863
860
737
505
351
271
296
278
222
32
-187
-417
-524
-451
-354
-359
-490
-566
-609
-595
-557
-451
-338
-237
-148
-82
-28
7
76
190
406
616
771
820
903
921
912
939
1013
1118
1133
1080
936
815
708
618
576
578
503
358
228
130
65
35
41
46
37
-8
-74
-112
-92
-43
6
77
100
63
1
-21
0
29
74
72
12
-66
-163
-291
-278
-271
-262
-320
-412
-531
-672
-727
-764
-751
-773
-835
-925
-978
-1043
-1055
-1062
-995
-941
-852
-722
-519
-344
-330
-322
-261
9
252
420
489
533
532
545
638
750
794
731
691
630
594
484
383
300
253
215
115
9
-127
-251
-332
-314
-284
-295
-372
-443
-460
-420
-351
-288
-213
-166
-115
-60
30
93
152
230
430
606
761
790
759
748
761
894
965
1050
966
848
726
673
631
584
532
470
403
306
225
100
69
35
70
78
64
-11
-98
-102
-69
9
46
68
18
-14
-41
-21
3
20
5
-28
-56
-142
-193
-265
-282
-345
-374
-394
-458
-510
-630
-716
-757
-759
-772
-818
-849
-908
-941
-978
-963
-952
-888
-844
-749
-666
-541
-385
-274
-194
-167
-15
148
301
378
431
450
488
506
564
578
557
524
455
435
346
286
200
134
93
34
-29
-127
-200
-259
-271
-263
-239
-267
-289
-309
-279
-224
-165
-86
-55
3
40
98
196
305
411
544
651
707
673
651
683
760
856
858
816
713
627
550
516
520
482
429
355
274
200
131
81
79
95
107
73
15
-44
-93
-50
14
53
52
-2
-58
-81
-86
-77
-85
-71
-104
-154
-246
-310
-336
-338
-339
-396
-411
-517
-556
-646
-644
-646
-656
-702
-757
-773
-805
-794
-809
-750
-750
-706
-686
-614
-536
-490
-369
-283
-123
-28
17
74
140
241
303
401
429
451
427
420
401
405
380
334
309
247
197
106
67
5
-17
-46
-76
-112
-153
-182
-200
-183
-150
-113
-105
-86
-75
-50
-1
73
163
267
322
385
467
535
601
604
620
661
725
750
722
688
619
572
556
546
517
461
383
335
297
268
221
175
159
130
120
86
71
51
33
24
23
34
14
-19
-37
-21
-38
-71
-107
-150
-196
-253
-234
-252
-229
-299
-367
-419
-457
-456
-465
-473
-513
-542
-617
-606
-636
-566
-599
-593
-592
-591
-563
-593
-531
-505
-405
-358
-302
-274
-259
-219
-146
-25
81
145
130
123
121
169
215
279
291
251
226
178
166
135
129
110
107
93
45
-6
-52
-62
-45
-6
4
5
-30
-43
-26
19
86
115
143
135
205
305
340
429
446
514
540
546
548
550
585
593
595
574
520
455
426
390
403
378
351
297
255
225
181
183
177
185
168
153
124
88
56
43
74
67
60
2
-69
-129
-146
-153
-182
-210
-275
-281
-319
-327
-374
-383
-435
-463
-436
-448
-438
-491
-522
-526
-511
-479
-486
-486
-493
-477
-460
-431
-412
-416
-406
-385
-320
-271
-234
-222
-202
-166
-117
-63
-19
5
16
23
31
67
97
111
105
86
75
76
76
74
57
49
43
36
29
15
3
3
22
51
65
62
61
66
87
120
146
162
166
201
207
358
423
458
458
407
435
448
515
520
539
509
461
424
409
363
362
348
345
340
301
266
211
235
228
243
247
227
193
164
158
158
148
132
100
81
63
23
-8
-76
-109
-122
-153
-152
-214
-263
-290
-295
-279
-331
-323
-367
-346
-358
-354
-358
-369
-374
-399
-371
-362
-335
-344
-319
-345
-307
-311
-290
-292
-272
-238
-240
-199
-199
-181
-196
-156
-143
-112
-109
-95
-98
-86
-67
-80
-73
-89
-61
-70
-33
-13
-4
-17
-24
-14
14
60
80
105
107
144
153
205
229
252
290
323
352
354
370
379
404
425
440
433
438
420
422
413
409
406
385
380
360
350
324
305
293
292
287
272
244
222
198
180
183
166
154
121
100
82
67
59
39
36
2
-22
-61
-100
-123
-155
-169
-199
-211
-250
-265
-272
-273
-276
-286
-276
-264
-252
-300
-303
-315
-280
-260
-272
-276
-319
-321
-329
-315
-296
-298
-298
-315
-321
-298
-291
-263
-251
-249
-236
-241
-211
-204
-187
-170
-179
-162
-159
-150
-123
-133
-120
-132
-140
-127
-125
-111
-117
-107
-102
-105
-86
-83
-73
-58
-55
-22
-9
18
49
67
113
136
163
192
216
253
277
308
333
350
369
366
377
385
389
398
387
387
381
368
356
340
333
326
305
295
277
264
246
230
225
206
191
158
140
125
105
98
92
88
76
51
36
30
17
10
-8
-22
-12
-33
-18
-27
-59
-77
-104
-108
-107
-110
-100
-101
-133
-169
-200
-201
-192
-200
-204
-210
-218
-236
-261
-255
-258
-235
-239
-226
-224
-246
-246
-246
-209
-196
-203
-203
-210
-212
-205
-210
-194
-196
-187
-176
-185
-175
-188
-179
-158
-140
-132
-148
-150
-163
-154
-128
-140
-148
-147
-149
-136
-128
-110
-112
-94
-78
-56
-43
-30
-3
28
58
82
99
121
141
169
203
215
224
232
247
257
263
272
279
286
291
286
283
277
277
281
282
283
280
275
269
254
248
244
240
233
221
215
201
182
162
146
128
116
118
117
118
96
77
64
64
79
69
63
45
27
15
-4
-7
-21
-29
-47
-34
-59
-59
-84
-90
-66
-88
-80
-112
-103
-105
-93
-85
-93
-97
-118
-119
-109
-95
-88
-100
-108
-112
-116
-111
-111
-116
-111
-111
-102
-103
-118
-120
-115
-98
-96
-89
-106
-104
-97
-86
-63
-71
-84
-91
-89
-85
-80
-89
-88
-84
-72
-68
-73
-76
-71
-44
-31
-8
-10
-1
7
20
34
40
50
61
76
87
86
84
84
96
118
124
136
125
127
131
142
158
160
161
177
185
180
164
168
176
180
181
173
157
146
142
144
142
133
130
108
103
84
77
62
54
50
50
37
22
9
9
9
4
-5
-7
-11
-30
-11
-46
-33
-41
-40
-23
-31
-24
-37
-41
-36
-36
-29
-27
-31
-27
-51
-60
-67
-72
-68
-74
-69
-81
-84
-88
-101
-98
-116
-111
-114
-105
-89
-105
-108
-135
-128
-117
-101
-97
-86
-91
-91
-94
-89
-83
-79
-58
-68
-54
-71
-67
-70
-70
-62
-57
-50
-60
-70
-85
-85
-83
-69
-62
-56
-63
-59
-58
-62
-58
-44
-21
-14
-21
-5
-8
-8
1
8
33
42
45
40
45
48
54
64
83
86
87
77
64
67
75
95
101
98
89
88
77
72
72
81
85
81
80
67
51
47
46
51
51
47
41
28
20
11
15
13
31
23
19
10
6
6
-2
-2
-12
-12
-11
-24
-41
-43
-53
-54
-62
-59
-60
-56
-54
-64
-69
-67
-65
-51
-47
-50
-44
-56
-57
-53
-49
-36
-36
-45
-47
-55
-50
-44
-30
-9
-7
-13
-18
-15
-4
7
18
26
19
14
7
8
7
17
32
38
43
40
34
44
55
63
71
69
70
60
58
63
68
79
77
84
76
69
68
71
75
76
71
63
55
47
40
37
46
49
38
33
19
18
11
1
5
3
1
-8
-19
-22
-21
-24
-18
-18
-10
-19
-21
-15
-4
4
9
11
14
15
7
-3
2
12
4
0
-8
-20
-22
-20
-14
-6
-2
-6
-9
-4
-5
0
6
11
17
14
11
5
6
21
26
44
38
33
30
23
32
29
38
38
36
34
20
12
8
14
24
19
22
13
1
-7
-17
-8
-6
-4
-2
-20
-20
-23
-24
-14
-4
0
-6
-8
-14
-13
-16
-11
0
2
-5
-18
-26
-22
-22
-22
-20
-22
-27
-33
-40
-42
-45
-37
-35
-25
-26
-34
-35
-33
-22
-17
-8
-1
0
-5
-6
0
9
11
16
17
12
6
4
1
4
8
5
-3
-14
-26
-24
-15
-14
-17
-21
-24
-34
-43
-51
-52
-52
-45
-47
-52
-59
-58
-50
-42
-30
-22
-14
-13
-19
-25
-18
-6
1
9
13
19
16
3
4
7
16
16
9
12
4
5
5
7
10
18
28
28
22
9
5
13
22
33
32
31
27
12
1
11
36
43
33
14
8
9
-3
-7
-8
4
8
-9
-26
-45
-41
-36
-35
-35
-41
-55
-61
-65
-70
-87
-87
-70
-61
-57
-76
-91
-96
-89
-80
-81
-75
-74
-74
-75
-81
-80
-72
-64
-55
-53
-51
-63
-78
-58
-47
-47
-56
-60
-57
-62
-60
-66
-59
-50
-49
-49
-61
-63
-59
-56
-47
-46
-48
-54
-61
-55
-46
-38
-34
-33
-27
-23
-21
-18
-18
-9
-11
-5
-8
-15
-11
-4
3
8
-2
-7
-4
-5
2
3
13
11
9
11
6
5
3
5
9
1
-10
-11
-10
-7
-6
-2
-9
-10
-5
-7
-2
-8
-9
-10
-11
-11
-25
-23
-20
-10
-11
-14
-15
-13
-5
-10
-10
-2
7
9
5
1
5
15
30
31
26
33
42
53
55
62
64
67
71
79
82
87
99
99
108
105
102
96
92
95
95
89
85
86
87
80
67
63
60
65
61
51
42
40
45
37
32
31
31
30
30
24
18
18
15
15
21
20
16
14
14
15
15
23
28
27
31
25
20
21
21
18
19
21
17
19
8
10
7
1
2
-1
-8
-10
-14
-11
-9
-15
-17
-22
-29
-34
-36
-35
-38
-41
-47
-55
-59
-57
-64
-66
-60
-53
-53
-56
-64
-65
-66
-61
-46
-48
-45
-54
-57
-63
-60
-56
-44
-33
-34
-35
-47
-48
-45
-38
-22
-16
-14
-24
-25
-14
-12
-7
-8
5
8
6
1
-4
5
18
33
26
20
24
28
35
31
24
28
36
39
30
22
23
24
27
26
20
13
12
16
13
6
3
10
13
6
-9
-16
-13
-4
-3
-3
4
4
-1
-4
-2
-4
-11
-3
7
2
-9
-17
-17
-12
-1
6
6
9
13
12
5
2
4
13
18
17
15
3
3
11
17
26
29
27
27
23
15
13
11
20
30
35
25
16
14
13
25
23
27
29
26
24
17
14
13
27
35
36
35
32
32
27
39
52
50
46
42
43
45
46
47
49
48
47
42
37
37
42
42
47
48
47
46
44
43
50
49
46
45
42
45
43
43
48
48
43
40
37
38
38
34
34
29
26
22
23
17
14
12
14
16
16
16
10
8
9
4
-1
-6
-9
-8
-7
-6
-9
-12
-16
-18
-19
-21
-20
-22
-23
-26
-33
-32
-38
-39
-37
-38
-34
-38
-40
-38
-40
-43
-44
-45
-42
-43
-45
-49
-54
-54
-58
-61
-65
-61
-58
-61
-61
-60
-57
-52
-47
-42
-39
-31
-30
-34
-25
-22
-20
-17
-19
-21
-17
-13
-5
-1
0
-2
-3
0
4
3
3
-1
-4
-7
-14
-17
-23
-22
-21
-19
-29
-31
-31
-31
-28
-33
-38
-36
-38
-37
-40
-39
-32
-31
-31
-30
-33
-34
-36
-38
-33
-42
-40
-34
-27
-28
-27
-29
-35
-25
-19
-17
-18
-18
-19
-16
-17
-18
-15
-16
-17
-16
-16
-15
-13
-7
-3
-1
-4
-1
1
3
7
8
12
14
12
10
6
7
5
10
11
10
10
7
3
8
10
12
10
10
14
9
7
2
7
12
15
11
11
12
12
13
16
15
19
23
25
23
23
28
30
33
41
41
40
37
37
40
46
50
48
49
49
49
45
40
40
42
43
41
40
44
42
39
39
35
35
37
33
35
37
32
32
34
42
40
34
36
41
37
38
44
40
42
40
40
42
43
45
42
35
33
32
31
26
25
25
25
23
21
22
19
19
16
16
16
11
11
7
7
6
2
6
8
12
14
11
15
17
18
14
12
13
12
13
14
13
9
12
13
7
4
0
-8
-10
-4
-4
-15
-21
-24
-32
-32
-33
-34
-35
-40
-42
-48
-47
-48
-46
-45
-44
-46
-44
-46
-44
-42
-36
-31
-32
-34
-35
-34
-37
-33
-31
-29
-32
-35
-35
-34
-36
-37
-35
-35
-36
-41
-42
-34
-39
-42
-39
-38
-36
-33
-29
-31
-31
-27
-26
-18
-17
-12
-3
2
7
13
20
27
35
41
44
48
48
53
59
61
66
66
69
68
69
68
67
70
72
74
71
66
65
62
60
60
55
57
57
52
46
42
45
42
39
37
33
36
35
39
36
45
39
29
35
28
20
19
16
9
6
8
9
8
7
5
5
3
4
1
0
5
4
8
9
10
14
13
18
21
26
28
25
33
33
32
32
32
38
41
43
47
47
47
44
46
49
46
45
39
42
39
34
35
37
43
43
37
29
31
33
34
35
34
32
35
38
33
34
35
32
34
36
34
35
34
31
32
36
36
34
33
37
37
35
29
28
26
26
28
29
26
22
19
18
20
17
20
27
24
25
20
22
26
24
23
22
22
14
19
16
11
14
14
15
10
7
6
2
-1
-2
-1
-5
-7
-7
-8
-9
-6
-9
-5
-4
-2
-5
-4
-4
-5
-4
-6
-5
-1
0
1
3
3
8
10
12
7
9
14
13
12
5
3
3
10
6
5
0
-2
-2
-10
-7
-8
-12
-15
-12
-11
-11
-13
-13
-9
-10
-10
-10
-3
-11
-11
-7
-10
-4
-4
-2
-2
1
4
5
6
7
8
9
8
10
6
8
15
11
11
12
7
9
7
7
4
5
6
5
10
9
10
13
14
14
7
8
9
0
6
6
-2
-1
0
0
6
8
9
6
4
5
9
7
8
10
7
5
1
2
0
-3
-5
-6
-10
-10
-10
-11
-8
-8
-12
-12
-11
-13
-11
-12
-7
-6
-5
-3
-1
-4
-5
-7
-6
-4
-3
2
4
5
6
12
13
8
11
7
-1
-2
-1
0
-1
-2
-4
-9
-13
-15
-16
-17
-17
-16
-17
-16
-18
-17
-17
-14
-9
-5
-6
-3
-4
0
2
4
8
10
15
14
16
15
18
21
23
24
26
28
30
31
30
31
29
30
26
29
35
29
23
28
22
19
14
8
6
5
3
2
4
2
-3
-3
-2
-7
-5
-10
-7
-12
-15
-14
-19
-19
-25
-26
-27
-30
-28
-31
-35
-39
-46
-51
-50
-56
-53
-51
-56
-55
-57
-56
-56
-48
-50
-48
-43
-46
-41
-40
-31
-28
-23
-11
-19
-16
-9
0
4
4
8
11
17
20
19
23
25
27
31
32
36
32
30
34
32
36
38
38
39
41
45
43
43
45
45
45
46
42
40
41
39
40
36
36
32
32
31
32
28
21
23
21
17
13
14
10
3
8
8
5
4
1
-2
-5
-6
-9
-9
-10
-12
-11
-18
-15
-17
-22
-21
-21
-22
-24
-19
-19
-21
-19
-19
-20
-21
-25
-29
-24
-29
-28
-29
-32
-28
-34
-37
-41
-40
-37
-40
-44
-48
-51
-48
-46
-48
-51
-54
-57
-67
-63
-59
-58
-54
-53
-49
-48
-45
-41
-44
-42
-38
-36
-31
-33
-31
-29
-33
-30
-25
-25
-19
-20
-17
-19
-18
-18
-20
-19
-23
-23
-21
-22
-17
-13
-14
-10
-14
-15
-13
-11
-10
-5
-5
-3
-1
2
3
12
14
9
13
12
4
3
12
8
0
2
3
-1
-2
-2
-2
-7
-9
-12
-14
-17
-18
-19
-22
-20
-20
-23
-24
-25
-26
-22
-28
-27
-23
-27
-28
-29
-32
-32
-30
-32
-35
-35
-36
-40
-41
-48
-52
-53
-52
-54
-59
-61
-68
-70
-71
-72
-71
-77
-80
-81
-86
-93
-102
-100
-99
-99
-99
-98
-100
-105
-102
-96
-94
-95
-97
-96
-96
-94
-94
-96
-90
-88
-87
-88
-86
-83
-81
-79
-73
-75
-67
-68
-65
-61
-59
-52
-52
-42
-41
-36
-30
-24
-23
-17
-13
-11
-8
-2
6
8
21
19
19
25
24
23
29
31
32
33
34
45
48
47
48
53
57
57
59
60
61
63
62
62
63
62
61
64
66
66
64
63
62
60
58
53
54
53
51
54
50
49
41
39
42
37
32
26
23
19
10
11
9
15
11
8
4
-9
-10
-11
-13
-15
-19
-21
-22
-26
-26
-27
-29
-31
-33
-29
-31
-34
-35
-36
-32
-33
-33
-34
-32
-34
-36
-36
-37
-39
-38
-41
-42
-41
-44
-45
-48
-46
-49
-47
-50
-50
-48
-53
-48
-51
-54
-55
-55
-57
-57
-60
-61
-60
-61
-56
-55
-56
-53
-51
-52
-52
-54
-51
-53
-53
-49
-48
-46
-47
-48
-45
-45
-45
-44
-42
-43
-45
-44
-46
-43
-42
-44
-46
-44
-47
-50
-49
-47
-50
-54
-49
-49
-48
-50
-53
-51
-50
-46
-47
-49
-49
-46
-44
-47
-38
-34
-32
-27
-25
-22
-20
-17
-15
-11
-12
-14
-12
-11
-12
-13
-14
-12
-15
-11
-12
-10
-11
-15
-14
-16
-15
-17
-19
-18
-22
-27
-24
-21
-18
-21
-19
-18
-20
-18
-22
-21
-22
-22
-17
-22
-26
-25
-26
-23
-26
-27
-24
-31
-40
-31
-33
-41
-40
-39
-43
-41
-39
-43
-44
-43
-42
-43
-40
-38
-40
-37
-36
-31
-29
-31
-29
-26
-24
-24
-27
-26
-22
-22
-16
-14
-12
-15
-11
-11
-11
-5
-8
-5
-3
-8
-10
-10
-6
-7
-4
2
0
6
6
8
12
13
17
12
9
10
9
15
14
16
17
18
19
16
22
22
20
21
17
21
20
19
15
13
15
11
14
11
10
11
6
5
1
1
-1
-6
-5
-9
-9
-12
-13
-16
-16
-13
-13
-16
-17
-19
-21
-18
-22
-20
-14
-8
-18
-21
-16
-19
-20
-21
-22
-25
-26
-26
-22
-21
-24
-23
-21
-22
-19
-19
-17
-18
-18
-15
-14
-14
-12
-11
-9
-4
0
0
3
7
4
5
6
8
12
15
17
18
20
22
23
27
30
21
22
22
24
21
18
24
28
36
30
25
25
27
30
26
28
25
26
27
24
25
20
20
21
18
19
16
12
9
5
8
3
1
-1
-6
-6
-7
-13
-13
-17
-18
-21
-22
-20
-25
-26
-28
-23
-26
-31
-31
-26
-23
-25
-27
-23
-19
-21
-24
-24
-17
-25
-23
-20
-18
-11
-11
-6
-9
-6
-6
-7
-7
-9
-7
-7
-7
-6
-10
-9
-11
-9
-6
-7
-3
-7
-6
-4
-7
-5
-4
-2
-5
-6
-5
-4
-4
-4
-5
-4
-7
-8
-8
-8
-6
-10
-13
-11
-9
-8
-11
-12
-12
-17
-29
-18
-14
-16
-14
-14
-14
-19
-18
-20
-21
-22
-30
-30
-30
-34
-37
-36
-38
-39
-40
-43
-46
-49
-48
-50
-49
-53
-53
-56
-58
-60
-61
-58
-60
-61
-59
-63
-62
-62
-68
-67
-69
-68
-71
-70
-66
-69
-67
-65
-64
-66
-66
-65
-70
-73
-62
-63
-65
-61
-62
-59
-53
-51
-49
-49
-43
-43
-42
-39
-39
-39
-36
-32
-33
-31
-31
-31
-29
-26
-28
-27
-28
-25
-24
-26
-21
-19
-18
-20
-20
-13
-12
-14
-16
-16
-14
-20
-22
-26
-24
-22
-26
-23
-25
-22
-23
-26
-24
-24
-26
-34
-37
-40
-41
-40
-44
-47
-49
-50
-57
-55
-57
-58
-55
-59
-58
-58
-61
-61
-60
-59
-60
-59
-55
-58
-58
-54
-51
-48
-50
-46
-41
-43
-39
-35
-33
-26
-27
-27
-18
-18
-16
-12
-10
-8
-8
-7
-2
-2
10
8
7
6
3
8
10
8
8
6
7
13
16
17
19
24
23
26
29
31
34
32
35
39
39
41
40
39
44
41
46
43
46
45
40
40
37
38
39
38
37
40
37
39
41
40
36
35
34
32
32
31
30
35
31
37
27
24
30
28
35
33
30
32
31
30
30
29
25
25
24
23
21
18
17
15
15
15
13
12
12
10
12
11
9
7
0
2
3
6
5
5
5
5
5
3
1
5
9
16
10
6
11
7
7
10
13
5
11
12
12
18
17
16
16
15
16
17
16
19
17
20
19
21
18
19
21
18
21
24
22
25
23
24
25
25
28
24
26
26
27
30
30
29
25
26
22
22
24
21
23
25
20
20
22
20
18
14
11
9
6
11
12
7
11
16
12
14
10
11
12
7
8
1
2
1
0
1
-3
-2
-1
-1
-4
-6
-8
-7
-8
-14
-13
-13
-16
-17
-15
-16
-15
-16
-18
-18
-19
-19
-20
-20
-20
-25
-19
-18
-19
-19
-16
-8
-12
-13
-10
-6
-16
-16
-3
-4
-7
-9
-5
-4
-2
1
2
3
6
6
6
7
10
10
12
17
19
19
18
21
22
25
25
29
30
32
34
34
37
38
36
39
40
40
42
43
43
36
41
40
41
43
41
44
39
39
39
38
42
40
38
35
33
31
26
24
23
25
27
23
22
22
19
20
21
16
17
15
12
14
15
9
11
9
7
7
5
9
4
3
5
9
6
6
5
5
6
5
7
10
8
11
14
12
14
14
14
11
11
10
13
13
16
12
14
13
10
8
9
4
2
4
3
7
5
5
5
0
2
3
1
-2
-3
-6
-5
-4
-9
-7
-10
-12
-7
-10
-10
-9
-16
-20
-21
-25
-24
-28
-29
-29
-33
-29
-35
-37
-35
-39
-42
-49
-48
-54
-55
-52
-56
-47
-46
-52
-56
-59
-55
-56
-55
-56
-60
-54
-58
-58
-60
-62
-57
-59
-58
-58
-58
-60
-60
-60
-59
-57
-56
-58
-53
-54
-51
-47
-48
-47
-49
-49
-43
-43
-42
-41
-42
-38
-42
-38
-40
-35
-30
-26
-26
-31
-27
-28
-31
-24
-23
-25
-20
-23
-18
-14
-11
-11
-8
-6
-8
-4
-3
-3
-1
0
7
7
11
10
7
10
14
15
15
17
14
14
14
14
14
15
13
15
10
13
15
12
14
8
7
7
1
7
7
1
2
3
3
1
-3
-4
-2
-4
-6
-3
-4
-7
-12
-3
-3
-5
0
-2
-6
-9
-8
-8
-7
-14
-18
-19
-19
-18
-19
-18
-20
-19
-19
-17
-19
-22
-21
-24
-22
-24
-22
-18
-21
-18
-19
-17
-19
-17
-13
-16
-13
-15
-16
-11
-13
-13
-8
-4
-5
-5
-1
-3
-9
-7
-1
1
-5
-2
0
-2
2
-3
1
1
0
4
3
9
5
3
6
7
8
8
8
7
8
9
6
6
8
6
7
7
9
8
7
6
4
4
6
6
4
4
-1
-5
0
6
1
-3
-4
-3
-1
3
4
2
4
4
-2
-6
-5
-7
-10
-7
-5
-8
-7
-9
-11
-9
-13
-12
-13
-15
-13
-14
-14
-18
-18
-23
-25
-22
-22
-23
-27
-24
-23
-25
-23
-25
-27
-28
-24
-21
-17
-21
-23
-24
-19
-19
-18
-16
-20
-20
-17
-14
-15
-12
-12
-16
-12
-10
-13
-15
-19
-23
-22
-19
-16
-14
-15
-18
-15
-14
-14
-14
-13
-12
-14
-13
-11
-14
-11
-13
-11
-6
-8
-3
-1
2
4
1
1
-1
1
1
1
4
5
8
9
3
8
7
7
6
3
6
1
-2
6
6
10
11
3
3
8
14
13
12
7
11
13
10
13
12
13
12
11
15
14
9
12
11
13
14
15
15
16
19
19
19
18
14
15
16
18
19
20
21
19
20
20
19
17
18
23
25
21
21
17
17
14
17
12
10
10
6
13
12
11
12
8
10
7
7
6
4
9
3
2
4
3
0
0
0
-1
1
-1
-5
-5
-6
-7
-6
-9
-9
-11
-9
-9
-12
-11
-12
-12
-11
-16
-12
-13
-14
-11
-21
-17
-16
-15
-11
-16
-15
-15
-20
-21
-13
-18
-18
-17
-18
-14
-12
-12
-11
-10
-15
-17
-17
-16
-19
-19
-22
-18
-19
-21
-21
-24
-22
-25
-27
-29
-32
-31
-33
-37
-38
-39
-34
-39
-38
-36
-41
-41
-40
-42
-43
-43
-45
-41
-42
-42
-46
-40
-39
-43
-46
-43
-40
-55
-47
-43
-47
-49
-48
-47
-49
-49
-51
-49
-47
-48
-47
-48
-46
-49
-51
-50
-47
-47
-49
-49
-50
-48
-48
-49
-50
-50
-51
-50
-44
-46
-45
-47
-49
-48
-44
-43
-44
-45
-40
-42
-45
-43
-46
-37
-37
-36
-35
-32
-29
-29
-27
-25
-23
-23
-25
-27
-30
-26
-22
-23
-24
-24
-20
-22
-18
-17
-18
-17
-16
-15
-16
-14
-14
-18
-15
-12
-13
-12
-13
-13
-12
-11
-10
-11
-8
-8
-6
-8
-7
-2
2
-4
-3
2
0
0
0
1
2
1
5
0
4
8
-3
6
9
8
3
2
1
-1
-2
1
6
11
7
8
10
11
13
13
15
15
12
18
15
14
16
18
20
18
21
20
19
20
22
18
18
17
20
20
21
22
20
19
18
23
18
14
13
11
14
14
9
10
15
16
13
9
5
9
9
8
8
6
7
6
3
0
2
0
0
-2
-5
-6
-11
-11
-14
-14
-10
-15
-16
-18
-16
-15
-19
-20
-26
-27
-25
-25
-26
-31
-28
-30
-30
-28
-35
-31
-23
-32
-32
-36
-32
-33
-39
-40
-39
-44
-45
-42
-49
-43
-44
-43
-46
-44
-45
-44
-48
-46
-46
-48
-45
-46
-46
-45
-44
-45
-44
-43
-42
-40
-40
-44
-40
-39
-37
-35
-33
-31
-33
-34
-37
-33
-32
-34
-32
-39
-36
-36
-34
-38
-41
-39
-38
-32
-35
-34
-39
-37
-35
-40
-28
-34
-36
-37
-32
-26
-24
-22
-21
-22
-22
-20
-22
-20
-25
-26
-24
-21
-21
-22
-21
-21
-25
-24
-23
-21
-27
-27
-26
-28
-29
-29
-27
-27
-26
-26
-25
-25
-23
-24
-25
-26
-26
-25
-23
-22
-25
-22
-13
-17
-18
-14
-13
-22
-22
-11
-14
-17
-17
-16
-13
-16
-17
-16
-15
-15
-16
-15
-16
-15
-14
-14
-10
-11
-11
-9
-14
-12
-12
-14
-13
-12
-12
-8
-9
-9
-9
-9
-7
-10
-5
-4
-3
-9
-13
-8
-8
-4
-9
-6
-2
-2
-2
0
4
1
-1
3
5
-2
-3
-2
-4
-4
-1
0
-1
0
0
0
3
6
2
5
4
6
7
3
5
6
2
1
0
1
2
5
6
1
0
2
0
4
2
0
3
3
4
7
5
6
8
4
6
7
4
3
5
6
11
10
2
7
7
3
4
2
-2
-3
-3
0
4
0
1
1
0
2
3
1
0
0
2
0
1
-2
0
-1
0
5
4
8
8
9
6
3
7
6
5
10
10
8
8
6
8
11
11
5
0
5
3
2
1
5
7
10
13
-1
3
7
8
12
9
7
9
7
8
9
7
12
9
11
11
11
7
5
9
8
11
5
8
11
12
12
10
11
11
10
7
10
10
9
7
9
7
10
8
5
14
12
11
6
3
10
10
7
5
1
5
1
-1
6
5
8
6
4
5
4
4
3
6
4
3
2
3
6
-1
0
3
5
5
2
6
6
3
6
5
5
3
1
1
0
3
1
3
3
1
-3
-3
-2
2
-3
-7
-2
-3
-2
-6
-9
-6
-1
-7
-7
-4
-6
-3
-2
0
-1
2
1
10
10
2
4
5
7
6
5
5
5
6
5
4
8
5
8
8
7
6
4
4
3
0
3
4
4
9
5
8
9
8
10
4
7
6
9
11
7
10
14
15
16
12
17
14
4
15
14
11
8
11
13
11
12
11
12
12
9
11
10
13
13
9
11
12
12
12
10
11
10
11
11
10
11
13
14
11
13
15
11
13
15
17
15
17
17
15
16
10
7
9
14
18
20
18
18
21
23
23
25
23
21
19
14
19
20
21
22
18
21
22
20
21
20
21
18
19
22
22
22
18
17
19
18
17
17
19
18
18
21
18
16
16
21
17
19
20
23
22
26
25
25
27
25
25
26
25
24
28
26
28
35
27
30
26
17
18
22
20
20
19
18
26
25
24
24
20
22
25
23
23
24
24
25
20
21
25
26
25
26
28
29
30
29
28
29
26
29
27
31
33
31
32
28
30
31
29
29
24
23
23
20
20
22
32
29
26
19
19
27
29
26
26
24
26
29
26
28
24
22
25
27
27
23
22
23
24
25
26
29
27
25
27
25
23
22
22
20
19
19
18
22
17
17
21
18
17
18
18
15
16
18
19
17
13
13
15
11
9
14
10
15
12
14
13
14
15
14
13
10
14
12
10
13
13
11
10
10
13
12
12
16
11
15
17
15
11
14
15
9
11
15
15
15
18
16
13
12
14
14
10
8
7
7
9
12
8
8
4
7
-3
-2
8
0
7
10
13
10
12
13
10
13
8
10
13
12
8
11
9
8
10
11
8
9
9
7
9
7
3
4
3
3
2
0
2
1
4
4
5
2
-2
-1
-4
-4
-2
-3
1
0
-3
3
5
3
0
2
2
-10
-3
5
-2
-7
-8
-4
-3
-5
-2
-5
-6
-4
-3
-2
-3
-5
-4
-4
-3
-2
-3
-6
-5
-2
-3
-3
-5
-6
-6
-6
-3
-4
-3
-4
-5
-5
-4
-2
-4
-1
-1
-7
-6
-8
-7
-1
-1
1
-1
4
5
4
4
3
8
5
3
1
-1
2
4
5
4
2
4
4
2
6
4
2
1
7
4
2
4
1
4
2
4
6
3
5
3
2
6
5
8
4
7
9
8
10
10
10
15
11
14
12
14
16
11
17
15
15
24
23
8
20
14
9
12
9
13
10
9
12
13
14
10
12
15
13
18
15
13
17
15
17
14
16
18
15
20
21
20
19
21
23
17
17
17
15
18
18
21
19
21
22
20
22
22
21
22
19
17
16
15
20
16
20
18
15
18
20
21
20
17
18
21
18
18
21
19
16
17
15
14
16
15
13
13
13
13
11
16
13
13
15
11
8
8
6
7
8
9
8
7
7
5
5
5
6
4
7
9
8
6
6
3
-2
0
2
5
3
0
2
0
1
1
-4
0
-2
0
2
2
-1
-2
0
-1
-3
0
1
3
1
3
3
4
6
3
1
3
3
2
5
2
4
3
4
2
1
2
-2
-2
-3
-3
-5
-8
-10
-6
-5
-8
-11
-11
-12
-16
-15
-10
-12
-5
-6
-5
-6
-7
-2
-5
-7
-6
-6
-6
-6
-8
-8
-9
-11
-9
-12
-8
-9
-9
-9
-13
-10
-15
-17
-16
-19
-21
-20
-19
-15
-16
-14
-14
-17
-14
-18
-19
-20
-21
-15
-18
-18
-20
-12
-7
-15
-13
-10
-13
-19
-17
-11
-14
-18
-15
-16
-15
-14
-13
-15
-15
-13
-14
-10
-11
-12
-14
-11
-9
-10
-11
-12
-11
-9
-12
-11
-10
-12
-14
-11
-10
-8
-8
-8
-9
-13
-7
-10
-7
-10
-6
-6
-12
-8
-14
-9
-10
-11
-12
-8
-5
-3
-6
-1
-1
-10
-11
-6
-7
-7
-4
-5
-4
-4
-6
-4
-5
-6
-4
-5
-7
-4
-3
-3
-6
-6
-4
-6
-3
-1
-5
-3
-4
-3
-4
-5
-1
-2
-4
-5
-1
-1
-1
-3
-2
4
1
1
3
-1
0
1
2
1
4
5
4
11
5
-2
-1
-3
-3
-3
-1
0
2
1
-2
-4
-2
-1
-1
0
0
0
-1
-2
0
-2
-2
-1
3
5
2
2
5
5
5
2
3
3
5
7
3
6
8
8
10
11
9
7
7
11
1
3
0
9
13
11
11
5
10
10
9
9
8
8
11
9
10
9
6
6
6
10
7
6
7
3
7
6
11
7
5
9
10
10
7
9
6
5
7
6
5
8
7
6
4
8
5
0
8
10
11
8
8
10
4
4
7
2
-2
0
1
4
5
5
6
7
5
5
2
3
4
4
-1
-3
0
3
0
1
2
3
8
6
6
3
3
3
4
5
3
2
6
6
5
2
2
3
2
-2
1
-2
-2
-1
-3
-4
-5
-3
-5
-5
-8
-4
-12
-5
-5
-10
-13
-3
4
0
3
1
5
-2
0
-3
-2
1
0
-2
-4
-2
-1
0
-3
-1
-4
-1
-1
-2
-2
-5
-4
-5
-6
-5
-4
0
0
-3
-1
-1
0
-4
-4
-3
-3
0
0
-5
0
0
3
4
2
7
2
-6
0
9
1
-1
0
0
3
2
1
1
4
4
3
4
5
5
5
3
5
8
5
7
5
5
8
5
5
7
6
4
10
12
8
11
8
9
11
10
8
10
7
5
4
1
6
5
11
8
9
11
12
16
11
13
17
8
7
4
6
6
8
10
8
12
8
9
12
9
9
8
9
13
7
10
7
10
10
4
10
7
4
7
8
6
6
7
7
7
8
9
10
10
10
12
16
17
15
14
15
11
12
15
13
13
20
16
10
21
15
10
7
3
2
6
8
7
12
10
5
9
9
11
7
9
10
8
10
7
9
7
13
14
13
17
15
13
19
15
14
14
13
16
15
18
17
17
19
16
20
17
18
20
14
10
10
10
12
11
24
16
10
7
10
18
16
15
16
16
14
15
12
16
16
15
13
16
15
13
12
15
13
14
12
12
13
13
16
14
14
12
6
6
11
9
7
7
9
7
9
4
10
8
7
11
10
11
6
11
6
3
7
2
-1
-1
1
5
2
7
0
0
2
2
4
1
0
-1
-4
0
-1
-2
-3
-6
-1
-1
-1
0
0
0
1
-2
-3
2
0
-1
0
-1
-1
1
-1
-3
-6
-9
-9
-9
-5
-5
-9
-9
-6
-3
-8
-11
-8
-8
-17
-10
-8
-19
-7
-9
-5
-4
-3
-4
-3
-2
-6
-1
-2
-5
-4
-7
-5
-3
-5
-4
-6
-8
-2
-4
-5
-7
-5
-5
-10
-10
-11
-9
-7
-4
-4
-7
-8
-5
-8
-7
-11
-10
-7
-11
-9
-12
-13
-9
-8
-4
-2
-2
-7
-16
-7
-5
-8
-12
-11
-8
-11
-8
-9
-9
-9
-11
-6
-9
-11
-8
-12
-8
-7
-10
-9
-9
-9
-7
-13
-12
-13
-10
-11
-11
-8
-9
-7
-7
-8
-9
-5
-6
-5
-3
-2
-11
-12
-8
-7
-8
-15
-8
-7
-4
-7
0
-2
-3
0
-9
-6
-10
-10
-4
-4
-4
-6
-7
-5
-6
-4
-4
-5
-5
-6
-2
-6
-8
-5
-7
-6
-6
-4
-7
-6
-6
-5
-2
-4
-4
-3
-1
-3
-3
2
4
0
2
6
4
5
4
6
7
3
5
6
5
12
4
3
11
9
5
3
2
-4
-2
-2
1
6
-1
-2
2
1
2
2
3
5
4
7
5
5
4
5
7
6
11
10
13
11
9
11
11
8
9
11
12
12
13
12
11
11
13
10
12
15
11
8
7
7
12
10
17
9
6
9
12
15
11
11
11
11
12
12
11
13
11
9
12
13
12
8
12
14
13
9
10
12
10
11
10
12
11
8
7
7
9
8
7
8
5
9
9
6
14
7
8
11
11
11
9
10
7
8
4
0
2
3
9
7
8
5
4
7
5
2
3
3
5
6
6
9
8
6
4
7
8
7
9
5
7
8
5
8
8
6
7
3
8
5
4
4
1
2
-2
0
-2
0
0
-6
-6
-3
-2
-4
-12
-10
-5
-10
-5
-3
-10
-7
-1
-1
0
0
2
5
2
2
0
3
-1
-3
-2
-4
-2
-1
3
-1
-2
1
-1
0
0
-4
-5
-6
-4
-7
-6
-3
-3
-5
-2
-3
-4
-5
-7
-4
-7
-3
-4
-5
-5
-4
1
0
0
3
8
-3
-10
0
1
-4
-2
-2
-3
-3
-4
-3
-2
0
-2
-1
-2
-3
-1
0
-4
-3
-3
-5
-6
-5
-4
-3
-2
-2
-1
0
-4
0
-1
-4
-5
-3
-3
0
-1
4
1
5
-1
-5
-2
-6
-2
0
5
3
4
4
7
4
9
10
0
0
2
3
4
1
3
6
4
1
4
3
3
3
6
8
7
6
5
7
4
4
2
-1
2
0
1
4
3
3
2
5
5
2
4
5
5
8
8
7
10
10
10
8
6
8
11
11
13
20
12
11
14
7
6
4
3
2
1
2
4
3
2
3
0
1
0
5
3
2
4
2
3
3
2
4
4
5
7
7
9
12
10
10
10
6
4
9
10
6
12
6
11
11
11
8
9
10
5
4
2
-1
5
9
4
4
-1
10
12
8
6
2
3
6
4
3
4
4
3
5
6
4
3
2
2
7
6
3
5
4
1
4
6
2
3
2
1
4
1
1
0
0
0
-3
0
-3
4
4
0
2
2
4
2
-4
-1
-2
-6
-8
-8
-4
-3
1
-3
-3
-3
-5
-4
-7
-8
-8
-7
-6
-6
-4
-3
-7
-5
-6
-3
-4
-6
-5
-8
-4
-6
-5
-6
-5
-7
-5
-6
-4
-7
-6
-5
-11
-9
-10
-7
-13
-15
-12
-12
-8
-12
-16
-15
-13
-13
-21
-14
-13
-17
-14
-11
-13
-7
-5
-9
-9
-8
-9
-8
-7
-9
-11
-9
-8
-7
-8
-9
-8
-8
-11
-9
-7
-8
-12
-15
-12
-14
-14
-14
-14
-10
-11
-11
-11
-11
-10
-13
-13
-12
-15
-14
-11
-14
-9
-8
-6
-8
-7
-5
-11
-16
-11
-9
-15
-13
-12
-14
-13
-11
-15
-10
-15
-12
-10
-15
-12
-16
-12
-11
-12
-11
-11
-11
-15
-13
-13
-12
-13
-13
-11
-14
-11
-11
-11
-11
-12
-9
-9
-8
-5
-7
-5
-8
-12
-14
-10
-6
-5
-7
-4
-2
-2
-3
-5
1
-3
-3
-5
-9
-7
-7
-3
-5
-2
-4
-6
-3
-4
-6
-6
-5
-7
-6
-7
-8
-8
-9
-10
-10
-7
-10
-10
-9
-9
-7
-8
-6
-9
-7
-1
-4
-2
-2
-4
0
1
2
3
-1
-1
-1
1
0
-1
2
10
3
3
2
-5
-4
-1
-6
-5
-4
-5
1
-1
-6
-6
-1
-3
-1
1
1
-3
-3
-3
0
1
-1
0
6
7
5
4
10
10
8
7
8
9
11
9
7
10
10
11
10
11
10
12
10
9
5
3
4
9
10
11
11
3
4
8
12
9
12
8
7
10
11
9
8
7
9
6
7
9
7
7
7
8
10
8
6
7
6
5
6
4
5
5
3
4
2
4
2
1
2
1
-2
2
0
-1
2
2
6
1
1
-1
1
0
-9
-4
-7
-5
-3
-7
-2
-2
-3
-4
-5
-6
-7
-5
-7
-9
-7
-9
-7
-10
-9
-10
-8
-6
-7
-9
-7
-7
-7
-9
-10
-11
-10
-11
-10
-11
-11
-14
-15
-17
-18
-15
-15
-13
-20
-18
-15
-17
-17
-19
-23
-20
-25
-26
-15
-12
-17
-18
-15
-14
-14
-10
-8
-9
-8
-12
-11
-12
-12
-14
-15
-15
-13
-11
-11
-10
-8
-10
-12
-11
-15
-16
-17
-15
-16
-20
-14
-11
-13
-12
-17
-16
-15
-20
-19
-19
-23
-19
-17
-17
-20
-16
-13
-14
-9
-11
-9
-22
-19
-8
-16
-21
-17
-16
-18
-16
-16
-17
-16
-17
-14
-15
-15
-16
-19
-16
-17
-16
-14
-15
-18
-14
-14
-15
-18
-15
-12
-13
-12
-13
-10
-10
-11
-10
-10
-7
-9
-9
-6
-9
-9
-11
-15
-12
-11
-10
-6
-9
-7
-3
-2
-3
-4
-10
-11
-13
-14
-9
-9
-10
-10
-10
-6
-11
-9
-7
-8
-7
-9
-6
-6
-9
-9
-12
-11
-10
-14
-10
-11
-11
-10
-8
-10
-10
-8
-8
-7
-4
-7
-6
-3
-4
-1
-1
0
1
-2
-2
-2
-1
-1
-1
-2
7
0
-1
3
-6
-5
-3
-3
-4
-5
-7
-3
-2
-3
-2
-2
-3
-1
-3
-1
1
-2
-2
-3
-3
-2
-1
0
1
3
4
5
6
1
-1
-1
-3
-2
1
5
5
4
3
3
3
4
3
3
6
1
-4
-9
-4
5
7
5
2
1
3
4
5
3
2
4
5
2
-1
1
2
3
5
4
6
2
0
-3
3
1
1
4
3
1
3
4
-2
-1
-2
-1
-1
3
0
-3
-1
-3
0
-4
-6
4
0
3
-1
-1
2
-5
-4
-5
-4
-10
-5
-8
-6
-3
-4
-2
-3
-5
-5
-1
-3
-4
-4
-2
-4
-3
-3
-4
-2
-4
-4
-4
-2
-2
-5
-3
-3
-4
-3
-3
-3
-1
-2
0
-1
-1
-1
-5
-8
-8
-7
-6
-10
-11
-10
-8
-8
-12
-15
-15
-14
-18
-21
-10
-13
-19
-10
-6
-9
-4
-5
-8
-4
-4
-4
-4
-1
-7
-8
-6
-8
-6
-8
-7
-5
-8
-7
-7
-3
-7
-10
-10
-9
-12
-14
-11
-8
-8
-9
-9
-13
-12
-11
-15
-14
-12
-13
-10
-10
-13
-8
-3
-6
-5
0
-7
-14
-16
-4
-6
-10
-9
-6
-4
-7
-6
-6
-5
-1
-3
-5
-3
-7
-5
-6
-5
-1
-3
-1
0
2
1
0
3
0
1
4
3
6
6
3
5
1
8
6
3
6
7
6
1
5
1
5
6
6
8
7
14
15
12
14
17
14
12
9
7
9
13
12
11
15
12
12
13
13
12
10
13
12
8
11
8
9
7
10
10
9
14
7
10
9
6
9
10
9
11
12
10
11
13
16
16
17
15
17
15
11
12
14
16
14
18
27
19
19
22
13
16
14
7
10
9
10
10
9
9
11
11
11
10
9
9
11
12
9
10
7
8
10
12
14
12
15
18
14
11
9
9
8
8
13
12
9
13
10
13
13
14
15
11
14
7
5
6
7
5
8
9
5
7
13
15
15
10
10
13
10
9
9
10
10
10
9
11
8
8
7
6
8
5
7
4
6
9
8
8
4
3
3
3
6
4
5
4
5
5
7
6
-2
5
12
11
9
2
5
3
-1
4
0
-1
5
0
3
5
6
4
3
4
1
1
1
4
4
2
6
6
5
8
4
4
8
9
7
9
7
6
7
6
5
7
4
3
3
1
4
1
1
0
-5
-2
-3
-3
-2
-6
-9
-7
-4
-2
-6
-6
-6
-9
-8
-3
-9
-11
2
3
0
-1
-1
1
-1
-1
-2
-2
-5
-3
-4
-7
-7
-6
-7
-9
-7
-9
-9
-9
-11
-12
-13
-15
-14
-14
-14
-14
-11
-11
-14
-12
-16
-16
-16
-19
-16
-16
-14
-10
-16
-14
-12
-11
-6
-10
-7
-9
-18
-10
-7
-12
-14
-12
-12
-13
-11
-13
-13
-11
-12
-13
-11
-11
-12
-11
-11
-10
-10
-10
-12
-10
-9
-10
-11
-11
-8
-11
-9
-8
-8
-9
-10
-6
-9
-8
-4
-5
-1
-1
-2
-10
-9
-5
-5
-5
-6
-6
-4
-4
0
-2
-5
3
-3
-3
-6
-5
-5
-3
-1
-4
0
-3
-5
-3
-4
-2
-3
-3
0
-2
-2
-2
-6
-3
-3
-6
-7
-7
-6
-4
-5
-6
-4
-4
-8
-3
-5
-2
3
-2
-1
0
3
5
5
6
8
6
0
2
7
7
14
5
9
10
5
3
-2
-2
-3
-1
0
-1
-1
2
2
4
5
2
0
1
1
4
2
2
1
3
6
4
5
9
10
10
9
6
7
5
8
5
4
9
6
10
9
10
9
3
6
3
5
1
-1
0
1
7
9
1
-1
-1
3
5
3
5
3
6
1
6
4
2
4
4
1
3
4
1
0
1
4
2
4
5
5
4
4
5
6
7
3
3
1
1
4
3
2
2
-1
1
1
0
6
6
2
1
0
-1
-6
-2
-4
-6
-2
-5
-2
-1
-3
-3
-2
-5
-7
-9
-8
-8
-7
-9
-9
-9
-9
-10
-11
-10
-7
-9
-6
-9
-10
-7
-7
-6
-8
-8
-9
-7
-11
-10
-10
-11
-9
-11
-14
-16
-17
-21
-14
-18
-20
-18
-18
-22
-22
-24
-21
-25
-24
-17
-29
-33
-26
-22
-19
-16
-19
-19
-17
-21
-21
-18
-25
-20
-22
-24
-17
-20
-21
-19
-22
-21
-22
-19
-22
-23
-22
-27
-24
-28
-28
-20
-20
-17
-18
-21
-19
-23
-23
-23
-24
-22
-20
-20
-25
-21
-17
-15
-13
-15
-13
-14
-26
-22
-10
-16
-20
-22
-18
-20
-18
-17
-19
-15
-14
-15
-16
-17
-16
-16
-13
-9
-11
-10
-13
-12
-13
-13
-13
-11
-12
-9
-11
-8
-8
-10
-11
-14
-12
-9
-8
-8
-12
-4
-14
-17
-10
-9
-10
-15
-7
-8
-6
-3
-7
-3
-6
-3
-6
-11
-8
-11
-6
-11
-8
-7
-11
-6
-6
-4
-7
-7
-8
-7
-4
-7
-6
-8
-9
-6
-9
-10
-7
-8
-7
-9
-9
-9
-8
-6
-8
-7
-5
-1
-2
-5
-1
2
3
6
1
3
1
0
3
5
4
8
11
6
14
8
0
0
0
0
-1
1
1
5
2
0
3
1
1
7
1
3
5
7
5
5
7
8
7
9
11
11
11
12
15
8
8
9
8
10
9
8
10
10
12
8
10
9
4
7
5
7
3
2
5
3
10
6
4
4
8
11
11
10
10
9
11
9
5
8
8
9
8
10
7
3
8
6
8
10
7
7
5
5
6
5
8
5
3
5
4
4
4
2
3
0
2
4
3
2
-4
5
7
5
4
-1
-3
-5
-6
-3
-5
-9
-6
-5
-4
-5
-5
-6
-5
-7
-9
-8
-6
-7
-8
-6
-8
-8
-11
-8
-5
-9
-5
-4
-5
-5
-5
-4
-2
-5
-3
-3
-4
-5
-5
-5
-1
-4
-7
-8
-10
-8
-8
-12
-13
-10
-7
-7
-14
-19
-13
-14
-14
-9
-16
-14
-6
-5
-5
-4
-2
-5
-4
-3
-6
-2
-2
-6
-3
-3
-6
-4
-9
-4
-6
-7
-4
-4
-5
-9
-6
-8
-8
-11
-13
-10
-6
-6
-6
-4
-7
-6
-10
-8
-8
-8
-3
-8
-7
-7
-4
-5
-6
-3
-4
-9
-13
-2
-1
-8
-10
-8
-8
-8
-5
-6
-5
-5
-1
-2
-3
-4
-7
-6
-3
0
1
-3
-5
-2
-4
-3
-7
-6
-6
-6
-3
-5
-4
-5
-4
-5
-6
-1
-1
-2
-2
0
3
-6
-1
-3
-5
-6
-3
0
-1
7
5
4
6
9
10
5
-1
1
1
4
3
