-2
0
4
0
-1
1
-3
-2
-1
4
6
4
5
8
11
6
-2
-6
2
2
0
-1
-3
-1
-4
-2
-1
3
7
5
6
5
5
-1
-2
-3
-6
-6
-11
-12
-11
-3
-4
0
-5
-5
-3
-6
0
-1
0
-4
-5
-4
-4
-1
-3
-4
-1
-3
-2
1
7
7
7
10
7
4
4
-3
-8
-7
-4
-4
-5
-7
-6
-6
-5
1
6
6
6
11
11
5
7
8
6
2
-1
1
-1
0
-2
-8
-9
-1
5
1
3
5
4
1
0
-1
-1
0
-3
-5
-6
-4
0
0
3
8
8
6
4
1
-1
0
3
-2
-2
-2
-1
-2
-1
4
-1
-2
-3
0
1
-2
1
2
3
2
3
5
5
2
-3
-2
0
-1
-6
-1
0
-3
1
-2
-3
2
1
0
1
7
4
2
2
-2
-2
-1
-5
-7
-6
-4
7
1
1
5
-4
-7
-9
-8
-4
-5
-4
-3
-3
3
3
-3
-1
0
-4
-4
-3
1
0
-4
-8
-8
-10
-8
-4
-4
1
5
7
7
7
7
6
5
4
2
-3
-2
1
2
5
3
7
12
8
6
11
13
9
6
-1
4
10
5
7
7
5
6
-2
-9
-10
-10
-5
-2
0
0
1
5
3
-1
-2
1
-1
-6
-1
-2
-3
0
0
2
5
6
0
-1
-5
-9
-6
-4
-5
-6
-8
-12
-10
-7
-9
-2
-1
-3
-4
-3
-7
-9
-6
-11
-3
-2
-6
1
-2
-2
4
6
5
5
6
6
7
7
5
6
5
4
4
3
5
3
6
3
0
0
-4
-6
-6
-4
3
0
2
1
-4
6
6
4
5
1
-2
-3
-1
3
2
-1
-4
2
5
-1
0
2
4
1
4
3
-1
2
2
-1
1
-2
-3
2
0
0
1
-1
-2
1
2
-1
2
2
-3
-3
-3
1
3
-1
-3
-3
-2
-5
-2
-2
-4
-3
0
2
-1
3
4
-1
-1
-2
-1
0
-8
0
3
3
2
3
8
10
7
4
5
0
-7
-7
-9
-4
-6
-7
-4
-7
-4
-5
-1
-1
-5
-6
-7
-7
-4
-4
-5
-4
-2
2
-1
3
5
1
4
1
2
5
2
5
4
6
3
3
4
2
3
2
3
0
1
3
1
5
7
7
9
9
4
3
5
-1
0
0
-2
-2
-5
-7
-5
-3
2
4
2
8
2
-1
-1
-3
2
0
-3
-5
-5
0
-4
1
10
6
5
1
2
3
3
-1
-3
-2
-5
-2
-4
-8
-6
-2
-2
-4
-7
-9
-5
-4
1
4
0
-2
-1
-2
-4
-4
-5
-6
-9
-5
-4
-4
2
2
1
0
1
3
0
-1
-3
-8
-8
0
5
5
5
10
16
13
16
12
6
8
6
0
-2
-3
-3
2
1
-6
-1
3
2
4
-2
1
7
0
-1
2
-5
-9
-10
-11
-4
-5
-3
-3
2
6
1
4
-2
-3
0
-1
-2
-3
-1
3
5
1
-5
-1
-1
-4
4
3
4
5
8
12
12
8
6
2
-3
-3
-7
-11
-6
-5
-5
-7
-1
-2
0
5
2
2
0
0
0
0
-1
-5
-4
-5
-1
0
0
0
-2
2
2
-5
-4
-2
1
0
-5
1
-3
-2
1
-2
-1
0
0
5
3
2
2
-2
-1
-1
-1
2
0
-1
1
0
-3
0
3
4
3
-1
-2
-1
-1
-1
-1
1
2
3
6
2
-1
0
-2
-5
-2
-3
-2
1
-1
2
1
2
4
2
2
1
-2
-2
0
-4
-1
2
4
9
7
8
10
7
2
1
2
3
3
5
6
5
6
3
3
0
-5
-5
-10
-9
-1
-4
-3
-3
-5
-4
-5
-5
-3
-8
-11
-9
-4
-6
-8
-5
-4
-5
-6
-4
-3
-2
-1
0
-1
-4
-3
-2
-5
-6
0
1
1
5
8
5
7
9
6
11
8
7
12
7
6
4
4
8
8
6
-1
3
0
-1
0
-1
1
-2
0
0
-4
-2
5
-1
-5
-6
-5
1
7
9
3
3
2
-6
-8
-1
1
1
4
1
-1
-6
-6
-4
-2
-4
-4
1
-3
-1
8
6
9
7
3
-4
-6
-10
-13
-10
-6
-4
-3
2
-1
0
0
-2
-2
-7
-4
-1
-2
-3
-1
-1
-5
-4
-9
-5
-2
-8
-3
6
4
7
9
6
7
0
-1
3
2
2
4
3
5
2
4
6
-3
-1
5
1
0
0
4
7
4
1
3
-1
-1
3
-3
-2
6
7
7
8
12
8
2
1
-1
-4
-7
-9
-8
-8
-6
0
3
1
4
5
7
8
-3
-4
-5
-7
-2
-4
-6
-1
-4
-2
2
4
-3
-6
0
-2
2
3
-2
-6
-2
0
1
4
-2
0
1
-3
-3
-2
-6
-7
-5
-9
-8
-4
-7
-11
-12
-5
-10
-8
-3
-4
0
-3
-3
-2
-6
-10
-3
-2
2
6
9
13
9
7
8
5
0
-3
8
11
10
12
14
17
17
13
16
17
14
10
3
5
3
0
-1
1
4
7
6
7
8
3
-3
-7
-4
-9
-10
-4
-11
-11
-4
-7
-8
-4
-6
-6
-8
-11
-8
-8
-6
-8
-10
-9
-12
-7
-3
1
3
3
3
2
-2
-4
-2
-4
-1
1
-1
2
1
-2
2
5
1
-2
-4
-6
-6
-4
-6
-3
-1
-5
4
5
2
8
4
2
5
1
2
2
6
7
1
5
5
6
7
4
4
5
7
12
8
6
4
0
8
3
5
3
-3
-4
-4
-3
0
0
-4
1
-1
-5
-2
0
-2
-4
-5
-2
-3
-1
1
-1
4
1
-4
-8
-8
2
3
0
-1
-3
0
3
3
-1
-4
1
-6
-5
-4
-3
-3
-2
4
-1
0
1
2
1
-6
-1
1
1
0
-3
-2
1
-1
0
-2
-7
-7
-5
-3
-6
0
0
-5
3
1
0
3
-1
2
6
4
6
5
7
10
6
3
4
3
-1
-2
-5
1
-1
-4
3
4
1
2
1
3
8
1
-4
-4
-1
0
-1
-5
-6
-1
-1
-4
-4
1
0
-2
1
3
3
2
4
4
-6
-8
-1
-3
-4
-2
2
7
7
2
7
9
4
0
0
0
-3
1
-1
0
0
-7
-7
-4
-3
-5
-4
1
1
3
5
5
6
8
8
4
-1
-4
-5
-10
-5
-5
-4
1
5
10
6
8
5
3
0
-5
-4
-10
-7
-3
-5
-5
-6
-2
-6
-2
7
2
-2
-1
-6
-8
-6
-3
-3
-5
-4
-6
-4
3
2
3
9
9
7
8
9
9
0
-5
-3
-3
-2
3
3
1
5
10
4
-2
3
6
2
0
7
1
-3
-5
-6
-5
-7
-3
-1
-4
-6
0
2
7
8
5
13
11
3
7
4
-6
-3
-7
-9
-7
-5
-3
1
0
-1
0
0
-1
-5
1
3
-2
0
-4
-5
-1
-4
0
-2
-2
6
6
3
5
4
8
4
1
3
-4
-7
1
-2
-3
2
-3
-4
-3
-4
-6
-6
-2
-5
-4
-8
-6
1
-2
7
4
1
11
6
0
-3
-3
-4
-11
-10
-5
-2
-4
2
2
-1
6
-1
3
7
3
3
5
8
5
3
-1
-3
-2
-5
-3
5
3
-1
5
-1
-1
4
0
-1
-1
2
3
8
4
-1
2
0
-1
-3
2
5
3
5
11
11
5
4
0
-6
-5
-4
-7
-9
-2
2
2
7
2
-2
1
-6
-6
-3
-2
-1
2
1
-6
-7
-6
-1
-1
-4
-4
-5
-3
-3
-6
-5
-3
-6
0
2
-1
-5
-2
-1
0
2
0
4
1
4
6
1
-2
0
-6
-5
-5
-5
-2
-1
2
2
5
6
7
2
0
-2
0
-4
-2
4
2
2
6
9
11
16
13
10
7
7
2
5
1
-1
3
-6
-6
-4
-5
-2
0
4
6
4
4
1
-3
1
3
-2
-4
-7
-8
-6
-8
-7
-9
-5
-5
-6
-1
-5
-3
-3
-4
-1
-1
-4
-4
-9
-8
-8
-8
-8
-11
-6
4
4
2
-2
-2
1
0
3
2
3
0
2
4
-3
1
6
-1
0
4
6
8
13
16
14
14
12
12
9
7
6
8
13
5
5
8
5
8
4
8
9
3
-1
-4
-2
-8
-13
-9
-16
-13
-7
-11
-7
-5
-2
2
-2
-2
-4
-11
-9
-6
-8
-14
-15
-11
-12
-12
-11
-9
-4
1
2
6
7
3
7
11
5
2
-3
-3
-1
-3
0
-4
0
0
-4
-1
5
6
6
8
8
5
9
6
1
2
2
6
1
-3
5
7
4
7
7
4
12
11
7
1
-3
0
-3
-3
-5
-7
-5
-5
0
3
1
4
2
4
5
3
5
3
-8
-11
-4
-6
-7
-5
-3
-2
-4
-1
-2
1
3
-5
-1
-5
-5
-8
-6
-4
-1
0
-8
-2
3
3
8
5
1
0
1
5
3
2
2
3
0
-2
3
-1
-1
3
4
4
4
2
-2
1
4
4
-6
-4
-3
-3
0
-4
-5
-4
-8
-8
-4
-2
0
0
1
0
0
3
5
3
1
-3
-1
-3
-8
-9
-8
2
3
1
2
8
8
4
7
10
8
7
9
8
6
5
9
8
0
3
-2
-5
-4
-7
-7
-3
0
0
5
1
-2
2
-4
-4
-9
-7
-2
1
3
1
1
3
-7
-12
-9
-11
-7
0
-3
-2
-2
-7
-8
-8
-5
-1
1
2
4
7
6
9
6
1
2
0
-4
-3
0
-2
-3
-4
1
4
2
5
4
2
2
2
3
3
1
4
7
6
7
5
1
-1
-2
4
9
3
5
5
3
5
1
-1
-1
-2
-2
-4
-3
-9
-7
-6
-5
-3
-2
4
6
8
14
10
1
5
1
-9
-5
-6
-7
-11
-11
-10
-9
-5
-8
-9
-1
-2
1
2
-3
2
-1
-1
-1
-3
-3
-4
2
0
2
3
1
5
2
4
1
5
2
-4
2
-8
-8
-5
-9
-4
-1
-3
-6
-3
3
5
8
8
10
13
6
4
4
6
5
6
4
0
3
1
2
4
2
1
-3
-5
0
-2
-2
-2
2
-1
-3
2
-3
0
-1
-2
2
8
10
6
0
-6
-5
-5
-8
-11
-10
-2
2
4
7
4
5
1
1
1
0
-1
-4
-3
-4
-1
-2
-4
-4
-5
2
2
-2
1
1
0
3
-1
-2
-1
0
0
2
0
-4
-4
-4
-4
-4
-6
-4
-3
-5
-1
1
-3
1
0
-4
0
-4
0
2
-3
0
7
7
9
8
7
10
5
5
5
4
3
5
-1
-2
2
0
-1
-3
-3
2
1
-1
3
2
-8
-7
-3
-9
-8
-6
-4
3
7
5
6
7
6
1
-5
0
-3
-6
-6
-2
3
1
-5
0
-1
1
3
-1
-1
-1
3
6
1
1
1
0
3
2
3
1
-1
2
-5
1
1
0
7
8
4
3
3
-4
-2
0
-2
-2
-7
-14
-14
-9
-6
-8
-8
-2
1
-2
-4
-5
-4
-7
-9
-8
-7
-3
-1
0
6
2
5
8
13
18
12
5
3
4
2
5
5
0
1
5
5
-2
1
3
4
4
5
8
8
10
5
7
2
-1
2
-4
-1
5
4
-2
-4
-3
-1
-5
-10
-4
-1
-1
1
-3
0
1
-2
1
0
-7
-7
-9
-9
-11
-11
-9
-9
-6
-3
-1
-1
-3
-8
-7
-5
-7
-2
0
-2
-2
0
-2
-1
2
1
3
12
9
4
8
8
7
5
5
5
3
1
-2
0
1
2
4
4
0
2
3
2
1
7
9
1
2
1
-2
-9
0
2
-7
-8
-6
-4
0
2
1
3
8
13
10
7
6
2
-4
-9
-10
-7
-8
-3
2
1
3
9
9
7
5
-1
0
-3
-6
-1
-8
-11
-8
-7
-2
1
1
2
6
5
7
6
2
2
2
-2
-4
-7
-4
-7
-5
-2
-3
-5
-8
-7
-2
-2
-3
1
-2
-5
-1
-4
-7
-8
-9
-2
-1
-1
8
11
5
7
5
2
5
2
-4
-3
-2
3
0
-5
2
0
-1
0
0
-1
0
3
6
3
1
6
8
2
1
1
-1
-2
-2
2
10
9
11
13
12
7
10
9
0
-1
4
3
-1
1
-4
-5
-7
-1
2
0
7
3
1
3
1
-1
-5
-4
-4
-9
-8
-1
-3
-6
-7
-11
-5
-4
0
0
-9
0
-6
-6
-1
-6
-7
-12
-10
-9
-9
-1
-1
-1
3
2
4
8
4
-4
-5
-3
-4
-2
2
1
6
7
5
2
-1
1
1
0
5
3
2
5
10
9
4
6
6
5
0
-2
4
5
1
4
3
-2
5
8
5
7
5
0
1
2
3
6
8
-1
-5
-4
-7
-12
-9
-6
-2
5
5
-1
-2
-2
-7
-6
-7
-6
-1
-2
1
-1
-1
-2
-3
4
1
0
1
-4
-2
-1
-2
-2
-3
-3
-6
-7
-5
-7
-9
-4
-5
-10
-9
-6
-5
1
2
4
4
1
3
6
4
9
8
0
8
7
11
13
12
13
8
3
0
-3
3
2
-2
-4
-3
0
-1
5
2
10
10
7
9
3
6
3
3
-4
-8
-1
-9
-8
-4
-1
-1
-6
-7
-1
1
-6
-4
-6
-14
-9
-3
-6
-11
-10
-8
-9
-8
0
0
-1
0
3
6
5
6
4
1
-3
-5
-7
-8
-2
-3
-3
-1
2
2
2
3
5
11
14
14
10
10
10
8
11
3
3
5
0
-4
-2
-1
0
1
-3
3
5
4
3
-5
-6
-4
-10
-6
-5
-9
-5
-3
-4
0
4
1
8
7
1
2
-2
0
5
-3
0
-3
-5
2
-3
-5
-2
4
10
2
4
5
1
2
2
-1
-6
-7
-10
-12
-8
-10
-9
-3
-5
-3
-3
-3
1
1
-1
-2
-2
-4
-6
-6
-2
-2
-4
0
4
1
4
13
7
10
7
1
4
1
2
7
7
8
6
4
7
6
4
8
12
9
6
4
5
1
-1
2
0
1
-3
0
3
3
3
3
2
-2
0
-1
-6
-7
-6
-8
-6
-3
-8
-6
-8
-15
-14
-11
-12
-12
-9
-3
-3
-3
-2
-5
-5
-4
-4
-8
-8
-1
-5
-1
2
-1
0
4
8
3
3
6
4
6
10
10
3
3
8
5
0
6
6
7
5
6
14
14
10
8
5
1
1
0
0
2
-3
0
-2
-5
-1
0
1
-1
-2
-2
-5
-9
-6
-1
-1
-3
-4
-3
3
1
-2
0
-3
-3
-2
1
-3
-3
-2
0
5
3
1
2
2
-4
1
-3
-5
-2
-3
-5
-7
3
2
-1
0
-1
-3
-3
-2
-6
-6
-9
-3
-1
-2
-1
-3
1
-5
-1
3
2
2
4
3
4
10
8
6
7
7
5
1
-1
0
-3
-3
1
-1
-2
2
1
0
5
3
7
4
-2
3
1
2
5
7
5
4
9
9
-1
-2
-1
-6
1
1
-2
1
-2
-4
0
-2
-4
-1
1
0
-2
-5
-4
-7
-7
-4
-12
-5
-6
-4
-3
-5
-1
-5
-8
-1
-6
-1
0
-6
0
-4
-5
-4
-1
-3
-6
-5
2
8
8
10
7
6
6
2
1
-1
1
3
0
6
7
6
8
7
7
3
3
4
6
6
5
6
4
1
-1
-2
-3
-6
-2
0
-2
-1
-1
-1
4
6
0
3
2
4
7
2
-2
-3
-4
-4
-3
-9
-4
-1
-5
-8
-7
-2
-2
-7
-3
-7
-14
-9
-11
-12
-6
-10
-3
3
-1
0
-2
-1
-2
-1
3
3
2
4
0
1
3
1
4
4
4
6
8
8
6
11
3
2
4
-2
1
4
3
4
5
4
7
7
10
11
11
12
13
12
4
-4
-3
-3
-3
-4
-6
-9
-9
-9
-4
-8
-10
-6
-11
-12
-9
-8
-5
-5
-10
-4
-5
-8
-3
-5
-4
-2
-4
2
3
4
5
1
6
4
1
7
5
3
6
3
3
3
0
3
7
5
-2
2
2
3
6
7
6
4
3
4
3
-6
-4
1
-3
-6
-2
3
-2
-4
0
-1
3
5
4
1
-1
-4
-8
-4
-7
-12
-4
5
1
-2
-2
-1
-2
-2
-2
-5
-3
-7
-9
-5
-3
1
0
-1
4
5
7
5
1
8
15
6
1
2
1
5
3
5
7
7
7
7
9
7
3
4
0
-1
-1
-4
0
2
-2
-6
-2
-2
-7
-8
-7
-2
-10
-14
-13
-11
-7
-7
-5
-3
-6
-6
-1
-6
-6
-1
-3
-4
-2
4
2
2
5
5
8
7
9
6
2
3
-1
3
4
8
13
9
7
7
5
0
0
-1
-4
-1
0
-3
-1
-1
-1
3
2
4
7
5
7
6
3
-3
-2
-1
-7
-6
1
-3
-1
3
-1
1
1
-2
-5
-1
0
-2
2
2
0
-6
-2
4
-1
-2
1
-2
-1
-5
-5
-7
-8
-8
-7
-3
-4
-5
-9
-4
-6
-9
-1
-1
-1
-1
1
2
-1
-2
-2
0
6
9
4
9
18
12
9
5
4
3
4
0
-5
-4
-2
-5
-4
-3
-8
0
5
1
3
4
11
12
7
3
8
9
2
4
-3
-6
-1
-2
-1
-2
-4
-1
0
0
3
-3
-3
3
1
-2
-2
-1
-2
-4
-1
-2
-2
-3
0
0
-2
1
2
7
3
-5
-8
-8
-11
-8
-6
-3
-2
0
3
4
4
3
5
5
5
4
3
3
1
-3
-3
-6
-10
-8
-8
-9
-4
-3
-5
-6
-5
-4
-2
5
2
-5
-2
-4
-2
0
-2
5
5
3
6
8
10
11
9
10
9
5
4
6
5
2
-3
-1
1
-1
1
2
4
9
8
7
5
4
-2
-6
-6
-3
-5
-5
0
7
3
-1
4
0
2
-3
-6
-9
-10
-8
-8
-5
-3
-4
-1
0
-4
-6
-6
-8
-8
-6
-7
-5
-1
-2
-4
-3
-4
-3
-4
-6
-8
-4
0
3
5
9
12
4
6
8
7
9
7
7
13
14
11
6
1
7
10
10
14
14
9
11
8
5
-1
-9
-5
-10
-7
-3
-5
0
-1
-3
-5
-8
-8
-9
-10
-7
-9
-10
-7
-8
-8
-6
-5
-7
-10
-11
-7
-9
-10
-6
-5
4
2
1
5
0
-8
-2
5
0
0
5
7
9
7
6
5
7
6
7
11
9
6
9
14
12
7
6
-3
-8
-5
-6
-4
-4
2
5
2
9
3
4
5
4
0
-1
6
6
3
4
4
-2
-2
-3
-3
0
-4
-4
-9
-5
-4
-2
-1
-2
1
0
-6
-12
-8
-8
-12
-11
-3
-10
-6
0
-6
1
-3
-3
3
0
-4
-5
-2
-4
-7
-6
-4
2
8
11
9
12
9
9
13
10
6
3
0
-6
-1
0
0
-1
-4
1
3
4
4
9
6
0
2
-6
-4
-4
-2
-1
-2
-2
-3
3
5
3
-1
-2
-2
-3
-4
-6
-2
-1
-1
-1
-6
-5
-2
-2
1
3
0
1
3
3
4
7
7
0
-3
-4
-7
-4
-3
2
-2
0
7
6
5
4
6
9
8
6
6
9
4
2
-3
-2
1
0
3
6
8
7
4
2
6
4
-9
-5
0
-6
-2
-6
-11
-7
-6
-2
-7
-11
-8
-9
-6
-7
-13
-11
-10
-8
-7
-2
0
-3
-1
2
3
-1
2
5
-1
-1
2
1
1
6
0
-7
-3
0
4
3
1
3
7
9
5
12
10
8
5
6
4
-3
-2
-4
-2
-1
0
5
1
2
-1
-4
0
1
1
1
1
8
5
2
0
-1
-2
-8
-1
0
-3
1
1
0
-1
-5
-5
-9
-6
2
-2
1
6
-2
-1
0
2
9
6
0
1
0
-2
1
3
7
3
6
3
4
4
-2
2
0
-3
2
-4
-5
0
-2
-3
-3
6
1
-1
3
-1
-3
-8
-5
-6
-4
-6
-2
2
-4
-1
-3
-3
1
-4
-1
4
4
1
1
0
-8
-8
-5
-5
-9
-3
-3
-1
1
0
-1
2
1
0
2
-1
2
6
6
-3
-6
1
0
-7
-5
-2
-3
-4
1
-1
0
-1
2
3
-1
4
5
6
4
1
6
7
6
3
7
8
5
6
4
3
7
7
2
8
9
10
15
13
12
5
3
4
3
5
4
5
5
-2
-4
-4
-6
-2
-8
-13
-10
-16
-17
-12
-14
-17
-15
-7
-4
-10
-10
-4
-3
-5
-8
-10
-7
0
3
-1
1
2
-4
-3
2
-3
-6
-4
-2
1
2
0
0
0
-2
-1
-2
-2
3
4
2
5
6
6
6
6
10
7
3
3
-1
-3
-6
0
-2
-2
4
5
8
4
1
2
4
9
4
4
5
7
7
10
9
4
11
11
14
8
3
7
4
3
0
-1
-3
-2
-7
-12
-6
-8
-8
-7
-6
-4
-2
3
6
7
2
3
8
6
-1
-4
-7
-9
-6
-7
-7
-8
-9
-4
-3
3
4
-5
-6
-5
-7
-6
-7
-11
-8
-8
-7
-3
-5
-7
-8
-2
0
-4
-2
-3
-3
-4
-8
-9
-5
-3
-1
2
0
-3
-1
5
10
9
6
10
12
7
12
12
11
13
9
8
6
5
1
2
7
5
3
7
5
6
8
3
3
0
3
0
-5
-1
3
3
1
4
5
5
8
7
6
1
-3
-2
-2
-2
-4
-5
-9
-8
-3
2
4
6
4
1
0
-4
-3
-3
-10
-10
-11
-16
-12
-13
-10
-10
-8
-6
-9
-2
3
-3
-2
-2
-6
-6
-5
-2
-3
-7
-5
-8
-6
-3
-2
1
-2
5
6
7
10
8
5
-1
-1
-5
-5
0
-4
0
4
6
9
2
5
7
7
6
3
10
4
8
11
11
10
7
8
3
1
3
4
3
5
10
13
7
7
5
2
0
-2
-1
-4
-3
-7
-9
-5
-4
-3
-7
-3
-5
-9
-4
-5
-8
-4
-3
-4
2
0
-6
-4
-6
-3
-1
-4
-2
-8
-3
1
-4
1
0
1
1
3
8
3
5
9
2
1
1
1
-4
-7
-2
-2
-1
1
-1
-6
-4
-1
2
4
5
5
4
4
0
-4
-5
-3
4
1
-5
2
-2
0
4
-4
-3
3
0
2
-1
-5
-1
-5
-7
-7
-6
-1
0
1
0
0
3
-1
2
1
0
7
1
3
6
6
7
8
6
-2
1
5
3
2
3
-1
-6
-1
-4
-3
5
3
0
4
13
7
4
6
0
0
0
1
-2
-2
-6
-1
7
-4
-6
-6
-8
-4
-8
-6
-4
1
-4
-9
1
-5
-1
4
1
0
-2
5
5
3
4
2
0
0
-2
-6
1
1
-1
3
-1
-1
-2
-2
1
-3
-2
2
2
4
5
5
9
2
-5
-2
-7
-11
-7
-10
-11
-5
0
1
2
7
10
7
1
3
2
3
5
-2
-2
1
1
-3
2
0
-2
1
1
1
1
5
0
-4
-4
-3
-4
-3
0
0
0
3
1
0
4
5
6
10
10
5
6
4
4
1
-3
-2
0
-2
-3
-6
-10
-6
-7
-5
2
6
-1
-4
2
0
1
-4
-6
0
0
-5
-8
-7
-2
-1
1
1
5
6
6
7
1
-1
-5
-8
-7
-4
-1
-1
-5
-5
-1
0
3
-2
-1
2
2
2
2
1
-4
5
7
5
4
7
6
-4
-2
1
5
5
4
7
9
5
4
5
5
3
2
8
5
-2
5
7
1
-3
-2
2
-3
-7
-7
-5
-2
-3
-5
1
0
-6
-4
-4
-10
-13
-6
-6
-6
0
-5
-4
-5
-7
-13
-10
-3
-1
-4
-10
0
1
0
3
7
6
3
-1
-4
0
0
-3
-3
-2
-1
-1
2
3
9
11
7
10
9
4
5
2
3
8
1
1
8
-2
-4
2
1
-1
0
4
5
4
7
8
5
5
0
-2
-3
-1
0
-2
-6
-8
-7
-8
-1
-2
1
3
4
3
3
5
1
2
1
1
0
-5
-3
-3
-2
2
6
1
3
5
-1
-3
-8
-3
-6
-10
-5
2
2
2
-1
-5
-2
0
-1
-8
-5
0
-4
-5
-2
1
1
4
3
-1
-1
-3
-4
-2
0
-1
2
-1
-1
-1
0
3
0
0
2
0
0
-3
-2
5
-4
-3
3
8
8
2
5
7
3
-1
3
0
-2
0
6
2
-3
-4
-6
1
1
-5
2
-2
1
0
-5
-1
-3
-5
-4
-3
1
1
-5
-4
-1
-2
7
10
6
6
0
1
3
3
3
0
-1
-3
0
0
-3
2
-6
-2
8
2
11
8
9
11
6
8
1
-1
-3
-9
-6
-6
-4
-2
2
1
-1
1
2
1
1
0
-4
-6
-8
-7
-6
-4
-5
0
3
-1
1
1
3
3
2
6
-1
1
-2
-10
-7
-8
-12
-7
-6
-9
-4
-3
-2
0
-1
-1
0
9
9
6
7
6
4
5
5
1
-2
-2
-3
-3
2
3
2
-1
-5
3
2
-1
-3
-9
-9
-13
-15
-11
-12
-5
6
7
12
6
8
10
6
8
8
-1
0
6
5
10
5
8
8
12
16
7
11
12
9
7
2
-3
-5
-8
-12
-6
-4
-9
-5
1
2
3
9
-3
-5
-2
-6
-6
-7
-5
-11
-10
-9
-8
-10
-10
-6
-6
0
-2
-4
-6
-3
2
-4
-1
1
1
2
0
8
2
2
7
7
11
5
5
5
-2
2
2
-7
0
-6
-8
-1
-10
-7
-3
-13
-6
0
4
0
-4
6
-1
-4
-1
-2
4
7
7
8
11
5
4
10
12
8
10
5
10
13
6
3
3
1
-3
-5
-8
-7
-8
-14
-13
-9
-12
-14
-10
-9
-11
-6
-1
-2
-1
-5
-3
0
-2
6
6
9
10
9
11
9
13
10
9
11
13
11
7
5
4
8
7
9
17
14
11
12
8
7
8
4
12
12
4
5
-1
-2
-5
-7
-9
-17
-18
-23
-22
-25
-31
-27
-28
-30
-27
-31
-29
-21
-24
-22
-15
-17
-14
-11
-7
1
2
11
6
7
15
17
15
11
13
12
14
10
14
10
8
6
2
8
4
0
5
2
-2
-2
0
3
2
0
-4
-10
-6
0
-4
-8
-5
0
3
10
16
22
22
23
28
23
22
27
24
21
22
18
19
20
24
24
28
29
23
22
19
18
11
1
2
3
-1
-3
-5
-6
-5
-13
-15
-11
-15
-11
-12
-13
-9
-12
-13
-16
-22
-27
-33
-39
-41
-43
-52
-58
-62
-68
-70
-71
-76
-75
-70
-69
-71
-73
-66
-57
-48
-41
-28
-20
-11
18
52
83
129
208
251
285
324
340
458
527
513
541
506
531
574
507
449
352
270
219
107
-20
-139
-235
-360
-488
-557
-618
-643
-712
-784
-743
-700
-639
-562
-505
-388
-254
-123
20
175
328
456
584
690
825
965
1020
1067
1078
1079
1119
1062
967
856
709
585
421
215
5
-190
-387
-600
-761
-902
-999
-1077
-1184
-1188
-1137
-1078
-981
-913
-804
-661
-544
-429
-351
-297
-264
-268
-299
-372
-474
-605
-757
-914
-1090
-1267
-1433
-1590
-1727
-1843
-1918
-1950
-1956
-1914
-1818
-1669
-1472
-1235
-958
-634
-278
94
477
870
1257
1627
1981
2307
2599
2853
3061
3233
3367
3443
3478
3471
3416
3322
3187
3010
2791
2536
2241
1910
1553
1174
761
329
-100
-532
-966
-1374
-1740
-2074
-2376
-2625
-2799
-2898
-2949
-2935
-2834
-2669
-2470
-2215
-1906
-1565
-1213
-865
-501
-146
168
458
719
936
1107
1218
1299
1333
1315
1259
1159
1030
876
696
495
280
50
-193
-439
-676
-894
-1098
-1277
-1429
-1538
-1609
-1640
-1615
-1550
-1439
-1279
-1082
-844
-584
-303
-7
296
591
865
1123
1354
1549
1692
1790
1841
1838
1773
1648
1483
1257
998
699
361
31
-309
-653
-977
-1273
-1528
-1736
-1908
-2015
-2057
-2050
-1971
-1847
-1668
-1424
-1143
-820
-475
-115
269
663
1049
1427
1798
2149
2477
2766
3025
3243
3402
3500
3536
3511
3412
3242
3003
2689
2308
1870
1366
827
252
-343
-943
-1554
-2134
-2670
-3156
-3588
-3950
-4224
-4418
-4524
-4523
-4425
-4242
-3978
-3635
-3221
-2759
-2261
-1726
-1188
-643
-112
386
857
1276
1655
1977
2231
2429
2567
2635
2642
2585
2475
2309
2091
1846
1564
1256
935
609
298
-3
-272
-497
-681
-809
-870
-876
-821
-707
-540
-322
-76
209
497
794
1093
1362
1629
1848
2015
2131
2177
2173
2090
1933
1715
1420
1063
659
204
-268
-765
-1281
-1770
-2237
-2661
-3033
-3350
-3579
-3727
-3804
-3792
-3700
-3523
-3270
-2956
-2584
-2167
-1713
-1221
-709
-188
337
851
1356
1842
2299
2717
3095
3424
3678
3864
3988
4020
3974
3839
3610
3303
2910
2443
1907
1312
689
28
-647
-1306
-1930
-2508
-3031
-3482
-3850
-4109
-4269
-4323
-4260
-4091
-3824
-3462
-3020
-2514
-1953
-1357
-735
-111
497
1075
1603
2092
2504
2835
3097
3278
3377
3392
3328
3194
3000
2749
2440
2087
1703
1290
852
411
-19
-438
-819
-1163
-1454
-1663
-1805
-1864
-1834
-1722
-1528
-1267
-952
-589
-198
214
626
1025
1399
1740
2024
2242
2396
2473
2475
2385
2216
1966
1633
1230
764
248
-314
-907
-1511
-2107
-2687
-3238
-3727
-4146
-4487
-4724
-4870
-4913
-4849
-4694
-4429
-4075
-3645
-3129
-2563
-1958
-1312
-649
27
692
1337
1963
2545
3081
3563
3982
4341
4608
4799
4912
4926
4867
4713
4472
4149
3722
3244
2702
2084
1440
756
58
-640
-1325
-1952
-2531
-3050
-3487
-3825
-4052
-4190
-4210
-4104
-3911
-3623
-3253
-2797
-2266
-1718
-1138
-532
60
628
1163
1653
2095
2450
2746
2980
3137
3224
3229
3176
3058
2864
2631
2341
1998
1623
1209
779
339
-96
-506
-893
-1233
-1505
-1713
-1848
-1901
-1867
-1758
-1593
-1364
-1082
-766
-436
-106
213
517
787
1011
1193
1297
1338
1319
1229
1076
845
551
195
-208
-630
-1091
-1553
-2020
-2485
-2894
-3273
-3598
-3844
-4024
-4103
-4089
-3998
-3797
-3507
-3149
-2701
-2201
-1644
-1053
-449
178
785
1381
1955
2480
2977
3425
3818
4164
4445
4665
4824
4919
4956
4916
4801
4634
4392
4069
3656
3181
2652
2049
1381
683
-25
-759
-1505
-2185
-2790
-3340
-3812
-4169
-4392
-4504
-4520
-4393
-4134
-3808
-3423
-2951
-2407
-1844
-1288
-723
-161
352
815
1234
1610
1920
2152
2332
2456
2515
2510
2447
2333
2163
1942
1681
1372
1028
653
243
-176
-587
-974
-1341
-1672
-1927
-2112
-2230
-2263
-2202
-2062
-1848
-1578
-1240
-859
-483
-96
292
662
994
1285
1553
1774
1918
2012
2053
2039
1960
1801
1580
1301
947
538
103
-369
-843
-1329
-1790
-2193
-2563
-2858
-3069
-3201
-3235
-3191
-3059
-2834
-2550
-2201
-1808
-1372
-908
-438
51
538
1016
1479
1915
2332
2703
3029
3315
3543
3721
3836
3879
3867
3788
3648
3449
3188
2872
2506
2092
1640
1167
670
150
-386
-909
-1413
-1916
-2370
-2783
-3154
-3467
-3725
-3886
-3955
-3958
-3869
-3704
-3457
-3149
-2798
-2383
-1938
-1488
-1034
-580
-141
268
634
975
1267
1501
1699
1845
1943
1983
1982
1942
1849
1724
1571
1382
1159
926
679
429
178
-47
-254
-444
-582
-679
-718
-710
-656
-538
-375
-173
61
321
606
897
1177
1456
1711
1929
2124
2266
2341
2349
2287
2154
1955
1683
1341
931
477
-9
-523
-1035
-1548
-2047
-2505
-2923
-3279
-3571
-3792
-3932
-3992
-3969
-3870
-3696
-3440
-3123
-2744
-2319
-1855
-1358
-842
-309
223
748
1250
1735
2186
2591
2962
3281
3535
3735
3882
3960
3975
3932
3825
3652
3386
3068
2702
2273
1797
1275
727
151
-443
-1020
-1570
-2091
-2590
-3040
-3400
-3687
-3915
-4047
-4082
-4032
-3914
-3732
-3442
-3090
-2699
-2250
-1774
-1266
-769
-281
213
664
1071
1430
1749
2021
2231
2385
2492
2556
2568
2531
2452
2349
2207
2011
1791
1554
1302
1040
761
498
257
29
-166
-325
-427
-482
-514
-478
-389
-283
-144
23
221
415
597
778
949
1104
1223
1324
1398
1410
1366
1288
1170
981
733
439
99
-284
-704
-1133
-1560
-1991
-2410
-2798
-3140
-3428
-3661
-3827
-3907
-3916
-3861
-3724
-3511
-3227
-2891
-2508
-2065
-1591
-1098
-591
-72
446
944
1419
1863
2277
2661
2991
3275
3516
3703
3842
3920
3941
3925
3842
3691
3476
3186
2866
2469
2033
1552
1014
478
-109
-675
-1205
-1745
-2234
-2683
-3076
-3384
-3649
-3816
-3887
-3914
-3844
-3700
-3478
-3173
-2843
-2438
-1989
-1532
-1040
-563
-77
397
824
1232
1591
1907
2186
2407
2587
2718
2795
2849
2838
2783
2694
2547
2379
2161
1909
1654
1364
1080
808
537
289
71
-111
-253
-375
-452
-480
-492
-472
-433
-363
-278
-194
-90
12
120
222
306
375
419
423
396
339
228
77
-119
-366
-642
-939
-1249
-1566
-1885
-2198
-2492
-2763
-2996
-3179
-3310
-3395
-3427
-3393
-3304
-3151
-2939
-2676
-2348
-1975
-1557
-1106
-625
-124
379
887
1378
1848
2294
2705
3084
3410
3678
3906
4073
4167
4201
4181
4090
3929
3692
3405
3059
2641
2177
1658
1121
543
-60
-659
-1253
-1828
-2375
-2866
-3289
-3643
-3918
-4091
-4173
-4162
-4067
-3879
-3590
-3238
-2820
-2343
-1818
-1251
-686
-109
468
1008
1515
1969
2366
2703
2970
3154
3278
3329
3309
3229
3091
2908
2677
2405
2101
1782
1455
1115
771
446
133
-169
-435
-668
-862
-1022
-1154
-1233
-1275
-1284
-1258
-1188
-1085
-966
-819
-649
-451
-249
-40
186
403
587
738
856
927
946
881
758
573
308
-11
-378
-771
-1206
-1676
-2141
-2595
-3022
-3411
-3749
-4001
-4173
-4280
-4292
-4201
-4017
-3747
-3398
-2967
-2460
-1903
-1308
-675
-13
650
1311
1958
2578
3158
3693
4179
4597
4957
5238
5442
5583
5634
5599
5466
5250
4943
4530
4036
3466
2828
2106
1336
555
-246
-1055
-1849
-2594
-3278
-3895
-4425
-4843
-5142
-5337
-5423
-5379
-5208
-4941
-4568
-4099
-3550
-2935
-2286
-1598
-887
-183
492
1136
1738
2284
2757
3153
3483
3730
3891
3968
3970
3900
3750
3516
3218
2865
2459
2018
1540
1058
575
88
-356
-754
-1111
-1416
-1659
-1828
-1954
-2031
-2055
-2030
-1959
-1865
-1740
-1565
-1355
-1111
-830
-513
-147
240
629
1016
1370
1678
1916
2058
2097
2030
1822
1499
1090
584
22
-593
-1228
-1849
-2455
-3005
-3483
-3891
-4222
-4450
-4582
-4612
-4541
-4371
-4090
-3719
-3257
-2709
-2093
-1420
-718
15
755
1485
2191
2856
3469
4026
4516
4925
5265
5533
5706
5780
5773
5675
5472
5171
4767
4267
3678
2999
2251
1454
618
-253
-1124
-1958
-2754
-3502
-4178
-4751
-5211
-5564
-5791
-5881
-5837
-5676
-5394
-4978
-4448
-3846
-3177
-2434
-1654
-864
-84
679
1415
2092
2699
3240
3704
4077
4358
4548
4641
4637
4536
4358
4096
3757
3343
2874
2364
1813
1263
705
164
-337
-816
-1237
-1592
-1895
-2132
-2307
-2431
-2485
-2493
-2451
-2353
-2210
-2026
-1803
-1528
-1226
-882
-518
-142
254
649
1029
1387
1693
1936
2098
2164
2143
2007
1754
1402
952
412
-196
-838
-1489
-2148
-2794
-3378
-3892
-4321
-4645
-4855
-4941
-4909
-4766
-4507
-4130
-3649
-3090
-2455
-1755
-1011
-245
524
1302
2059
2774
3433
4039
4577
5017
5375
5643
5804
5869
5828
5681
5453
5123
4703
4201
3626
2975
2265
1524
744
-43
-836
-1609
-2343
-3028
-3643
-4189
-4633
-4975
-5222
-5349
-5350
-5241
-5012
-4681
-4248
-3726
-3134
-2482
-1778
-1042
-301
424
1138
1806
2414
2963
3426
3810
4097
4282
4376
4374
4278
4086
3813
3480
3078
2614
2122
1605
1073
544
34
-442
-888
-1284
-1616
-1890
-2096
-2251
-2348
-2371
-2351
-2294
-2195
-2072
-1911
-1730
-1520
-1272
-1009
-715
-405
-70
292
656
1013
1356
1666
1923
2100
2187
2176
2062
1830
1485
1043
515
-87
-732
-1385
-2025
-2630
-3187
-3671
-4049
-4335
-4515
-4583
-4537
-4377
-4137
-3801
-3384
-2896
-2344
-1747
-1099
-423
256
943
1613
2252
2853
3392
3858
4249
4541
4753
4889
4936
4908
4810
4663
4464
4205
3906
3553
3148
2671
2122
1537
888
206
-493
-1196
-1876
-2505
-3056
-3499
-3842
-4094
-4240
-4289
-4232
-4106
-3912
-3639
-3320
-2952
-2535
-2056
-1540
-990
-406
198
804
1385
1930
2415
2821
3142
3371
3505
3544
3507
3399
3224
2998
2729
2436
2124
1779
1421
1035
623
202
-228
-648
-1053
-1434
-1756
-2019
-2199
-2296
-2319
-2267
-2162
-2000
-1809
-1601
-1375
-1155
-927
-702
-480
-249
-16
231
499
761
1019
1260
1446
1595
1647
1600
1484
1248
927
506
18
-484
-1039
-1578
-2068
-2522
-2908
-3228
-3467
-3612
-3701
-3705
-3625
-3477
-3245
-2973
-2637
-2225
-1766
-1267
-715
-140
442
1034
1605
2145
2650
3106
3490
3808
4062
4241
4357
4400
4389
4322
4194
4035
3816
3548
3246
2885
2485
2051
1569
1065
542
5
-540
-1061
-1552
-2019
-2461
-2855
-3186
-3459
-3672
-3816
-3877
-3862
-3791
-3643
-3412
-3121
-2771
-2361
-1900
-1411
-895
-364
177
696
1176
1630
2021
2353
2614
2806
2944
3004
2996
2949
2844
2694
2501
2257
1985
1670
1326
955
559
158
-247
-630
-994
-1324
-1601
-1819
-1972
-2058
-2083
-2044
-1940
-1790
-1607
-1399
-1178
-944
-721
-505
-289
-89
90
265
438
603
759
902
1038
1135
1191
1215
1176
1085
920
686
408
60
-324
-728
-1146
-1538
-1922
-2278
-2574
-2809
-2983
-3087
-3113
-3059
-2940
-2761
-2506
-2195
-1835
-1431
-1001
-542
-66
412
891
1365
1820
2237
2624
2970
3265
3510
3691
3832
3913
3925
3896
3819
3700
3534
3322
3073
2770
2396
1979
1525
1017
467
-105
-680
-1244
-1791
-2286
-2713
-3085
-3400
-3643
-3796
-3870
-3887
-3837
-3713
-3529
-3277
-2966
-2602
-2166
-1696
-1178
-625
-66
494
1024
1530
1991
2376
2695
2946
3121
3228
3263
3237
3161
3024
2844
2609
2326
2017
1640
1226
801
361
-72
-503
-892
-1214
-1483
-1670
-1778
-1805
-1759
-1680
-1550
-1390
-1255
-1140
-1055
-973
-918
-885
-822
-734
-621
-452
-230
49
371
689
1014
1290
1488
1601
1594
1503
1306
1000
635
217
-223
-667
-1102
-1502
-1875
-2219
-2511
-2762
-2982
-3152
-3271
-3329
-3332
-3274
-3136
-2923
-2624
-2258
-1826
-1330
-796
-235
330
882
1417
1897
2321
2692
3002
3262
3466
3624
3761
3859
3954
4024
4076
4101
4065
3967
3762
3494
3120
2650
2113
1498
847
158
-524
-1160
-1785
-2354
-2850
-3294
-3641
-3936
-4140
-4228
-4265
-4212
-4044
-3799
-3434
-3004
-2507
-1914
-1295
-654
-8
623
1228
1760
2222
2624
2936
3174
3345
3430
3457
3411
3310
3163
2954
2698
2391
2035
1633
1190
725
247
-227
-680
-1113
-1496
-1836
-2112
-2320
-2479
-2578
-2620
-2627
-2585
-2504
-2397
-2242
-2066
-1860
-1616
-1345
-1026
-686
-307
92
485
884
1260
1582
1832
2011
2105
2095
1981
1774
1482
1114
679
199
-293
-795
-1317
-1820
-2285
-2713
-3094
-3411
-3630
-3764
-3808
-3754
-3602
-3334
-2978
-2547
-2043
-1488
-901
-294
313
905
1474
2012
2511
2954
3363
3728
4041
4313
4532
4704
4813
4861
4852
4784
4642
4428
4143
3790
3372
2884
2349
1765
1138
478
-198
-870
-1530
-2161
-2756
-3289
-3775
-4197
-4508
-4741
-4875
-4901
-4830
-4634
-4345
-3966
-3476
-2903
-2278
-1612
-931
-236
435
1062
1639
2132
2545
2872
3108
3266
3338
3339
3269
3140
2970
2740
2464
2158
1810
1429
1015
590
163
-271
-695
-1092
-1457
-1775
-2041
-2255
-2400
-2482
-2497
-2440
-2330
-2167
-1963
-1722
-1446
-1161
-868
-564
-259
48
359
678
995
1309
1613
1886
2124
2298
2399
2425
2350
2179
1897
1513
1049
509
-87
-717
-1359
-1985
-2577
-3101
-3545
-3904
-4152
-4287
-4300
-4211
-4023
-3726
-3347
-2888
-2375
-1814
-1214
-599
23
640
1246
1832
2385
2893
3347
3754
4099
4373
4586
4721
4793
4798
4724
4606
4432
4202
3915
3574
3195
2766
2288
1760
1196
596
-57
-725
-1395
-2070
-2728
-3347
-3894
-4356
-4742
-5011
-5143
-5149
-5042
-4823
-4462
-3994
-3457
-2837
-2167
-1462
-764
-95
570
1189
1734
2209
2612
2938
3178
3334
3430
3463
3431
3343
3202
3014
2773
2485
2150
1770
1351
913
445
-35
-504
-953
-1372
-1746
-2054
-2310
-2481
-2576
-2599
-2550
-2452
-2306
-2104
-1868
-1621
-1358
-1084
-795
-504
-205
117
446
763
1094
1419
1717
1984
2178
2313
2369
2313
2154
1885
1508
1037
475
-133
-767
-1415
-2036
-2607
-3107
-3515
-3824
-4012
-4085
-4050
-3906
-3669
-3352
-2965
-2529
-2052
-1534
-1013
-486
46
568
1091
1605
2096
2563
3004
3402
3772
4083
4326
4514
4623
4664
4621
4504
4325
4074
3763
3398
2992
2541
2057
1545
999
436
-149
-741
-1331
-1923
-2481
-2992
-3472
-3885
-4211
-4441
-4564
-4592
-4490
-4284
-3978
-3574
-3097
-2540
-1951
-1356
-748
-155
402
911
1369
1780
2130
2411
2641
2822
2944
3012
3029
3003
2928
2795
2617
2383
2104
1782
1422
1038
622
207
-207
-616
-994
-1335
-1627
-1880
-2066
-2186
-2243
-2232
-2167
-2029
-1847
-1628
-1375
-1101
-804
-524
-243
34
302
563
800
1042
1259
1446
1597
1698
1757
1749
1651
1473
1218
880
464
-11
-524
-1070
-1630
-2159
-2645
-3058
-3398
-3648
-3790
-3827
-3754
-3593
-3341
-3006
-2616
-2180
-1713
-1233
-741
-248
229
711
1185
1639
2087
2508
2910
3276
3601
3888
4109
4262
4339
4345
4271
4124
3913
3658
3345
2990
2609
2185
1759
1303
824
342
-165
-682
-1205
-1712
-2188
-2651
-3077
-3439
-3725
-3927
-4052
-4075
-3986
-3820
-3575
-3241
-2837
-2372
-1881
-1367
-828
-296
216
688
1137
1540
1875
2170
2412
2583
2717
2793
2815
2791
2714
2603
2444
2238
1997
1715
1406
1080
730
369
13
-336
-658
-953
-1219
-1425
-1583
-1698
-1766
-1787
-1751
-1686
-1596
-1475
-1334
-1178
-1016
-834
-633
-431
-217
9
245
485
715
932
1116
1260
1357
1383
1338
1215
1000
705
338
-85
-542
-1026
-1510
-1976
-2396
-2754
-3046
-3244
-3356
-3380
-3309
-3169
-2968
-2704
-2401
-2059
-1687
-1311
-923
-517
-102
315
741
1181
1626
2054
2479
2888
3247
3556
3804
3984
4095
4132
4095
4003
3856
3650
3385
3083
2767
2415
2038
1649
1241
812
355
-104
-566
-1036
-1506
-1963
-2382
-2776
-3123
-3396
-3593
-3711
-3748
-3704
-3554
-3319
-3018
-2634
-2208
-1739
-1241
-737
-228
257
714
1141
1527
1875
2179
2429
2625
2779
2880
2931
2933
2880
2768
2599
2374
2102
1793
1435
1048
648
246
-148
-540
-898
-1223
-1516
-1762
-1972
-2121
-2220
-2284
-2276
-2215
-2114
-1967
-1778
-1533
-1260
-976
-659
-319
19
358
676
968
1218
1404
1543
1611
1602
1518
1346
1107
805
437
26
-409
-877
-1344
-1799
-2239
-2610
-2921
-3161
-3322
-3402
-3387
-3290
-3122
-2874
-2569
-2223
-1837
-1419
-976
-524
-68
398
860
1323
1767
2192
2602
2973
3310
3606
3848
4035
4159
4226
4231
4176
4058
3880
3655
3381
3054
2685
2287
1845
1369
862
324
-205
-751
-1304
-1830
-2316
-2755
-3148
-3474
-3702
-3846
-3910
-3879
-3753
-3540
-3262
-2912
-2498
-2058
-1582
-1096
-598
-104
362
808
1225
1605
1929
2205
2437
2610
2718
2771
2777
2727
2609
2440
2234
1984
1693
1371
1023
668
305
-72
-426
-771
-1101
-1395
-1663
-1885
-2051
-2180
-2250
-2262
-2226
-2125
-1969
-1766
-1511
-1223
-890
-543
-174
198
560
907
1209
1467
1660
1801
1867
1851
1760
1579
1341
1030
651
233
-226
-703
-1199
-1678
-2129
-2545
-2907
-3196
-3402
-3532
-3568
-3520
-3390
-3175
-2885
-2532
-2134
-1706
-1256
-791
-320
145
599
1046
1474
1890
2280
2647
2990
3284
3547
3772
3952
4068
4126
4123
4064
3937
3746
3508
3206
2858
2451
2003
1528
1013
479
-60
-602
-1143
-1669
-2149
-2582
-2971
-3290
-3526
-3670
-3737
-3722
-3611
-3413
-3139
-2799
-2399
-1955
-1477
-984
-492
-4
470
904
1312
1678
1992
2259
2470
2630
2737
2790
2793
2742
2636
2476
2265
2005
1716
1391
1036
667
282
-95
-465
-827
-1150
-1442
-1698
-1910
-2072
-2169
-2223
-2210
-2140
-2017
-1846
-1632
-1362
-1055
-724
-367
7
381
736
1064
1357
1590
1753
1856
1876
1806
1652
1414
1112
741
308
-154
-650
-1150
-1657
-2151
-2595
-3000
-3342
-3609
-3798
-3889
-3884
-3792
-3610
-3338
-2996
-2594
-2137
-1654
-1152
-632
-115
406
907
1387
1846
2278
2686
3061
3395
3684
3926
4120
4262
4341
4358
4306
4181
3996
3752
3451
3101
2695
2256
1786
1277
769
246
-290
-819
-1341
-1825
-2271
-2671
-3010
-3276
-3460
-3557
-3564
-3476
-3313
-3063
-2732
-2357
-1933
-1478
-1012
-537
-80
355
760
1116
1440
1721
1949
2134
2273
2367
2408
2415
2378
2296
2162
1986
1777
1515
1229
917
583
245
-99
-437
-759
-1046
-1306
-1534
-1708
-1840
-1922
-1954
-1932
-1856
-1745
-1593
-1394
-1163
-903
-621
-334
-29
272
558
827
1056
1250
1389
1467
1486
1429
1300
1106
840
526
160
-255
-684
-1132
-1586
-2026
-2451
-2833
-3161
-3435
-3631
-3738
-3768
-3699
-3538
-3298
-2975
-2589
-2152
-1670
-1161
-640
-126
384
873
1334
1764
2165
2536
2858
3148
3410
3641
3841
3989
4106
4181
4192
4151
4048
3890
3668
3376
3049
2657
2223
1755
1253
741
201
-323
-823
-1316
-1781
-2199
-2554
-2840
-3089
-3245
-3301
-3314
-3246
-3099
-2880
-2591
-2281
-1920
-1508
-1106
-692
-288
99
458
772
1062
1312
1515
1679
1805
1896
1957
1978
1968
1928
1843
1736
1578
1382
1164
901
623
325
12
-288
-568
-824
-1051
-1224
-1354
-1443
-1473
-1467
-1419
-1345
-1246
-1110
-962
-803
-632
-445
-249
-36
181
396
617
807
971
1105
1182
1194
1149
1035
847
589
277
-79
-472
-888
-1310
-1717
-2107
-2463
-2777
-3034
-3227
-3366
-3433
-3420
-3334
-3164
-2917
-2602
-2216
-1783
-1307
-807
-292
224
714
1179
1619
2014
2371
2684
2947
3171
3362
3510
3614
3690
3720
3713
3667
3575
3448
3269
3053
2804
2512
2188
1829
1449
1047
616
198
-228
-667
-1090
-1501
-1866
-2198
-2498
-2729
-2904
-3023
-3064
-3046
-2957
-2801
-2593
-2319
-2008
-1672
-1301
-916
-524
-137
230
580
905
1198
1454
1663
1836
1970
2050
2088
2084
2041
1961
1837
1684
1509
1298
1067
823
565
311
58
-199
-440
-650
-841
-1020
-1156
-1256
-1329
-1368
-1369
-1342
-1288
-1214
-1114
-986
-844
-695
-532
-352
-154
33
208
386
530
637
713
755
744
676
549
373
150
-128
-436
-769
-1120
-1477
-1828
-2157
-2445
-2689
-2889
-3013
-3067
-3048
-2958
-2800
-2563
-2260
-1907
-1508
-1080
-634
-181
265
701
1110
1490
1839
2158
2445
2697
2914
3087
3235
3353
3428
3474
3492
3471
3399
3299
3160
2978
2765
2510
2223
1891
1535
1148
728
307
-121
-561
-997
-1413
-1799
-2134
-2438
-2684
-2855
-2970
-3015
-2991
-2885
-2708
-2505
-2241
-1931
-1596
-1241
-892
-539
-194
122
417
690
925
1129
1295
1433
1549
1631
1688
1727
1740
1714
1673
1602
1496
1363
1208
1032
825
598
360
116
-128
-361
-572
-754
-911
-1031
-1108
-1150
-1164
-1146
-1088
-1011
-913
-799
-674
-527
-378
-218
-52
104
245
378
487
552
579
564
509
396
233
14
-230
-507
-829
-1144
-1469
-1781
-2071
-2337
-2545
-2708
-2812
-2852
-2832
-2747
-2608
-2415
-2162
-1868
-1530
-1160
-778
-374
40
440
833
1204
1561
1887
2168
2428
2649
2829
2979
3091
3163
3202
3209
3187
3141
3062
2955
2830
2671
2489
2280
2030
1775
1488
1164
820
459
91
-311
-696
-1053
-1418
-1754
-2046
-2287
-2476
-2627
-2708
-2712
-2668
-2572
-2416
-2193
-1924
-1651
-1347
-1005
-671
-359
-52
243
514
745
952
1142
1297
1424
1531
1618
1675
1707
1719
1705
1669
1592
1485
1351
1184
988
762
521
267
15
-235
-476
-693
-892
-1052
-1167
-1249
-1309
-1330
-1317
-1280
-1215
-1133
-1041
-926
-806
-672
-527
-387
-234
-93
42
164
254
323
345
326
269
157
-2
-196
-432
-689
-964
-1252
-1522
-1789
-2017
-2208
-2355
-2432
-2457
-2422
-2316
-2150
-1924
-1652
-1348
-1009
-654
-285
81
434
779
1099
1398
1676
1924
2151
2356
2529
2682
2799
2893
2967
3006
3020
3003
2948
2875
2775
2636
2479
2285
2050
1803
1513
1197
858
487
108
-292
-691
-1078
-1462
-1822
-2146
-2418
-2632
-2803
-2899
-2910
-2869
-2766
-2593
-2357
-2075
-1772
-1444
-1092
-746
-408
-82
221
497
737
952
1143
1303
1432
1539
1631
1691
1731
1760
1764
1732
1667
1586
1469
1308
1118
903
663
414
149
-105
-342
-580
-780
-944
-1080
-1172
-1245
-1278
-1276
-1259
-1211
-1144
-1053
-950
-831
-690
-542
-379
-211
-38
132
283
415
516
571
577
522
409
237
10
-282
-603
-940
-1288
-1620
-1937
-2197
-2400
-2554
-2638
-2652
-2586
-2471
-2309
-2087
-1829
-1546
-1253
-938
-604
-265
67
405
744
1079
1409
1727
2041
2337
2595
2821
3021
3166
3272
3340
3349
3319
3246
3132
3000
2840
2650
2446
2217
1964
1702
1398
1083
747
378
-2
-406
-805
-1190
-1579
-1943
-2259
-2533
-2736
-2902
-2989
-2981
-2937
-2822
-2632
-2387
-2087
-1784
-1442
-1072
-727
-385
-66
238
507
730
936
1114
1255
1381
1489
1585
1669
1736
1796
1840
1850
1818
1746
1628
1443
1204
937
639
316
-11
-323
-602
-839
-1015
-1135
-1208
-1229
-1200
-1143
-1063
-973
-882
-791
-701
-621
-536
-440
-339
-224
-95
40
170
282
370
429
440
393
275
101
-128
-415
-729
-1067
-1408
-1737
-2036
-2285
-2473
-2586
-2643
-2635
-2550
-2414
-2235
-2021
-1772
-1497
-1218
-924
-623
-311
4
315
649
996
1338
1679
2024
2356
2663
2939
3166
3358
3494
3564
3586
3551
3464
3323
3154
2954
2712
2451
2157
1862
1542
1184
828
443
45
-372
-800
-1178
-1557
-1932
-2260
-2529
-2724
-2874
-2972
-2965
-2899
-2788
-2604
-2373
-2089
-1792
-1489
-1147
-816
-500
-196
92
376
617
821
1026
1207
1354
1481
1590
1685
1741
1761
1764
1734
1663
1549
1393
1213
991
734
462
195
-70
-338
-570
-758
-909
-1008
-1078
-1103
-1082
-1049
-990
-923
-857
-778
-710
-637
-552
-466
-367
-256
-129
2
129
250
354
427
452
444
381
268
94
-128
-369
-644
-942
-1233
-1503
-1755
-1979
-2157
-2274
-2345
-2377
-2348
-2256
-2126
-1954
-1741
-1496
-1224
-938
-625
-299
37
370
696
1030
1352
1657
1949
2218
2461
2670
2844
2982
3073
3128
3142
3097
3030
2925
2792
2644
2464
2273
2048
1808
1555
1266
969
642
293
-67
-449
-802
-1159
-1518
-1828
-2109
-2337
-2517
-2644
-2685
-2673
-2616
-2487
-2312
-2095
-1846
-1577
-1287
-999
-719
-440
-170
91
328
539
750
935
1095
1249
1378
1480
1558
1611
1635
1622
1577
1496
1374
1218
1034
816
588
351
115
-103
-303
-463
-592
-682
-739
-763
-753
-726
-674
-620
-564
-504
-447
-390
-346
-300
-257
-211
-163
-114
-62
-18
25
48
49
33
-17
-104
-229
-385
-577
-800
-1033
-1274
-1513
-1737
-1932
-2075
-2174
-2239
-2246
-2184
-2075
-1923
-1732
-1500
-1234
-958
-676
-383
-89
203
486
768
1047
1321
1587
1839
2086
2315
2514
2689
2820
2902
2953
2946
2891
2802
2662
2496
2309
2096
1876
1641
1402
1159
911
658
399
149
-106
-365
-617
-866
-1103
-1333
-1539
-1718
-1886
-2014
-2102
-2157
-2166
-2133
-2065
-1955
-1817
-1642
-1438
-1229
-1007
-782
-552
-310
-90
123
330
513
684
850
999
1117
1217
1297
1357
1386
1385
1363
1314
1237
1125
994
844
680
503
331
163
6
-128
-255
-355
-424
-482
-515
-533
-539
-528
-517
-496
-475
-458
-439
-420
-397
-373
-352
-327
-289
-259
-244
-236
-239
-246
-285
-356
-432
-534
-666
-813
-979
-1134
-1290
-1447
-1574
-1676
-1743
-1778
-1766
-1701
-1590
-1447
-1272
-1048
-816
-584
-347
-101
132
345
548
751
950
1116
1281
1464
1631
1792
1939
2052
2160
2241
2281
2299
2257
2177
2094
1987
1863
1710
1536
1385
1237
1082
919
738
566
380
161
-67
-304
-559
-827
-1091
-1337
-1551
-1741
-1877
-1966
-2010
-2001
-1934
-1815
-1675
-1512
-1329
-1116
-897
-712
-526
-331
-152
2
160
322
471
615
742
891
1043
1176
1299
1394
1471
1512
1509
1482
1396
1268
1118
928
722
515
303
109
-64
-220
-343
-440
-504
-533
-561
-576
-579
-587
-595
-625
-655
-696
-755
-804
-847
-855
-846
-819
-750
-657
-534
-403
-277
-151
-47
15
34
10
-60
-175
-314
-473
-644
-814
-956
-1057
-1138
-1171
-1176
-1156
-1089
-1003
-906
-810
-724
-618
-505
-408
-313
-209
-88
49
200
371
557
763
977
1189
1391
1579
1758
1907
2020
2100
2144
2179
2177
2152
2115
2046
1979
1902
1810
1697
1557
1406
1237
1026
787
525
245
-65
-392
-720
-1038
-1339
-1610
-1833
-2024
-2180
-2285
-2330
-2303
-2250
-2174
-2048
-1885
-1676
-1461
-1249
-1002
-744
-487
-227
30
282
532
777
1000
1201
1375
1530
1664
1733
1771
1783
1748
1689
1573
1425
1259
1068
868
660
445
236
30
-166
-337
-489
-624
-754
-869
-956
-1016
-1054
-1094
-1126
-1138
-1126
-1095
-1060
-1015
-952
-864
-754
-634
-516
-391
-264
-134
-37
28
74
84
71
15
-76
-184
-318
-445
-555
-667
-768
-843
-888
-895
-876
-856
-813
-748
-681
-615
-541
-459
-371
-278
-175
-56
84
232
390
576
764
942
1128
1297
1455
1593
1706
1794
1842
1878
1906
1910
1886
1862
1824
1772
1706
1626
1518
1382
1220
1020
797
535
233
-67
-382
-711
-1017
-1300
-1548
-1761
-1936
-2049
-2114
-2145
-2122
-2073
-1985
-1853
-1702
-1528
-1352
-1154
-923
-689
-447
-199
65
328
586
831
1058
1273
1442
1572
1665
1707
1731
1716
1645
1552
1433
1300
1155
981
808
635
458
291
129
-35
-195
-357
-503
-635
-776
-895
-990
-1080
-1161
-1219
-1252
-1259
-1253
-1230
-1173
-1098
-1004
-892
-773
-650
-526
-400
-284
-192
-111
-63
-36
-35
-58
-98
-174
-260
-346
-441
-527
-616
-702
-767
-823
-853
-866
-878
-862
-811
-760
-693
-600
-483
-353
-211
-39
145
337
535
743
960
1170
1363
1553
1715
1867
2012
2111
2196
2257
2290
2306
2286
2250
2191
2096
1981
1849
1696
1502
1272
1028
760
466
155
-174
-499
-817
-1124
-1409
-1675
-1903
-2082
-2209
-2311
-2365
-2382
-2347
-2252
-2135
-1984
-1811
-1614
-1377
-1131
-873
-605
-339
-69
196
460
702
922
1124
1293
1443
1552
1630
1684
1681
1642
1593
1508
1389
1239
1066
898
715
514
314
114
-69
-235
-405
-560
-689
-793
-892
-980
-1042
-1079
-1093
-1104
-1091
-1055
-1011
-946
-868
-778
-694
-606
-503
-392
-294
-212
-138
-81
-44
-23
-18
-45
-92
-147
-215
-294
-394
-500
-582
-653
-726
-797
-837
-855
-864
-851
-814
-758
-678
-585
-471
-341
-197
-43
118
295
478
661
835
1004
1169
1333
1484
1603
1714
1812
1887
1935
1962
1971
1948
1903
1839
1755
1643
1493
1329
1156
957
739
496
240
-4
-253
-511
-766
-990
-1183
-1368
-1531
-1668
-1764
-1819
-1849
-1844
-1816
-1751
-1647
-1527
-1382
-1214
-1034
-834
-621
-398
-175
40
250
462
657
836
988
1116
1230
1312
1368
1389
1383
1352
1300
1231
1125
1004
880
738
587
430
269
114
-35
-185
-322
-445
-564
-674
-766
-829
-880
-921
-948
-949
-915
-879
-841
-791
-728
-659
-584
-515
-456
-396
-340
-294
-256
-236
-233
-240
-249
-271
-312
-361
-420
-466
-514
-574
-621
-661
-688
-699
-706
-695
-668
-632
-568
-492
-412
-315
-200
-73
59
208
363
528
707
872
1037
1187
1336
1480
1594
1701
1784
1843
1902
1923
1922
1907
1858
1805
1730
1636
1519
1366
1199
1026
829
615
376
119
-131
-388
-628
-879
-1119
-1338
-1524
-1673
-1797
-1895
-1925
-1906
-1894
-1824
-1735
-1619
-1454
-1285
-1101
-908
-718
-515
-314
-103
99
283
453
616
784
917
1021
1097
1142
1181
1192
1169
1127
1044
946
851
740
621
480
333
206
85
-39
-165
-268
-357
-439
-516
-583
-622
-654
-674
-676
-686
-679
-650
-623
-593
-566
-530
-485
-450
-413
-370
-344
-322
-299
-284
-271
-281
-298
-300
-313
-327
-358
-392
-401
-418
-435
-450
-461
-448
-433
-415
-389
-357
-304
-239
-170
-88
-1
92
187
288
400
510
610
703
802
899
978
1044
1092
1128
1168
1191
1195
1185
1152
1126
1078
1022
965
880
783
671
566
452
310
165
12
-142
-288
-440
-582
-709
-813
-906
-996
-1051
-1074
-1085
-1094
-1094
-1044
-970
-904
-827
-736
-623
-501
-389
-271
-149
-13
118
228
336
446
547
613
660
714
756
774
757
737
727
686
626
569
503
425
342
260
181
110
33
-46
-117
-177
-228
-277
-325
-359
-382
-404
-430
-439
-430
-425
-416
-400
-374
-346
-331
-317
-285
-256
-228
-218
-213
-188
-168
-178
-193
-201
-198
-210
-253
-287
-293
-295
-321
-357
-357
-347
-353
-357
-348
-319
-285
-259
-226
-177
-120
-68
-22
46
124
193
261
338
432
516
599
678
755
829
888
950
997
1033
1060
1060
1056
1049
1015
963
892
798
716
619
487
343
207
72
-78
-227
-379
-509
-609
-726
-833
-913
-957
-983
-1026
-1037
-1017
-973
-926
-863
-771
-680
-576
-478
-366
-247
-127
-6
97
207
305
399
486
552
607
649
674
688
683
666
637
590
549
500
432
360
285
223
159
82
6
-57
-106
-166
-229
-287
-321
-341
-380
-411
-420
-429
-424
-415
-411
-394
-377
-355
-324
-303
-277
-248
-237
-210
-191
-184
-169
-165
-159
-154
-155
-149
-149
-153
-146
-140
-141
-146
-140
-129
-127
-121
-116
-111
-98
-84
-69
-50
-31
-11
16
47
73
106
142
181
218
251
285
328
360
382
408
430
449
462
459
457
459
449
432
399
361
330
289
251
206
149
99
54
5
-50
-103
-145
-172
-213
-247
-264
-284
-297
-303
-300
-293
-289
-275
-254
-225
-196
-169
-131
-92
-57
-25
8
48
74
105
137
156
175
187
199
213
212
203
196
192
188
170
144
130
120
96
72
51
35
17
-11
-37
-52
-68
-94
-113
-138
-153
-162
-181
-192
-193
-192
-194
-198
-200
-188
-182
-177
-175
-173
-156
-152
-148
-139
-130
-116
-116
-108
-90
-81
-79
-78
-68
-61
-61
-51
-40
-34
-26
-21
-15
-1
7
13
17
17
36
58
63
71
81
96
113
126
133
146
164
168
180
190
188
188
190
185
183
177
160
151
136
124
114
91
71
64
56
32
10
-3
-10
-25
-40
-52
-68
-71
-73
-88
-96
-91
-81
-72
-75
-74
-59
-39
-29
-27
-20
-2
8
6
9
21
33
32
29
31
43
46
43
45
46
53
53
40
28
31
25
7
-1
-4
-1
-10
-19
-17
-19
-25
-27
-36
-41
-44
-45
-42
-52
-63
-67
-65
-66
-69
-73
-72
-70
-70
-76
-79
-75
-76
-72
-71
-78
-72
-69
-62
-57
-54
-47
-35
-30
-30
-20
-12
-5
-5
-1
13
13
14
27
23
16
21
20
20
22
23
29
30
28
30
33
32
32
30
40
45
44
46
48
56
61
59
57
68
71
69
68
73
78
73
65
64
56
46
37
28
25
19
17
13
5
6
3
-5
-14
-19
-20
-22
-32
-44
-46
-37
-35
-44
-48
-47
-43
-43
-50
-50
-39
-32
-34
-28
-19
-10
-3
-1
12
20
20
14
14
28
26
19
23
22
12
13
23
26
15
12
23
15
-5
-11
-12
-17
-28
-41
-50
-50
-51
-56
-55
-62
-57
-50
-49
-49
-44
-35
-39
-37
-34
-26
-21
-22
-25
-13
-1
3
-1
-6
6
22
26
20
20
29
38
27
18
27
32
29
18
8
12
19
13
6
4
10
15
9
5
13
19
12
5
10
15
18
18
11
7
19
22
13
13
28
25
22
20
11
19
12
7
17
17
15
8
8
14
11
4
-4
0
12
5
-8
-13
-6
-6
-16
-19
-16
-7
-13
-21
-14
-17
-19
-21
-17
-8
-9
-9
-7
6
13
2
3
14
19
5
-2
0
1
6
6
5
5
12
18
11
9
13
14
11
-4
-5
-4
-13
-23
-23
-23
-28
-31
-35
-32
-32
-30
-27
-32
-26
-17
-14
-15
-19
-14
-5
-11
-17
-16
-2
2
-8
-7
-5
2
5
-6
-6
1
0
2
0
-3
4
1
-4
-2
0
1
-2
-4
-6
-2
6
9
10
8
16
20
24
17
12
23
30
31
20
21
34
37
27
23
32
36
33
21
23
25
23
16
13
11
10
19
15
4
13
16
6
2
2
5
-3
-15
-16
-10
-10
-13
-15
-16
-12
-14
-18
-19
-16
-17
-20
-21
-17
-13
-15
-18
-21
-10
-2
-6
-4
-5
4
6
1
0
-1
2
0
-1
-9
-8
-3
2
5
-10
-16
-13
-6
-12
-30
-30
-16
-10
-23
-22
-13
-1
1
-7
-11
-8
1
-3
-14
-11
-2
-1
-3
-4
1
4
-4
-8
-5
1
12
5
2
7
5
10
5
-3
-6
-7
-10
-12
-10
-6
-4
2
8
3
-1
3
10
17
12
8
16
17
12
18
18
18
22
25
27
23
26
35
35
27
25
29
28
21
13
15
19
14
3
4
9
6
3
-10
-6
0
-11
-17
-20
-15
-12
-15
-22
-21
-21
-17
-16
-18
-13
-12
-19
-20
-6
-4
-9
-9
-3
9
6
-5
2
16
19
17
7
3
11
10
-2
-11
-2
6
-6
-14
-17
-11
-13
-25
-30
-27
-17
-21
-31
-24
-17
-16
-13
-13
-13
-8
-14
-14
4
8
0
3
7
9
14
12
5
8
16
15
9
3
5
9
1
3
8
5
-1
-6
-9
-4
-3
-12
-3
5
0
-10
-15
-14
-11
-8
-11
-5
-3
1
5
8
12
12
11
12
15
22
25
23
29
35
35
36
27
23
29
24
14
7
6
10
4
-8
-6
0
5
-2
-15
-3
4
0
-12
-22
-12
-8
-13
-19
-19
-2
4
-10
-13
-3
2
-2
-6
-5
0
4
-4
-1
4
7
9
4
11
17
16
10
8
5
1
-4
-9
-10
-17
-17
-14
-15
-13
-16
-9
-7
-11
-8
-8
-16
-15
-12
-14
-16
-20
-19
-14
-6
-7
-13
-5
6
4
2
3
9
11
7
4
-4
-5
-10
-15
-13
-10
-17
-16
-6
-6
-6
-6
-1
5
-1
-2
0
3
3
-2
-2
2
-4
-5
-2
7
15
16
19
25
33
28
26
25
18
21
26
17
17
20
26
27
22
15
16
29
28
13
9
2
3
8
-2
-6
-8
-9
-5
-12
-15
-11
-12
-6
-10
-13
-7
-11
-14
-11
-14
-10
-6
-10
-8
-5
-6
-7
-14
-12
-4
-9
-12
-8
-3
2
-6
-6
-2
-2
-8
-8
-1
-7
-10
-8
-6
-8
-10
-7
-2
-3
-2
0
-4
0
3
1
-1
4
8
3
3
6
15
12
9
14
15
18
10
3
9
10
5
2
1
0
3
0
-12
-11
-7
-4
-10
-17
-17
-12
-12
-21
-25
-16
-14
-18
-22
-24
-24
-17
-11
-17
-14
-7
-5
-3
7
12
9
8
13
17
13
16
22
18
16
15
16
23
22
25
27
29
31
23
23
19
22
20
5
1
3
0
-7
-9
-8
-6
-2
0
-4
2
7
5
3
2
-1
-1
-2
3
1
-6
-8
-5
-3
-3
0
1
4
3
5
4
4
7
1
0
-7
-8
-9
-14
-19
-18
-16
-19
-18
-17
-17
-12
-7
-8
-12
-10
-7
-9
-15
-18
-18
-14
-18
-22
-20
-19
-4
2
-7
-6
4
7
7
3
6
12
8
13
10
8
10
5
3
7
6
6
0
1
6
4
3
3
2
-3
3
1
-4
-2
0
0
-7
-5
2
4
4
7
15
10
3
5
3
5
6
11
8
7
14
15
19
15
15
13
17
26
18
13
14
10
4
4
-1
-6
-1
1
-4
-5
-1
2
-1
-5
-2
-3
-9
-6
-5
-1
-3
-11
-13
-10
-2
-7
-12
-7
-1
-8
-15
-13
-8
-4
-6
-6
-6
-10
-11
-10
-14
-17
-7
-6
-5
-9
-12
-5
-2
-7
-5
-5
0
0
-8
-7
-6
-6
-2
-1
-3
-1
2
6
9
15
14
10
10
7
6
6
7
12
16
12
12
21
21
17
16
12
11
4
4
3
-6
-11
-10
-7
-8
-17
-17
-6
-6
-9
-10
-5
-8
-12
-12
-16
-17
-13
-9
-11
-14
-7
0
1
-2
-8
0
9
10
13
10
13
19
17
17
17
19
20
15
10
14
17
9
1
-2
5
5
-4
-3
-2
2
6
1
-1
1
-2
4
-7
-12
-1
-8
-5
-11
-14
-14
-5
-2
-13
-14
-11
-5
0
-3
-5
-1
2
-4
-7
-3
-3
1
2
-4
1
5
4
5
6
4
1
-2
-1
2
1
0
-2
-1
5
6
-2
-7
-4
-3
-6
-10
-11
3
5
-7
-3
5
9
7
-1
-3
3
9
4
5
12
17
15
9
10
15
12
6
2
-12
-7
1
-8
-11
-15
-18
-12
-12
-16
-13
-13
-11
-8
-10
-11
-8
-9
-10
-9
-13
-4
2
-2
0
7
11
7
13
15
11
13
15
10
9
4
5
7
6
11
9
10
9
10
13
8
5
6
5
5
1
-1
-4
-10
-8
-6
-4
1
-1
2
8
4
0
-2
-5
-3
-5
-9
-12
-8
-4
-4
-4
-4
-2
-2
-2
9
9
-1
1
2
7
4
-3
-1
-1
0
2
-5
-10
-3
-3
-8
-11
-4
-5
-5
-2
-5
2
-1
-1
5
4
2
-1
-2
-3
2
-1
-3
7
8
10
9
6
9
5
2
3
2
0
-4
-7
-7
-7
-7
-12
-12
-6
-5
-4
-3
-3
-8
-19
-20
-24
-16
-15
-13
-8
-12
-6
1
0
-2
-3
1
6
8
15
16
21
21
21
20
13
17
17
16
18
15
13
15
14
11
10
13
13
11
9
1
2
3
-1
0
-3
-3
-2
-2
-2
-6
-9
0
2
-3
-6
-3
-11
-18
-19
-19
-12
-13
-12
-12
-8
-5
-9
-7
-7
-3
-6
-10
-10
-4
-1
-2
-1
-6
1
2
1
7
4
7
11
13
10
3
-3
1
3
-5
-10
-4
-4
-2
2
0
4
2
1
2
3
3
-1
-1
3
5
2
4
8
9
3
8
10
7
1
2
3
2
-1
-1
0
-3
1
-9
-12
-4
-6
-8
-8
-7
-4
-6
-6
-3
-3
-1
-6
-11
-7
0
-5
-8
-2
6
7
5
6
14
9
1
4
7
6
7
3
3
10
10
6
-4
2
9
0
-2
3
9
4
-5
0
3
-4
-7
-10
-10
-3
-8
-11
-2
2
4
-1
-7
-7
-10
2
-2
0
3
-1
1
0
9
-6
-3
6
0
-2
3
5
3
1
0
9
9
12
11
2
2
8
7
-7
4
10
-3
-6
-4
-5
-7
-1
6
-4
-6
-5
-5
-3
-2
1
2
3
1
-4
-5
-4
-5
-6
-2
0
-3
-4
1
6
2
0
0
0
-4
1
2
-3
-9
-15
-13
-5
-10
-16
-8
-4
-5
-4
8
13
10
6
4
1
-3
-4
-5
0
6
-3
-5
1
4
8
3
5
10
6
6
3
6
4
0
-3
-5
0
1
-3
-2
5
1
2
0
3
7
-2
2
3
-6
-6
-3
-3
-4
0
2
3
5
0
8
9
12
8
-1
3
6
7
-1
1
7
7
2
-3
1
8
3
1
8
11
10
9
11
5
4
-3
-7
-3
-11
-10
-11
-9
-11
-9
0
-6
-7
-6
-10
-8
-10
-11
-12
-15
-13
-16
-9
-9
-6
3
-1
-1
-3
3
4
4
4
5
5
1
2
-6
-6
-4
-13
-8
-4
-1
0
-4
-2
0
2
1
-3
-4
5
6
-4
-1
6
6
4
5
11
11
9
11
12
10
15
15
13
19
21
23
17
12
8
7
2
0
-2
-4
-6
-2
4
4
6
4
2
5
-4
-10
-8
-3
-1
-13
-15
-7
-6
-8
-5
-8
-6
-6
-12
-16
-17
-11
-12
-11
-7
-5
1
-5
-5
0
-1
-2
-5
-5
0
-8
-11
-7
-3
3
2
-1
-2
2
6
4
8
7
3
5
7
3
1
1
2
11
6
5
9
2
6
10
14
14
5
8
17
7
4
5
10
11
3
5
7
8
3
1
-1
-7
-5
-4
-3
-7
-13
-11
-5
-6
-13
-9
-8
-7
-6
-13
-17
-13
-10
-11
-11
-7
1
0
-5
-3
-3
-2
3
0
1
8
7
0
-5
1
3
0
8
9
8
5
3
3
-2
-5
-2
-1
-3
2
3
3
1
-7
-4
-5
-6
-1
2
4
5
5
7
8
8
10
1
-2
-2
-3
-1
1
1
5
8
2
7
16
7
12
14
9
5
2
6
5
5
-3
-7
-6
-8
-4
1
7
8
4
7
4
-6
-5
-6
-14
-15
-11
-10
-5
-9
-14
-11
-6
-4
-3
-4
-3
-3
1
4
1
8
4
3
4
-2
-2
3
5
1
-2
-5
-1
4
4
7
7
1
-1
-6
-7
-7
-13
-6
-3
-11
-12
-10
-6
-2
-2
-6
-5
-5
-2
3
2
-3
-6
-2
-1
-2
0
3
2
2
4
4
11
12
8
10
11
14
9
10
9
7
0
-1
3
-1
1
4
9
10
8
11
12
14
10
3
6
3
-2
0
1
-1
-8
-7
-4
1
1
1
4
0
-1
5
1
-4
-3
-8
-11
-12
-14
-10
-8
-4
-6
-4
-2
-3
1
-3
-4
-6
-11
-12
-14
-12
-5
-5
-6
-9
-5
4
9
6
0
2
7
4
-1
3
12
10
1
1
0
2
7
1
5
5
1
4
2
6
7
0
-2
-7
-8
-11
-11
-8
-11
-10
-8
-6
-3
0
-2
-4
-2
2
3
2
1
0
1
3
7
9
5
4
13
11
6
10
19
14
12
9
1
1
0
0
0
3
6
2
0
0
8
6
3
-1
-6
-2
-5
-6
-3
1
0
-2
-6
0
-2
-4
0
-2
-2
-3
-2
-5
-6
-1
0
-3
-4
-8
-3
-2
-11
-1
0
-4
-5
-1
4
2
2
2
2
-4
-9
-8
-4
-6
-7
-6
-6
-7
-8
-7
-3
-3
0
4
-1
0
5
4
8
9
8
5
0
5
8
15
18
13
4
1
1
0
4
1
2
-2
-10
-2
-3
0
7
1
0
-1
-4
-3
-3
-3
-2
-6
-3
-3
0
2
0
4
-1
-6
-6
-2
-6
-6
-5
-7
-3
3
12
16
10
11
7
9
12
5
4
-1
-3
-2
-3
-4
-1
-2
-2
-2
-3
-6
-3
2
0
2
1
0
-5
-8
-7
-11
-7
-7
-5
1
-1
1
-1
-5
-4
1
6
3
2
0
0
-6
0
3
-1
1
2
1
-5
2
8
11
12
5
3
0
-5
-9
-8
-2
-3
-6
-5
-9
-2
6
3
2
2
5
1
1
4
2
4
1
1
-1
-2
2
2
6
13
12
15
15
11
13
6
-2
0
-1
-1
3
-3
-5
-7
-11
-5
-4
-3
4
1
4
-2
-8
-7
-10
-11
-11
-9
-9
-11
-11
-8
-5
-1
2
-5
-7
-8
-7
-1
-1
0
-3
-7
-8
-7
-3
-3
-2
-3
-7
-6
-1
8
13
10
13
9
3
8
9
13
12
11
5
-1
-5
-1
7
4
4
5
4
5
9
14
15
16
11
3
-1
-2
3
6
5
7
0
0
-2
-5
6
2
-3
-3
-1
-10
-11
-9
-8
-4
-7
-10
-9
-9
-10
-8
-8
-5
-2
-7
-10
-2
2
0
-1
-1
-3
-7
-10
-8
-4
3
4
-1
0
2
0
-2
2
9
8
5
-1
-1
3
2
1
1
5
1
2
4
3
6
5
2
-2
-3
-7
-4
0
2
8
0
-1
-1
-3
-3
-1
0
3
1
-2
-4
-3
4
0
3
4
-4
3
4
0
6
8
6
5
-1
2
4
-1
-1
7
6
0
-8
-7
-1
3
5
4
2
3
3
1
3
3
8
6
-2
-8
-11
-8
-2
-3
-6
-8
-9
-7
-4
-3
-4
2
1
0
3
3
-3
-2
-2
-5
1
0
1
-2
-3
-2
-7
-4
-8
-12
-11
-11
-4
0
1
1
7
7
4
3
7
6
3
0
-4
0
6
10
10
13
18
10
7
10
8
5
3
3
-3
-4
-3
-2
-1
-2
2
1
-4
-2
-1
1
-4
-4
-3
-5
-5
-6
-3
-7
-11
-8
-5
-3
-2
-1
-3
4
-1
-7
5
4
0
4
-5
-3
-1
0
6
5
10
11
6
-5
-5
-1
-5
1
-1
-1
-1
-4
-6
-6
-8
0
8
8
5
5
10
8
11
7
3
6
1
-2
-7
-8
-1
1
6
2
1
1
-2
0
-4
-3
-1
-6
-2
-5
-3
-7
-12
-5
-3
1
-4
-3
-4
-2
5
0
1
-1
-5
-6
-9
-9
-8
-4
-2
1
-2
-1
2
5
5
8
13
13
12
6
10
10
6
6
2
6
7
10
4
4
8
1
6
7
6
3
-4
-4
-7
-4
-4
-7
-2
-6
-5
-5
0
1
-3
0
-3
-2
-3
-2
-3
-9
-7
-9
-14
-10
-4
1
2
5
2
1
2
6
10
10
5
2
0
-7
-11
-7
-6
-4
-1
-3
-8
-6
-2
1
3
5
6
6
0
-4
0
3
0
-3
1
-2
-5
-4
-3
4
3
2
7
5
3
1
-1
-3
-5
1
0
-1
1
-2
5
2
-1
2
0
-3
-7
-6
-10
-12
-8
-5
1
-4
-7
1
5
4
5
14
21
17
17
11
7
6
6
5
8
11
4
5
2
4
10
8
-1
0
3
1
6
5
4
4
3
3
-2
-4
-12
-13
-11
-13
-14
-15
-19
-19
-13
-17
-8
3
1
1
-9
-8
1
-4
-4
-3
-4
-5
-8
-6
0
5
6
5
0
-1
0
-2
3
-1
0
6
-3
-7
-6
-11
-10
-6
-1
-2
0
3
3
2
8
14
10
9
13
12
11
15
13
5
9
12
10
12
8
7
9
2
0
4
5
3
-4
-4
-2
-6
-2
-2
0
5
-4
-4
-2
-2
-2
5
-4
-12
-9
-14
-13
-5
-3
-4
-5
-8
-6
-6
1
2
-1
5
12
10
7
6
1
-3
-2
1
3
0
-1
1
-6
-9
0
5
9
3
-7
-12
-10
-13
-15
-5
-8
-10
-13
-12
-8
-2
14
14
5
2
2
8
4
3
3
0
-3
-3
2
2
8
7
8
5
4
14
9
17
27
20
13
7
4
3
1
-4
-7
-11
-10
-6
-6
-4
-3
-4
1
0
1
-3
-6
-5
-6
-9
-12
-15
-14
-14
-13
-2
-1
2
3
-3
-3
-1
-2
-2
0
1
-4
-1
-3
-7
-1
-2
2
1
-4
-8
-5
9
6
8
11
5
7
8
9
11
8
4
1
-1
6
5
7
9
9
11
3
3
4
4
2
1
0
-2
5
-2
1
6
5
6
5
-1
1
3
3
1
0
-4
-13
-9
-8
-5
-5
-8
-4
-2
-6
-10
-8
-6
-2
-3
-8
-8
-9
-12
-11
-6
-6
-10
-7
-1
-2
0
-3
-2
2
1
2
-1
-3
2
2
3
-1
-3
0
-5
-3
1
6
8
9
11
6
4
11
10
7
3
-2
2
2
5
2
3
4
6
9
7
6
7
9
5
0
2
5
6
6
5
1
-3
-3
-6
-4
5
1
-2
0
-8
-3
-4
-4
-3
-8
-5
-7
-9
-11
-7
-5
-8
1
-3
-5
-7
-6
-7
-7
-1
1
1
-1
6
4
0
-7
-7
2
3
7
6
6
7
3
9
6
0
4
5
2
0
-1
3
0
-4
2
-1
-3
-1
-2
4
4
3
3
-2
-6
-7
-7
-4
-4
0
1
0
0
-2
-1
2
0
-2
-3
-3
-6
-2
4
5
3
2
1
3
2
-5
-8
-3
4
4
-6
-6
-1
1
2
-2
0
4
1
0
2
3
7
8
6
8
-1
-6
-2
3
5
0
4
5
1
4
5
-3
-1
-1
-5
-4
-4
-1
3
3
0
2
0
1
2
-2
-1
-1
-3
0
3
0
-1
-4
-6
-7
-8
2
5
4
6
4
3
3
2
3
0
1
-2
-2
-4
-5
-2
-1
-5
-8
-7
-6
-7
-8
-10
-8
-4
-9
-10
-5
-4
-5
1
4
4
2
1
6
5
4
6
9
9
5
3
2
-4
1
2
4
10
5
5
3
5
9
13
8
2
1
2
-1
0
4
3
6
6
7
6
-2
-2
-1
1
5
4
3
-2
-10
-5
-6
-14
-15
-13
-13
-10
-7
-7
-2
-1
1
5
5
7
2
0
2
-1
-2
-4
-6
-9
-9
-8
-6
-5
-1
4
2
5
3
-5
-1
0
-3
-4
-6
-3
1
1
4
8
13
12
7
5
8
10
0
-2
2
-1
-1
0
-5
-7
-5
-2
2
8
8
6
9
11
7
3
0
-8
-5
2
4
8
4
3
4
1
3
2
-3
0
1
-3
-1
-5
-13
-5
0
-7
-9
-11
-7
-3
-7
-9
-7
-3
-1
1
0
1
-2
-2
-3
-7
-4
-5
-2
-2
-4
-4
6
9
7
6
3
4
0
5
4
1
3
5
7
4
5
7
1
1
4
5
4
6
7
6
0
-2
-2
-6
-3
-4
-1
1
2
4
5
10
3
-2
0
-4
-7
-5
-5
-9
-9
-2
4
1
-4
-5
-4
-5
-9
-13
-12
-2
-2
3
0
0
5
-3
-3
-3
4
1
0
7
2
6
7
3
7
5
3
2
1
6
2
1
-4
-3
6
3
1
-3
-6
-7
-6
1
-1
-2
5
1
4
10
3
4
3
-1
-2
-5
1
6
1
3
2
-5
-7
-6
-2
-4
-3
-2
-5
-4
-1
3
3
4
5
5
-1
-1
3
1
3
1
2
6
2
3
8
5
0
-3
-2
-6
-7
-5
-6
1
2
-4
3
2
0
2
1
2
0
-1
-2
-6
-9
-10
-9
-3
3
-3
-3
-3
-2
1
3
2
-5
-7
-10
-9
-5
-10
-7
-2
2
7
11
12
12
13
10
7
3
4
4
5
-1
-3
1
-1
4
2
1
-1
-5
0
6
10
11
10
2
0
3
6
3
2
3
2
2
-5
-6
-5
-2
-3
-3
-2
-5
4
8
9
2
-5
-5
-10
-9
-4
-5
-4
0
-1
-1
4
-2
-3
-4
-11
-12
-9
-9
-5
-1
-1
-1
1
1
1
1
4
5
1
-4
-4
1
1
-4
-8
-9
-6
-8
-3
5
4
7
10
10
12
8
0
-1
0
1
4
6
0
0
0
2
4
4
6
6
8
4
2
6
4
0
-2
-8
-6
-4
-4
-1
-6
-5
-3
1
1
2
2
2
10
9
6
4
-2
-1
-2
-5
-6
-5
-6
-7
-1
-2
-2
-5
2
1
2
4
0
3
-3
-5
-3
0
-3
-11
-6
-3
-6
-5
-6
-2
1
1
-1
3
4
5
4
0
3
-2
2
4
0
-1
-7
-2
3
2
8
8
5
1
2
1
0
1
-3
0
2
0
4
6
9
3
3
5
1
-2
-2
2
2
2
0
2
-1
-4
-3
0
0
-4
-1
-5
-1
4
2
2
-1
-5
-3
-1
-6
-3
-5
-13
-11
-12
-9
-10
-12
-4
-6
-4
3
3
9
7
-1
-6
-3
2
-2
-3
-1
-2
1
3
-2
3
15
16
15
10
9
1
0
3
3
3
-2
-5
-5
-1
-4
2
3
-2
3
-2
-5
-2
6
4
4
7
4
8
7
4
0
-1
1
-2
1
5
7
10
5
3
7
9
8
8
-1
-4
-3
-7
-10
-10
-7
-11
-8
-8
-12
-6
-7
-12
-12
-2
-6
-9
-5
-4
-6
-5
-7
-10
-6
-6
0
4
4
2
6
8
0
1
-4
-7
-3
3
2
6
7
0
2
4
1
-1
1
2
1
0
4
5
7
3
0
2
-2
-3
-9
-5
3
5
6
6
1
-1
0
3
4
-2
-8
-6
1
4
6
1
4
7
13
14
13
13
8
13
7
9
11
5
-1
-5
-1
4
1
-7
-6
-7
-2
-2
-5
2
-7
-8
-6
-8
-2
-5
-6
-8
-14
-11
-3
-6
-9
0
3
9
8
2
2
-8
-7
-5
-8
-9
-11
-13
-11
-3
-2
-4
-4
-6
1
6
3
7
7
-3
0
5
7
4
2
1
-1
8
7
5
4
2
5
7
9
4
-3
-4
-6
-1
2
-2
-9
-6
-2
7
15
11
7
2
-2
4
9
5
-9
-17
-12
-3
3
0
2
2
-1
6
12
8
7
0
-5
-2
2
0
-4
-7
-7
-4
3
10
7
1
-2
4
10
7
-2
-6
-7
-3
3
3
-1
-4
-9
-4
0
-6
-10
-9
-13
-5
5
-1
1
1
-2
4
-1
-2
2
-13
-8
-2
1
9
0
-7
-3
-3
3
6
2
-1
-3
-1
8
11
11
7
1
-2
-1
3
4
1
4
1
3
7
1
4
2
-3
2
-4
-7
-3
-1
2
2
4
2
0
4
2
2
6
5
-2
-7
-6
-4
1
-3
-8
-10
-9
-1
0
-4
-3
-5
-4
-1
3
6
3
0
-2
-3
2
7
5
5
5
2
8
4
-2
-1
-6
1
3
-2
-4
2
-7
-9
-4
-7
-8
-4
0
2
6
2
-2
-3
2
7
9
9
10
10
2
-4
6
11
6
4
-4
-7
-11
-3
-4
-12
-6
-5
-7
-6
0
7
3
0
-3
-8
-3
2
1
7
5
-1
0
3
7
-1
-2
7
1
1
2
-1
-5
-7
-8
-3
1
-4
4
10
8
6
4
4
5
5
6
2
-2
-7
-9
-5
5
6
0
-3
-6
2
6
5
3
-3
-2
-2
1
6
-2
-7
-9
-7
-1
0
-2
5
6
1
1
-1
-5
-6
1
-3
-7
-5
-3
-6
-5
-4
-6
-7
-7
-6
-6
-1
2
3
0
-7
-4
-4
-5
-4
-3
-5
-4
3
8
9
8
2
0
3
9
12
6
5
9
10
11
13
13
11
2
3
12
11
11
7
4
4
3
5
4
-2
-4
-7
-8
-9
-4
0
-5
-11
-7
1
2
4
0
-6
-5
-8
-6
-7
-4
-3
-3
2
-3
-7
-4
-6
-3
0
-2
-3
-6
-8
-1
3
2
-2
-8
-12
-11
-8
-7
-5
0
1
1
4
6
4
4
-2
-1
0
-3
1
4
1
1
-1
-1
-1
3
8
10
12
8
7
7
6
5
3
4
4
1
-2
-3
-7
-5
-5
-3
5
4
4
1
3
6
-1
0
2
2
6
-1
-7
2
6
-3
-5
-2
-3
0
2
5
8
8
7
3
-4
-5
-1
-3
-7
-6
-8
-8
-4
-5
-3
-7
-9
-4
-2
-3
-6
-8
-5
-1
-2
0
1
4
6
2
5
3
6
5
1
-2
0
7
8
5
0
4
5
3
10
5
2
0
-5
-2
-5
-7
-7
-5
1
4
0
0
0
-4
1
5
7
1
-6
-10
-8
-5
-5
-3
-8
-6
0
-1
2
-2
-2
-7
-6
-2
-3
-6
-6
-2
-3
-3
0
4
1
1
5
2
3
2
-1
-1
2
12
10
8
1
-1
9
5
11
6
0
1
3
13
14
14
10
4
5
7
8
4
-2
-7
-4
-2
-9
-5
-6
-8
-5
1
5
3
2
2
-1
-3
-5
-2
-6
-12
-13
-11
-2
-5
-5
5
4
-1
1
-5
-3
1
3
5
6
10
8
6
6
1
-1
-1
-7
-10
-5
-2
0
-2
-6
-4
-1
-2
-2
-5
-15
-14
-12
-13
-9
-8
-7
-11
-8
-4
-2
1
-3
0
4
7
10
13
10
5
3
2
5
5
6
5
3
4
7
10
7
5
8
11
9
10
8
13
14
13
11
6
1
0
0
-4
-6
-4
-1
2
-2
-3
1
0
-1
-4
0
-2
-6
-1
-4
-8
-6
-3
0
-1
-3
-8
-11
-4
0
5
4
-2
-8
-5
-4
-5
-3
-10
-15
