5
1
3
5
2
2
0
0
-1
-4
1
12
8
6
6
5
6
3
6
7
3
-3
-4
-5
-4
-1
10
16
5
-3
-2
-6
-2
2
6
4
-5
-7
-11
-6
-2
0
3
-2
-8
-12
-7
-6
-7
-5
-9
-12
-14
-11
-3
-3
2
2
-6
-6
-6
-4
-2
-2
5
3
2
6
4
8
10
5
9
4
7
15
9
7
7
10
10
10
9
6
2
-1
6
9
10
15
13
2
-3
0
1
3
-3
-8
-10
-10
-7
-2
-2
-4
-10
-16
-13
-7
-6
0
0
-6
-8
-7
-3
-2
5
-4
-12
-15
-17
-13
-11
5
9
0
1
-2
3
13
10
8
0
-7
-6
-2
-2
-1
-3
-5
-1
-2
-1
6
16
11
4
4
2
4
3
5
6
2
-1
2
8
11
11
10
6
4
-1
-2
-1
3
1
-7
-3
-2
-5
-5
-2
0
-10
-9
4
3
5
-2
-10
-10
-13
-11
-2
2
3
4
0
2
5
6
11
8
0
-8
-8
-3
0
1
6
4
-6
-9
1
-2
1
4
-1
5
7
5
11
8
2
3
1
-1
3
1
0
5
4
2
5
3
0
-3
-13
-12
-7
-5
-3
-2
-4
-8
-6
-2
-2
-4
-6
-8
-5
6
9
6
11
7
2
2
0
-4
-5
-10
-14
-5
-4
-4
-1
0
-1
-6
0
8
12
6
8
9
-3
-7
-7
-2
3
-6
-5
-4
-6
0
5
8
9
6
4
5
4
2
1
0
2
1
-1
2
10
10
7
6
8
8
8
7
2
1
4
1
4
5
2
-3
-9
-9
-2
4
5
4
-3
-6
-4
-6
-9
-7
-7
-12
-13
-11
-4
-3
-4
0
-3
-5
-3
-1
-1
-9
-9
-2
-9
-9
-2
-5
-5
-3
-5
-8
-4
1
-3
-1
0
2
2
2
10
12
9
4
-4
-1
8
7
8
11
12
12
10
13
12
15
14
11
11
9
9
10
15
8
4
7
8
10
8
7
9
11
4
-5
-8
-9
-11
-12
-14
-17
-17
-15
-13
-14
-16
-16
-14
-11
-11
-8
-8
-7
-9
-6
-10
-4
2
-5
-2
-1
-2
-3
-7
-7
0
-1
-6
-1
1
-1
0
-1
-4
-4
-5
-3
2
2
0
3
-1
-2
3
6
6
7
5
5
4
4
10
7
4
7
4
4
2
6
9
8
16
12
9
11
10
13
12
11
12
9
9
4
4
7
5
6
-1
-2
1
1
-1
-3
-3
-4
-5
-3
-2
-6
-9
-12
-14
-11
-10
-5
1
-3
-6
-10
-7
-6
-11
-9
-9
-5
-6
-8
-3
-7
-7
-6
-4
2
2
1
2
0
4
8
7
0
-4
-8
-9
-9
-9
-4
-2
-6
-6
-2
-3
-3
-1
-4
-3
-5
-5
-8
-3
1
4
6
2
6
6
6
9
13
9
7
2
-1
1
0
6
7
2
1
0
-3
-3
0
6
10
7
0
0
6
11
12
15
11
7
9
3
1
4
2
-4
-1
5
6
4
12
13
7
3
2
5
5
3
3
2
-4
-4
-2
-4
0
2
-3
-3
-4
-3
0
-4
-2
-4
-8
-9
-7
-1
-6
-8
-10
-14
-19
-19
-13
-16
-15
-14
-13
-9
-7
-1
-5
-7
-4
-4
-6
-8
-8
-7
-11
-10
-11
-9
2
2
-3
-4
-3
1
3
-1
-6
4
3
3
9
9
7
10
11
10
15
12
18
19
13
15
12
12
15
15
15
11
9
10
14
15
12
12
16
14
9
6
2
-1
2
5
-1
0
-1
2
0
-5
0
-1
-7
-12
-10
-7
-14
-13
-7
-4
-5
-10
-15
-19
-13
-6
-10
-10
-10
-10
-7
-7
-5
-2
-2
-12
-16
-15
-16
-9
-7
-10
-10
-10
-10
-8
-12
-10
-2
2
7
6
0
2
6
4
6
5
7
10
9
6
9
9
9
8
6
6
6
6
6
13
13
12
14
13
9
10
9
8
8
5
1
-4
-4
5
8
3
6
2
3
9
5
11
9
8
0
-3
-1
-3
0
-1
-2
-6
-10
-6
-3
-5
-6
-10
-15
-9
-11
-2
-2
-8
-7
-11
-4
-2
-3
-4
-10
-13
-18
-15
-14
-13
-11
-8
-9
-12
-9
-3
-2
-2
2
0
10
15
9
11
8
8
5
12
13
7
3
2
-3
-3
10
11
6
7
3
0
3
9
11
14
8
0
-1
2
7
3
5
2
-7
-6
-5
1
6
8
5
3
1
-5
-11
-4
0
0
-4
-10
-4
3
4
6
3
-2
-8
-10
-5
-7
-5
0
-2
4
4
4
3
-2
4
0
-3
0
0
-2
-3
-4
-2
-3
-4
-8
-10
-5
4
7
4
8
8
3
-3
-4
-2
-12
-13
-14
-15
-11
-14
-11
-7
-3
-2
2
3
6
8
12
12
9
7
7
6
0
0
-6
-7
0
1
4
5
2
4
6
10
10
4
3
2
0
7
13
8
10
8
5
6
5
5
6
5
6
10
7
5
-2
-2
-2
-10
-9
-10
-17
-12
-8
-7
-10
-9
0
0
0
4
4
0
-9
-7
-3
2
5
1
6
5
3
-4
0
4
-2
-7
-8
-2
0
2
7
2
-5
-9
-11
-11
-8
-7
-9
-6
-8
-9
-11
-11
-5
-8
-5
-12
-12
-7
-3
2
1
8
3
0
8
14
13
9
9
8
10
9
5
5
4
-2
2
8
7
15
12
11
8
8
16
13
7
6
4
-2
1
5
0
1
5
-2
-6
-7
-4
2
4
1
1
2
-4
1
-2
-2
2
-1
-14
-13
-3
0
3
4
-2
-5
-3
-2
4
6
-2
-10
-15
-10
-2
-3
-4
-5
-17
-18
-11
-6
5
4
4
4
-2
-2
0
1
-1
-9
-9
-2
-5
-2
2
2
4
-3
0
0
3
1
-4
1
-1
-3
0
8
9
6
-2
-7
-2
1
2
-1
-5
-5
-7
-3
3
9
10
6
4
3
6
7
9
8
5
5
2
8
12
10
8
7
2
4
12
7
4
3
1
0
1
0
-4
-1
-1
-1
-2
-1
4
-1
-1
1
-3
-5
-6
-7
1
-4
-5
-2
-5
-4
-3
-5
-7
-8
-4
-6
-10
-4
0
-1
-1
7
9
1
0
5
0
-5
-1
2
-1
-7
-5
-10
-13
-7
-1
-1
-9
-9
-18
-15
-7
-6
2
0
-2
2
1
7
12
13
10
2
1
-4
-4
-5
-8
-5
-4
-3
3
6
7
12
15
11
11
5
3
0
3
7
4
3
-3
-1
1
6
14
14
10
10
10
9
9
7
4
-1
-5
-2
-3
-2
-1
-7
-9
-3
-6
-6
1
-6
-5
4
0
-5
-3
1
0
2
9
4
-7
-10
-14
-7
-3
-5
0
0
-1
2
-2
-1
1
-1
1
-5
-4
-5
-7
-4
-2
-1
-2
3
2
-5
-2
1
-1
-2
0
0
-1
0
1
-3
7
8
-8
-5
-1
-5
0
0
-4
-3
-4
-5
-3
-5
-10
-11
-5
-6
-9
-1
1
2
7
5
6
12
12
9
10
8
8
7
3
4
4
3
6
17
16
10
14
14
12
15
12
9
8
5
4
-3
-5
3
1
-7
-4
-3
-3
4
5
4
0
-6
-9
-11
-10
-10
-7
-10
-10
-11
-13
-9
-1
2
0
2
0
-1
4
1
-1
-2
-8
-5
-13
-15
-7
-11
-16
-17
-14
-10
-7
-7
-9
-9
-7
-9
-3
-1
-2
2
-2
0
3
-1
4
2
-1
0
3
11
12
10
12
11
10
9
13
15
10
10
5
6
11
11
17
15
7
6
1
-2
-1
5
2
-1
-10
-10
2
1
4
7
7
0
-3
-2
2
8
7
2
-3
-5
-2
7
7
1
-1
0
-2
-8
-1
4
1
3
1
0
5
8
2
-4
-4
-8
-10
-12
-10
-10
-16
-13
-13
-17
-12
-8
-10
-11
-13
-12
-14
-10
-4
-12
-11
-8
-8
4
5
9
7
7
12
14
11
5
7
5
0
4
6
8
11
5
-2
-2
0
-2
-3
-5
-6
-5
-5
-2
1
10
14
11
10
-2
-3
-1
1
5
0
0
-4
-4
5
11
12
17
18
11
6
5
6
8
8
7
7
3
-1
-3
-1
2
4
5
4
6
-1
-3
-1
-4
-9
-9
-10
-21
-14
-7
-4
2
-1
-8
-6
-7
-5
-6
-4
-4
-7
-10
-9
-3
-5
2
4
6
6
0
1
0
-5
-7
-13
-13
-8
-9
-9
-9
-5
-6
-8
-5
-3
-9
-4
-2
-4
-1
4
10
11
8
4
3
4
7
5
4
3
-1
1
4
11
12
10
15
9
11
14
9
16
9
-2
2
5
4
4
9
7
0
1
5
2
-2
0
1
2
1
-4
-4
-8
-3
-3
0
0
-3
-2
-6
-6
-1
-3
1
3
-4
-6
-4
-1
3
5
-2
-1
0
2
7
6
1
0
-2
-6
-3
-7
-11
-8
-6
-9
-9
-9
-11
-9
-5
-1
0
-1
2
0
-11
-13
-5
-8
-10
-10
-12
-15
-17
-8
-7
-2
4
-1
3
7
9
6
8
13
7
3
3
6
12
10
10
12
4
5
10
16
18
19
18
12
12
10
10
12
8
9
1
-3
-1
1
4
0
-1
0
-4
-2
1
-2
1
4
-1
-4
-5
-7
-9
-4
-7
-8
-6
-9
-9
-10
-2
-1
-4
-6
-8
2
4
-4
-3
-5
-9
-12
-7
-4
-4
2
1
3
3
0
1
1
-5
-6
-9
-8
-4
0
-1
-8
-11
-10
-5
-3
-4
-6
-5
1
1
8
14
3
-1
-2
0
1
-1
6
9
8
5
3
7
5
6
12
7
0
9
7
7
17
17
14
7
1
1
1
-2
5
9
5
0
-2
5
1
-4
-1
-8
-5
-6
-5
-4
-5
-3
-7
-2
-2
-6
-4
-3
-1
-2
-7
-3
-7
-7
4
2
5
6
0
-4
-6
-7
-2
-1
-3
0
1
3
4
4
6
9
4
0
3
2
1
1
-1
-3
1
2
-1
-1
-5
-5
-5
-7
-7
-7
-7
-10
-8
-7
-8
-3
3
0
-6
-2
0
-3
-7
-4
-1
-1
-3
-8
-4
1
1
4
4
1
1
2
3
6
4
1
-1
-6
-9
-4
1
5
4
6
9
15
16
14
14
12
11
11
7
6
8
9
8
5
-1
0
2
6
7
6
8
6
6
9
12
10
4
-3
-5
-6
-6
-4
-1
-5
-10
-14
-10
-4
-5
-10
-8
-11
-12
-11
-4
-2
-12
-8
-10
-18
-9
-8
-4
-2
-6
-4
-3
-3
-5
-3
0
-2
-4
-9
0
-1
-4
-2
-10
-9
-5
0
5
5
5
-2
-3
-1
-2
4
0
-2
-3
-3
1
4
9
9
9
9
13
11
10
12
14
6
6
12
7
10
8
1
0
-1
-4
-2
8
11
10
15
15
13
16
12
5
3
-3
-8
-3
5
-4
-9
-3
-5
-5
1
4
3
-1
-6
-11
-11
-7
-11
-4
-6
-12
-11
-11
-3
-2
-5
-6
-5
-5
-11
-10
-2
-4
-5
-6
-6
-8
-7
-7
-7
-4
-3
-3
1
2
7
11
5
1
0
5
5
3
7
4
-1
0
-1
0
4
6
2
7
6
8
6
0
-4
-5
-7
-7
1
6
3
-2
4
7
3
7
4
3
3
-5
-7
-5
-6
-3
-3
-3
2
0
1
3
4
6
5
-2
-2
5
1
-1
-1
-7
-6
-1
-6
-5
0
-3
-3
1
2
2
6
1
-3
3
2
-1
6
3
-1
4
1
4
8
6
7
8
9
8
8
10
9
6
8
6
2
2
-8
-10
-10
-10
-6
-3
-4
-2
-6
-8
-4
-4
-1
1
-4
-7
-7
-3
-4
-4
-4
-12
-12
-5
-9
-7
-5
-7
-6
-6
-6
-5
6
6
1
3
-1
-1
0
-5
-3
0
-4
-3
-3
-3
1
0
3
1
3
9
6
9
4
1
5
1
-1
-2
1
-2
1
13
11
13
19
19
19
11
11
5
0
3
-2
1
2
3
9
9
3
4
3
-6
-5
-7
-3
-2
-4
-4
-8
-9
-6
-4
-1
-1
-5
-4
-6
1
3
3
6
-1
-8
-9
-8
-11
-9
-7
-4
-6
-9
0
4
-3
-4
0
-1
2
0
-2
3
-1
2
-2
-4
-6
-12
-4
-5
-1
3
1
6
4
0
2
-1
-1
4
0
-6
-3
-6
-4
-2
-1
6
11
13
9
11
13
10
14
9
5
8
5
3
1
-7
-7
-3
-2
-3
-2
3
7
4
-2
-3
3
0
1
6
3
1
-2
-2
-2
-1
0
2
0
0
0
2
3
5
4
-3
-2
-2
-5
-9
-6
-5
-5
-5
-6
-1
-3
0
4
-4
-10
-6
-3
-8
-13
-15
-12
-11
-8
-9
-7
-2
-4
-3
1
2
5
0
1
5
2
6
3
4
7
11
7
7
7
7
14
13
11
12
6
4
7
9
6
5
7
3
2
5
3
1
4
2
-5
-8
-4
-2
-3
-4
-11
-11
-13
-16
-11
-9
-6
-8
-7
-7
-3
7
5
6
7
2
3
5
4
2
3
1
1
4
11
11
9
5
4
4
3
7
7
2
-8
-10
-15
-13
-11
-12
-8
-3
-6
-11
-6
-5
-3
2
-1
-4
-2
0
6
3
1
0
-6
-10
-8
-2
-2
1
1
0
5
3
5
6
1
-1
-5
-4
-1
-2
7
8
8
12
8
0
1
1
-5
-2
2
4
3
1
0
3
4
3
1
5
6
5
8
5
4
8
6
9
12
12
5
5
5
0
-1
-1
-2
-1
5
-1
-5
1
0
-6
-7
-8
-7
-11
-14
-14
-15
-11
-12
-12
-10
-11
-11
-7
-7
-6
-5
-4
-1
0
3
-1
2
2
6
1
0
1
-2
0
-3
-2
-4
-7
-1
4
2
7
8
7
10
3
3
3
-5
-4
-1
4
5
4
7
3
8
7
6
9
8
6
4
2
-2
1
3
5
5
9
10
4
8
11
8
7
7
5
-2
-3
-1
-2
-6
-9
-8
-7
-7
-8
-8
-6
-5
1
1
-1
2
4
4
2
-4
-5
-4
-6
-2
-1
-7
-5
-6
-2
-5
-10
0
-3
-5
1
-2
1
3
-2
-1
1
-1
-5
-1
-1
-2
-2
1
6
1
4
2
-5
-8
-12
-12
-15
-9
-4
-1
1
-2
3
3
1
6
5
8
2
0
3
1
3
-1
2
2
-1
1
-2
1
6
8
10
9
4
6
4
6
8
-1
1
9
4
-1
3
5
4
2
5
5
4
5
10
8
7
8
2
0
1
0
3
0
-2
-3
-1
2
4
4
4
3
-1
-4
-9
-17
-15
-13
-14
-9
-12
-7
-9
-7
-1
-2
-6
-6
-3
-4
0
-4
-6
-3
-7
-11
-7
-3
-4
-2
1
-2
-1
6
2
1
1
0
0
-3
-1
-3
-1
-3
-4
-1
-3
-1
-2
-5
-6
-3
3
7
11
11
7
3
3
6
7
12
9
9
10
11
15
11
9
14
12
10
15
10
6
3
3
4
-4
-2
-4
0
5
3
-1
-1
-1
-8
-5
-5
-10
-8
-8
-10
-9
-9
-7
-5
-5
-6
0
5
1
2
3
2
-1
-4
-7
-8
-8
-13
-12
-9
-10
-7
-1
-2
-2
1
1
0
-1
2
3
-1
5
5
2
2
1
1
-4
-8
-6
-1
-2
-3
4
2
-6
-1
3
4
7
8
9
9
5
5
9
5
5
2
-3
-3
-5
-8
-2
3
1
6
9
3
6
6
2
-3
-8
-6
0
3
5
6
-2
-2
-1
5
6
4
9
8
8
8
2
2
6
-1
-4
-1
-1
-3
-3
0
3
0
-4
-5
-5
-6
-8
-7
-6
-10
-10
-6
-3
-6
-11
-10
-5
-8
-8
-2
3
0
-1
0
0
1
0
-2
-3
2
4
0
5
10
14
15
10
4
4
1
0
-2
-9
-6
-8
-5
-3
-5
-5
-3
0
4
5
2
7
10
4
9
7
1
3
-1
-4
-5
-5
2
-3
1
6
2
2
6
11
8
5
6
4
-2
-3
0
-2
-4
0
-6
-9
0
-1
0
2
7
4
2
3
-6
-2
0
-3
-4
-10
-13
-8
-6
-4
7
6
6
13
2
2
3
0
2
-5
-7
-6
-8
-8
-6
-2
-4
-1
1
3
1
-2
-2
-6
-5
-7
-6
-8
-7
-3
-1
1
-1
3
-1
0
1
2
3
5
7
3
4
5
7
5
-2
-3
-3
-1
7
5
5
8
8
7
4
6
5
0
-1
2
-1
4
5
5
10
7
6
4
1
0
2
3
1
-1
-5
-10
-7
-9
-7
-4
-1
-3
-4
-1
0
-1
-4
-1
-4
-2
-1
-4
-5
-2
2
0
3
-1
-5
0
1
-3
-2
-2
-1
-2
-5
-6
-3
3
-1
0
1
1
0
3
4
-2
-5
0
-4
-4
6
4
-3
-4
-4
-5
0
1
1
2
3
6
5
3
0
1
-2
-5
1
0
0
1
-5
-5
-2
1
1
0
4
3
2
2
2
0
-6
-6
-4
0
1
-3
0
6
2
8
11
10
11
4
3
-1
-3
-1
1
4
8
4
4
9
5
7
4
-1
-1
1
4
1
-5
-7
-7
-4
-1
1
2
5
2
-3
-2
1
3
2
1
2
-3
-11
-13
-9
-14
-14
-12
-11
-10
-7
-4
-2
-4
-3
-5
-6
-1
3
7
2
3
5
1
-5
-5
9
7
3
2
0
6
4
1
-1
-7
-4
-3
-2
0
7
11
7
11
12
10
14
9
2
-3
-6
-8
2
5
2
2
3
6
1
-4
-1
-1
-1
2
6
4
-5
-6
-6
-2
-6
-5
-6
-4
3
2
3
1
2
-2
-8
-5
-6
-1
0
-4
-6
-6
-2
-3
0
4
4
1
5
1
-3
2
4
6
6
7
7
10
9
8
8
6
0
-3
-3
0
0
-1
1
-3
-9
-8
-9
-12
-11
-13
-17
-15
-12
-16
-10
-2
2
4
5
8
8
3
0
-3
2
0
-1
1
-3
3
2
5
7
10
13
7
11
8
6
14
10
2
0
-4
-6
-7
-1
0
-3
-5
-5
-1
-2
1
2
3
4
6
6
6
2
-6
2
0
-9
-6
-5
-1
-1
-2
-3
-1
4
0
-1
-5
-8
-4
-5
-1
5
-1
-2
1
2
1
7
12
8
8
3
3
3
-4
-3
-4
-8
-5
-1
-2
-3
3
5
0
3
-3
-2
1
-5
-5
-8
-7
-9
-8
-5
0
-1
-2
0
-1
1
-1
-7
-4
0
-4
-1
-6
-4
-2
-4
1
-1
-6
-7
-5
-2
-7
-1
7
6
6
5
6
5
10
10
4
9
12
9
8
13
12
12
12
9
6
3
5
3
3
3
0
1
-4
-9
0
0
3
-1
-5
-4
-6
-5
-5
-6
-13
-16
-10
-8
-6
-5
-5
-1
-5
-9
-4
0
0
5
3
3
4
3
3
-1
1
0
-1
4
2
5
2
-1
-3
-5
-3
-5
-1
3
2
4
6
8
8
3
3
5
2
-4
-5
-5
-4
-3
-5
-9
-4
-1
-3
-3
-1
-3
-4
1
2
2
4
-1
-7
-5
-4
0
-2
-2
3
-1
3
8
6
4
8
11
10
8
5
8
4
5
8
7
11
9
1
2
0
0
-2
-2
-4
-3
-2
-6
-5
-3
-5
-4
-11
-7
-5
-8
-3
-5
-4
-5
-6
-8
-9
-6
-6
-4
-5
-3
-4
-2
-6
-12
-7
-4
-1
-2
-1
6
8
8
8
13
10
8
8
11
6
4
7
7
6
2
11
7
3
4
1
-2
-12
-9
-7
-3
3
1
2
1
2
1
2
7
11
7
4
0
-2
0
-1
-2
-5
-6
-10
-6
1
2
-2
-5
1
2
2
3
0
5
3
-2
-4
-7
-9
-9
-4
-4
-9
-6
-3
4
10
7
8
1
-6
-5
-7
-8
-6
-11
-11
-9
-7
-4
-2
-3
1
2
2
0
1
3
4
6
1
-3
-2
1
-1
-2
-2
1
5
4
9
3
7
8
4
5
5
4
0
0
-2
0
3
10
15
17
14
10
18
11
4
6
0
-5
-3
-5
-4
-3
-6
-4
-3
-1
-2
-1
4
1
-2
-3
-1
-3
-6
-5
-10
-13
-15
-11
-12
-13
-11
-10
0
-2
-1
3
5
7
2
3
3
-3
-2
-1
-1
-3
-3
2
1
1
8
2
-4
2
4
2
1
1
-3
-8
-1
-3
-5
-1
-2
-6
-5
2
2
-2
3
3
-5
1
-1
-4
3
0
6
5
1
5
1
5
8
8
8
11
11
6
5
4
0
0
2
2
1
2
2
6
6
2
1
1
1
0
1
3
0
3
0
-2
-4
-7
-4
-3
0
-1
-2
-6
-5
-4
-13
-11
-6
-10
-10
-4
-4
1
3
-1
3
1
-5
-3
-7
-11
-8
-6
-5
-5
-3
7
6
7
8
1
-2
1
0
-4
-6
-9
-6
1
4
6
7
11
9
6
6
9
7
4
6
4
2
2
1
0
-7
-4
-6
-7
-2
-2
1
4
3
-2
0
2
-4
-1
2
-1
-3
2
-1
-1
4
0
4
3
0
1
2
0
-1
0
-4
-1
4
2
2
5
9
8
7
9
13
11
2
2
5
0
-1
4
-1
-4
0
2
4
-4
-10
-6
-10
-7
-4
-4
-4
-10
-13
-15
-16
-17
-16
-12
-15
-16
-7
-11
-6
-5
-3
1
-5
-1
0
3
2
1
0
0
5
5
7
13
15
15
13
17
17
14
14
11
13
15
9
6
12
13
10
6
5
6
7
4
0
3
1
-5
-6
-6
-4
-5
-5
-11
-13
-6
-8
-9
-5
-7
-9
-7
-10
-12
-11
-9
1
2
3
3
-3
3
0
-1
-3
-8
-6
-2
3
2
3
6
4
-1
1
2
3
-2
-5
-5
-8
-8
-2
-1
1
2
5
11
12
7
4
2
-9
-4
-3
-5
0
-1
1
-2
4
9
9
6
3
7
9
1
-5
-1
-8
-6
0
-3
-3
-7
-8
-8
-8
-5
-2
2
7
6
5
0
-4
-2
1
4
1
4
4
4
9
9
9
6
5
5
-1
4
3
-1
1
1
0
3
5
0
-3
-4
-4
-6
-5
-5
-7
-5
-3
-5
-10
-7
-3
-7
-9
-8
-3
-9
-5
-2
-3
2
3
8
8
5
3
0
6
8
-3
-4
2
10
11
16
18
9
13
9
2
0
2
-3
-3
-6
-4
-2
-7
-1
0
-4
-11
-6
-7
-10
-6
-5
-7
-9
-5
-7
-9
-8
-7
-3
-4
-3
1
0
-2
0
3
5
9
7
4
5
7
6
4
9
9
3
4
2
-1
-2
-1
-2
-6
-2
-2
0
7
6
6
4
4
1
0
3
4
0
2
0
1
1
-5
-3
-3
-6
-1
10
9
6
12
14
10
2
-1
-1
-2
-7
-13
-16
-13
-10
-6
-3
-7
-2
-2
2
5
-1
3
2
2
-4
-8
-3
-6
-5
-10
-8
0
-2
1
-3
0
9
6
2
6
3
2
-1
-5
-3
-5
-6
-2
1
1
1
-1
2
1
-5
-3
-4
-1
-1
-1
2
-2
3
3
1
3
1
2
1
1
4
8
9
8
5
10
14
11
11
8
11
12
17
19
15
18
13
10
13
9
3
0
-9
-13
-18
-20
-19
-15
-16
-13
-12
-19
-17
-16
-12
-6
-6
-9
-10
-13
-13
-10
-10
-8
-12
-8
-6
-9
1
2
4
8
5
5
3
3
10
9
7
9
9
10
12
9
11
9
5
9
6
6
2
-1
1
-1
-4
1
3
5
4
-2
0
-3
-1
3
1
1
-2
-2
-1
1
0
-3
4
5
-1
-1
-2
-3
1
1
6
3
0
5
2
5
3
-4
-4
-9
-5
-8
-6
-2
-4
2
2
1
5
4
8
6
6
5
0
-3
-9
-12
-8
-8
-8
-1
2
4
6
8
8
10
4
2
1
-3
-8
-11
-9
-10
-3
-4
-4
-2
-5
0
1
3
3
-4
-2
-3
0
2
-3
-5
-5
-6
-1
2
-3
1
-2
5
7
2
1
0
6
4
1
-2
-7
-1
-3
-6
-2
1
-1
-2
7
1
0
1
-3
-3
-6
-5
-7
-8
-7
-4
2
6
9
7
6
8
8
9
9
9
9
7
5
-1
2
2
-1
3
1
3
3
3
10
12
15
17
8
11
14
9
10
1
2
15
5
4
12
8
-8
-9
3
-8
-18
-7
-4
-9
-12
-13
-14
-19
-22
-22
-18
-21
-20
-24
-21
-19
-23
-13
-6
-15
-18
-13
-12
-16
-12
-11
-17
-11
-6
-2
-1
7
10
11
17
11
13
20
23
22
16
12
11
9
13
22
22
18
21
17
13
11
11
4
2
6
3
9
8
3
6
11
8
1
-1
-2
-3
-3
-2
1
-3
-10
-6
-3
-3
0
4
3
0
-5
-8
-9
-10
-9
-9
2
4
8
11
10
13
8
14
14
4
10
7
0
-1
1
-2
2
6
1
-5
-8
-9
-11
-9
-10
-17
-18
-20
-23
-28
-30
-36
-34
-31
-37
-32
-25
-18
-17
-16
-17
-15
-12
-9
-5
-7
-5
-3
-2
0
6
11
20
22
22
25
27
29
28
27
27
25
19
17
15
10
8
11
10
7
6
8
14
12
12
15
10
5
9
5
4
9
3
-1
0
2
5
11
14
12
13
9
6
7
2
0
1
-1
0
-1
-2
-3
-5
-4
-4
-5
-1
-5
-5
-6
-8
-3
-1
1
-1
-2
2
3
-1
-2
0
0
4
-4
-9
-6
-10
-5
-9
-13
-15
-20
-25
-33
-39
-42
-45
-50
-46
-43
-42
-41
-34
-32
-25
-18
-15
-10
-9
-4
3
1
4
16
17
17
24
23
26
24
24
25
18
17
17
18
22
20
16
14
20
14
13
21
19
18
18
18
13
18
20
18
20
19
19
17
27
32
32
33
30
27
29
22
20
22
11
8
9
7
2
1
2
-7
-10
-13
-10
-12
-15
-16
-18
-16
-21
-14
-6
-11
-11
-17
-27
-28
-29
-28
-20
-14
-13
-9
-6
-4
-7
-6
-2
-9
-9
-6
-13
-18
-24
-25
-25
-36
-35
-34
-40
-43
-36
-31
-37
-37
-37
-41
-44
-50
-50
-51
-51
-47
-38
-31
-26
-16
-24
-23
-9
4
16
28
37
44
58
70
81
93
105
106
103
98
100
107
102
96
88
71
52
54
50
37
30
20
13
0
-12
-19
-20
-20
-25
-28
-29
-29
-28
-26
-16
-14
-15
-11
-8
-2
2
3
7
6
0
2
-3
-6
-9
-14
-20
-24
-24
-31
-37
-44
-45
-48
-56
-57
-58
-54
-59
-58
-48
-45
-44
-45
-42
-36
-32
-26
-16
-11
-3
4
-1
6
20
28
28
29
33
41
46
45
48
52
49
42
34
12
0
-5
-20
-38
-49
-54
-62
-68
-63
-62
-60
-57
-55
-54
-40
-29
-15
1
16
30
36
47
71
85
110
183
204
213
225
221
292
322
295
284
242
230
214
168
126
65
20
-46
-118
-173
-225
-258
-323
-385
-404
-434
-441
-477
-524
-495
-472
-443
-416
-416
-367
-306
-248
-179
-132
-74
-9
48
103
157
193
213
239
245
246
240
206
156
92
44
4
-54
-109
-169
-222
-269
-311
-315
-306
-292
-283
-286
-261
-209
-144
-72
-7
48
97
155
229
325
446
532
595
652
706
815
896
956
1001
997
977
936
880
826
750
634
479
293
97
-85
-255
-427
-605
-785
-963
-1108
-1214
-1278
-1297
-1298
-1272
-1245
-1191
-1080
-929
-750
-573
-404
-233
-55
128
315
503
681
832
949
1043
1130
1203
1245
1258
1226
1157
1067
934
779
618
443
243
27
-193
-413
-601
-773
-937
-1065
-1165
-1233
-1276
-1297
-1268
-1198
-1117
-1027
-916
-786
-641
-498
-355
-200
-44
103
250
390
527
651
756
854
933
979
1006
1006
970
910
821
713
597
464
325
178
43
-76
-179
-256
-313
-348
-366
-360
-323
-277
-211
-138
-56
40
137
241
341
453
566
665
759
834
925
999
1039
1068
1066
1057
1024
946
845
714
560
379
167
-76
-348
-615
-912
-1215
-1491
-1763
-2003
-2241
-2453
-2578
-2667
-2700
-2686
-2658
-2549
-2387
-2175
-1917
-1658
-1352
-1009
-651
-292
64
435
784
1118
1418
1687
1951
2150
2304
2419
2460
2507
2483
2374
2242
2045
1851
1619
1332
1037
728
424
113
-190
-458
-707
-930
-1114
-1250
-1347
-1406
-1406
-1369
-1290
-1170
-1020
-827
-616
-393
-158
77
314
544
749
940
1104
1238
1336
1388
1412
1412
1361
1276
1166
1037
882
697
514
324
116
-86
-276
-441
-589
-728
-826
-902
-949
-969
-973
-942
-883
-825
-752
-646
-532
-423
-313
-197
-69
41
134
244
349
435
501
565
632
652
644
627
594
525
415
288
158
-7
-211
-419
-631
-848
-1081
-1304
-1507
-1694
-1869
-2026
-2098
-2134
-2167
-2154
-2094
-1970
-1817
-1654
-1430
-1163
-874
-586
-286
51
382
694
980
1280
1579
1829
2044
2218
2376
2508
2579
2638
2658
2612
2528
2415
2300
2153
1922
1677
1451
1208
926
606
315
46
-235
-527
-797
-996
-1178
-1362
-1499
-1576
-1591
-1612
-1619
-1556
-1471
-1365
-1249
-1112
-942
-790
-636
-458
-283
-116
32
174
313
428
514
567
610
627
605
543
466
387
278
149
27
-86
-200
-307
-395
-463
-511
-551
-570
-567
-560
-540
-497
-428
-349
-285
-203
-95
6
100
191
307
416
507
588
681
793
866
919
972
1031
1080
1074
1041
1011
947
832
685
521
335
98
-163
-408
-657
-914
-1163
-1387
-1586
-1758
-1895
-1970
-1990
-2011
-1980
-1871
-1727
-1546
-1358
-1131
-863
-592
-297
-6
305
613
894
1174
1432
1695
1930
2111
2281
2404
2502
2564
2558
2513
2401
2248
2063
1815
1510
1169
807
431
35
-370
-752
-1109
-1459
-1771
-2022
-2225
-2380
-2488
-2542
-2544
-2499
-2417
-2280
-2101
-1889
-1641
-1373
-1070
-749
-426
-91
237
550
844
1106
1323
1500
1635
1712
1743
1723
1647
1530
1380
1199
1001
797
585
380
183
7
-141
-279
-386
-462
-516
-537
-532
-502
-454
-390
-311
-221
-120
-6
123
246
358
484
603
712
819
917
1003
1068
1115
1145
1161
1160
1124
1057
964
832
657
444
208
-57
-353
-665
-990
-1310
-1616
-1909
-2165
-2383
-2557
-2692
-2778
-2808
-2792
-2727
-2608
-2436
-2228
-1978
-1695
-1383
-1040
-681
-309
78
466
839
1195
1536
1853
2135
2381
2588
2744
2846
2904
2903
2858
2759
2602
2404
2155
1863
1527
1161
773
357
-68
-502
-920
-1322
-1702
-2034
-2310
-2528
-2681
-2756
-2765
-2698
-2565
-2362
-2102
-1796
-1451
-1084
-691
-285
119
514
891
1244
1568
1845
2072
2245
2363
2419
2403
2332
2204
2031
1821
1583
1331
1071
815
573
346
135
-56
-217
-361
-484
-587
-678
-749
-798
-825
-825
-797
-736
-652
-541
-415
-288
-157
-43
51
138
211
265
315
355
389
423
450
476
486
477
437
372
265
114
-73
-299
-554
-839
-1150
-1457
-1760
-2049
-2299
-2522
-2689
-2804
-2871
-2876
-2831
-2724
-2565
-2357
-2103
-1817
-1486
-1131
-746
-342
66
484
889
1272
1642
1982
2290
2568
2812
3013
3159
3266
3319
3315
3260
3149
2979
2752
2478
2154
1793
1398
980
552
129
-295
-696
-1063
-1402
-1689
-1930
-2122
-2254
-2327
-2350
-2320
-2235
-2095
-1908
-1683
-1417
-1122
-797
-453
-94
262
607
930
1224
1488
1699
1860
1970
2021
2013
1955
1843
1699
1515
1298
1067
822
575
327
89
-133
-329
-507
-669
-796
-891
-962
-1010
-1026
-1008
-969
-919
-851
-752
-645
-541
-426
-306
-192
-95
-8
78
149
204
250
288
324
343
361
387
406
403
376
335
258
144
-22
-222
-447
-727
-1033
-1327
-1609
-1877
-2128
-2329
-2455
-2544
-2584
-2560
-2480
-2344
-2179
-1974
-1719
-1452
-1168
-867
-545
-196
152
503
872
1241
1586
1906
2209
2505
2763
2973
3146
3283
3355
3354
3295
3201
3046
2811
2528
2223
1883
1497
1091
699
312
-85
-479
-833
-1140
-1423
-1663
-1848
-1979
-2049
-2079
-2059
-1975
-1862
-1720
-1543
-1334
-1098
-860
-609
-339
-67
197
447
690
914
1101
1251
1375
1466
1509
1512
1484
1420
1318
1183
1037
867
676
476
275
78
-124
-319
-493
-650
-799
-920
-1022
-1106
-1163
-1204
-1214
-1208
-1180
-1136
-1083
-1011
-930
-835
-734
-633
-531
-428
-315
-205
-88
29
138
241
336
416
480
530
555
546
519
457
357
229
77
-98
-295
-502
-710
-916
-1112
-1285
-1438
-1555
-1638
-1696
-1706
-1681
-1617
-1511
-1385
-1199
-989
-759
-495
-217
71
378
693
996
1290
1580
1858
2110
2335
2531
2696
2823
2897
2933
2926
2869
2764
2618
2432
2203
1939
1656
1349
1009
658
313
-39
-390
-730
-1053
-1359
-1636
-1872
-2075
-2234
-2349
-2421
-2448
-2434
-2364
-2250
-2096
-1896
-1665
-1405
-1120
-812
-496
-171
146
452
744
999
1224
1412
1559
1656
1704
1710
1672
1586
1456
1304
1116
907
693
461
234
12
-207
-400
-567
-721
-851
-954
-1033
-1087
-1117
-1128
-1115
-1082
-1040
-978
-897
-813
-707
-585
-462
-328
-184
-30
131
301
474
645
815
965
1097
1191
1251
1268
1231
1147
1008
828
606
342
56
-240
-554
-863
-1152
-1435
-1685
-1901
-2082
-2213
-2290
-2315
-2290
-2207
-2086
-1913
-1698
-1458
-1174
-867
-541
-203
134
474
798
1115
1421
1702
1960
2187
2385
2553
2683
2773
2825
2832
2790
2699
2569
2379
2144
1869
1553
1205
824
428
25
-373
-757
-1119
-1449
-1737
-1970
-2153
-2279
-2351
-2361
-2310
-2208
-2055
-1857
-1623
-1362
-1077
-768
-444
-113
220
548
868
1165
1433
1674
1869
2015
2102
2134
2103
1998
1857
1654
1402
1117
816
507
181
-126
-404
-656
-876
-1053
-1188
-1292
-1367
-1411
-1420
-1416
-1405
-1360
-1296
-1234
-1154
-1039
-915
-782
-625
-451
-261
-72
125
320
503
675
829
965
1058
1125
1154
1133
1070
963
816
623
388
130
-155
-463
-774
-1074
-1371
-1647
-1902
-2112
-2285
-2425
-2507
-2545
-2522
-2442
-2322
-2138
-1921
-1677
-1373
-1041
-694
-326
63
465
864
1245
1613
1970
2295
2582
2847
3075
3240
3375
3467
3489
3471
3394
3266
3102
2876
2612
2319
1982
1611
1212
800
378
-54
-482
-897
-1293
-1655
-1979
-2262
-2472
-2627
-2728
-2765
-2726
-2625
-2463
-2248
-1990
-1680
-1351
-995
-630
-262
94
424
730
992
1222
1401
1520
1605
1633
1604
1541
1425
1268
1087
879
650
418
181
-57
-266
-458
-643
-792
-910
-1018
-1106
-1160
-1197
-1214
-1198
-1175
-1132
-1059
-963
-856
-707
-532
-376
-185
8
191
388
566
734
891
1021
1132
1220
1270
1279
1255
1180
1053
894
686
434
159
-155
-484
-811
-1170
-1491
-1772
-2072
-2306
-2474
-2624
-2706
-2701
-2662
-2559
-2355
-2163
-1918
-1571
-1278
-951
-516
-133
218
653
1033
1342
1742
2087
2352
2684
2957
3136
3351
3502
3525
3577
3605
3480
3365
3235
2937
2623
2320
1875
1427
1022
518
13
-424
-901
-1370
-1734
-2091
-2424
-2617
-2790
-2951
-2972
-2945
-2905
-2754
-2536
-2315
-2017
-1653
-1312
-933
-502
-123
253
641
945
1211
1468
1630
1736
1828
1834
1782
1710
1581
1416
1235
1023
790
556
314
61
-182
-411
-624
-822
-993
-1149
-1292
-1391
-1463
-1521
-1522
-1483
-1429
-1322
-1186
-1030
-833
-635
-417
-174
50
275
500
712
909
1087
1247
1383
1486
1548
1573
1543
1472
1357
1179
961
696
377
42
-315
-694
-1051
-1403
-1742
-2029
-2281
-2489
-2631
-2716
-2734
-2684
-2582
-2412
-2189
-1924
-1612
-1274
-910
-530
-145
252
651
1030
1400
1753
2089
2400
2669
2904
3092
3226
3307
3322
3281
3179
3013
2800
2537
2222
1876
1513
1122
716
310
-102
-507
-899
-1270
-1606
-1913
-2177
-2394
-2565
-2676
-2722
-2700
-2626
-2487
-2278
-2030
-1734
-1400
-1041
-665
-286
87
445
783
1089
1354
1579
1770
1906
1999
2048
2035
1984
1880
1735
1551
1326
1081
808
514
218
-73
-339
-590
-819
-1003
-1158
-1276
-1353
-1399
-1402
-1369
-1307
-1221
-1108
-974
-823
-653
-466
-266
-62
143
357
562
759
948
1113
1256
1357
1408
1406
1343
1225
1043
802
510
179
-185
-567
-954
-1335
-1700
-2035
-2324
-2574
-2767
-2915
-2998
-3019
-2993
-2902
-2766
-2587
-2352
-2087
-1789
-1448
-1086
-697
-296
114
545
968
1389
1803
2199
2578
2914
3221
3483
3679
3821
3892
3894
3814
3660
3444
3158
2817
2421
1988
1545
1083
619
167
-266
-661
-1028
-1347
-1631
-1871
-2055
-2216
-2314
-2358
-2372
-2329
-2237
-2115
-1933
-1707
-1451
-1154
-823
-492
-157
184
500
800
1080
1318
1499
1643
1719
1735
1716
1649
1534
1383
1201
989
771
546
312
79
-141
-364
-573
-755
-929
-1074
-1185
-1293
-1385
-1435
-1458
-1458
-1407
-1331
-1232
-1078
-931
-784
-564
-348
-136
148
401
586
819
985
1048
1181
1242
1187
1181
1088
839
617
339
-45
-322
-605
-960
-1228
-1484
-1819
-2058
-2201
-2390
-2454
-2425
-2458
-2407
-2298
-2219
-2052
-1813
-1562
-1240
-883
-529
-169
212
616
1013
1437
1854
2211
2552
2831
3051
3259
3415
3522
3588
3583
3514
3374
3191
2964
2686
2396
2022
1613
1203
724
278
-144
-588
-957
-1320
-1663
-1949
-2222
-2415
-2575
-2674
-2695
-2714
-2626
-2493
-2332
-2034
-1726
-1370
-944
-553
-127
252
578
910
1132
1346
1525
1599
1678
1681
1630
1577
1460
1343
1211
1056
894
667
440
194
-101
-335
-592
-843
-1005
-1186
-1317
-1370
-1414
-1403
-1336
-1260
-1142
-1005
-882
-747
-619
-483
-334
-173
25
225
439
669
864
1040
1186
1276
1305
1265
1155
982
739
433
90
-272
-645
-1005
-1333
-1629
-1879
-2069
-2206
-2285
-2311
-2284
-2221
-2125
-1984
-1819
-1618
-1389
-1143
-858
-547
-207
159
538
928
1323
1704
2063
2388
2669
2903
3070
3179
3233
3216
3144
3011
2823
2607
2339
2037
1722
1375
1027
665
292
-67
-434
-788
-1117
-1437
-1729
-1984
-2209
-2382
-2506
-2582
-2599
-2559
-2466
-2309
-2105
-1862
-1573
-1253
-910
-559
-198
159
505
832
1129
1390
1598
1755
1861
1914
1905
1844
1737
1586
1403
1196
979
753
526
311
103
-93
-273
-429
-564
-682
-780
-850
-901
-933
-941
-921
-883
-826
-741
-639
-508
-361
-196
-10
176
374
570
753
916
1044
1125
1160
1142
1073
949
755
518
242
-67
-395
-733
-1059
-1371
-1655
-1902
-2102
-2259
-2369
-2425
-2429
-2388
-2316
-2194
-2036
-1857
-1638
-1387
-1113
-813
-492
-146
224
597
978
1353
1713
2065
2378
2645
2862
3020
3116
3125
3073
2949
2756
2509
2204
1866
1507
1125
741
357
-19
-369
-708
-1008
-1272
-1522
-1733
-1922
-2076
-2200
-2301
-2356
-2369
-2330
-2239
-2102
-1905
-1644
-1340
-991
-602
-209
202
602
974
1324
1616
1859
2051
2168
2226
2225
2174
2073
1929
1759
1550
1331
1098
853
619
385
157
-48
-242
-420
-568
-699
-813
-888
-942
-976
-977
-950
-903
-827
-725
-599
-454
-284
-96
94
293
484
666
825
942
1023
1055
1028
957
846
668
446
200
-96
-401
-706
-1029
-1345
-1636
-1917
-2173
-2375
-2552
-2690
-2744
-2755
-2732
-2632
-2495
-2320
-2073
-1810
-1525
-1170
-810
-463
-61
330
684
1074
1445
1770
2110
2406
2639
2876
3045
3118
3179
3171
3064
2931
2738
2462
2158
1803
1394
993
573
115
-298
-676
-1049
-1369
-1649
-1897
-2070
-2202
-2307
-2324
-2300
-2266
-2177
-2046
-1890
-1694
-1462
-1197
-883
-549
-201
169
538
907
1262
1576
1858
2101
2276
2386
2442
2439
2371
2253
2085
1883
1644
1375
1098
825
540
251
-9
-240
-465
-675
-851
-1008
-1124
-1214
-1285
-1296
-1285
-1257
-1181
-1064
-922
-760
-570
-363
-139
90
307
521
709
863
967
1024
1037
982
881
726
517
268
-6
-310
-636
-955
-1277
-1584
-1872
-2133
-2352
-2530
-2656
-2732
-2752
-2709
-2612
-2453
-2244
-1994
-1700
-1379
-1032
-665
-290
92
476
851
1220
1573
1909
2230
2519
2773
2988
3160
3281
3341
3333
3255
3107
2883
2584
2229
1836
1391
924
450
-23
-480
-916
-1315
-1666
-1981
-2250
-2459
-2620
-2728
-2788
-2794
-2744
-2645
-2497
-2296
-2049
-1758
-1427
-1060
-666
-258
163
587
997
1382
1741
2058
2317
2522
2661
2736
2746
2693
2594
2439
2245
2021
1768
1499
1222
948
683
417
159
-82
-305
-514
-708
-876
-1016
-1132
-1211
-1259
-1284
-1278
-1248
-1186
-1087
-954
-792
-603
-388
-156
84
318
525
705
845
913
936
886
761
576
331
58
-253
-582
-907
-1244
-1549
-1839
-2110
-2315
-2488
-2612
-2666
-2691
-2663
-2586
-2481
-2321
-2125
-1885
-1605
-1294
-943
-584
-186
252
663
1111
1578
1950
2326
2673
2928
3169
3330
3413
3477
3462
3355
3195
2995
2728
2364
2036
1662
1190
798
320
-196
-599
-1109
-1575
-1893
-2269
-2598
-2821
-3006
-3119
-3175
-3123
-2987
-2814
-2530
-2233
-1881
-1413
-1028
-607
-88
329
728
1147
1480
1798
2067
2267
2448
2572
2659
2658
2632
2614
2488
2337
2185
1970
1752
1475
1176
907
591
274
-30
-305
-565
-841
-1052
-1216
-1376
-1498
-1572
-1577
-1566
-1544
-1450
-1316
-1158
-977
-789
-546
-288
-67
165
412
646
799
899
996
1023
978
849
669
484
210
-135
-458
-784
-1130
-1484
-1809
-2060
-2293
-2508
-2650
-2713
-2700
-2683
-2614
-2421
-2198
-1967
-1694
-1358
-974
-602
-230
183
614
1008
1364
1741
2123
2430
2681
2899
3095
3245
3285
3254
3221
3151
2956
2684
2423
2140
1763
1305
883
494
32
-487
-925
-1287
-1678
-2080
-2373
-2572
-2769
-2931
-2998
-2962
-2887
-2800
-2612
-2336
-2029
-1704
-1341
-908
-464
-60
355
789
1185
1532
1831
2100
2334
2474
2547
2595
2595
2538
2408
2258
2111
1912
1678
1453
1233
996
734
490
271
39
-192
-400
-580
-754
-936
-1075
-1173
-1257
-1315
-1336
-1295
-1225
-1135
-1007
-831
-630
-439
-249
-39
164
324
449
544
611
614
552
468
341
164
-52
-298
-547
-810
-1096
-1369
-1612
-1845
-2055
-2232
-2358
-2448
-2503
-2489
-2418
-2307
-2147
-1936
-1661
-1353
-1030
-664
-269
135
527
918
1317
1687
2016
2322
2602
2839
3024
3159
3265
3322
3324
3264
3167
3032
2821
2558
2256
1912
1514
1067
605
126
-374
-895
-1387
-1827
-2246
-2628
-2938
-3163
-3322
-3418
-3434
-3362
-3226
-3041
-2792
-2479
-2117
-1733
-1319
-873
-422
25
463
894
1295
1657
1976
2241
2458
2616
2711
2744
2714
2629
2493
2321
2118
1897
1659
1406
1161
922
690
461
250
57
-133
-317
-481
-631
-764
-879
-970
-1040
-1083
-1103
-1081
-1021
-945
-820
-654
-502
-319
-87
108
301
496
644
742
786
769
707
586
354
105
-149
-481
-844
-1161
-1490
-1829
-2094
-2331
-2522
-2650
-2732
-2742
-2698
-2620
-2472
-2266
-2050
-1776
-1464
-1142
-811
-452
-67
311
676
1060
1439
1778
2102
2417
2684
2906
3085
3218
3295
3279
3219
3132
2960
2712
2454
2165
1810
1425
1034
650
236
-217
-615
-982
-1398
-1771
-2063
-2353
-2602
-2782
-2889
-2933
-2950
-2858
-2674
-2477
-2219
-1878
-1508
-1144
-759
-332
63
409
756
1085
1349
1552
1738
1896
1983
2028
2073
2078
2021
1949
1882
1781
1634
1482
1350
1189
999
818
648
468
285
121
-26
-174
-307
-415
-505
-591
-656
-693
-719
-730
-705
-663
-603
-525
-432
-320
-217
-104
23
112
194
247
263
253
182
85
-53
-250
-456
-696
-964
-1217
-1489
-1739
-1961
-2182
-2335
-2467
-2563
-2588
-2584
-2525
-2417
-2275
-2059
-1806
-1527
-1180
-822
-433
-11
385
807
1212
1584
1947
2245
2508
2743
2912
3045
3133
3164
3168
3117
3045
2946
2786
2623
2408
2136
1863
1511
1136
742
282
-145
-598
-1066
-1471
-1888
-2255
-2536
-2801
-2975
-3067
-3098
-3039
-2935
-2748
-2484
-2215
-1892
-1529
-1156
-778
-418
-42
325
645
979
1283
1535
1764
1960
2131
2242
2310
2361
2346
2290
2204
2076
1922
1719
1510
1288
1007
740
492
218
-41
-290
-492
-668
-862
-981
-1047
-1138
-1179
-1162
-1137
-1103
-1036
-933
-816
-699
-574
-404
-251
-146
3
151
225
300
350
352
320
217
104
-36
-264
-491
-718
-986
-1246
-1505
-1733
-1934
-2114
-2235
-2309
-2327
-2292
-2187
-2018
-1833
-1592
-1301
-1005
-672
-329
15
380
705
1036
1363
1631
1910
2165
2367
2568
2718
2838
2931
2955
2975
2944
2848
2738
2567
2363
2122
1846
1525
1168
810
401
-5
-411
-833
-1212
-1605
-1947
-2213
-2486
-2673
-2794
-2885
-2874
-2852
-2740
-2546
-2379
-2121
-1825
-1529
-1186
-873
-524
-170
126
457
758
1015
1269
1465
1674
1825
1911
2040
2070
2065
2076
1985
1912
1794
1608
1485
1268
1020
846
594
375
188
-52
-227
-408
-584
-683
-787
-878
-922
-924
-918
-938
-883
-814
-770
-643
-555
-463
-301
-216
-82
77
132
240
326
339
375
336
240
150
-9
-181
-364
-626
-851
-1064
-1320
-1519
-1710
-1892
-1992
-2066
-2102
-2070
-2022
-1921
-1730
-1517
-1294
-1010
-722
-419
-76
237
558
888
1175
1464
1750
1984
2187
2372
2527
2666
2747
2765
2770
2719
2634
2531
2326
2092
1862
1567
1255
902
527
163
-238
-611
-951
-1303
-1644
-1946
-2157
-2366
-2564
-2641
-2685
-2686
-2641
-2547
-2346
-2161
-1951
-1639
-1338
-1022
-692
-357
12
318
617
962
1218
1435
1664
1840
1974
2037
2100
2150
2088
2031
1963
1835
1696
1516
1355
1178
915
705
538
295
60
-122
-279
-461
-631
-709
-773
-843
-896
-888
-840
-828
-789
-678
-584
-520
-419
-288
-177
-103
1
113
178
215
243
251
195
89
-4
-136
-339
-540
-733
-951
-1193
-1403
-1564
-1749
-1915
-1996
-2048
-2089
-2081
-2009
-1889
-1771
-1591
-1334
-1099
-844
-537
-203
120
415
749
1080
1346
1613
1881
2122
2307
2454
2614
2725
2753
2776
2792
2722
2589
2458
2292
2064
1764
1459
1169
798
403
42
-315
-690
-1073
-1384
-1640
-1940
-2173
-2314
-2445
-2530
-2580
-2538
-2441
-2377
-2215
-1984
-1764
-1501
-1210
-889
-558
-250
99
450
735
1038
1313
1558
1772
1910
2058
2148
2155
2166
2120
2021
1907
1751
1584
1394
1171
968
742
512
311
98
-85
-261
-440
-568
-690
-809
-892
-939
-988
-1026
-1019
-1001
-972
-908
-843
-757
-647
-550
-425
-291
-174
-74
44
144
168
195
209
151
65
-35
-173
-371
-568
-751
-1013
-1217
-1343
-1584
-1740
-1777
-1914
-1951
-1851
-1883
-1799
-1548
-1460
-1278
-917
-729
-521
-126
134
386
765
1027
1263
1596
1845
2011
2263
2455
2524
2621
2730
2705
2656
2642
2481
2304
2173
1896
1611
1401
1044
678
428
65
-316
-574
-897
-1201
-1395
-1649
-1836
-1914
-2063
-2153
-2120
-2134
-2104
-1982
-1889
-1753
-1537
-1350
-1129
-844
-607
-331
4
280
550
839
1090
1298
1500
1660
1746
1841
1897
1840
1807
1749
1578
1450
1303
1045
879
697
406
227
62
-185
-341
-466
-640
-730
-802
-908
-952
-975
-1005
-1002
-964
-935
-911
-827
-735
-669
-564
-455
-367
-249
-133
-59
49
151
199
260
303
288
274
252
165
67
-27
-184
-344
-486
-670
-834
-973
-1134
-1260
-1349
-1425
-1451
-1446
-1412
-1327
-1219
-1066
-877
-682
-448
-222
20
301
529
766
1024
1231
1435
1606
1759
1931
2035
2114
2192
2234
2284
2265
2215
2194
2081
1941
1797
1589
1375
1093
761
476
139
-250
-604
-939
-1251
-1593
-1901
-2090
-2278
-2462
-2580
-2630
-2588
-2552
-2502
-2336
-2143
-1915
-1647
-1369
-1008
-665
-335
53
417
782
1115
1390
1692
1936
2107
2237
2329
2412
2403
2307
2233
2115
1931
1690
1434
1219
942
604
317
68
-202
-493
-731
-886
-1042
-1218
-1317
-1335
-1366
-1402
-1385
-1305
-1220
-1171
-1070
-917
-775
-656
-524
-356
-164
-23
88
253
405
500
548
577
627
599
469
344
219
50
-193
-450
-647
-850
-1101
-1328
-1480
-1580
-1693
-1785
-1775
-1710
-1639
-1555
-1410
-1179
-954
-743
-489
-196
104
358
606
901
1172
1395
1599
1810
2024
2168
2268
2363
2442
2462
2425
2370
2298
2180
1993
1803
1597
1339
1062
770
485
177
-153
-465
-758
-1043
-1329
-1586
-1796
-1981
-2153
-2273
-2333
-2341
-2320
-2250
-2104
-1911
-1690
-1429
-1112
-777
-455
-127
215
543
827
1085
1322
1516
1658
1759
1826
1869
1845
1775
1698
1588
1447
1273
1092
924
723
508
309
120
-65
-256
-423
-555
-685
-806
-897
-958
-1001
-1045
-1060
-1043
-1010
-976
-923
-841
-745
-650
-545
-418
-289
-157
-30
97
221
334
430
505
564
587
580
542
466
356
222
51
-141
-347
-565
-780
-990
-1176
-1345
-1485
-1588
-1650
-1660
-1637
-1575
-1464
-1312
-1131
-927
-706
-456
-196
65
319
561
798
1017
1209
1373
1532
1674
1788
1869
1930
1993
2032
2041
2025
2000
1954
1875
1757
1619
1462
1262
1029
781
514
216
-98
-418
-720
-1017
-1310
-1578
-1807
-1988
-2142
-2263
-2306
-2289
-2240
-2145
-1987
-1763
-1515
-1247
-934
-585
-233
92
413
748
1044
1283
1495
1683
1830
1911
1932
1932
1907
1823
1703
1569
1425
1243
1027
820
614
398
176
-38
-228
-411
-593
-754
-892
-1002
-1104
-1190
-1232
-1248
-1253
-1240
-1196
-1138
-1064
-982
-889
-775
-660
-542
-414
-268
-125
22
184
341
491
623
727
802
834
830
780
678
535
335
115
-131
-395
-658
-915
-1142
-1344
-1513
-1620
-1680
-1690
-1658
-1592
-1466
-1314
-1151
-971
-778
-573
-380
-192
1
195
374
547
729
920
1107
1275
1455
1654
1841
1988
2121
2258
2368
2419
2421
2388
2307
2168
1962
1722
1458
1140
781
427
83
-277
-638
-968
-1244
-1494
-1728
-1901
-2006
-2082
-2123
-2105
-2034
-1922
-1789
-1613
-1402
-1171
-919
-651
-367
-90
177
437
675
905
1100
1256
1388
1481
1538
1562
1556
1529
1457
1343
1212
1071
902
726
536
346
158
-58
-263
-447
-621
-795
-946
-1073
-1180
-1263
-1332
-1347
-1349
-1320
-1247
-1168
-1061
-933
-795
-634
-467
-303
-132
33
187
335
475
611
737
842
924
979
990
979
918
824
701
530
342
119
-123
-364
-613
-841
-1052
-1237
-1374
-1492
-1562
-1591
-1587
-1516
-1415
-1308
-1161
-999
-825
-629
-442
-241
-47
136
319
493
666
842
1013
1180
1344
1497
1645
1781
1878
1953
2001
2015
1991
1910
1783
1631
1438
1219
981
709
438
154
-121
-379
-622
-835
-1021
-1173
-1301
-1392
-1448
-1481
-1479
-1455
-1408
-1325
-1220
-1097
-952
-795
-618
-430
-236
-40
147
335
505
656
792
906
987
1032
1057
1064
1044
1000
951
886
787
688
578
461
338
196
65
-62
-200
-335
-463
-570
-678
-778
-844
-894
-927
-936
-912
-858
-800
-722
-620
-501
-374
-245
-112
32
164
287
404
503
601
674
719
752
774
753
687
602
496
353
177
-15
-211
-418
-648
-871
-1057
-1237
-1414
-1557
-1662
-1731
-1792
-1801
-1738
-1677
-1615
-1498
-1326
-1141
-974
-771
-515
-255
-37
195
481
746
976
1195
1432
1682
1872
2008
2177
2318
2392
2429
2457
2471
2393
2269
2161
2028
1810
1536
1298
1065
746
387
85
-176
-506
-861
-1122
-1312
-1539
-1770
-1890
-1923
-1961
-2007
-1955
-1806
-1670
-1541
-1348
-1075
-807
-591
-348
-56
222
439
635
866
1068
1185
1277
1376
1452
1467
1419
1378
1331
1227
1078
924
784
618
400
178
-1
-186
-409
-620
-774
-911
-1059
-1184
-1243
-1263
-1288
-1297
-1236
-1134
-1038
-941
-806
-623
-458
-322
-160
41
219
350
485
645
798
893
951
1030
1092
1070
985
909
815
628
390
164
-75
-373
-698
-983
-1240
-1517
-1793
-2000
-2150
-2293
-2405
-2443
-2405
-2341
-2253
-2099
-1882
-1641
-1384
-1085
-739
-390
-50
306
670
1016
1339
1653
1942
2196
2410
2601
2753
2846
2903
2927
2916
2865
2773
2653
2507
2317
2101
1854
1583
1289
967
635
288
-62
-411
-748
-1051
-1328
-1574
-1757
-1903
-2006
-2049
-2041
-1969
-1879
-1762
-1588
-1389
-1186
-970
-731
-486
-256
-36
196
416
609
778
937
1082
1183
1240
1279
1290
1242
1155
1041
908
742
536
327
118
-96
-318
-519
-692
-854
-995
-1101
-1167
-1213
-1238
-1230
-1193
-1134
-1059
-970
-871
-756
-639
-511
-376
-243
-110
34
184
322
448
582
711
807
880
928
970
979
914
828
734
587
394
177
-30
-249
-514
-779
-1017
-1234
-1457
-1665
-1818
-1921
-2016
-2081
-2071
-2010
-1926
-1809
-1635
-1407
-1160
-908
-615
-287
35
339
651
973
1272
1530
1771
2014
2227
2383
2519
2655
2752
2791
2805
2813
2795
2722
2588
2458
2303
2093
1840
1563
1275
944
577
210
-143
-503
-872
-1219
-1518
-1785
-2023
-2224
-2362
-2441
-2493
-2496
-2440
-2334
-2197
-2041
-1834
-1592
-1344
-1095
-828
-537
-256
-10
240
495
723
914
1079
1246
1375
1449
1496
1536
1538
1479
1393
1291
1165
994
803
623
436
230
17
-156
-303
-452
-575
-650
-700
-745
-776
-768
-740
-726
-710
-673
-628
-588
-552
-509
-444
-381
-329
-262
-171
-79
4
82
167
241
280
292
291
262
188
73
-64
-207
-394
-596
-791
-983
-1163
-1331
-1462
-1565
-1647
-1694
-1699
-1667
-1595
-1500
-1364
-1189
-1005
-787
-552
-306
-40
230
501
764
1019
1269
1510
1732
1945
2133
2301
2450
2568
2663
2725
2766
2773
2742
2672
2565
2430
2264
2055
1802
1535
1253
937
602
266
-67
-397
-727
-1034
-1303
-1540
-1764
-1956
-2092
-2191
-2259
-2300
-2285
-2227
-2159
-2060
-1910
-1736
-1557
-1364
-1154
-918
-693
-482
-259
-38
167
344
508
669
795
889
968
1027
1061
1044
1013
985
917
825
720
617
512
391
267
157
51
-47
-138
-210
-264
-322
-365
-391
-410
-424
-434
-429
-419
-402
-372
-330
-277
-226
-163
-86
-15
52
118
177
229
263
274
269
254
214
144
66
-37
-157
-282
-421
-561
-702
-829
-956
-1077
-1165
-1239
-1288
-1325
-1333
-1307
-1265
-1195
-1108
-993
-845
-683
-504
-308
-94
127
349
571
803
1032
1233
1415
1603
1778
1923
2032
2138
2234
2285
2289
2241
2235
2195
2095
1997
1858
1694
1511
1302
1110
868
581
310
67
-182
-472
-739
-959
-1165
-1389
-1592
-1695
-1778
-1884
-1942
-1959
-1901
-1827
-1776
-1659
-1518
-1377
-1194
-1008
-813
-612
-419
-205
-3
186
367
535
685
803
921
1019
1101
1154
1160
1171
1173
1157
1118
1038
958
879
771
658
527
387
253
115
-16
-150
-269
-379
-482
-568
-649
-694
-729
-767
-793
-806
-791
-759
-737
-714
-691
-648
-583
-543
-499
-446
-386
-337
-283
-226
-177
-133
-103
-79
-65
-62
-72
-95
-125
-159
-211
-258
-303
-348
-390
-412
-423
-429
-420
-399
-357
-314
-258
-183
-106
-15
86
192
307
433
570
702
833
966
1109
1254
1367
1471
1562
1638
1728
1766
1774
1771
1731
1706
1653
1551
1438
1298
1159
1005
815
614
403
180
-54
-287
-515
-743
-958
-1174
-1371
-1527
-1681
-1791
-1887
-1976
-1984
-1981
-1938
-1871
-1809
-1690
-1549
-1390
-1205
-1024
-825
-601
-374
-150
68
274
478
660
820
966
1065
1156
1229
1266
1291
1261
1212
1161
1083
997
872
736
619
476
338
207
67
-63
-189
-307
-423
-525
-615
-703
-776
-848
-894
-919
-959
-986
-1002
-997
-961
-936
-905
-854
-795
-707
-617
-535
-454
-364
-274
-194
-124
-63
-5
36
66
92
105
113
118
109
99
90
77
77
82
85
97
114
140
164
185
224
257
287
333
372
411
455
494
543
577
604
646
674
701
721
727
734
737
728
718
698
678
659
629
603
567
522
479
427
370
297
223
141
60
-37
-146
-245
-349
-450
-551
-646
-726
-797
-863
-915
-949
-972
-971
-959
-945
-902
-863
-813
-740
-672
-593
-499
-411
-314
-214
-118
-17
77
164
244
318
386
440
482
518
549
572
576
577
572
559
534
509
478
434
398
355
301
242
178
110
37
-39
-107
-178
-244
-304
-362
-413
-455
-486
-516
-534
-548
-553
-544
-531
-513
-489
-456
-418
-375
-334
-295
-249
-207
-163
-119
-86
-43
-17
9
40
67
88
98
113
131
142
153
167
176
177
185
194
200
208
209
212
216
227
231
227
234
235
241
247
246
253
259
267
272
280
291
297
303
308
317
316
310
312
305
302
295
276
264
255
245
229
212
187
158
129
77
28
-41
-116
-178
-264
-337
-399
-451
-488
-527
-546
-539
-535
-516
-488
-453
-422
-403
-361
-333
-304
-278
-252
-218
-180
-141
-100
-38
24
80
138
194
256
306
352
387
406
427
442
442
433
417
390
359
320
273
223
165
112
56
-5
-59
-122
-172
-235
-303
-357
-404
-451
-499
-531
-557
-572
-567
-566
-556
-535
-501
-454
-412
-365
-311
-254
-197
-143
-98
-52
-7
30
69
101
131
161
182
208
237
259
284
303
319
331
345
353
350
348
336
327
317
299
282
267
260
254
250
252
262
277
280
291
304
303
306
306
297
282
268
254
239
224
213
201
193
193
187
183
177
174
166
151
138
98
59
20
-37
-93
-154
-219
-281
-337
-389
-437
-466
-490
-515
-533
-543
-545
-542
-522
-502
-480
-447
-416
-383
-345
-303
-255
-208
-163
-115
-69
-16
36
86
136
169
208
249
271
295
309
310
306
295
276
244
204
161
120
65
12
-40
-85
-122
-156
-181
-204
-215
-221
-224
-227
-237
-232
-229
-239
-236
-240
-243
-230
-222
-211
-191
-170
-138
-99
-73
-40
1
27
42
48
54
48
35
20
5
-7
-14
-21
-9
5
16
50
79
100
124
149
176
200
213
210
220
235
237
247
257
268
285
301
320
329
330
338
333
330
311
274
241
203
167
136
102
75
55
49
50
48
58
68
73
72
57
38
7
-32
-71
-123
-163
-200
-237
-261
-276
-288
-293
-290
-288
-277
-266
-261
-255
-251
-247
-247
-256
-259
-254
-249
-239
-222
-198
-166
-126
-88
-47
-1
38
73
109
138
157
181
198
205
216
220
227
223
218
211
201
194
175
168
154
128
109
92
69
41
10
-21
-48
-77
-104
-123
-142
-162
-172
-183
-190
-188
-194
-197
-195
-201
-200
-204
-210
-202
-207
-202
-194
-183
-168
-152
-129
-98
-77
-55
-21
6
32
60
92
126
152
182
217
246
274
294
313
337
351
368
380
388
389
392
397
382
366
347
328
315
291
266
246
221
205
180
151
128
100
76
53
31
5
-14
-41
-67
-84
-107
-132
-155
-173
-197
-228
-249
-259
-284
-312
-322
-333
-348
-368
-380
-384
-392
-397
-386
-375
-367
-353
-334
-319
-308
-289
-265
-236
-202
-162
-129
-94
-46
2
45
86
142
191
228
271
309
339
367
385
396
398
398
395
382
360
333
297
264
232
187
146
103
53
8
-43
-89
-126
-168
-208
-243
-274
-306
-319
-328
-349
-356
-365
-361
-359
-360
-350
-341
-325
-302
-283
-259
-235
-206
-167
-137
-105
-68
-31
7
52
91
124
165
195
213
237
260
282
303
308
313
321
320
321
313
300
293
285
272
253
232
213
199
183
169
150
131
119
104
99
86
76
74
64
61
60
56
54
47
35
35
21
11
1
-17
-28
-41
-57
-73
-89
-109
-125
-147
-170
-188
-208
-223
-242
-259
-267
-278
-283
-288
-298
-294
-289
-279
-266
-250
-230
-208
-181
-150
-115
-84
-49
-9
28
65
98
129
159
178
201
218
235
246
248
247
246
240
221
204
190
171
153
115
88
63
26
-2
-34
-69
-103
-133
-161
-182
-200
-205
-218
-226
-230
-241
-236
-230
-230
-224
-214
-208
-196
-179
-166
-150
-122
-95
-66
-33
1
44
82
119
164
192
226
260
289
313
333
353
365
376
377
385
383
380
379
368
359
349
331
307
288
262
233
208
176
141
104
73
39
8
-25
-56
-85
-119
-140
-165
-190
-213
-232
-250
-268
-281
-291
-299
-312
-320
-321
-326
-327
-326
-322
-315
-306
-289
-270
-258
-231
-209
-193
-172
-152
-127
-106
-84
-63
-42
-16
5
32
51
70
96
112
130
151
164
182
188
192
205
205
205
210
219
215
207
202
195
186
168
157
144
128
119
103
92
73
44
31
13
-11
-33
-55
-79
-104
-129
-161
-183
-204
-229
-253
-268
-277
-287
-294
-301
-301
-302
-294
-284
-278
-261
-244
-223
-199
-170
-138
-94
-55
-9
37
78
125
171
212
254
300
335
371
395
410
430
437
439
431
412
403
387
365
345
312
274
241
202
162
119
72
30
-10
-55
-100
-135
-165
-198
-222
-245
-263
-275
-282
-285
-282
-278
-267
-259
-245
-222
-206
-185
-159
-128
-99
-69
-41
-21
8
31
48
70
77
86
94
88
87
83
74
64
59
55
45
28
16
1
-15
-23
-35
-42
-51
-63
-69
-66
-60
-51
-41
-28
-12
6
14
27
51
60
71
84
87
92
91
94
89
76
62
50
37
13
-2
-29
-54
-79
-104
-129
-156
-176
-204
-217
-224
-234
-238
-236
-238
-229
-217
-216
-194
-168
-153
-123
-81
-55
-17
31
68
114
166
202
243
283
317
348
377
399
409
417
414
404
400
383
359
331
296
259
219
176
130
81
36
-12
-52
-92
-139
-165
-194
-221
-233
-246
-251
-252
-248
-231
-219
-211
-196
-177
-153
-131
-103
-81
-55
-28
-9
14
34
51
73
86
92
97
102
95
79
73
66
54
39
19
-3
-15
-31
-56
-75
-95
-117
-132
-150
-168
-186
-203
-217
-225
-227
-227
-225
-222
-215
-203
-183
-163
-144
-116
-89
-60
-29
-5
25
58
76
102
113
120
142
152
166
171
172
181
176
172
168
154
147
135
116
93
76
66
45
20
-6
-20
-23
-38
-47
-46
-38
-36
-49
-50
-37
-23
-23
-33
-16
9
13
18
30
47
70
72
55
72
99
100
94
91
101
109
100
80
71
81
68
49
34
23
24
3
-24
-30
-25
-35
-55
-67
-75
-76
-80
-99
-98
-91
-96
-97
-100
-89
-77
-70
-68
-58
-33
-19
-13
-4
7
17
19
10
13
21
19
21
9
-4
2
4
-7
-19
-21
-15
-15
-23
-36
-32
-27
-37
-49
-56
-54
-45
-51
-52
-39
-21
-19
-27
-13
2
21
26
23
36
47
51
50
56
68
70
65
65
70
77
77
76
76
71
66
50
33
28
22
4
-13
-23
-28
-35
-44
-51
-55
-56
-61
-62
-61
-58
-50
-47
-45
-38
-36
-29
-26
-31
-17
1
10
13
19
33
39
45
47
44
47
54
50
35
34
38
37
28
17
7
8
5
-8
-11
-15
-17
-24
-31
-30
-29
-26
-29
-32
-28
-24
-21
-23
-18
-9
-3
1
1
3
9
15
16
15
26
32
38
37
36
37
38
33
17
12
11
5
4
3
-1
-1
-2
-6
-11
-20
-23
-26
-36
-38
-39
-43
-38
-34
-34
-35
-34
-26
-22
-23
-17
-18
-13
2
4
4
7
11
21
23
18
21
16
18
21
24
25
27
23
25
27
24
18
9
5
5
-1
-8
-10
-21
-26
-26
-27
-29
-38
-34
-34
-40
-34
-32
-24
-16
-20
-18
-16
-13
-10
-8
-3
-3
3
8
6
13
19
18
18
20
22
25
27
28
33
30
24
27
25
25
26
26
25
19
11
14
13
13
13
8
8
8
9
9
13
14
10
11
14
9
7
5
-2
-1
2
3
2
-4
-9
-10
-9
-13
-15
-9
-8
-9
-6
-9
-10
-17
-21
-18
-21
-22
-26
-31
-31
-35
-36
-29
-32
-33
-32
-37
-36
-30
-31
-27
-25
-33
-27
-22
-23
-18
-19
-14
-10
-16
-7
0
9
14
4
8
9
7
13
10
12
17
20
14
19
22
22
30
27
23
30
30
25
26
22
17
21
20
18
15
15
14
11
10
3
8
14
7
11
12
15
16
12
10
5
1
0
2
3
2
3
6
6
8
5
-1
1
-3
-5
-2
-6
-9
-10
-14
-17
-14
-13
-15
-13
-11
-9
-8
-8
-14
-9
-7
-13
-13
-20
-14
-8
-8
2
7
2
4
1
-4
-1
0
-2
-2
-6
-8
-7
-5
-4
-4
-5
-7
-6
-17
-20
-19
-23
-19
-18
-19
-13
-14
-18
-15
-16
-19
-21
-19
-17
-14
-8
-6
-4
0
0
6
10
8
15
11
8
9
19
24
23
24
20
28
28
21
23
27
26
21
23
25
20
19
16
7
7
5
10
13
2
-1
0
1
-4
-4
-7
-7
1
0
-1
-3
-8
-16
-10
-5
-11
4
3
-16
-10
-5
-14
-12
-7
-15
-1
3
-14
-7
-14
-23
-18
-14
-22
-22
-17
-25
-17
-18
-23
-10
-8
-10
-1
-3
-5
-3
-3
2
0
0
6
6
17
25
20
30
30
25
26
26
22
22
29
19
26
25
11
12
8
1
-1
-3
-8
-10
-17
-19
-15
-12
-14
-12
-13
-14
-11
-11
-3
-3
1
3
-2
0
-3
-7
-10
-8
-3
-6
-2
-2
0
10
11
4
6
6
2
-1
-5
-9
-9
-10
-10
-10
-13
-8
-15
-24
-22
-20
-26
-26
-26
-27
-24
-25
-18
-18
-23
-19
-11
-5
-6
-3
-2
1
5
6
9
16
21
22
29
31
29
29
30
31
28
28
29
26
26
27
25
23
19
14
16
13
8
9
1
0
1
-5
-5
-8
-6
-6
-6
-9
-11
-7
-15
-14
-7
-12
-12
-4
-5
3
11
8
8
8
11
10
12
16
10
6
3
3
-1
-2
-1
3
7
0
2
3
-2
-6
-5
-7
-13
-15
-16
-21
-21
-23
-27
-23
-29
-32
-30
-28
-25
-26
-20
-21
-23
-20
-21
-23
-17
-18
-23
-23
-24
-23
-20
-11
-6
-6
3
3
3
1
3
6
7
9
8
14
15
12
14
16
20
23
22
27
31
32
32
31
34
28
24
21
28
26
18
26
27
26
29
24
25
23
12
8
6
1
3
4
3
4
0
-7
-6
1
-5
-12
-9
-10
-7
-5
-11
-12
-11
-15
-19
-17
-21
-28
-27
-21
-21
-22
-19
-18
-14
-12
-12
-9
-9
-11
-15
-16
-18
-17
-15
-14
-13
-13
-14
-8
-7
-9
1
0
-1
2
2
-2
2
3
1
5
9
5
4
10
14
15
10
12
11
9
10
11
6
7
11
10
10
6
8
8
5
6
2
3
-1
-7
-4
-8
-11
-8
-8
-5
-3
2
1
0
1
4
3
2
2
-2
-3
-3
1
0
1
6
10
7
3
6
6
12
7
6
9
4
6
9
5
5
3
5
5
4
6
2
-1
2
3
1
-4
-12
-12
-13
-17
-11
-6
-10
-5
-6
-8
-5
-6
-2
-7
-14
-8
-8
-17
-19
-22
-25
-24
-24
-29
-31
-25
-17
-16
-12
-4
-1
9
4
4
10
7
10
7
11
9
13
17
15
16
18
21
23
28
29
29
34
35
32
23
27
30
31
32
23
25
19
15
18
10
4
2
-9
-5
-10
-17
-16
-16
-11
-11
-11
-17
-23
-21
-23
-26
-27
-28
-28
-24
-25
-27
-25
-24
-20
-16
-16
-11
-12
-11
-10
-13
-12
-16
-16
-17
-16
-14
-19
-17
-14
-14
-10
-10
-8
-4
-1
4
9
11
10
7
10
17
10
10
13
12
10
11
19
23
24
29
29
26
28
27
22
22
19
18
14
17
15
6
4
4
6
6
6
7
7
6
4
4
4
-2
-5
-8
-16
-21
-17
-19
-19
-15
-14
-5
-4
-6
-1
-2
-3
3
5
3
6
8
5
7
4
5
7
7
2
1
3
-3
-3
-1
0
0
3
4
-1
-1
-6
-9
-10
-16
-19
-20
-17
-14
-12
-7
-6
-9
-8
-16
-19
-14
-21
-21
-16
-16
-12
-12
-10
-4
-2
-2
0
-5
-6
-8
-12
-9
-12
-12
-12
-9
-7
-7
-1
4
3
10
13
8
13
19
18
15
16
18
17
17
12
13
19
23
22
19
22
21
26
31
25
25
24
20
14
13
7
4
5
0
7
3
-2
-2
-7
-6
-7
-11
-9
-12
-15
-12
-12
-8
-13
-14
-13
-14
-15
-14
-12
-11
-10
-8
-3
-10
-10
-6
-8
-8
-10
-4
-4
-14
-11
-1
3
0
1
3
0
-2
-1
0
-4
1
1
2
7
4
4
3
6
9
5
1
-2
-2
-5
-2
5
3
4
6
2
0
4
1
-5
-2
0
-3
-7
-6
-3
-5
-2
-3
-12
-8
-2
-1
-1
-6
-9
-10
-15
-14
-9
-7
-7
-3
1
2
10
10
5
0
0
5
5
9
8
10
8
10
14
13
9
5
8
8
6
10
11
8
7
10
9
12
9
8
12
11
6
-1
-5
-2
-1
0
3
0
-5
-3
1
-6
-8
-9
-12
-13
-16
-16
-17
-17
-10
-4
-2
-4
-1
-3
-3
1
-7
-1
-3
-8
-4
-5
1
1
3
4
4
3
0
0
-5
-6
-5
-3
-4
-7
-6
-6
-6
-5
-3
-6
-4
1
6
14
10
10
11
8
6
10
15
9
6
7
2
-1
0
0
5
7
18
21
10
11
0
-9
-3
-9
-8
-6
-10
-12
-2
-14
-25
-12
-17
-13
-3
-1
-5
-1
7
-5
0
3
-7
-2
1
-1
-3
-5
5
12
14
15
10
1
1
0
-7
-12
-15
-9
-11
-10
-1
-6
-4
4
2
-7
-10
-4
-4
-3
-2
2
9
7
7
7
9
6
5
7
4
5
4
7
16
16
13
13
8
4
-1
-1
4
-2
-6
-5
-2
4
6
9
9
4
8
6
0
-6
-9
-5
-6
-8
-3
-4
-6
-4
0
-3
-5
1
1
3
6
-1
2
5
3
2
-3
-1
1
6
5
-2
2
6
8
-1
-5
0
-3
-4
-2
-8
-11
-6
-8
-11
-5
-1
-6
-12
-9
-13
-14
-4
-3
-4
-4
-12
-12
-10
-9
-10
-14
-7
-4
-6
-3
2
3
2
-2
0
1
1
1
-1
1
4
1
0
0
-4
-4
2
3
10
14
16
16
14
12
11
11
9
11
13
6
5
1
6
10
6
6
7
13
11
7
8
10
10
8
6
2
7
4
0
-2
-2
1
-3
-3
1
0
-4
1
5
3
-1
-3
-4
-5
-2
-10
-8
-14
-16
-9
-12
-12
-11
-9
-6
0
2
-2
4
3
3
2
-2
4
1
-1
0
-2
-7
-7
-5
-6
-4
-7
-12
-15
-13
-12
-6
-4
-9
-5
-3
-3
-2
-6
-8
-6
-8
-15
-13
-10
-12
-6
-2
2
4
4
4
0
2
1
0
5
4
7
9
10
10
11
15
11
12
13
12
13
13
12
13
12
10
7
6
7
9
6
4
4
4
7
3
-1
-3
0
1
1
2
1
-1
-3
3
1
-2
1
-3
-2
-6
-4
-4
0
5
6
4
4
5
3
-1
-2
2
-1
-4
3
-3
-10
-7
-9
-15
-12
-7
-9
-14
-15
-11
-15
-9
-8
-7
-4
-5
-3
-9
-6
-2
-4
-3
-10
-12
-7
-8
-10
-6
-2
0
1
0
2
4
3
4
8
8
8
9
7
8
10
7
6
9
8
8
6
11
11
7
16
13
12
11
5
2
-2
3
0
2
4
5
4
3
6
4
4
-1
-3
-6
-4
-7
-7
-5
-7
-12
-12
-4
-9
-9
-9
-14
-13
-13
-14
-14
-16
-13
-14
-18
-19
-21
-20
-11
-8
-7
-3
-2
6
7
10
13
10
14
17
16
17
12
12
15
18
18
14
16
15
17
19
21
24
17
20
19
21
15
8
4
-2
-5
-9
-3
-10
-7
1
-9
-10
-10
-8
-12
-13
-10
-16
-15
-15
-16
-14
-17
-14
-15
-15
-9
-13
-12
-5
-10
-10
-4
-6
-4
-5
-2
-4
-5
-2
-5
3
-3
-4
3
1
6
4
0
1
6
13
8
11
10
4
6
10
13
19
15
11
14
16
13
12
6
1
4
0
0
-5
-8
-2
-3
-6
-6
-8
-11
-12
-13
-15
-13
-9
-7
-10
-9
-6
-2
-4
-8
-1
-5
-11
-11
-14
-10
-9
-9
-4
0
6
7
10
11
11
14
9
12
14
13
20
17
18
23
18
17
19
12
10
11
7
9
8
8
6
5
5
2
-4
-5
-3
-7
-5
-8
-6
-1
4
7
0
-1
-2
-10
-6
-9
-16
-14
-14
-16
-17
-20
-14
-15
-16
-13
-15
-13
-5
-4
-3
-8
-9
-4
-8
-3
0
7
0
-7
1
-3
-1
-1
-5
-3
-3
-3
2
-2
-4
-2
-5
0
0
3
7
9
9
7
9
7
10
6
4
7
3
6
8
2
9
11
13
16
15
11
8
9
5
-2
7
8
5
2
-2
6
1
-1
6
4
3
2
-1
-2
-5
-11
-8
-7
-16
-14
-12
-14
-9
-6
-7
-5
0
1
1
5
4
1
1
6
7
15
19
8
11
8
5
8
6
9
1
6
11
2
5
7
0
-4
-7
-17
-8
-8
-11
-11
-15
-20
-18
-13
-15
-15
-17
-14
-21
-18
-9
-19
-12
-13
-16
-12
-9
-10
-12
-4
-1
1
4
3
6
8
12
12
8
13
16
17
19
14
13
15
14
13
12
9
10
16
14
14
13
15
12
7
3
6
5
3
-1
0
1
-4
-2
-6
-1
1
6
3
-2
4
3
6
8
-4
-3
-7
-7
-5
-7
-5
-11
-7
0
-2
0
-3
-6
-7
-7
-7
-11
-10
-10
-12
-18
-18
-15
-16
-9
-9
-8
-9
-6
-4
0
3
0
2
0
-1
2
1
3
4
0
5
9
2
3
5
0
4
6
6
6
8
9
-1
1
1
1
-2
-7
-7
-8
-4
-2
-3
0
3
0
-2
4
9
8
6
3
3
4
8
9
7
7
7
4
3
6
10
14
12
12
9
13
10
0
7
3
3
6
1
6
6
5
5
0
-1
-4
-5
-6
-16
-14
-7
-17
-16
-18
-11
-6
-13
-7
-5
-4
-2
-1
-4
-9
-10
-4
-4
-5
-3
-7
-12
-9
-6
-11
-7
-3
0
1
-2
5
1
-1
-2
-2
2
-5
-6
-4
-7
-13
-6
-8
-10
-6
-10
4
4
1
13
10
15
18
11
11
10
12
7
4
5
5
4
7
13
8
9
6
9
16
12
15
14
16
10
5
8
3
5
3
-2
-1
-2
2
0
-9
-6
5
5
1
-1
-2
-3
0
1
-1
-4
-3
1
0
-3
-4
-7
-6
-2
1
-11
-15
-6
-9
-11
-9
-5
-8
-11
-7
-10
-12
-7
-9
-11
-9
-10
-13
-12
-10
-11
-10
-7
-7
-9
-4
-1
1
6
4
4
5
6
2
0
5
1
2
-1
-3
-4
-4
1
3
5
13
13
14
19
16
18
22
14
10
3
2
6
0
0
2
2
-1
0
3
2
4
6
0
-2
7
3
-3
2
2
0
0
0
-2
0
-4
-3
-1
0
-1
-2
-2
-2
2
2
-4
-2
-1
-2
-4
-5
-2
0
0
-3
2
3
5
1
1
5
0
0
-2
-5
-3
-2
-4
-7
-5
-2
-4
-2
-4
-5
-2
-3
-1
-2
-8
-7
-6
-12
-8
-4
-5
6
10
9
6
8
10
3
0
-8
-5
-7
-10
-9
-9
-8
-10
-2
-1
-1
7
6
-2
-1
1
-4
-7
-5
-6
-9
-5
0
3
10
15
19
17
19
22
16
16
17
8
4
5
-2
1
7
-1
-1
0
-1
2
0
6
10
11
11
3
-5
-5
-8
-9
-14
-18
-16
-19
-9
-3
-2
5
2
-2
6
5
4
5
-1
-4
-7
-4
-6
-8
-6
-7
-5
-7
-1
1
-2
6
3
2
2
1
-1
0
0
-4
-4
-7
-11
-10
-12
-10
-3
-3
1
3
9
11
5
4
3
2
1
-2
-1
0
2
8
7
5
7
5
7
11
7
6
8
4
2
4
5
2
7
7
7
8
2
1
1
1
0
1
-1
-6
-7
-12
-10
-10
-6
-7
-9
-2
-3
0
-2
-6
-4
-1
3
-3
2
0
0
4
-2
2
0
-5
0
-3
1
1
-4
0
-6
-11
-11
-10
-4
-4
-4
5
1
0
2
-3
-2
1
2
9
5
-2
4
3
1
4
4
2
3
-2
-3
-1
-3
-7
-10
-8
-4
-2
-1
4
11
10
9
13
11
14
14
10
8
1
4
3
-1
2
2
5
3
-1
1
0
-3
-3
-3
-2
-3
-10
-11
-8
-2
4
6
9
6
3
2
1
0
0
0
0
-4
2
0
-5
-7
-5
-3
-8
-13
-8
-9
-7
-5
-3
1
0
6
3
6
3
2
3
-5
-6
-2
-7
-10
-3
-3
-1
-3
0
-2
1
3
-4
-1
-2
-3
1
-1
-1
-1
-4
0
3
1
1
-1
-2
0
-4
-3
3
-3
-5
0
0
2
6
8
10
9
10
9
7
7
5
12
8
5
7
7
8
2
-1
-1
-2
-4
-4
-4
-5
-2
-2
-1
1
5
1
-3
-4
-5
-3
-2
-3
2
4
2
4
3
4
3
2
2
2
-1
-5
-4
-3
-3
-2
-3
-3
-8
-7
-2
1
-4
-7
1
0
-4
-4
-4
-3
-7
-7
-5
-8
0
0
3
1
3
5
-2
3
-1
2
3
-2
-1
-1
1
7
5
2
-2
0
5
3
3
2
0
2
2
2
2
1
-4
-1
-5
-2
-2
-2
7
2
0
0
1
-1
-5
1
1
1
0
-7
-7
-2
-2
-3
0
-2
2
8
4
5
3
0
-4
-7
-4
-2
2
3
-4
-7
-3
-5
0
3
2
-5
-6
-1
-3
-4
-5
4
1
-3
-1
0
1
4
6
3
6
7
1
1
6
7
7
11
12
14
14
15
15
7
4
3
6
2
0
1
-2
3
4
3
2
-1
-1
4
-1
-6
-4
-5
-11
-14
-8
-10
-13
-13
-15
-11
-14
-13
-12
-7
-4
-3
3
-3
-5
-1
-5
-9
-6
-5
-3
-4
-9
-3
-5
-6
-2
-3
1
0
5
8
5
7
8
7
3
6
-1
1
0
-3
1
-1
2
7
6
9
11
7
7
9
9
3
5
5
-1
2
3
2
2
8
7
7
8
9
10
5
10
8
1
3
3
2
2
0
-3
-4
-6
-9
-7
-14
-10
-6
-6
-5
-8
-3
-5
-7
-9
-6
-5
-4
0
0
2
4
5
0
0
-2
-10
-8
-8
-8
-9
-9
-7
-4
0
-4
0
1
3
5
4
6
4
1
8
5
-3
-7
0
2
-3
-5
-3
2
6
6
6
9
8
9
4
-1
-2
-1
-5
-2
-1
0
4
3
2
1
6
7
4
5
3
4
2
5
3
0
5
-2
-7
-3
-1
-4
-3
0
-2
-3
0
5
6
4
3
1
-1
0
-3
-4
-3
3
3
-1
4
0
-2
-4
-2
-1
-4
1
-3
-6
-7
-12
-8
-4
-1
0
-3
3
2
6
6
-1
2
-1
-5
-5
-8
-7
-7
-4
-3
-3
-1
1
1
1
1
-2
-1
-3
-10
-4
-1
-2
-4
-7
-6
-1
3
4
9
8
9
11
11
10
6
6
5
2
-3
-4
7
6
3
1
0
3
-1
5
7
7
8
6
8
10
5
0
2
-6
-5
-3
-6
-2
-3
2
1
-3
-1
0
2
2
-3
-4
-2
-5
-5
-6
-6
-5
-6
1
3
7
3
2
5
4
4
2
2
4
-5
-2
-6
-9
-5
-7
-1
0
1
3
1
-2
-8
-10
-10
-12
-10
-12
-11
-3
-3
-6
-6
-2
-7
-9
-11
-7
-11
-10
-1
-4
-3
-4
-1
3
7
5
5
6
5
8
9
5
7
12
6
9
15
13
8
7
9
10
7
8
8
6
11
11
10
14
10
8
10
3
6
8
5
2
5
4
1
5
1
3
1
-5
-3
1
-4
-5
-7
-9
-9
-10
-10
-9
-11
-11
-12
-15
-13
-13
-7
-4
-11
-11
-10
-7
-8
-9
-7
-5
-11
-12
-12
-13
-10
-6
-6
-7
-4
-3
-4
-7
-3
4
8
8
9
15
13
10
9
8
12
16
11
5
4
3
4
10
9
7
6
5
11
8
6
4
-2
-4
1
3
2
9
4
4
4
2
5
6
10
4
0
-2
-2
-2
-2
-3
-4
-8
-8
-6
-1
3
0
4
7
5
0
1
6
0
-3
2
-3
-5
-6
-4
-2
-11
-8
-7
-6
-4
-4
-8
-8
-4
-3
-4
-5
-8
-6
-5
-5
-5
-7
-7
-8
-9
-3
0
5
10
7
2
-2
-7
-5
-3
0
-1
-2
3
5
11
8
7
10
10
12
11
8
4
3
-4
-2
1
-5
-4
1
3
-2
-3
6
9
7
10
5
2
1
-4
0
-1
-2
-1
-2
0
4
3
3
-1
2
13
6
5
7
2
6
1
-2
-1
-5
-3
-1
-3
-2
0
2
0
0
0
1
1
0
1
-3
-4
-3
-9
-15
-15
-16
-12
-10
-8
-4
0
1
-1
-5
0
-1
-3
0
-3
-5
-8
-4
-5
-5
-2
-2
1
0
2
0
1
-1
-3
0
0
-1
-3
3
1
1
4
4
4
5
2
-1
3
2
5
2
0
4
6
11
11
14
13
5
5
8
6
8
13
9
5
5
8
6
3
5
2
1
-5
-5
-3
-5
-4
-5
-5
0
2
-1
2
3
1
-2
-5
-4
-5
-9
-11
-5
-1
-4
-1
0
-1
0
0
-1
0
0
1
-2
-7
-4
-4
-4
-6
