8
10
4
5
7
8
9
9
6
2
4
8
5
3
7
10
15
8
6
7
2
6
7
-3
-4
3
2
3
4
4
5
0
5
1
-3
2
1
2
-3
-1
-2
-4
-4
-2
-4
-7
-5
-11
-14
-11
-12
-12
-13
-16
-11
-10
-9
-6
-11
-4
-4
-5
-2
-7
-6
-5
-4
-8
-9
-6
-9
-7
-10
-14
-4
0
2
0
1
-2
-3
3
3
5
4
6
9
8
9
5
5
3
5
18
12
2
4
8
9
7
12
7
6
5
9
10
8
9
9
8
4
2
4
4
0
7
7
7
10
6
2
4
3
1
-3
1
2
-2
-2
-7
-9
-11
-8
-10
-14
-7
-3
0
3
7
8
5
10
9
8
2
0
1
-1
-1
0
-1
-5
-11
-17
-14
-13
-15
-12
-11
-11
-13
-14
-15
-14
-11
-12
-9
-11
-12
-6
-5
-5
-8
-7
-8
0
0
-7
-6
-13
-9
-14
-12
-1
-3
4
4
7
13
12
14
13
15
18
13
8
13
7
7
18
13
14
12
12
23
19
17
19
21
25
28
16
13
16
5
6
9
5
6
7
6
8
15
11
8
3
-5
-10
-19
-25
-20
-21
-22
-21
-18
-20
-19
-10
-6
-11
-12
-9
-12
-11
-13
-14
-2
-8
-17
-13
-12
-16
-15
-8
-9
-10
-3
-1
-5
1
4
4
1
-2
5
-1
-6
0
-5
-3
4
3
2
8
8
1
5
5
-3
-8
-7
-3
-4
4
11
15
10
4
14
12
15
13
8
11
14
13
13
13
11
10
4
9
10
6
15
15
9
15
18
14
7
7
2
-6
-5
-7
-3
-1
0
0
-3
2
1
2
-1
-11
-8
-5
-12
-14
-10
-10
-12
-18
-15
-15
-20
-17
-17
-12
-16
-17
-16
-18
-14
-17
-11
-6
-7
-3
2
6
2
1
0
2
6
8
11
10
12
18
11
3
-1
5
8
0
5
6
5
3
-3
1
5
7
5
3
3
2
2
3
5
6
4
1
-1
-3
-1
12
6
4
10
8
11
8
7
11
7
5
0
-1
3
1
1
2
1
-3
-7
-9
-10
-13
-13
-12
-14
-13
-9
-8
-2
1
2
7
7
-3
-6
1
-1
-7
-5
-3
-7
-8
-10
-10
-8
-6
-8
-2
7
8
8
10
13
16
14
6
6
4
2
-5
-4
0
4
3
-5
1
0
3
4
1
7
2
-2
2
-3
-6
-4
0
-5
-2
1
1
-4
-6
2
6
5
-3
-1
6
4
0
-6
-2
4
-2
1
9
8
11
7
5
4
-1
-1
-4
-9
-8
-10
-18
-19
-16
-18
-12
-9
-9
-4
-1
-4
-8
-5
0
3
-1
-3
4
6
3
6
11
14
13
12
11
15
12
6
15
13
1
6
5
5
8
10
10
4
4
2
9
10
3
1
0
-5
-1
-6
-9
-7
-12
-10
-12
-9
-9
-13
-7
-4
0
-5
-6
-6
-7
-5
-7
-6
-2
-1
2
-1
0
-1
-4
4
2
0
5
9
9
9
8
-2
-5
-4
-10
-9
-6
-9
-8
-3
0
2
5
6
9
9
6
1
-1
2
1
-3
-1
3
2
2
3
5
-3
-1
6
2
3
3
4
0
-3
0
-2
-2
-10
-8
2
-4
7
11
1
10
7
5
3
-1
5
0
-9
-4
-2
-1
-1
-4
-5
-2
-4
-8
3
2
-4
-3
-4
1
2
0
-5
-3
0
-1
2
5
1
3
4
4
1
2
6
3
7
11
13
12
11
13
4
2
3
-4
-8
-7
-2
-3
-5
-4
-5
-11
-14
-18
-16
-10
-12
-3
-1
-3
-3
3
2
-4
0
-10
-6
7
0
-1
6
1
-3
0
-2
-4
-4
-2
-2
0
3
6
5
3
3
-1
-7
-1
1
-1
2
0
-1
4
2
5
8
1
4
4
-1
0
3
2
0
6
11
14
15
11
17
17
9
8
10
6
3
-2
-2
3
5
3
-6
-8
-3
-5
-9
-1
2
-5
-6
-3
0
0
-7
-6
-5
-9
-14
-13
-9
-16
-13
-14
-22
-17
-17
-14
-9
-10
-10
-9
-7
-2
-2
4
6
9
15
8
9
8
12
13
11
11
8
1
0
4
-4
-8
-4
-1
-3
-2
8
14
11
5
7
10
5
0
1
6
8
4
1
6
10
13
8
6
7
7
5
2
3
4
3
-8
-11
1
6
5
-4
-5
5
-1
1
1
-1
6
4
-1
-9
0
0
-11
-14
-15
-14
-15
-14
-9
-8
-7
-5
-7
-8
-7
-8
-3
-2
3
2
-3
-6
-5
0
-6
-4
-5
-11
-13
-14
-11
-8
-4
-6
-4
2
-1
3
3
2
6
5
4
4
3
8
2
6
4
2
5
6
19
18
15
21
21
18
20
22
25
19
14
20
12
12
11
0
-1
-1
-2
-1
2
8
5
-1
-1
-4
-6
-15
-19
-19
-22
-23
-19
-17
-15
-13
-16
-12
-11
-16
-8
-6
-8
-6
-10
-10
-9
-10
-8
-2
-1
0
4
-1
1
2
6
5
0
6
3
3
7
8
9
10
7
8
10
8
5
7
8
7
5
5
4
0
-5
-3
1
-6
-13
-8
-5
-5
-1
-2
-4
-1
-3
0
1
5
6
6
7
4
2
2
1
-3
-6
2
-1
-4
5
6
7
10
15
13
9
13
6
7
6
3
1
-5
-7
-8
-4
-5
-5
1
-1
-4
-3
-1
-5
-7
-6
-9
-10
-9
-10
-11
-13
-15
-12
-1
-3
-2
-2
-5
-1
0
2
2
-1
-1
2
7
1
-1
0
2
7
2
4
7
7
4
4
5
9
6
3
-1
-8
-1
1
-3
1
0
0
2
6
5
0
4
5
5
2
1
4
5
4
3
4
-2
-6
-4
-2
2
3
2
4
2
0
-4
-7
-8
-4
-8
-8
-5
-12
-3
-1
-7
-2
-7
-11
-3
-5
0
4
5
8
0
4
9
8
2
2
9
9
5
7
9
6
7
0
2
0
-3
-3
-5
-5
-3
-1
-1
3
2
-5
-4
-5
-6
-7
-8
-2
-3
-7
-5
-10
-4
-1
-10
-6
-3
0
2
7
5
7
11
6
10
9
10
3
3
8
-2
-4
-2
4
10
4
2
-1
-2
-4
-3
6
8
3
2
-6
-6
-8
-15
-11
-14
-9
-5
-12
-7
1
0
-1
5
-3
1
7
-2
-2
-4
-3
-2
-2
8
9
8
6
6
13
16
11
3
5
9
5
4
6
2
-3
-3
1
-2
-5
-3
-4
-2
6
10
6
12
18
14
9
3
-2
-2
-2
-10
-13
-5
-7
-6
-3
-8
-5
-11
-12
-8
-7
-7
-6
-10
-12
-5
-5
-11
-9
-11
-17
-12
-9
-1
-5
-8
-2
-5
-4
1
3
5
6
2
5
3
-4
3
1
3
0
1
14
10
6
9
5
8
11
11
15
15
7
7
7
4
3
5
6
5
12
11
6
9
7
-2
1
-1
1
6
-1
3
4
-2
1
1
0
2
5
13
4
-6
-9
-10
-13
-18
-16
-11
-7
-5
-8
-3
0
-3
-2
-4
-5
-4
-3
-8
-11
-11
-11
-8
-6
-9
-6
-1
2
4
7
7
3
2
2
-1
-3
-3
-7
-12
-10
-4
-3
-3
-7
-2
0
1
3
4
5
8
7
0
-2
-6
-8
-3
-3
-5
-5
0
4
11
15
15
17
17
17
18
15
8
11
8
0
-6
-3
4
3
-1
1
10
5
5
6
3
8
6
0
-3
-7
-7
-8
-8
-3
0
2
-7
-5
5
2
0
0
0
0
-3
-5
0
-4
-7
-4
-8
-6
-5
-3
0
-3
-3
0
-5
-8
-5
-3
-1
-6
-7
0
2
-3
1
-3
-5
-1
-2
-2
0
1
-2
-3
-4
-5
-4
-4
1
4
-1
2
8
5
1
-2
-1
-4
-4
0
-1
3
4
7
9
5
8
8
4
5
7
11
10
7
5
7
2
-3
4
4
2
-4
2
4
-4
2
1
-5
-9
-4
-1
1
5
12
11
7
4
7
6
-4
-9
-15
-13
-14
-20
-15
-9
-8
-6
-6
-4
1
1
2
-1
4
5
3
9
7
3
1
-3
-3
-3
-2
3
3
3
4
1
3
0
4
4
1
3
-5
-4
-3
-2
-2
-4
0
2
6
8
5
8
8
7
4
1
6
4
-2
-6
-6
-4
-8
-8
-6
-1
1
-3
-1
0
0
1
-1
0
-4
-7
-10
-16
-9
-10
-15
-9
-4
-3
5
9
11
17
16
12
10
9
9
6
6
10
3
-1
2
-1
-1
-4
-5
1
2
-4
-8
-8
-9
-7
-4
-1
3
1
2
-3
-5
-8
-14
-11
-12
-12
-8
-2
-1
5
5
8
8
6
9
10
9
10
11
9
11
12
12
14
10
6
10
8
3
2
0
-4
-6
-2
1
-3
-4
1
1
0
2
-1
-12
-18
-15
-13
-10
-7
-8
-9
-6
-9
-7
-8
-9
0
2
-3
-4
1
-1
-6
-2
1
-6
-2
4
2
2
5
5
0
6
5
6
7
-1
-2
-1
-5
-8
-7
-4
-9
-8
1
2
3
5
9
9
8
13
14
14
7
4
6
2
5
5
2
-4
-4
-1
-4
7
8
2
9
9
6
1
-1
1
-5
-9
-10
-11
-5
-5
-7
-3
0
-3
-4
-3
-4
-3
0
1
-3
-1
-1
-1
-1
2
4
1
5
0
2
3
3
8
5
6
8
5
1
1
9
2
-2
1
-3
-5
-3
-4
-6
-7
-14
-11
-10
-11
-4
-2
-2
-2
1
1
-2
-3
0
-2
-7
-11
-4
1
5
9
0
1
2
2
9
8
0
-3
-2
2
1
-2
-1
-4
1
4
5
3
-1
2
-5
-1
3
0
6
8
10
5
3
2
-1
-7
-14
-13
-7
-6
-2
0
4
6
7
10
7
0
-2
-2
-2
1
2
4
1
-5
1
-1
0
4
-2
1
3
0
7
14
10
11
6
2
2
0
0
0
2
-3
-2
-3
-5
2
-3
-9
-6
-4
-4
-5
-1
-3
-5
0
-2
-3
-3
2
3
3
4
0
2
0
-6
-8
-6
-5
-6
2
4
-4
-3
-1
-1
-2
-4
-4
-2
-4
-7
-8
-9
-6
-6
-5
-7
-7
1
1
5
9
2
8
10
7
8
0
1
1
-3
-1
-2
-3
2
4
5
4
3
8
11
8
5
3
6
2
-2
-3
-4
0
4
11
7
7
7
8
19
10
3
4
-2
-3
-6
-10
-7
-7
-7
-4
-3
-8
3
6
-3
-5
-5
-7
-8
-7
-6
-3
-7
2
5
2
3
-4
-4
-2
2
2
-1
-1
1
-2
3
-2
-6
-3
-3
-4
-5
1
-1
2
1
1
4
3
6
-2
1
4
-1
-7
-14
-4
-4
1
6
-2
4
10
10
10
5
6
5
0
-2
-7
-12
-6
-4
-5
0
-3
0
3
8
7
0
-1
1
7
3
-3
0
6
10
7
-1
-6
-4
-4
-2
2
3
2
2
4
4
-2
-2
-5
-10
-12
-16
-10
-7
-7
-3
2
2
3
8
11
3
-3
-4
-8
-6
-4
-1
2
1
4
11
6
1
7
6
12
11
11
6
5
6
-3
0
-5
-9
-2
2
2
1
6
4
4
2
-3
0
-2
-6
-6
-7
-8
-5
-2
5
6
8
4
-8
-1
0
-6
-11
-10
-4
-2
0
-5
-4
-1
-1
-6
-8
-6
-4
5
6
4
-3
4
3
0
0
-5
-8
-7
4
0
-5
-5
-7
-3
0
0
-2
0
4
9
9
5
6
8
16
13
7
6
7
5
11
14
3
4
5
9
8
1
-5
-13
-4
0
-2
-4
-2
0
-4
0
-3
-5
-3
-4
-2
-8
-10
-7
-11
-3
4
-3
-3
-2
0
2
-3
-3
-5
-9
-9
-9
-8
-9
-4
6
6
2
4
8
12
9
3
8
1
-2
-2
-3
1
-2
-2
-3
-2
2
1
2
2
-3
-1
0
-3
-2
-8
-7
-1
5
1
2
2
2
9
11
9
3
0
5
5
4
2
2
-2
-7
-7
-8
-8
-3
4
6
7
5
3
10
16
18
8
1
3
-2
3
2
1
-1
-5
0
3
-1
-4
-3
-4
-5
-8
-8
-5
-6
-7
-11
-11
-11
-8
-4
-1
1
-2
2
0
-2
1
-8
-10
-8
-9
-8
-12
-4
-1
-2
4
-2
2
4
10
9
2
4
4
8
9
7
1
-2
-3
2
7
0
0
4
7
10
3
-3
-1
-3
-1
-1
-7
-7
-5
4
8
11
10
2
5
12
13
11
3
3
2
4
3
-5
-8
-1
8
1
-6
-8
-3
0
3
4
-2
-6
-5
5
3
1
-3
-3
-2
-5
-11
-13
-13
-7
-1
-1
0
-7
-4
1
2
-5
-4
-5
-6
-3
-5
-3
-5
0
2
3
3
-2
0
3
1
0
-1
-6
-5
1
-2
-3
-2
-2
-1
2
5
6
7
9
8
8
10
12
6
-4
-4
0
3
1
-4
-4
-1
11
10
6
11
3
11
16
7
5
4
5
1
-3
-11
-9
-15
-16
-6
-5
-3
-7
-5
-2
-6
-8
-6
-9
-16
-9
-7
-9
-5
-4
-5
0
-5
-4
-2
4
5
3
7
6
8
6
10
11
12
11
11
10
10
7
9
12
6
9
12
12
3
2
6
-3
0
-3
-9
-11
-18
-10
-8
-14
-12
-13
-11
-5
-4
-7
-6
-4
-1
-4
-6
-6
-8
-4
3
4
5
1
-2
5
7
-1
-5
-5
-1
4
8
10
5
6
7
3
4
1
-4
-6
-1
0
-7
-3
-4
-2
3
-2
-5
-4
1
2
-1
1
-5
-5
0
-1
1
-4
-2
1
3
5
13
18
15
17
15
8
6
4
3
3
-1
-7
-6
-2
-3
-7
-10
-4
-4
-6
-5
1
2
8
11
7
6
-2
-1
-4
-3
0
3
2
-4
-5
1
-1
-3
-3
-2
-1
-10
-11
-9
-7
-3
-1
3
0
2
1
-3
0
1
2
4
2
2
-1
-5
-9
-10
-12
-14
-13
-11
-5
-5
-4
-3
1
5
4
6
8
10
4
6
4
5
6
8
13
9
12
13
13
8
4
-3
-5
-2
-11
-12
-4
-7
-10
-6
0
7
4
-3
-5
-9
-6
-2
-2
-5
-1
3
-1
1
-2
-5
-7
-6
-2
1
5
9
10
12
19
14
10
9
10
12
4
-4
0
2
0
0
3
0
1
7
8
7
0
-4
-12
-14
-5
-11
-11
-12
-10
-6
-7
1
1
1
5
3
4
0
1
3
5
1
-5
2
2
3
8
4
0
-2
-1
-2
-5
-10
-13
-8
-9
-9
-3
-5
-9
-7
-4
-4
-6
-2
-6
1
9
1
6
6
-1
-1
-2
-2
-8
-9
0
4
5
5
5
7
10
4
5
8
5
5
1
4
0
-3
-1
-1
1
-1
1
-1
-9
-1
7
4
6
4
4
5
6
2
6
6
7
16
15
11
13
12
8
5
4
2
2
2
0
1
-2
-4
-2
-1
5
-1
-7
-6
-10
-12
-12
-12
-15
-14
-10
-6
-5
-9
-8
-9
-4
-3
-9
-13
-10
-8
-6
-7
-1
3
-1
2
-1
-4
-4
-7
-5
2
1
-1
3
3
-3
3
7
7
9
7
6
7
6
8
5
-3
2
6
5
0
0
4
3
6
4
0
-2
-4
0
3
-6
-12
-7
0
6
1
5
6
8
8
5
2
1
6
4
2
-2
2
2
-3
-4
0
-2
-2
2
2
-4
-4
2
1
5
9
8
6
5
7
5
4
3
4
3
-3
-7
-5
-6
-3
2
-2
-3
0
-3
0
3
-1
-5
-6
-10
-12
-9
-12
-5
3
-5
-7
-4
-7
-5
-6
-8
-1
-3
-3
-5
-10
-5
2
0
-10
-15
-13
-18
-10
-3
-4
-2
2
9
11
20
19
12
11
7
9
3
3
11
14
15
12
12
12
11
6
8
7
0
6
4
0
-7
-12
-9
-5
-3
-6
-8
-6
-1
4
3
-1
-6
-4
-2
-3
0
1
-4
-2
4
2
-5
-1
7
7
5
9
11
4
1
1
0
-2
-11
-7
2
-5
-8
-9
-9
-4
-2
1
0
-8
-6
-6
-2
1
-2
-5
-7
0
0
-8
-6
-2
-2
-3
0
4
9
12
5
2
4
-3
-7
-9
-8
-3
0
2
5
6
8
8
5
2
-2
-4
-1
-4
-9
-3
-2
-1
1
3
1
0
6
9
15
13
8
6
9
6
0
3
-1
-5
-4
-5
-8
-8
-3
-6
-2
4
6
5
2
9
6
-4
-7
-7
-3
1
0
-4
-1
-5
-5
0
-1
-6
-5
3
0
-3
0
-2
3
0
2
4
1
0
-2
3
6
8
11
9
9
9
3
-3
-4
-1
-8
-16
-13
-12
-11
-6
-3
0
5
-2
-4
-2
-7
-11
-8
1
5
3
-1
-3
1
4
3
-2
-3
4
2
8
15
1
1
7
4
8
4
0
1
2
-2
-2
-1
-6
-4
0
-2
-8
-8
-8
-3
2
0
3
2
1
6
7
4
7
6
5
6
8
7
12
19
18
16
11
8
6
9
6
1
-3
-9
-9
-10
-11
-6
-9
-13
-12
-9
-9
-15
-16
-17
-16
-14
-13
-9
-12
-9
-3
-4
-1
3
5
11
14
10
7
6
-1
2
6
-2
-3
-5
3
9
3
1
-2
-6
1
5
5
9
9
8
5
0
-4
-6
-4
-14
-13
-6
-5
-7
-6
3
3
-2
-1
1
0
-5
-2
2
-1
-1
2
12
10
9
10
4
10
14
12
16
10
10
19
18
15
10
3
2
5
4
1
0
3
3
0
1
3
1
-2
-2
-2
-3
-1
-6
-6
-7
-14
-13
-19
-17
-15
-21
-22
-20
-20
-17
-14
-10
-7
-8
-11
-12
-13
-8
-6
-6
-6
0
0
3
9
16
20
11
8
15
10
9
14
9
10
8
4
4
-1
-12
-13
-16
-19
-21
-23
-19
-15
-11
-5
1
-4
-2
7
10
8
10
13
13
15
20
18
16
16
14
16
19
16
18
19
14
9
8
9
8
14
19
16
13
12
12
9
9
6
5
9
11
8
11
8
3
11
3
-1
16
14
2
5
12
6
-11
-14
-3
-21
-38
-26
-30
-47
-46
-39
-49
-51
-47
-54
-56
-38
-38
-45
-37
-26
-20
-15
-15
-23
-9
2
-4
0
-2
1
-1
2
17
15
8
9
4
1
-4
-11
-13
-9
-2
-2
4
15
19
22
28
32
31
34
43
47
49
46
40
43
45
48
48
43
45
45
43
42
41
36
29
24
22
20
8
1
3
-1
-4
-5
-6
-11
-14
-10
-11
-9
-14
-15
-15
-14
-17
-23
-28
-26
-20
-20
-17
-18
-18
-16
-17
-14
-16
-17
-17
-16
-20
-21
-20
-26
-28
-29
-21
-20
-26
-24
-32
-35
-40
-48
-54
-57
-63
-70
-81
-84
-80
-76
-66
-64
-62
-52
-46
-28
-10
7
12
20
41
47
57
73
88
90
94
101
103
112
109
113
124
120
112
105
105
95
87
79
57
38
30
14
-4
-18
-26
-21
-36
-54
-53
-52
-47
-44
-35
-21
-23
-21
-12
-2
0
-1
1
3
0
0
-1
-2
-3
-6
-7
-14
-11
-9
-13
-9
-9
-18
-25
-28
-37
-44
-49
-61
-65
-61
-62
-66
-62
-56
-53
-38
-26
-22
-16
-9
3
10
11
11
14
20
27
28
26
30
41
44
44
42
32
22
3
-22
-50
-80
-126
-180
-207
-230
-242
-252
-265
-244
-211
-159
-94
-20
64
145
234
303
395
495
539
589
629
670
768
797
805
820
808
860
863
800
744
644
566
465
312
158
-15
-183
-369
-533
-671
-786
-861
-964
-1029
-1016
-997
-947
-907
-876
-797
-717
-633
-563
-509
-440
-373
-305
-237
-177
-113
-53
10
67
115
154
181
194
192
182
153
112
57
-9
-82
-162
-242
-312
-372
-412
-442
-453
-424
-383
-322
-237
-142
-34
86
201
315
432
540
643
736
817
913
1012
1073
1129
1165
1191
1221
1194
1130
1042
908
768
595
379
154
-91
-343
-602
-849
-1069
-1273
-1456
-1612
-1703
-1728
-1709
-1631
-1541
-1397
-1191
-973
-730
-480
-225
32
280
514
748
992
1198
1384
1560
1702
1844
1945
1978
1977
1914
1821
1690
1470
1213
911
563
199
-186
-578
-949
-1299
-1610
-1869
-2071
-2209
-2278
-2283
-2228
-2118
-1963
-1768
-1550
-1306
-1052
-798
-545
-304
-77
124
309
485
646
781
900
1001
1081
1134
1163
1167
1144
1085
990
877
736
572
400
225
54
-99
-236
-342
-413
-459
-462
-429
-373
-290
-187
-75
39
152
266
378
491
600
703
807
912
1017
1117
1210
1289
1347
1384
1385
1353
1277
1144
956
710
413
65
-318
-718
-1126
-1521
-1888
-2214
-2487
-2687
-2817
-2865
-2839
-2754
-2600
-2399
-2164
-1894
-1606
-1298
-987
-681
-363
-45
281
608
929
1256
1568
1862
2128
2357
2537
2664
2719
2698
2592
2400
2148
1826
1441
1012
559
90
-375
-816
-1216
-1554
-1841
-2060
-2187
-2241
-2227
-2136
-1991
-1800
-1562
-1293
-1006
-716
-412
-108
178
449
702
933
1139
1332
1488
1614
1711
1773
1795
1776
1720
1620
1479
1307
1092
857
609
347
96
-151
-378
-573
-742
-882
-978
-1034
-1059
-1042
-991
-910
-798
-662
-509
-341
-161
25
210
397
592
767
921
1063
1183
1267
1316
1325
1291
1212
1072
889
656
367
47
-321
-722
-1131
-1553
-1965
-2356
-2705
-3003
-3234
-3388
-3466
-3460
-3365
-3185
-2924
-2595
-2210
-1780
-1310
-815
-319
174
644
1086
1498
1864
2194
2475
2725
2926
3091
3229
3309
3340
3316
3235
3074
2840
2540
2171
1741
1253
738
227
-271
-757
-1176
-1527
-1796
-1987
-2094
-2101
-2031
-1889
-1685
-1438
-1168
-894
-628
-361
-113
111
318
499
656
791
920
1033
1133
1213
1261
1279
1267
1216
1123
984
796
579
324
47
-237
-520
-794
-1040
-1247
-1411
-1523
-1589
-1591
-1546
-1454
-1325
-1171
-997
-807
-609
-419
-234
-59
108
274
427
583
722
847
970
1061
1126
1163
1154
1096
988
832
634
385
103
-208
-547
-893
-1242
-1573
-1878
-2133
-2335
-2484
-2558
-2557
-2483
-2330
-2115
-1837
-1505
-1146
-753
-347
68
479
872
1251
1610
1938
2239
2512
2750
2957
3125
3241
3312
3337
3302
3213
3060
2844
2561
2213
1810
1364
879
367
-138
-637
-1115
-1549
-1924
-2232
-2477
-2634
-2697
-2685
-2600
-2444
-2239
-1992
-1728
-1455
-1181
-921
-675
-447
-243
-60
107
256
401
538
655
761
836
884
912
901
852
759
629
451
252
30
-202
-421
-636
-816
-955
-1049
-1094
-1076
-1008
-915
-780
-615
-435
-243
-60
120
291
440
580
717
837
949
1047
1143
1235
1311
1375
1411
1430
1424
1375
1283
1141
954
724
444
128
-213
-569
-921
-1265
-1574
-1839
-2049
-2203
-2295
-2312
-2267
-2161
-1995
-1782
-1536
-1260
-952
-643
-335
-37
249
533
805
1055
1298
1533
1752
1953
2131
2292
2421
2507
2551
2543
2470
2337
2142
1878
1558
1184
770
335
-111
-537
-940
-1305
-1617
-1864
-2052
-2165
-2208
-2192
-2114
-2000
-1839
-1653
-1476
-1287
-1092
-908
-714
-527
-344
-161
11
183
347
502
646
755
826
857
854
813
727
611
465
292
95
-93
-266
-427
-560
-657
-709
-725
-701
-646
-569
-471
-360
-243
-128
-11
108
224
340
463
592
725
863
1010
1156
1307
1461
1603
1730
1822
1870
1890
1859
1766
1614
1406
1137
820
467
82
-310
-701
-1083
-1432
-1745
-2007
-2211
-2365
-2451
-2472
-2441
-2345
-2209
-2033
-1817
-1573
-1313
-1044
-766
-491
-216
61
328
575
817
1050
1262
1458
1644
1793
1918
2005
2046
2042
1983
1871
1695
1473
1211
896
556
205
-139
-471
-789
-1064
-1294
-1476
-1603
-1692
-1725
-1715
-1682
-1621
-1525
-1414
-1300
-1179
-1041
-899
-751
-589
-416
-247
-70
112
296
480
648
793
911
995
1039
1047
1011
937
841
723
592
458
333
221
133
69
37
31
40
76
129
186
248
299
338
369
388
400
417
434
464
524
592
679
780
887
993
1088
1173
1228
1243
1215
1143
1021
857
651
413
147
-148
-453
-749
-1035
-1305
-1549
-1768
-1951
-2103
-2225
-2319
-2370
-2382
-2375
-2332
-2247
-2126
-1968
-1765
-1529
-1262
-970
-663
-333
2
334
664
975
1264
1513
1730
1909
2043
2153
2211
2232
2219
2165
2095
1983
1830
1643
1428
1179
879
572
261
-64
-392
-707
-988
-1239
-1467
-1645
-1777
-1855
-1875
-1861
-1792
-1687
-1561
-1404
-1234
-1047
-855
-655
-455
-267
-77
102
277
438
575
696
795
880
940
968
986
986
963
925
871
813
747
673
596
525
460
403
354
311
281
252
245
253
269
291
325
369
409
456
509
555
601
645
675
696
701
698
690
666
622
577
500
404
296
159
7
-170
-354
-553
-763
-985
-1203
-1396
-1591
-1773
-1934
-2069
-2156
-2212
-2253
-2252
-2214
-2118
-1976
-1821
-1632
-1424
-1185
-922
-661
-392
-122
139
380
612
843
1057
1254
1420
1545
1653
1749
1821
1856
1849
1846
1809
1722
1605
1438
1263
1085
893
699
481
243
2
-221
-411
-575
-715
-826
-929
-1027
-1094
-1115
-1090
-1032
-960
-886
-815
-736
-656
-549
-407
-257
-115
-2
92
183
284
400
513
610
682
711
733
758
768
778
772
748
701
613
534
470
413
356
285
215
140
71
25
-6
-18
-29
-52
-67
-77
-79
-75
-63
-41
-28
-18
-1
35
78
121
172
227
267
281
270
252
215
134
15
-129
-304
-512
-742
-977
-1188
-1412
-1645
-1816
-1951
-2050
-2129
-2192
-2162
-2074
-1977
-1838
-1686
-1503
-1291
-1066
-804
-536
-271
-6
265
549
834
1124
1401
1669
1898
2108
2357
2578
2723
2832
2906
2951
2904
2772
2619
2401
2108
1739
1361
955
499
56
-337
-675
-1023
-1362
-1623
-1813
-1963
-2058
-2085
-2064
-2037
-2008
-1928
-1786
-1614
-1437
-1245
-1030
-812
-603
-372
-108
167
418
631
852
1066
1238
1383
1503
1592
1628
1604
1552
1471
1346
1191
1017
832
640
459
292
152
30
-76
-149
-200
-231
-251
-255
-260
-284
-319
-360
-400
-435
-448
-440
-418
-365
-279
-170
-33
116
269
414
524
589
607
563
465
307
95
-169
-469
-784
-1103
-1400
-1683
-1932
-2134
-2287
-2389
-2433
-2426
-2372
-2262
-2124
-1960
-1761
-1535
-1295
-1032
-757
-473
-175
132
448
768
1099
1439
1764
2084
2384
2655
2884
3070
3203
3269
3277
3215
3080
2884
2624
2312
1953
1556
1139
708
268
-162
-563
-940
-1284
-1597
-1860
-2075
-2259
-2389
-2475
-2507
-2484
-2422
-2313
-2160
-1957
-1718
-1450
-1157
-852
-532
-212
101
408
696
953
1171
1359
1511
1640
1720
1767
1783
1752
1695
1617
1500
1350
1186
1007
808
591
375
157
-58
-253
-425
-566
-674
-764
-816
-830
-814
-759
-693
-601
-474
-345
-197
-38
121
275
418
568
701
792
835
836
800
718
573
383
146
-144
-479
-824
-1157
-1507
-1861
-2176
-2434
-2639
-2794
-2884
-2901
-2849
-2741
-2566
-2321
-2038
-1733
-1402
-1032
-648
-278
77
432
785
1124
1438
1746
2053
2335
2586
2836
3112
3328
3456
3533
3606
3602
3471
3279
3047
2717
2247
1739
1270
759
154
-422
-899
-1345
-1822
-2233
-2501
-2725
-2945
-3078
-3073
-3009
-2968
-2877
-2680
-2423
-2151
-1845
-1492
-1112
-735
-379
-1
398
780
1114
1408
1691
1920
2054
2138
2231
2291
2249
2147
2020
1837
1566
1276
1037
770
449
138
-127
-396
-663
-832
-909
-959
-980
-954
-913
-875
-793
-659
-508
-357
-200
-52
58
175
340
513
670
840
1011
1096
1086
1073
1068
997
851
669
411
34
-414
-851
-1252
-1663
-2052
-2394
-2727
-3037
-3262
-3360
-3351
-3248
-3048
-2806
-2572
-2296
-1943
-1563
-1162
-721
-278
85
411
773
1151
1518
1887
2289
2654
2928
3181
3441
3649
3769
3844
3850
3721
3465
3172
2848
2435
1958
1474
953
349
-246
-752
-1191
-1607
-1978
-2279
-2579
-2854
-3020
-3077
-3059
-2984
-2872
-2741
-2609
-2419
-2123
-1772
-1373
-930
-512
-153
193
574
971
1341
1687
1989
2170
2236
2273
2311
2328
2323
2298
2189
1959
1663
1362
1073
803
563
308
-7
-353
-649
-875
-1007
-1028
-981
-928
-909
-880
-819
-709
-538
-340
-164
-54
0
49
137
288
480
680
814
869
870
850
845
838
783
622
319
-100
-574
-1033
-1426
-1773
-2126
-2512
-2906
-3249
-3482
-3562
-3491
-3328
-3142
-2954
-2754
-2496
-2137
-1678
-1167
-678
-249
138
507
901
1360
1846
2305
2676
2950
3162
3350
3541
3739
3882
3908
3800
3580
3316
3045
2793
2535
2211
1795
1299
785
298
-123
-501
-869
-1271
-1710
-2154
-2542
-2832
-3011
-3101
-3141
-3144
-3122
-3032
-2847
-2549
-2142
-1685
-1206
-754
-342
62
471
885
1290
1644
1904
2070
2155
2191
2206
2192
2146
2046
1870
1650
1394
1126
871
613
354
86
-182
-427
-645
-822
-953
-1051
-1114
-1142
-1132
-1082
-1008
-909
-788
-664
-523
-368
-202
-15
182
367
517
638
756
873
981
1058
1081
1037
904
700
467
216
-54
-372
-734
-1130
-1541
-1935
-2271
-2522
-2702
-2834
-2924
-2962
-2936
-2837
-2648
-2361
-2005
-1625
-1250
-886
-519
-110
333
789
1244
1663
2023
2328
2612
2904
3191
3445
3642
3774
3829
3790
3672
3522
3354
3114
2795
2402
1934
1398
814
269
-213
-700
-1199
-1677
-2110
-2528
-2930
-3227
-3394
-3509
-3596
-3623
-3583
-3498
-3386
-3167
-2821
-2414
-1976
-1532
-1073
-598
-135
324
796
1250
1629
1903
2105
2273
2383
2430
2445
2421
2339
2174
1965
1760
1535
1284
1044
824
599
361
136
-33
-185
-327
-412
-453
-475
-503
-530
-520
-489
-438
-358
-256
-132
-19
76
197
345
515
687
839
978
1059
1058
1025
979
893
735
501
228
-111
-538
-956
-1337
-1693
-2038
-2383
-2671
-2913
-3127
-3238
-3239
-3152
-2990
-2814
-2578
-2296
-1985
-1610
-1204
-768
-321
79
453
828
1196
1564
1914
2241
2548
2777
2951
3075
3157
3207
3193
3114
2976
2763
2481
2159
1810
1439
1056
650
227
-210
-659
-1095
-1497
-1843
-2133
-2393
-2623
-2810
-2954
-3042
-3051
-2969
-2792
-2559
-2292
-1992
-1659
-1279
-854
-387
112
601
1041
1431
1763
2042
2293
2518
2697
2803
2810
2722
2560
2359
2155
1958
1754
1523
1250
959
663
402
201
39
-93
-225
-354
-471
-570
-641
-667
-651
-608
-551
-494
-423
-351
-276
-190
-100
10
121
201
255
291
284
253
211
161
99
-15
-182
-410
-684
-984
-1290
-1584
-1876
-2174
-2475
-2758
-2992
-3170
-3276
-3290
-3225
-3098
-2921
-2692
-2396
-2039
-1645
-1214
-753
-304
135
566
994
1420
1834
2223
2578
2888
3154
3357
3501
3609
3658
3658
3597
3472
3289
3031
2726
2394
2037
1649
1238
818
386
-61
-503
-908
-1274
-1619
-1948
-2249
-2519
-2761
-2948
-3046
-3053
-2982
-2834
-2613
-2335
-2010
-1646
-1246
-792
-316
144
567
940
1259
1517
1731
1920
2081
2188
2238
2229
2161
2046
1911
1783
1652
1529
1379
1182
958
713
473
259
75
-91
-250
-420
-592
-739
-838
-867
-853
-801
-738
-689
-645
-596
-502
-381
-237
-83
41
133
194
236
276
305
312
290
188
3
-238
-513
-784
-1050
-1315
-1587
-1896
-2220
-2523
-2780
-2952
-3041
-3053
-3012
-2925
-2781
-2596
-2353
-2033
-1656
-1236
-788
-347
91
521
948
1374
1798
2205
2577
2889
3155
3382
3531
3630
3673
3664
3601
3468
3300
3109
2872
2577
2238
1878
1499
1077
647
237
-176
-610
-1057
-1456
-1810
-2149
-2425
-2612
-2750
-2862
-2933
-2907
-2784
-2615
-2383
-2067
-1710
-1361
-1028
-659
-245
152
521
861
1167
1418
1582
1718
1855
1941
1956
1906
1823
1708
1523
1331
1158
978
756
506
290
97
-90
-260
-375
-447
-542
-645
-695
-687
-670
-652
-600
-524
-487
-487
-453
-375
-285
-209
-122
-12
79
134
215
316
410
451
445
426
339
182
-18
-235
-459
-741
-1061
-1356
-1656
-1953
-2202
-2390
-2501
-2576
-2614
-2586
-2484
-2321
-2094
-1815
-1486
-1135
-788
-426
-50
346
748
1125
1486
1832
2147
2434
2683
2905
3092
3223
3300
3325
3307
3239
3123
2949
2740
2485
2180
1843
1474
1088
675
252
-173
-598
-1012
-1406
-1770
-2099
-2388
-2624
-2806
-2935
-2999
-2989
-2915
-2788
-2608
-2379
-2097
-1791
-1462
-1100
-739
-372
-10
335
664
970
1247
1478
1673
1828
1933
1989
1997
1965
1893
1792
1666
1514
1347
1161
962
770
574
384
210
41
-110
-241
-355
-452
-528
-574
-599
-613
-608
-578
-533
-480
-403
-308
-200
-95
4
117
214
292
368
429
455
437
387
301
159
-22
-226
-459
-718
-995
-1288
-1568
-1838
-2089
-2290
-2439
-2547
-2621
-2636
-2600
-2508
-2350
-2148
-1888
-1584
-1249
-893
-502
-75
355
778
1197
1595
1968
2300
2588
2846
3062
3220
3318
3359
3351
3277
3147
2979
2773
2537
2256
1938
1595
1220
822
424
29
-367
-760
-1140
-1498
-1828
-2123
-2373
-2564
-2700
-2790
-2813
-2767
-2665
-2501
-2278
-2002
-1686
-1348
-987
-614
-257
89
420
721
987
1211
1402
1550
1657
1727
1763
1770
1743
1680
1589
1471
1325
1158
972
772
571
381
197
16
-143
-274
-380
-455
-499
-508
-486
-449
-395
-325
-257
-194
-130
-85
-57
-41
-51
-68
-82
-95
-107
-119
-125
-118
-107
-104
-102
-109
-142
-216
-332
-488
-693
-927
-1174
-1426
-1678
-1919
-2126
-2298
-2411
-2450
-2421
-2325
-2160
-1939
-1676
-1363
-1018
-648
-263
131
517
881
1227
1544
1833
2092
2321
2522
2686
2816
2901
2942
2945
2916
2854
2762
2630
2462
2265
2030
1762
1468
1158
830
481
119
-242
-617
-998
-1349
-1679
-1970
-2224
-2434
-2585
-2691
-2742
-2721
-2640
-2494
-2292
-2058
-1774
-1478
-1163
-833
-511
-192
105
371
613
826
1000
1155
1288
1398
1484
1532
1545
1528
1487
1417
1331
1230
1111
961
791
612
438
283
146
24
-82
-165
-240
-296
-323
-336
-341
-349
-361
-383
-410
-432
-445
-433
-413
-374
-315
-243
-164
-72
47
168
264
330
347
312
234
106
-56
-250
-482
-746
-1020
-1276
-1502
-1695
-1840
-1930
-1970
-1960
-1902
-1812
-1668
-1489
-1285
-1049
-797
-530
-259
13
292
566
834
1100
1356
1589
1797
1973
2123
2246
2335
2389
2408
2392
2334
2247
2130
1991
1835
1652
1452
1227
970
697
416
108
-208
-528
-850
-1167
-1477
-1747
-1981
-2166
-2300
-2380
-2390
-2345
-2247
-2089
-1888
-1668
-1423
-1162
-885
-623
-375
-124
112
328
527
714
878
1028
1149
1241
1316
1362
1380
1365
1320
1253
1161
1044
921
794
666
547
441
347
267
204
153
114
85
56
30
-2
-39
-82
-129
-172
-230
-289
-334
-371
-394
-398
-384
-356
-311
-253
-198
-139
-85
-49
-36
-59
-105
-174
-271
-387
-528
-662
-805
-950
-1078
-1192
-1278
-1356
-1414
-1441
-1452
-1426
-1376
-1309
-1205
-1073
-901
-693
-476
-239
16
270
518
758
973
1168
1345
1481
1594
1683
1746
1793
1803
1785
1771
1742
1692
1615
1510
1412
1290
1140
978
786
581
350
120
-106
-352
-584
-811
-1012
-1184
-1341
-1440
-1520
-1576
-1590
-1579
-1511
-1413
-1323
-1207
-1068
-916
-758
-602
-453
-295
-144
-9
129
265
391
511
615
703
783
841
893
921
921
917
893
860
814
750
689
628
562
501
443
383
315
249
187
124
63
6
-57
-123
-180
-233
-278
-318
-330
-319
-304
-275
-221
-152
-80
-14
47
93
124
115
73
18
-64
-183
-329
-481
-653
-836
-1004
-1154
-1277
-1398
-1502
-1548
-1561
-1555
-1526
-1485
-1399
-1285
-1148
-981
-800
-584
-349
-101
158
409
660
887
1092
1270
1410
1546
1638
1698
1736
1737
1752
1744
1718
1707
1673
1665
1652
1610
1563
1479
1362
1208
983
708
397
74
-269
-628
-975
-1286
-1553
-1761
-1898
-1999
-2043
-2039
-1970
-1825
-1670
-1499
-1320
-1141
-962
-795
-635
-476
-321
-156
12
183
371
576
779
950
1103
1231
1328
1405
1441
1458
1433
1352
1257
1129
1000
872
744
609
451
307
197
116
58
1
-80
-172
-278
-381
-479
-562
-632
-694
-740
-765
-753
-706
-659
-600
-512
-404
-272
-153
-49
35
66
79
81
51
-15
-113
-247
-396
-562
-720
-840
-942
-1014
-1075
-1137
-1173
-1198
-1168
-1085
-981
-853
-733
-613
-479
-337
-179
-4
182
357
507
637
766
891
1000
1103
1223
1324
1404
1444
1439
1438
1425
1409
1401
1381
1346
1283
1175
1057
929
786
658
504
320
112
-115
-329
-527
-727
-923
-1079
-1210
-1315
-1384
-1437
-1460
-1450
-1424
-1357
-1262
-1157
-1050
-952
-834
-694
-536
-358
-190
-30
130
295
447
578
691
784
862
922
959
974
952
907
865
819
776
730
654
571
480
399
345
285
209
127
46
-30
-90
-154
-218
-291
-350
-383
-410
-420
-433
-428
-404
-367
-309
-247
-196
-147
-99
-47
9
54
73
65
42
4
-34
-86
-166
-283
-407
-506
-610
-690
-775
-883
-956
-1016
-1029
-983
-941
-899
-868
-806
-665
-495
-335
-214
-114
11
182
383
569
714
804
883
1011
1181
1343
1438
1440
1437
1471
1545
1618
1594
1486
1351
1257
1211
1134
979
749
493
277
108
-73
-309
-591
-880
-1120
-1280
-1409
-1556
-1715
-1869
-1920
-1859
-1755
-1656
-1570
-1461
-1301
-1064
-797
-562
-396
-262
-95
115
328
497
591
656
749
884
1047
1179
1242
1273
1320
1398
1478
1504
1437
1317
1187
1078
972
823
608
360
131
-35
-140
-262
-411
-575
-688
-695
-643
-597
-602
-641
-638
-544
-399
-291
-270
-298
-290
-208
-76
7
-11
-104
-173
-165
-121
-118
-226
-411
-588
-684
-726
-781
-908
-1104
-1262
-1318
-1282
-1228
-1223
-1248
-1250
-1150
-960
-753
-590
-482
-353
-161
90
355
555
694
817
992
1207
1391
1520
1560
1594
1676
1770
1842
1820
1749
1700
1667
1647
1557
1386
1198
1005
828
633
398
128
-180
-465
-716
-929
-1129
-1370
-1576
-1720
-1790
-1767
-1740
-1725
-1688
-1602
-1414
-1210
-1047
-906
-779
-614
-402
-194
-18
110
214
356
544
747
918
1010
1045
1103
1218
1327
1378
1322
1201
1101
1018
959
860
677
469
292
184
122
46
-72
-211
-308
-336
-331
-340
-409
-508
-568
-559
-504
-468
-476
-498
-475
-390
-270
-157
-90
-56
-14
45
126
159
119
24
-86
-152
-211
-296
-412
-569
-716
-798
-825
-834
-886
-972
-1007
-983
-903
-824
-797
-766
-706
-607
-459
-304
-157
-30
93
257
469
705
899
1036
1160
1317
1520
1680
1779
1831
1834
1875
1911
1888
1829
1674
1505
1348
1165
968
722
440
158
-115
-368
-606
-860
-1136
-1397
-1593
-1749
-1872
-2004
-2124
-2155
-2140
-2083
-2008
-1937
-1781
-1579
-1360
-1117
-885
-615
-306
9
319
598
853
1094
1336
1564
1740
1851
1908
1944
1971
1971
1910
1797
1638
1466
1318
1155
956
726
482
265
80
-77
-244
-441
-627
-768
-845
-893
-941
-1015
-1073
-1066
-1000
-881
-781
-724
-662
-566
-407
-223
-83
-10
20
55
126
195
206
128
-6
-137
-241
-335
-451
-606
-795
-960
-1065
-1125
-1171
-1241
-1304
-1317
-1273
-1181
-1075
-976
-876
-742
-557
-340
-115
81
261
457
680
928
1158
1339
1477
1610
1749
1906
2042
2108
2117
2075
2053
2051
2015
1895
1685
1448
1210
970
707
382
13
-369
-719
-1023
-1288
-1536
-1782
-1984
-2111
-2169
-2158
-2114
-2056
-1958
-1832
-1661
-1466
-1289
-1101
-912
-706
-489
-280
-58
174
421
669
907
1134
1344
1545
1704
1823
1908
1921
1880
1794
1661
1506
1318
1096
859
616
396
212
42
-115
-247
-343
-412
-451
-483
-522
-561
-607
-637
-657
-672
-678
-698
-695
-643
-554
-450
-354
-261
-168
-54
67
164
220
231
212
183
137
66
-44
-191
-355
-511
-646
-769
-888
-1001
-1105
-1178
-1201
-1204
-1197
-1167
-1139
-1082
-991
-887
-758
-622
-469
-280
-75
145
368
606
849
1086
1315
1510
1693
1857
1974
2070
2123
2153
2156
2102
2024
1914
1794
1633
1409
1160
886
583
256
-86
-431
-782
-1117
-1424
-1706
-1933
-2125
-2256
-2333
-2385
-2372
-2308
-2210
-2081
-1933
-1748
-1536
-1308
-1054
-790
-516
-218
88
392
690
995
1294
1559
1789
1990
2175
2296
2352
2369
2337
2241
2091
1914
1706
1461
1189
923
657
396
146
-69
-256
-437
-596
-715
-800
-875
-944
-983
-1001
-1005
-983
-948
-897
-829
-743
-639
-520
-398
-281
-169
-70
22
96
137
138
97
25
-77
-206
-356
-530
-730
-912
-1085
-1242
-1367
-1472
-1546
-1595
-1603
-1562
-1491
-1391
-1261
-1098
-908
-692
-457
-213
46
298
549
812
1062
1296
1510
1705
1870
2012
2135
2221
2272
2281
2273
2241
2159
2037
1890
1701
1476
1229
962
668
343
3
-330
-659
-994
-1316
-1604
-1859
-2075
-2247
-2363
-2424
-2440
-2408
-2316
-2173
-2000
-1792
-1548
-1292
-1017
-718
-412
-105
202
509
808
1095
1367
1609
1824
2000
2140
2237
2266
2259
2206
2100
1956
1768
1553
1316
1067
814
564
320
88
-128
-323
-491
-642
-763
-855
-928
-978
-997
-1002
-991
-961
-923
-870
-807
-740
-664
-586
-500
-415
-327
-234
-152
-71
-13
18
35
28
-14
-86
-194
-336
-491
-644
-795
-954
-1106
-1227
-1320
-1383
-1397
-1369
-1318
-1245
-1132
-978
-798
-604
-399
-186
26
237
457
666
865
1054
1214
1369
1518
1637
1737
1807
1853
1887
1903
1893
1854
1777
1682
1577
1439
1276
1073
857
627
371
106
-169
-442
-720
-991
-1242
-1465
-1644
-1805
-1928
-2005
-2048
-2037
-1986
-1904
-1782
-1635
-1458
-1256
-1039
-813
-578
-330
-83
166
405
639
868
1074
1257
1425
1575
1684
1738
1770
1779
1740
1670
1566
1421
1258
1084
899
700
488
287
93
-87
-247
-387
-515
-615
-688
-737
-749
-758
-742
-702
-656
-593
-525
-454
-376
-303
-234
-169
-108
-61
-30
-2
9
1
-27
-72
-130
-213
-314
-422
-542
-675
-799
-929
-1054
-1160
-1245
-1296
-1323
-1328
-1285
-1203
-1097
-956
-808
-638
-437
-239
-36
170
372
562
743
913
1075
1223
1349
1464
1575
1666
1745
1801
1821
1818
1788
1747
1680
1559
1407
1226
1027
799
539
265
-25
-322
-614
-885
-1133
-1379
-1592
-1765
-1903
-1988
-2024
-2021
-1979
-1882
-1761
-1607
-1420
-1225
-1013
-787
-553
-310
-67
167
377
591
805
1011
1198
1349
1488
1605
1696
1752
1772
1760
1712
1637
1534
1403
1255
1088
908
733
568
398
234
92
-35
-157
-257
-344
-424
-493
-561
-613
-653
-696
-712
-722
-734
-721
-699
-661
-623
-573
-513
-464
-413
-365
-317
-295
-286
-292
-310
-357
-413
-469
-561
-661
-762
-859
-956
-1047
-1128
-1183
-1216
-1231
-1202
-1141
-1051
-936
-792
-618
-427
-238
-41
169
377
582
774
955
1136
1281
1410
1535
1629
1717
1767
1762
1760
1740
1685
1618
1511
1382
1262
1122
964
784
593
395
181
-39
-270
-488
-710
-932
-1131
-1313
-1448
-1557
-1641
-1674
-1684
-1645
-1569
-1483
-1365
-1228
-1074
-898
-724
-547
-357
-168
22
205
376
552
717
860
992
1113
1212
1296
1344
1348
1341
1312
1257
1179
1068
946
817
672
525
370
223
90
-39
-158
-262
-340
-405
-451
-485
-512
-513
-519
-523
-508
-492
-480
-477
-456
-422
-381
-343
-302
-259
-219
-183
-149
-135
-134
-145
-177
-222
-289
-360
-436
-517
-594
-667
-729
-772
-795
-790
-769
-741
-686
-607
-517
-412
-295
-177
-50
74
197
322
448
568
677
785
891
998
1093
1167
1236
1284
1329
1359
1360
1337
1282
1219
1143
1035
895
731
554
366
166
-35
-252
-462
-675
-890
-1072
-1240
-1378
-1496
-1600
-1659
-1677
-1657
-1604
-1533
-1422
-1273
-1117
-940
-755
-572
-371
-178
14
212
388
558
724
874
1023
1155
1262
1363
1434
1486
1520
1509
1481
1429
1358
1259
1125
986
853
712
556
410
271
139
13
-96
-194
-276
-355
-431
-492
-536
-572
-598
-624
-642
-638
-622
-604
-590
-561
-522
-485
-452
-422
-392
-370
-359
-363
-381
-404
-437
-488
-543
-592
-636
-677
-716
-732
-735
-727
-707
-676
-621
-553
-486
-403
-315
-228
-134
-39
54
155
257
355
463
561
657
753
839
904
963
1013
1042
1060
1050
1029
1005
966
917
844
749
661
558
452
335
200
71
-61
-196
-321
-443
-561
-671
-774
-855
-916
-946
-968
-972
-956
-928
-854
-781
-694
-595
-491
-377
-266
-147
-37
76
190
287
393
498
595
680
740
808
863
887
899
878
840
801
741
669
581
479
388
298
209
130
50
-16
-69
-121
-161
-190
-220
-246
-259
-278
-298
-305
-318
-326
-336
-336
-330
-323
-310
-293
-268
-242
-212
-192
-166
-144
-130
-132
-146
-161
-197
-233
-279
-325
-364
-404
-437
-456
-459
-453
-438
-410
-374
-320
-262
-204
-143
-80
-17
52
117
178
234
291
345
394
444
486
523
560
585
602
616
623
623
609
595
577
548
513
466
416
355
278
205
124
33
-56
-151
-241
-328
-402
-478
-547
-595
-633
-658
-679
-682
-662
-632
-592
-551
-504
-438
-364
-298
-220
-135
-55
24
106
192
267
342
409
464
519
559
592
617
628
629
616
594
561
527
475
415
361
302
243
187
130
73
20
-25
-72
-111
-142
-175
-199
-232
-247
-257
-273
-286
-289
-283
-280
-269
-261
-251
-235
-222
-214
-202
-196
-192
-182
-186
-195
-210
-221
-232
-248
-266
-276
-278
-286
-290
-283
-267
-246
-219
-182
-153
-112
-70
-31
16
62
101
142
180
211
250
278
297
317
331
342
347
351
349
346
338
322
307
291
276
250
212
188
163
131
93
50
8
-36
-82
-133
-185
-231
-283
-336
-372
-405
-431
-447
-451
-448
-438
-409
-389
-352
-310
-270
-210
-145
-85
-31
33
96
158
222
282
339
393
442
481
518
548
571
581
576
561
536
512
474
417
362
308
256
198
139
87
39
-10
-52
-85
-115
-143
-172
-197
-228
-244
-258
-285
-308
-321
-328
-326
-328
-324
-317
-305
-288
-275
-258
-247
-235
-220
-208
-197
-190
-184
-168
-159
-148
-134
-131
-129
-116
-98
-88
-73
-60
-50
-35
-25
-8
4
18
39
47
67
87
102
128
138
157
174
197
215
219
230
231
233
235
230
227
230
228
219
218
214
206
196
180
166
144
121
91
55
9
-33
-75
-118
-154
-198
-228
-256
-283
-298
-304
-307
-307
-301
-287
-263
-241
-215
-184
-149
-111
-74
-31
10
55
96
139
180
222
256
288
316
343
360
371
378
377
371
358
344
325
298
260
220
177
125
77
30
-16
-60
-103
-149
-182
-203
-222
-239
-253
-259
-262
-261
-254
-248
-243
-235
-226
-219
-216
-208
-201
-196
-186
-181
-176
-162
-153
-139
-110
-100
-94
-80
-61
-51
-51
-40
-24
-10
-5
2
11
22
35
42
57
63
74
86
87
96
107
105
104
108
111
111
102
105
118
125
129
136
143
146
144
140
136
132
128
122
108
113
107
86
77
54
29
2
-27
-61
-95
-127
-153
-185
-218
-232
-240
-246
-252
-244
-229
-212
-189
-159
-133
-102
-67
-39
-7
20
52
82
106
133
165
194
211
227
243
263
277
276
276
273
267
249
230
208
172
146
113
78
52
20
-15
-47
-73
-90
-109
-129
-150
-163
-177
-186
-190
-197
-191
-188
-187
-179
-172
-166
-156
-144
-124
-112
-102
-87
-71
-59
-55
-41
-34
-29
-23
-11
0
-5
3
12
12
13
12
14
19
13
14
14
12
12
8
14
22
29
32
27
30
39
42
50
57
53
60
62
60
66
70
74
70
74
69
59
59
47
43
46
44
39
32
32
25
13
4
-7
-23
-34
-42
-64
-81
-95
-116
-131
-142
-151
-152
-149
-141
-134
-121
-92
-71
-50
-21
3
23
46
72
91
109
126
142
154
167
183
189
194
199
199
199
192
186
177
161
144
122
97
70
47
17
-10
-37
-66
-90
-113
-120
-124
-134
-139
-139
-134
-131
-131
-131
-134
-136
-139
-140
-139
-138
-130
-125
-115
-104
-93
-77
-66
-52
-39
-27
-22
-21
-16
-15
-24
-30
-28
-31
-36
-42
-44
-38
-29
-22
-18
-8
1
7
0
-2
2
-1
-7
-9
-4
-3
5
21
36
50
76
95
106
122
130
140
144
135
123
118
108
93
75
59
49
32
16
6
-6
-14
-18
-25
-33
-44
-41
-46
-55
-63
-71
-70
-70
-67
-62
-42
-22
2
21
38
65
84
108
126
142
155
168
180
178
174
173
160
150
140
125
107
88
67
47
34
20
1
-16
-36
-55
-75
-96
-110
-127
-139
-147
-153
-154
-158
-155
-152
-147
-135
-123
-112
-104
-95
-85
-70
-58
-54
-45
-39
-33
-19
-16
-13
-4
-5
-3
1
-3
-11
-15
-15
-22
-25
-23
-22
-13
-11
-6
1
4
6
7
7
2
3
-3
-9
-6
-1
-1
0
5
16
22
27
43
45
53
59
65
71
64
71
66
53
44
26
15
9
-4
-16
-23
-29
-35
-32
-22
-17
-9
0
4
11
12
9
5
3
1
-4
-16
-16
-12
-12
-9
-1
16
30
46
64
84
103
114
117
124
117
111
106
87
71
52
30
12
-4
-14
-21
-26
-29
-24
-25
-29
-26
-26
-31
-37
-45
-51
-61
-70
-74
-87
-93
-96
-93
-88
-89
-84
-72
-55
-50
-35
-29
-26
-24
-27
-24
-23
-21
-28
-27
-27
-32
-32
-29
-30
-31
-26
-23
-18
-10
-5
-3
5
12
18
20
26
32
35
36
37
36
27
27
30
30
37
34
28
23
20
25
24
16
19
24
20
16
17
10
2
-5
-18
-28
-25
-32
-33
-35
-41
-35
-31
-20
-12
-4
-3
2
15
29
29
25
38
40
39
41
42
49
46
44
53
56
61
65
64
72
73
62
62
57
46
43
38
27
9
4
1
-8
-17
-16
-18
-23
-18
-18
-16
-20
-36
-42
-45
-54
-57
-58
-71
-78
-78
-79
-73
-57
-47
-43
-40
-41
-23
-22
-22
3
-1
-10
-16
-14
-8
-12
-3
7
9
8
3
12
21
19
20
21
31
29
18
23
38
37
27
30
31
22
26
31
27
15
7
-3
-5
-2
-11
-17
-26
-26
-27
-26
-20
-31
-37
-44
-50
-43
-37
-35
-34
-40
-44
-39
-37
-35
-25
-26
-33
-26
-23
-8
2
-3
5
10
12
11
19
33
35
30
27
30
35
45
52
54
59
64
58
53
58
62
55
51
57
59
58
46
39
38
33
29
18
15
18
12
-5
-6
-1
-17
-28
-36
-40
-39
-42
-50
-56
-47
-40
-44
-47
-41
-30
-30
-41
-47
-39
-27
-24
-34
-41
-29
-14
-14
-22
-8
13
14
3
5
17
15
5
-2
5
12
14
11
8
15
20
14
10
11
13
9
2
4
3
2
-1
-4
-6
-11
-15
-20
-19
-16
-21
-22
-26
-23
-30
-40
-32
-29
-26
-32
-44
-46
-38
-33
-33
-32
-30
-25
-27
-34
-33
-23
-18
-17
-9
1
8
14
19
18
16
13
19
32
31
38
60
75
69
66
74
81
73
61
74
82
81
75
80
86
77
78
64
54
48
46
42
27
28
36
31
14
0
6
-3
-24
-36
-27
-25
-36
-54
-58
-47
-62
-71
-64
-51
-45
-59
-51
-35
-34
-42
-45
-41
-35
-40
-46
-44
-36
-25
-28
-32
-21
-13
-21
-24
-16
-7
-10
-16
-14
-9
-9
-13
-14
-7
-4
-5
-1
9
21
21
24
27
22
26
22
14
15
14
15
12
5
4
3
4
0
-7
-3
1
1
3
5
10
9
8
0
-12
-10
-13
-22
-17
-17
-14
-23
-27
-15
-7
-8
-12
-9
-4
-1
0
4
11
9
7
10
26
31
29
36
37
45
40
39
51
55
59
52
48
48
41
39
31
28
23
12
10
13
12
12
5
-3
-9
-19
-27
-34
-38
-41
-49
-55
-52
-49
-54
-51
-46
-44
-48
-48
-45
-41
-38
-36
-33
-34
-31
-25
-23
-24
-20
-17
-14
-5
0
7
7
7
12
15
14
10
8
12
10
7
17
23
21
12
14
27
29
32
37
38
32
28
32
27
17
9
6
5
-1
0
-7
-8
-15
-19
-17
-20
-25
-30
-27
-35
-38
-36
-43
-43
-37
-47
-44
-38
-34
-26
-32
-27
-22
-18
-10
-7
-5
-2
0
5
8
9
17
22
24
30
30
34
45
44
45
46
44
46
45
31
30
32
28
26
26
27
26
27
28
26
20
17
15
6
4
1
-9
-11
-13
-21
-19
-21
-29
-28
-24
-27
-35
-36
-32
-30
-23
-19
-21
-9
-11
-15
-12
-5
-16
-21
-8
-13
-9
-15
-15
-7
-8
0
-4
-5
2
1
1
2
4
12
9
11
11
2
5
13
15
6
9
14
14
16
19
17
10
2
1
-3
-10
-8
-14
-14
-12
-9
-6
-9
-5
-9
-12
-20
-18
-18
-20
-19
-17
-12
-6
-5
-15
-16
-12
-10
-9
-13
-16
-7
-5
-4
-1
6
15
11
13
18
17
19
26
31
31
31
32
31
24
18
13
20
13
14
22
17
15
15
17
17
16
13
12
13
9
7
6
1
-2
-2
-4
-10
-7
-9
-14
-12
-14
-20
-19
-14
-19
-19
-17
-20
-18
-18
-19
-23
-24
-22
-19
-17
-12
-8
-5
-4
-1
3
2
1
4
11
10
8
4
-1
4
1
3
6
2
2
3
2
2
7
9
5
3
10
6
-2
0
-2
-7
-11
-16
-16
-13
-19
-22
-18
-20
-14
-9
-7
-5
-5
-3
-6
-10
-12
-11
-15
-17
-15
-17
-13
-11
-8
1
2
6
10
10
17
16
5
3
8
13
12
10
17
21
25
23
14
13
14
17
20
27
35
29
26
26
23
18
15
19
22
18
15
15
17
21
16
11
7
1
1
3
-1
-11
-10
-13
-23
-24
-24
-17
-20
-22
-23
-24
-19
-19
-18
-20
-24
-25
-23
-17
-18
-22
-17
-11
-16
-13
0
1
0
2
-3
-6
-12
-6
-2
-5
-8
-10
-8
-4
2
2
4
12
14
5
8
10
5
5
1
-5
-3
3
4
-4
-9
-3
-1
-1
-1
2
3
3
6
1
1
-3
-8
-4
-11
-16
-18
-20
-12
-13
-8
-1
-3
6
6
3
12
19
13
5
9
12
8
6
0
1
11
14
16
16
12
18
18
16
18
15
19
21
21
16
21
19
15
15
15
17
15
9
5
5
4
5
0
-2
-1
-1
-9
-8
-8
-11
-10
-13
-13
-20
-18
-19
-26
-26
-25
-27
-26
-24
-22
-20
-20
-18
-20
-20
-15
-15
-12
-11
-7
-1
-2
-1
-1
0
0
-1
3
7
0
-5
1
2
-4
-1
6
6
7
9
9
19
17
14
18
14
12
16
14
9
12
7
5
6
2
4
1
-1
-3
-8
-7
-3
-1
4
1
1
5
-1
-2
2
-2
-5
-15
-19
-12
-13
-13
-10
-8
-5
-11
-14
-11
-3
-1
0
1
-10
-5
-1
-5
0
0
10
11
10
19
17
23
18
12
16
6
6
11
8
12
11
12
11
7
9
9
13
6
1
6
-1
-4
-13
-15
-16
-15
-15
-20
-12
-9
-6
-8
-10
-8
-11
-14
-11
-3
-11
-11
-10
-14
-11
-8
-7
-4
4
13
15
19
21
19
24
16
12
14
5
4
4
5
1
-1
5
10
12
9
11
11
6
2
-4
1
4
-7
-8
-9
-15
-22
-25
-18
-15
-9
-4
-10
-12
-11
-7
-11
-16
-10
-15
-20
-17
-17
-19
-19
-17
-12
-9
-3
-7
-7
-1
-3
-3
1
-4
-4
-4
-2
-2
-3
5
8
11
18
17
20
22
16
24
28
20
17
13
18
17
9
6
9
18
15
12
21
20
20
26
24
17
9
10
6
2
1
-9
-9
-12
-16
-3
-7
-12
-7
-7
-3
-4
-6
-7
-11
-12
-14
-16
-18
-15
-13
-16
-14
-9
-6
-3
-3
1
2
-3
-4
1
3
-2
3
2
-3
3
-5
-8
-7
-6
-6
-9
-5
-6
-6
2
6
4
3
2
1
-4
-8
-6
-9
-11
-11
-10
-5
-1
5
5
4
3
4
4
1
8
3
-3
-2
-5
-2
-3
-4
4
5
-2
-1
6
10
3
0
-3
-2
-1
-1
9
-7
-7
2
-9
-5
-2
3
-1
0
5
4
7
10
14
10
8
11
10
10
16
15
11
14
10
6
3
5
11
8
9
13
10
10
5
-1
-7
-4
-8
-19
-14
-12
-15
-13
-8
-10
-10
-8
-9
-7
1
-1
-3
-6
-7
-6
-6
-5
-3
6
3
0
1
7
6
3
7
10
11
9
8
4
4
6
-1
-5
-6
-11
-9
-4
-3
-3
-5
-11
-15
-9
-3
-3
-6
-10
-6
-2
-2
-4
-7
-6
-5
-3
2
0
0
-6
-3
-2
-5
3
-1
-4
-4
-1
2
-5
0
3
1
-2
-5
0
0
1
3
-4
-8
-3
-4
-4
-1
-1
2
0
0
7
5
4
9
7
8
8
9
8
12
12
6
8
14
22
21
15
18
23
21
23
19
14
15
7
-1
-7
-11
-12
-16
-15
-20
-17
-8
-11
-14
-10
-7
-12
-7
-7
-8
-9
-8
-8
-8
-7
-10
-7
-3
-7
-8
-8
-3
1
2
8
8
5
8
8
4
1
0
-2
-3
-1
2
5
3
4
9
7
1
4
0
-5
-3
-9
-6
-2
-5
-6
-4
0
8
11
3
8
10
8
7
1
0
2
1
0
-4
-8
-11
-16
-15
-14
-18
-15
-9
-8
-5
0
0
-2
-8
-9
-11
-14
-9
-8
-6
-4
-4
0
0
8
14
15
15
7
8
11
8
5
11
10
11
11
15
18
22
23
17
13
9
9
2
3
4
0
0
-3
-2
-1
-3
-2
-3
-7
-13
-13
-8
-7
-9
-12
-4
-3
-7
-7
-6
-4
-8
-11
-6
-1
-6
-3
4
0
3
9
7
4
4
1
0
-5
-9
-10
-10
-5
-4
-1
2
5
5
8
4
0
2
6
9
4
9
7
1
6
8
11
3
4
8
5
6
4
0
-1
-6
-5
-1
-7
-5
-7
-11
-9
-13
-13
-9
-8
-7
-11
-11
-8
-17
-15
-17
-20
-16
-14
-8
-5
-1
0
1
2
-4
-3
8
8
6
7
4
8
16
16
12
14
11
10
10
8
15
11
12
16
9
7
10
9
4
-1
-1
-2
-2
2
-4
-5
-1
-8
-7
-12
-12
-10
-10
-11
-6
-2
-5
-4
-3
-1
-6
-6
2
6
4
0
7
4
8
7
3
8
7
6
10
14
11
9
6
8
3
5
11
4
3
-2
-1
0
-9
-5
0
-5
-4
-2
-1
0
0
-3
-7
-8
-11
-13
-9
-9
-10
-11
-7
-5
-6
-1
-3
3
8
0
-8
-8
-7
-14
-9
-4
-5
-6
-10
-8
-5
-8
-4
0
-6
-5
-3
-8
-3
-2
1
2
-1
1
-3
-2
5
4
6
7
5
8
9
6
7
7
4
5
5
7
7
5
6
3
6
2
11
15
12
13
9
7
6
0
0
0
-4
-4
-11
-7
-8
-2
2
5
7
8
4
0
6
6
5
3
-1
8
10
3
5
4
5
9
4
0
-1
1
3
-3
2
-3
-4
0
-7
-11
-12
-8
-13
-19
-14
-14
-11
-10
-17
-15
-10
-12
-9
-10
-10
-7
-9
0
-3
-12
-1
2
1
1
4
10
7
4
3
5
8
7
3
3
4
5
3
3
0
3
13
5
-2
3
2
7
3
-4
-1
-2
-5
-6
-8
-6
-3
-3
4
3
4
9
7
8
5
5
-1
0
1
1
6
6
4
5
7
5
5
1
4
4
3
3
-9
-13
-5
-5
-8
-6
-8
-7
-4
-4
-3
-4
-4
-2
-9
-9
-3
-6
-4
-2
5
6
0
4
2
6
7
8
9
1
5
6
4
3
3
6
2
3
-2
-2
-3
-2
2
0
2
4
1
-1
-3
0
2
-2
-1
3
0
0
5
0
1
-2
-4
-3
-6
-2
4
2
2
1
-1
1
0
-3
1
-4
-2
3
-1
3
4
-1
-5
-7
-7
-8
-10
-12
-8
-10
-13
-3
-6
-9
-4
-6
-3
-1
-4
5
4
3
8
3
4
5
8
4
-3
4
5
6
8
0
2
1
7
13
6
6
5
2
1
0
0
-2
-3
-6
-5
-8
-9
-7
-7
-12
-13
-11
-13
-8
-6
-3
-5
1
9
5
5
7
4
-4
-3
3
5
0
1
10
9
8
8
9
14
7
10
16
17
19
14
11
9
7
5
4
4
4
5
4
5
4
0
-5
-2
-3
0
-4
-7
-4
-8
0
0
-3
-4
-7
-7
-9
-7
-3
-5
-8
-4
-8
-7
-9
-9
-10
-15
-11
-9
-8
-5
-4
-5
-5
-8
-7
-5
-9
-15
-14
-13
-10
-13
-12
-6
-9
0
7
6
3
10
13
11
8
9
13
9
6
7
2
-1
6
6
3
4
1
5
8
5
9
10
6
2
2
-1
-1
-3
-7
-6
-3
-3
-9
-3
4
6
8
5
6
5
0
5
1
-10
-5
-5
-7
-3
2
5
12
12
12
16
16
20
19
12
10
11
6
3
3
-4
-1
5
-2
-1
1
3
-1
-5
-1
-1
-5
-11
-7
-7
-13
-13
-15
-17
-15
-14
-15
-12
-3
-2
3
2
-3
-3
-6
-6
-10
-12
-3
-5
-9
-1
2
2
7
8
7
5
7
4
-6
-12
-15
-17
-13
-12
-10
-10
-13
-5
-1
1
2
2
6
6
2
4
5
7
10
6
12
12
9
2
3
15
8
4
6
5
11
12
14
9
0
2
1
-3
-7
-9
-3
-6
-8
-5
-8
-4
-2
-2
1
-1
4
7
9
12
1
1
5
0
5
5
4
11
12
9
10
14
13
4
-1
-3
1
1
-5
-1
2
-5
-2
-1
-6
-8
-8
-11
-10
-9
-9
-11
-14
-12
-9
-6
-7
-6
-4
-8
-3
2
3
7
7
8
6
6
8
5
1
2
4
3
4
7
2
0
-3
-8
-10
-9
-6
-6
-7
-10
-9
-7
-11
-17
-18
-20
-18
-17
-21
-15
-11
-5
-3
-2
0
8
12
14
14
12
16
14
9
15
21
21
21
18
16
16
13
11
7
9
6
3
5
4
0
-3
-3
-5
-3
-5
-7
-1
2
8
6
0
-3
-5
0
1
0
-1
0
-4
-9
-7
-16
-15
-10
-12
-7
-1
1
3
8
9
10
6
-3
-1
0
-5
-9
-5
-2
1
3
2
2
0
0
1
-5
-5
-2
-9
-5
-4
-5
-10
-9
-5
-10
-5
0
1
2
4
5
4
7
7
4
6
3
4
6
7
4
3
1
2
6
1
4
4
4
3
0
1
-6
-8
-5
-7
-5
-13
-13
-8
-7
-12
-11
-3
-4
-4
1
1
3
5
6
8
5
5
5
10
10
14
18
13
8
13
10
5
6
1
2
6
0
1
-3
-5
-1
-5
-8
-8
-9
-13
-12
-12
-11
-8
-7
-3
-3
-6
-4
-3
-2
-4
-7
-8
-2
0
-1
1
4
5
4
9
9
10
9
7
7
5
6
5
6
0
0
10
5
7
9
8
10
7
4
3
4
-6
-7
-10
-11
-6
-10
-10
-11
-13
-15
-9
-3
-5
-2
-1
-3
-1
-1
-3
-4
0
-1
-3
2
3
-3
3
4
-1
4
0
0
-2
-6
-2
0
2
1
-2
-4
-5
-3
-2
3
4
3
6
9
5
4
7
6
5
4
4
0
-1
-4
-2
-3
-2
5
5
6
11
10
11
8
7
6
3
-4
-6
-7
-9
-6
-7
-3
0
-4
0
0
-1
-2
-3
1
1
-3
2
1
-3
-4
-5
1
-6
-8
-7
-6
-6
-3
4
-4
2
3
3
5
-2
0
-2
0
0
0
-2
-3
-4
-3
3
0
3
6
4
5
0
1
5
2
3
-1
-4
-8
-8
-11
-10
-1
2
2
6
4
10
11
8
9
6
7
6
2
0
-2
-5
-4
-8
-8
-6
-1
6
5
2
7
9
5
6
5
3
2
-4
-5
-4
-8
-6
-9
-8
-3
-7
-4
-2
4
5
4
5
6
3
-1
0
-1
-5
-4
-6
-12
-12
-6
-7
-6
0
1
6
8
3
5
-1
-1
0
0
5
6
4
4
5
3
5
2
3
3
3
3
-5
-4
-5
-6
-4
-3
-2
-2
0
-1
-2
-1
-9
-3
3
-2
1
-5
-5
-3
-7
-2
1
-2
2
4
0
2
-2
-3
1
-3
-5
-2
0
1
3
9
12
10
13
13
10
11
13
11
9
7
1
6
5
2
4
-3
-1
1
-5
-5
-4
-1
3
1
-1
-1
0
-3
-7
-4
-6
-5
-4
-6
-5
2
-3
-6
0
-7
-3
-3
-11
-11
-8
-10
-6
-8
-10
-2
-2
-6
-7
-4
-2
-5
0
-1
1
9
6
6
2
-3
-3
-1
-4
-3
2
-3
-1
-1
2
4
4
2
4
6
5
1
6
3
-4
5
4
4
5
8
10
8
16
12
14
9
5
11
10
9
8
5
2
3
4
4
3
7
5
5
6
3
-5
-9
-8
-7
-8
-10
-10
-14
-1
-9
-18
-3
0
4
7
10
4
1
2
-9
-9
-10
-14
-12
-8
-7
-2
1
-1
-3
1
-2
-4
-5
-11
-10
-7
-8
-9
-7
-6
-5
-1
1
-4
0
1
-4
-5
-8
-10
-8
2
-2
3
14
7
8
7
2
5
5
6
6
9
7
5
6
8
9
8
9
7
8
6
11
11
10
11
5
4
1
3
-1
-4
1
-4
-9
-7
-1
0
-1
2
0
-6
-4
3
1
-3
-2
2
1
-3
2
7
5
5
8
0
-2
-1
-6
-5
1
0
2
7
11
5
2
7
2
-2
-3
-8
-9
-12
-12
-9
-13
-14
-14
-15
-11
-14
-14
-17
-16
-9
-10
-6
-2
1
4
-4
0
4
1
1
-1
0
2
-1
-2
4
0
-6
-3
-1
7
11
8
13
14
13
14
13
11
9
7
5
4
9
13
12
11
10
13
9
1
6
5
2
0
-4
-6
-7
-6
-7
-6
3
4
4
12
9
7
8
1
-3
-1
-8
-17
-14
-12
-14
-6
-10
-19
-14
-16
-14
-10
-12
-8
-9
-12
-10
-13
-8
-9
-8
-4
-1
0
2
11
10
13
17
15
20
16
11
18
14
12
8
4
5
-3
-4
0
7
8
7
10
7
10
10
2
-4
0
-4
-10
-8
-7
-3
-8
-13
-4
-6
-10
-10
-8
-5
-10
-9
-9
-5
-5
-6
0
-2
-4
-3
1
0
-2
3
4
9
8
-1
0
-1
2
1
-2
1
0
-2
-4
-1
-1
-3
0
5
11
8
10
11
2
6
8
0
-1
-3
-6
5
4
-2
4
-1
3
8
5
3
4
-2
-6
-6
-9
-5
-8
-13
-8
-5
-4
-6
-1
5
8
9
9
5
5
5
1
1
1
1
-2
2
5
3
4
1
0
4
3
-1
1
4
1
2
1
-2
-2
-5
-1
-2
-10
-12
-12
-11
-5
-6
-7
-5
-6
-6
-5
-4
-5
-7
-4
1
0
-5
-2
1
2
-3
-1
7
7
7
6
9
15
11
5
8
6
9
5
-1
6
9
4
-2
5
2
-2
-1
1
5
3
3
5
3
3
3
2
3
6
4
6
4
-2
-1
-6
-8
-2
-5
-9
-10
-14
-10
-7
-7
-4
-6
-6
-9
-8
-6
-2
-4
-1
0
-2
0
-1
2
-6
-6
-4
-6
0
3
3
-1
1
4
5
-4
0
3
1
1
-4
-2
4
3
2
2
0
-2
3
1
4
10
9
9
7
5
5
4
-2
-5
0
4
3
7
10
7
6
8
9
8
8
10
9
8
8
8
1
-1
2
-4
-8
-10
-11
-12
-12
-6
-4
-1
-4
-5
-5
-8
-6
-7
-9
-9
-11
-14
-13
-6
-4
-8
-10
-9
-5
-2
1
1
-1
0
7
5
0
0
-2
-3
0
3
-2
-4
-3
-1
8
10
9
6
13
6
4
5
2
2
2
6
4
4
4
-2
-4
1
0
0
1
2
4
1
3
5
5
5
3
9
3
3
5
2
3
2
2
-5
-2
-7
-5
-1
-5
-3
-7
-7
-2
-2
-3
-6
-5
0
0
4
13
7
0
-1
-4
-7
-5
-6
-7
0
-2
-5
2
1
3
5
5
4
-1
-1
5
0
-4
-4
-4
-1
-2
-6
-3
-2
-4
-5
-2
-5
-4
0
-3
-2
2
3
0
-2
-7
-8
-10
-5
3
-2
-1
5
4
5
10
9
3
7
8
3
4
5
0
-1
0
-4
1
0
-3
0
2
2
0
5
7
4
-2
-4
-8
-12
-9
