16
18
17
18
16
14
12
9
9
13
13
11
12
12
9
8
10
8
5
11
17
15
13
10
6
5
5
0
5
3
-1
7
6
6
5
7
4
8
7
3
1
1
2
2
1
2
2
0
5
6
6
7
3
4
5
5
6
4
6
5
5
2
6
6
4
2
2
-2
3
4
-3
-4
-1
-1
-4
-3
0
-4
-4
-1
-7
-5
-10
-10
-10
-6
4
0
1
-4
0
3
-2
-1
1
-3
-5
-8
-7
-9
-7
-7
-8
-7
-9
-10
-9
-11
-11
-13
-14
-13
-15
-11
-14
-10
-12
-15
-12
-14
-16
-13
-13
-13
-17
-15
-11
-11
-15
-20
-13
-13
-12
-13
-14
-13
-19
-11
-15
-20
-18
-18
-17
-19
-21
-20
-19
-21
-20
-20
-21
-19
-20
-22
-19
-19
-18
-17
-20
-18
-20
-20
-21
-17
-18
-18
-15
-11
-12
-15
-14
-15
-14
-12
-13
-13
-12
-10
-14
-17
-12
-11
-9
-10
-9
-3
-5
-3
-3
-1
3
0
1
3
7
1
1
7
4
5
4
3
8
5
4
6
5
6
7
7
6
8
7
4
6
4
5
5
8
7
10
9
6
6
10
10
5
9
11
14
17
17
15
17
15
14
13
14
14
16
22
22
18
26
25
21
17
17
19
10
12
17
19
16
16
15
15
17
19
18
17
16
18
14
16
18
16
21
20
25
24
21
22
20
20
21
20
19
18
23
19
21
22
20
20
18
16
18
18
15
13
12
16
13
14
19
16
13
16
21
19
17
19
16
18
18
18
19
17
19
18
17
17
15
18
15
12
16
15
16
16
20
17
13
14
15
13
13
12
13
14
14
12
13
14
14
14
8
7
13
17
20
17
14
10
12
10
5
5
7
9
11
12
11
8
12
13
14
13
17
16
10
12
12
12
15
17
12
13
12
14
17
17
15
12
14
17
17
15
15
13
17
14
14
16
17
12
8
8
9
7
1
6
6
6
5
3
4
3
6
-1
-3
2
0
-5
-8
2
7
7
5
3
3
2
3
3
1
3
2
-1
-1
1
-2
-3
0
0
-3
-2
-2
-5
-5
-8
-6
-12
-10
-4
-5
-4
-6
-7
-5
-7
-10
-8
-8
-7
-10
-4
-6
-10
-7
-8
-5
-10
-10
-7
-7
-13
-9
-6
-13
-15
-13
-12
-13
-16
-15
-15
-15
-13
-13
-14
-15
-14
-13
-13
-9
-10
-12
-9
-13
-13
-9
-9
-9
-8
-8
-7
-6
-4
-1
-3
-2
-2
0
2
1
6
2
-4
-3
0
3
1
3
2
5
9
5
11
12
10
8
8
8
6
5
5
5
7
10
8
9
12
11
10
10
10
9
11
10
10
11
11
12
8
8
10
8
11
11
12
9
10
12
12
13
13
13
14
17
21
24
21
22
26
22
21
21
21
18
25
28
18
24
30
31
21
15
15
13
13
14
18
20
16
14
14
13
19
15
19
16
15
16
15
15
14
14
15
17
19
20
22
23
19
20
18
20
19
19
21
20
22
24
25
24
21
21
20
21
20
20
17
16
17
26
29
17
18
23
23
23
26
24
28
30
25
23
23
26
24
25
28
29
26
25
27
28
27
29
28
27
27
29
32
28
27
29
27
28
29
29
29
29
29
29
30
30
28
28
36
40
40
35
35
33
31
33
25
24
29
27
30
30
31
30
30
32
29
31
30
27
26
25
27
27
24
22
25
26
23
22
22
23
25
23
25
25
23
23
21
19
21
22
23
22
19
17
15
17
12
11
15
11
7
8
7
7
3
6
4
-3
2
-3
-1
0
4
11
9
6
4
6
3
4
6
4
2
4
4
2
4
3
4
3
1
0
0
2
1
-2
-6
-6
-6
-8
-1
-3
-2
-3
-6
-2
-4
-4
-4
-2
-2
-1
-1
3
1
-2
-2
3
5
2
5
7
3
3
6
3
-3
3
8
4
2
3
4
1
4
4
6
6
1
6
4
1
5
4
4
1
2
3
3
3
4
4
4
5
7
7
6
5
4
7
9
8
10
7
9
10
9
10
5
3
5
4
5
7
9
12
9
9
12
10
10
10
8
8
7
5
8
8
8
7
6
7
6
9
10
7
8
7
6
7
4
6
6
3
3
6
5
5
6
7
3
2
3
5
9
5
5
11
13
9
10
10
12
13
9
9
12
20
17
14
19
12
5
5
2
4
4
7
6
8
14
3
3
6
8
6
8
6
4
7
9
6
6
5
8
9
11
12
9
12
12
12
12
10
9
10
11
15
14
12
12
13
14
10
12
8
8
11
13
17
19
10
13
19
13
16
17
17
17
18
20
17
18
20
18
19
21
21
17
17
21
17
16
16
18
19
17
18
18
15
18
20
15
15
14
16
13
16
15
16
14
16
14
11
14
8
15
21
19
15
13
14
10
9
8
10
3
2
8
11
8
6
7
11
8
5
5
6
3
2
5
4
6
4
-1
2
4
5
5
2
4
3
2
0
0
3
0
2
-1
0
0
-2
-4
-4
-5
-7
-6
-11
-9
-7
-9
-13
-13
-11
-11
-14
-14
-18
-21
-21
-27
-14
-10
-8
-6
-11
-7
-9
-7
-9
-11
-7
-7
-9
-12
-14
-12
-12
-8
-8
-9
-6
-9
-10
-9
-11
-12
-15
-12
-17
-15
-10
-12
-9
-8
-7
-8
-9
-13
-13
-14
-11
-11
-7
-5
-9
-9
-11
-5
-4
-5
-3
-6
-10
-7
-5
-10
-9
-4
-7
-10
-8
-9
-6
-4
-8
-8
-8
-6
-7
-10
-8
-7
-5
-7
-6
-6
-7
-8
-8
-9
-10
-7
-8
-6
-5
-7
-4
-6
-6
-6
-4
-5
-1
-4
-5
0
-3
-9
-10
-10
-8
-7
-5
-4
-4
0
-2
-3
-1
2
-5
-6
-5
-5
-5
-4
-1
-5
-3
-4
-3
-4
-7
-1
-2
-2
-4
-4
-4
-3
-3
-4
-3
-1
-3
0
-2
-4
-2
-2
-2
-2
-2
1
3
-1
-1
4
3
3
5
2
1
4
5
4
6
17
12
13
11
2
3
3
3
1
0
0
7
8
4
2
4
6
10
7
5
8
9
9
10
11
11
11
13
15
16
16
20
20
18
17
17
16
17
19
21
22
19
19
20
19
17
18
25
21
22
20
12
12
13
15
20
16
20
22
20
21
24
22
21
22
20
23
22
21
20
21
20
22
15
19
19
19
22
19
20
18
20
20
18
21
18
17
14
15
17
16
15
13
11
14
12
11
13
10
9
7
12
9
8
7
2
2
3
1
2
2
6
4
-1
0
0
6
1
-3
-1
-2
-1
-5
-2
-1
-5
-7
-5
-2
-2
-1
-2
-3
-2
-1
-4
-3
-4
-2
-4
-6
-4
-5
-4
-8
-6
-7
-11
-8
-8
-14
-10
-7
-13
-7
-7
-7
-9
-10
-15
-15
-13
-12
-13
-6
1
1
1
-2
1
2
0
-3
0
3
1
1
-2
-1
-1
-3
-2
0
1
3
0
-4
-4
-4
-5
-7
-8
-7
-5
-3
-4
-6
-6
-6
-9
-13
-10
-8
-12
-10
-5
-6
-10
-12
-10
-11
-6
-8
-4
-6
-14
-3
-9
-14
-15
-14
-13
-17
-18
-15
-13
-15
-15
-14
-15
-18
-19
-18
-16
-14
-15
-18
-18
-16
-20
-20
-20
-21
-22
-21
-18
-18
-19
-18
-20
-22
-20
-21
-19
-19
-21
-20
-22
-24
-26
-24
-18
-20
-19
-18
-15
-15
-17
-14
-9
-12
-18
-18
-16
-17
-16
-15
-14
-11
-13
-9
-11
-8
-8
-10
-10
-7
-5
-5
-4
-9
-8
-8
-7
-4
-6
-7
-7
-5
-7
-8
-7
-4
-8
-6
-5
-5
1
0
1
7
8
7
5
8
5
9
11
7
10
18
13
13
17
9
4
5
11
4
2
2
8
10
3
6
5
7
8
10
8
7
7
6
10
9
11
10
15
15
14
17
18
19
18
16
14
15
16
17
14
14
13
13
13
11
13
9
10
7
4
3
5
3
2
7
8
5
3
7
10
7
8
10
8
6
3
5
5
8
5
6
4
4
4
-1
-1
-1
1
1
-1
-1
0
-2
0
3
-2
-4
-6
-6
-3
-2
-4
-5
-5
-5
-7
-8
-5
-7
-6
-5
-6
-4
-6
-8
-9
-12
-17
-14
-16
-20
-13
-14
-15
-16
-12
-14
-15
-15
-18
-18
-19
-20
-19
-19
-19
-21
-21
-23
-21
-17
-19
-17
-15
-20
-21
-20
-21
-23
-21
-25
-21
-19
-22
-21
-21
-23
-24
-25
-26
-28
-26
-27
-30
-29
-27
-25
-30
-32
-34
-41
-38
-35
-39
-36
-27
-25
-29
-27
-25
-27
-27
-28
-29
-29
-29
-29
-31
-34
-32
-32
-33
-30
-32
-33
-32
-31
-33
-37
-39
-42
-41
-42
-41
-43
-43
-42
-42
-41
-44
-46
-47
-45
-46
-43
-46
-46
-45
-46
-45
-46
-47
-44
-43
-44
-54
-52
-43
-53
-54
-52
-51
-54
-57
-57
-56
-55
-58
-60
-56
-58
-57
-53
-58
-53
-54
-54
-52
-55
-51
-56
-54
-55
-57
-54
-52
-52
-52
-53
-51
-51
-49
-47
-46
-46
-47
-45
-45
-47
-50
-50
-46
-42
-42
-43
-41
-40
-33
-33
-33
-34
-33
-32
-30
-34
-38
-37
-38
-30
-32
-32
-32
-29
-30
-29
-29
-29
-28
-28
-26
-24
-24
-25
-24
-28
-23
-25
-29
-25
-25
-23
-28
-26
-25
-24
-26
-23
-21
-23
-23
-19
-16
-19
-20
-19
-20
-22
-22
-22
-20
-14
-14
-15
-16
-22
-25
-25
-25
-26
-26
-29
-26
-24
-27
-26
-25
-28
-27
-21
-23
-25
-27
-28
-30
-33
-30
-30
-30
-25
-27
-25
-24
-26
-22
-25
-29
-28
-27
-29
-28
-27
-25
-28
-27
-27
-28
-31
-31
-27
-29
-28
-33
-30
-30
-30
-28
-33
-34
-31
-32
-33
-32
-32
-32
-34
-33
-37
-37
-35
-36
-36
-28
-33
-36
-34
-32
-31
-29
-28
-28
-27
-27
-25
-24
-26
-25
-28
-27
-28
-28
-26
-26
-24
-25
-26
-24
-23
-25
-21
-22
-21
-14
-18
-17
-16
-18
-19
-23
-22
-23
-19
-18
-17
-15
-18
-13
-16
-14
-14
-14
-13
-11
-13
-10
-8
-5
-4
-7
-7
-4
-1
-1
0
1
3
2
0
-2
-3
0
0
0
0
3
2
5
3
-1
2
6
2
-3
-1
0
-1
0
6
2
1
5
-5
-3
-7
-5
-2
2
9
7
12
7
11
9
6
7
5
9
3
4
3
-2
2
2
2
5
3
5
5
2
5
2
2
0
-3
0
0
4
2
1
3
0
4
1
2
1
1
2
6
7
4
5
4
6
7
12
11
10
4
10
12
3
5
8
11
7
6
7
7
6
4
4
5
2
1
6
5
9
10
11
11
12
13
12
15
12
12
9
10
9
6
8
3
6
7
7
6
7
2
0
-2
-3
-4
-7
-4
1
-1
-6
-5
-6
-5
-7
-11
-14
-15
-17
-12
-16
-19
-17
-19
-18
-19
-23
-23
-27
-32
-33
-34
-35
-36
-42
-46
-45
-45
-47
-50
-50
-50
-53
-53
-57
-60
-60
-60
-61
-60
-61
-63
-66
-66
-60
-57
-58
-60
-55
-58
-63
-64
-64
-66
-67
-64
-62
-68
-61
-60
-69
-69
-74
-76
-75
-76
-75
-72
-71
-75
-79
-79
-78
-78
-75
-77
-83
-79
-81
-85
-85
-85
-82
-82
-77
-78
-78
-72
-75
-74
-75
-76
-72
-76
-75
-74
-72
-72
-73
-72
-71
-71
-72
-72
-68
-72
-72
-73
-70
-77
-73
-61
-68
-73
-68
-65
-64
-63
-58
-59
-59
-56
-57
-58
-55
-57
-56
-53
-56
-55
-60
-56
-56
-52
-50
-50
-47
-43
-42
-39
-39
-43
-38
-43
-38
-36
-38
-38
-39
-36
-38
-32
-34
-36
-26
-21
-19
-23
-22
-22
-24
-21
-22
-26
-24
-23
-28
-25
-19
-20
-14
-13
-11
-7
-8
-4
-8
-7
-8
-10
-8
-12
-14
-17
-17
-13
-11
-12
-9
-7
-5
-4
-4
-2
-4
-4
-4
-6
-9
-10
-14
-18
-19
-24
-22
-22
-28
-27
-29
-31
-30
-30
-29
-32
-30
-36
-43
-43
-48
-50
-53
-52
-43
-46
-48
-52
-51
-55
-57
-56
-60
-62
-65
-72
-74
-76
-74
-77
-77
-79
-87
-84
-87
-91
-96
-98
-100
-105
-106
-103
-107
-108
-113
-116
-114
-116
-116
-118
-117
-117
-116
-116
-118
-123
-126
-127
-130
-134
-132
-130
-133
-137
-136
-133
-138
-140
-138
-138
-138
-139
-137
-133
-135
-136
-135
-132
-133
-131
-130
-130
-129
-128
-127
-130
-128
-125
-126
-125
-120
-118
-118
-117
-113
-111
-113
-112
-113
-114
-112
-109
-113
-111
-112
-112
-116
-115
-104
-100
-96
-95
-91
-91
-88
-87
-85
-84
-83
-86
-82
-87
-86
-84
-86
-83
-82
-77
-77
-70
-75
-69
-69
-69
-66
-67
-64
-68
-70
-66
-66
-65
-65
-63
-62
-59
-56
-52
-49
-49
-48
-47
-47
-42
-40
-40
-37
-32
-29
-29
-29
-28
-29
-31
-31
-29
-28
-28
-24
-30
-27
-20
-22
-24
-28
-25
-24
-27
-23
-23
-19
-21
-21
-21
-18
-12
-16
-13
-15
-13
-9
-8
-4
-4
-2
4
4
6
9
14
12
11
11
12
9
9
12
16
17
15
20
23
21
19
17
21
17
16
18
22
20
21
20
28
29
20
27
28
30
32
31
33
32
30
33
32
30
30
30
36
31
30
32
28
27
31
34
32
31
34
33
28
35
31
26
28
27
31
29
32
33
32
31
34
34
27
33
36
34
33
35
36
35
32
33
31
31
27
27
31
31
28
27
27
27
27
25
27
29
28
32
32
35
38
38
39
37
42
42
43
44
41
41
43
43
42
41
39
39
37
38
39
42
37
37
36
32
36
33
32
31
32
33
33
30
27
26
26
18
22
20
14
24
36
41
41
41
40
43
43
40
44
45
40
39
36
35
37
37
37
38
38
35
36
39
33
36
29
23
27
22
24
24
23
23
21
20
19
19
19
19
21
20
19
21
20
15
18
20
22
20
22
20
15
19
18
12
7
15
14
10
6
10
11
8
7
3
4
8
5
3
6
7
5
3
5
3
3
1
1
-1
-1
-1
-1
-5
-6
-6
-13
-10
-9
-10
-12
-13
-9
-7
-13
-11
-13
-12
-16
-20
-17
-17
-18
-17
-20
-17
-19
-19
-24
-26
-25
-27
-28
-30
-28
-28
-26
-28
-26
-27
-28
-28
-32
-29
-30
-31
-31
-34
-33
-30
-28
-26
-24
-22
-23
-24
-24
-25
-26
-29
-30
-32
-29
-31
-30
-31
-25
-20
-21
-18
-18
-16
-21
-18
-19
-21
-25
-16
-15
-21
-14
-15
-19
-23
-21
-17
-19
-20
-12
-10
-11
-12
-14
-11
-9
-7
-7
-7
-9
-10
-5
-8
-8
-7
-3
-1
0
6
9
8
9
11
11
8
7
9
11
13
15
16
17
18
20
18
21
20
20
24
21
22
19
19
14
15
12
15
20
15
16
21
23
22
24
22
23
20
20
23
20
21
18
16
14
16
19
20
17
21
21
23
21
23
22
18
19
16
20
20
19
22
19
20
19
20
21
19
20
19
17
14
15
14
11
11
7
10
11
11
12
13
15
10
11
16
15
11
14
12
12
15
14
16
17
18
20
17
22
22
24
23
23
26
25
27
25
25
24
22
23
23
23
20
20
21
24
23
22
20
17
23
24
22
23
24
22
25
27
20
18
16
15
19
29
33
29
31
31
34
31
32
36
34
35
36
34
31
35
32
35
35
35
36
31
34
35
31
33
31
32
29
29
35
36
35
35
40
36
34
35
34
35
36
35
38
41
38
38
35
39
40
40
49
39
39
44
39
39
37
40
39
35
35
39
40
38
36
39
39
38
37
37
40
39
40
40
38
41
38
34
35
36
37
35
38
37
38
37
35
37
36
37
38
41
40
37
33
34
41
41
35
37
33
37
38
40
38
40
41
37
37
37
39
30
31
30
34
34
36
37
33
38
35
35
37
37
39
37
37
38
36
36
34
37
38
38
37
38
37
37
38
36
39
38
38
43
44
39
42
47
49
48
46
47
45
49
50
47
47
52
51
53
51
42
40
41
46
37
36
42
44
44
42
39
41
38
41
41
42
39
39
39
38
42
44
42
43
42
45
42
45
46
42
42
40
39
40
39
40
42
42
40
41
40
35
36
39
36
34
30
34
34
31
35
34
30
31
36
35
34
35
36
32
31
31
28
31
30
31
29
28
28
29
28
21
22
25
24
24
24
29
29
26
26
23
20
20
22
26
23
25
25
24
24
20
21
16
25
33
26
24
25
26
22
20
21
17
21
20
19
27
27
26
25
24
27
26
26
22
20
22
22
27
25
25
24
24
25
25
27
30
27
28
29
26
27
28
28
30
28
28
28
28
29
28
27
26
25
28
25
26
24
25
25
23
23
22
25
18
19
21
21
19
24
32
35
33
32
31
31
32
31
30
34
32
29
29
29
29
27
31
31
32
31
31
32
28
29
29
27
25
23
25
25
24
22
26
25
25
21
24
25
22
22
25
28
23
25
22
23
27
27
28
29
18
26
28
24
23
23
26
22
22
20
22
23
23
22
22
22
23
23
26
25
27
26
24
26
23
22
22
24
24
25
27
32
29
31
30
28
29
29
34
29
33
31
26
27
26
30
29
28
34
35
36
34
38
40
38
39
39
41
40
37
38
38
39
40
41
42
43
46
48
44
44
46
48
49
48
45
45
47
44
46
46
47
49
47
47
49
48
50
49
48
53
56
52
53
52
59
59
57
59
57
54
56
56
56
57
64
58
61
66
59
55
47
46
50
46
48
51
50
45
43
45
43
45
47
45
47
46
42
44
45
46
47
46
49
48
51
48
51
49
46
50
46
46
49
45
47
47
44
46
43
42
43
41
46
37
37
34
34
38
42
43
36
36
40
40
39
40
38
41
40
37
37
38
38
37
37
37
37
35
32
34
32
34
32
32
35
35
35
34
37
36
29
30
30
32
33
34
33
32
31
31
32
35
37
36
36
32
34
35
33
34
36
27
29
31
28
34
36
33
32
34
35
34
35
36
35
29
31
33
31
30
30
29
30
29
31
29
28
30
28
28
29
29
31
26
25
25
24
26
24
22
24
24
20
18
17
15
15
14
14
19
16
14
13
13
9
5
9
6
8
12
20
21
19
18
17
18
18
17
19
21
17
14
16
20
18
15
18
18
16
13
13
13
8
9
8
8
5
6
8
6
7
6
6
5
4
3
3
0
5
4
6
5
0
0
4
5
5
5
8
1
-5
6
4
3
2
3
2
3
2
1
4
3
3
4
4
5
5
3
3
5
8
7
6
9
7
5
5
4
1
2
7
7
8
5
5
5
9
7
10
9
7
3
4
9
7
7
11
13
12
8
11
15
19
15
13
13
10
12
9
10
11
12
15
10
13
11
12
12
13
15
13
14
15
13
12
14
11
13
13
11
11
12
12
15
9
9
10
9
12
12
14
12
13
10
18
19
16
17
18
15
12
11
10
9
18
16
13
18
20
14
5
2
1
3
3
5
6
3
2
-1
1
3
6
5
2
2
3
3
2
-2
1
1
5
4
4
6
5
8
7
4
7
7
6
8
6
6
7
8
4
4
6
7
11
8
6
6
5
9
0
3
13
6
5
5
5
9
10
11
9
8
9
9
9
10
9
9
9
8
4
6
7
9
7
7
9
10
11
12
12
9
9
8
9
8
9
9
7
12
8
9
12
13
17
15
15
14
15
13
11
9
8
8
8
4
8
12
12
11
10
11
11
15
10
8
8
7
6
6
7
7
5
1
2
4
6
5
4
5
4
3
1
4
2
-2
3
-1
-1
-1
-4
-4
-5
-8
-12
-5
-9
-12
-12
-11
-10
-10
-12
-12
-14
-10
-15
-22
-18
-24
-17
-12
-9
-8
-6
-6
-8
-8
-9
-4
-5
-5
-5
-8
-8
-8
-3
-5
-6
-3
-5
-4
-6
-7
-8
-11
-10
-11
-13
-13
-11
-11
-11
-10
-9
-8
-12
-14
-10
-10
-11
-13
-10
-9
-11
-11
-14
-11
-8
-6
-2
-7
-12
-6
-6
-12
-10
-9
-10
-12
-9
-6
-7
-5
-7
-7
-4
-5
-6
-6
-6
-3
0
-1
-2
-2
-1
-3
-1
-3
-2
2
2
7
5
5
3
4
4
1
8
4
3
8
7
2
-6
-3
5
4
3
4
2
2
1
4
6
2
0
2
2
-1
-2
-3
1
1
-2
-1
1
3
1
-3
-2
2
0
-1
-2
-2
-4
-5
-5
-6
-5
-2
-6
-5
-5
-5
-4
-4
-4
0
1
-3
-3
-4
3
3
0
3
1
1
-1
-2
2
-3
3
8
1
5
9
5
-2
-1
-5
-6
-6
-7
-2
-1
-3
-5
-5
-2
0
-3
-6
-3
-2
-5
-4
-2
-1
-2
1
1
5
5
6
9
7
7
6
7
8
9
12
10
8
8
8
11
10
9
5
8
6
9
12
9
9
7
18
11
8
10
12
11
12
9
8
13
7
11
10
7
9
10
10
9
9
5
7
6
10
9
8
11
8
9
11
6
4
4
3
3
4
5
2
6
3
1
3
4
6
5
7
6
6
6
6
3
2
-2
-2
1
-2
-2
1
3
1
0
1
0
-1
0
0
-3
-4
-4
-4
-5
-4
-6
-9
-8
-5
-5
-7
-5
-5
-4
-6
-5
-10
-7
-7
-9
-8
-9
-8
-7
-12
-8
-13
-14
-13
-16
-14
-20
-14
-15
-17
-15
-18
-13
-15
-20
-17
-21
-21
-16
-4
-5
-2
-1
-7
-6
-5
-3
0
3
3
0
0
0
1
3
2
2
4
3
3
4
2
0
-1
-2
-2
-4
-1
1
2
3
-1
1
1
1
-2
1
2
1
5
5
2
1
5
5
3
4
7
5
4
9
7
2
4
10
3
3
3
4
3
5
5
0
6
4
5
7
6
9
8
8
8
9
9
11
8
8
9
9
11
10
13
12
11
11
9
11
10
13
6
3
9
12
8
9
10
11
9
7
11
10
11
9
12
9
6
8
7
2
5
6
7
9
10
10
10
8
6
7
7
10
8
8
9
5
9
9
12
12
6
9
8
11
6
8
8
9
9
9
14
9
13
11
15
21
17
17
20
18
18
16
18
24
21
26
21
24
29
24
16
14
18
14
15
15
17
19
20
20
16
17
20
21
22
24
23
22
25
25
24
26
29
29
31
29
31
32
29
31
28
30
25
30
33
31
32
30
30
29
32
30
26
31
25
28
30
24
25
27
25
26
25
25
26
27
26
30
32
26
26
27
25
24
25
24
26
24
20
20
17
19
20
21
17
18
17
15
17
18
15
15
13
11
13
11
16
9
11
10
9
9
8
11
11
12
14
11
10
8
6
5
-1
3
0
-1
3
4
5
4
6
7
9
6
6
7
5
4
4
6
4
1
2
3
2
3
4
3
4
5
5
7
2
2
2
1
0
1
0
-2
-1
-2
-3
-7
-2
-4
-6
-5
-7
-5
-5
-6
-8
-9
-7
-10
-8
-12
-16
-8
-3
5
5
6
4
2
4
0
6
6
7
6
3
1
5
6
7
7
7
4
4
3
2
3
-1
4
-1
-2
0
2
3
1
2
1
1
-1
-1
-1
0
-2
-1
5
3
0
-2
1
7
4
7
8
-1
5
7
-1
-1
-1
4
1
-1
-4
1
4
0
-1
-3
0
2
1
-4
-1
0
-1
1
0
1
-1
-2
0
-1
-1
7
6
3
6
9
6
9
11
9
9
12
9
10
4
-2
3
5
6
4
11
10
9
11
11
12
11
11
7
9
7
7
9
5
13
13
12
10
12
12
13
14
12
14
12
13
11
13
13
10
12
11
10
10
14
14
13
14
13
17
15
14
21
19
18
21
24
26
25
27
26
26
25
26
32
25
34
36
30
36
33
31
21
25
27
20
23
22
26
23
25
25
20
24
27
24
23
23
23
22
21
20
18
22
25
26
25
26
25
24
25
24
21
23
22
20
22
22
21
21
22
23
14
16
21
20
20
16
15
14
13
20
15
11
12
17
18
14
15
17
13
15
15
15
14
12
15
15
14
13
13
10
10
11
9
8
9
11
13
11
11
9
6
6
3
5
5
4
5
7
6
7
5
4
8
13
10
8
9
6
7
3
3
0
1
2
3
7
7
5
4
7
8
9
9
7
3
0
1
0
3
3
1
2
-1
2
2
4
2
2
3
0
1
1
0
1
1
-2
0
0
-3
0
-5
-5
-1
-1
-1
-8
-7
-4
-7
-9
-5
-6
-9
-5
-13
-19
-11
-8
-9
-6
2
2
3
-1
1
3
2
-2
1
2
2
-1
0
0
-1
2
-1
3
3
-1
2
-2
-3
-5
-10
-6
-9
-9
-7
-5
-7
-6
-5
-6
-7
-9
-10
-10
-9
-11
-6
-8
-8
-9
-8
-5
-4
-9
-7
-10
-16
-10
-10
-12
-9
-8
-14
-13
-12
-11
-10
-10
-9
-11
-9
-7
-8
-6
-8
-6
-2
-5
-3
-4
-3
-4
-5
-3
-6
-4
-2
-1
4
1
-1
0
-3
0
0
3
4
-5
-5
-1
4
2
2
4
1
4
4
8
12
7
2
6
5
4
7
4
6
6
7
8
10
8
8
8
7
5
9
11
9
10
12
8
8
10
11
10
10
10
12
13
13
12
13
16
16
16
15
15
17
19
22
22
22
25
23
23
19
20
22
21
21
29
21
28
32
21
18
13
16
11
9
11
13
15
13
12
10
13
14
12
13
9
8
9
7
5
7
9
6
6
10
9
10
11
5
6
6
6
6
7
6
6
7
9
8
8
10
7
13
9
5
3
1
8
6
11
9
4
9
9
10
11
10
13
12
11
12
8
8
11
8
10
12
10
10
10
8
9
8
6
8
11
9
8
10
8
7
7
6
5
7
6
6
4
3
3
2
1
-4
0
10
7
4
3
1
2
3
1
0
-1
1
-2
4
5
5
5
5
5
4
4
2
3
0
0
3
2
2
1
0
-1
3
5
4
4
1
3
1
2
0
4
1
2
1
3
1
2
0
-2
-2
0
0
-6
-7
-8
-9
-7
-3
-4
-7
-7
-9
-16
-12
-18
-16
-15
-11
-2
-8
-6
-9
-8
-8
-7
-6
-8
-8
-11
-13
-13
-13
-13
-10
-10
-7
-13
-10
-9
-13
-14
-16
-16
-16
-20
-17
-15
-17
-16
-19
-17
-17
-18
-17
-18
-17
-19
-16
-11
-15
-15
-16
-15
-13
-13
-12
-14
-19
-17
-14
-16
-15
-16
-17
-18
-17
-17
-14
-11
-11
-13
-12
-12
-12
-11
-7
-8
-9
-5
-8
-5
-5
-8
-11
-8
-7
-8
-5
-3
-3
-2
-2
-3
-3
-2
1
-3
0
-2
-5
-8
-6
1
0
-1
0
1
5
5
4
7
9
4
4
7
2
0
1
2
1
1
0
2
4
3
2
1
2
1
4
5
1
3
2
5
4
2
2
-1
6
3
3
1
1
0
1
2
4
2
-2
4
8
8
8
9
8
6
6
8
7
9
9
16
10
14
20
12
7
3
1
-1
-2
0
0
2
7
1
1
2
3
4
1
1
-1
-1
-1
0
-1
-1
2
1
0
4
3
4
5
1
1
2
-2
1
5
4
5
6
4
3
3
3
3
2
0
-1
1
4
6
-2
3
9
4
6
10
10
8
12
8
10
8
7
9
9
7
6
9
6
7
6
5
10
10
8
7
9
9
7
8
6
5
3
0
-1
3
3
3
5
0
4
2
0
-1
-2
6
5
4
2
-1
0
-7
-6
-8
-7
-12
-8
-3
-3
-9
-9
-7
-4
-6
-7
-8
-10
-11
-16
-14
-16
-14
-14
-17
-15
-14
-12
-14
-15
-16
-13
-13
-14
-15
-15
-16
-17
-17
-19
-18
-19
-21
-22
-24
-24
-27
-29
-26
-24
-24
-26
-26
-24
-26
-27
-25
-33
-30
-30
-41
-32
-28
-24
-18
-21
-20
-20
-22
-22
-23
-20
-21
-23
-22
-25
-22
-23
-26
-25
-24
-21
-23
-21
-26
-30
-26
-30
-32
-32
-31
-26
-26
-23
-23
-25
-25
-26
-26
-24
-24
-25
-24
-19
-20
-23
-25
-24
-21
-16
-19
-20
-22
-28
-19
-19
-23
-21
-20
-22
-26
-22
-21
-21
-20
-23
-21
-17
-19
-21
-20
-18
-18
-16
-16
-20
-19
-19
-18
-18
-18
-19
-19
-15
-15
-13
-12
-11
-12
-14
-12
-11
-11
-9
-14
-12
-12
-16
-17
-17
-12
-11
-13
-8
-10
-8
-7
-4
-8
-13
-8
-14
-12
-15
-13
-11
-13
-14
-13
-9
-9
-15
-14
-15
-13
-11
-13
-13
-14
-12
-14
-14
-15
-17
-16
-14
-13
-13
-14
-16
-14
-14
-13
-13
-14
-12
-15
-13
-7
-9
-11
-12
-10
-9
-10
-9
-14
-7
-6
-8
-5
-4
-9
-15
-15
-14
-19
-20
-17
-16
-13
-18
-20
-18
-14
-12
-13
-16
-15
-17
-16
-18
-13
-13
-14
-8
-10
-10
-8
-6
-5
-7
-7
-8
-8
-7
-6
-6
-4
-6
-3
-4
-3
-4
-8
-5
-7
-10
-11
-10
-4
-3
-6
0
-2
-5
-2
-3
-3
0
-1
2
3
0
1
-1
-4
0
-2
-1
1
0
-4
0
-1
-2
-1
-1
0
-1
-2
0
-1
-5
-4
-7
-7
-5
-8
-8
-5
-10
-9
-8
-8
-3
-2
-3
-11
-8
-7
-12
-14
-18
-17
-17
-17
-18
-20
-13
-15
-19
-17
-13
-12
-16
-18
-16
-17
-20
-21
-17
-18
-19
-19
-19
-18
-18
-19
-19
-19
-19
-21
-19
-19
-19
-20
-21
-19
-19
-19
-20
-23
-21
-23
-24
-25
-30
-25
-24
-25
-25
-25
-23
-21
-22
-20
-24
-25
-23
-25
-19
-9
0
0
5
9
12
17
25
34
38
47
52
63
69
79
92
107
121
138
154
165
179
189
197
204
212
220
220
217
212
210
203
191
175
165
143
126
96
71
41
15
-11
-51
-87
-130
-163
-203
-237
-277
-312
-351
-385
-409
-441
-463
-477
-489
-501
-520
-530
-525
-518
-496
-465
-422
-370
-324
-277
-220
-162
-97
-41
16
64
112
147
184
224
257
292
310
328
350
365
390
401
422
421
458
506
535
628
672
733
779
784
822
841
833
840
774
719
643
533
433
320
193
59
-102
-277
-436
-600
-756
-903
-1084
-1250
-1424
-1596
-1719
-1835
-1881
-1902
-1869
-1804
-1673
-1513
-1322
-1104
-893
-668
-442
-235
-41
129
269
413
510
592
675
751
825
887
943
1007
1064
1109
1148
1150
1136
1103
1030
938
821
684
535
370
204
40
-101
-232
-343
-450
-519
-564
-598
-615
-617
-613
-607
-605
-605
-591
-575
-543
-508
-467
-408
-315
-216
-88
57
214
382
544
724
912
1092
1248
1383
1459
1505
1506
1481
1434
1345
1227
1059
852
619
374
124
-130
-389
-649
-932
-1191
-1434
-1651
-1839
-2006
-2084
-2159
-2178
-2145
-2067
-1946
-1811
-1680
-1508
-1317
-1099
-886
-703
-489
-281
-81
100
287
484
661
790
907
1036
1164
1266
1340
1385
1404
1406
1375
1328
1263
1184
1071
933
781
645
499
368
234
96
-38
-166
-270
-350
-429
-510
-576
-639
-692
-736
-748
-737
-705
-669
-627
-540
-418
-265
-125
57
257
448
632
799
979
1142
1256
1321
1355
1343
1296
1161
1000
796
558
278
-43
-342
-645
-946
-1246
-1517
-1734
-1833
-1924
-1901
-1870
-1789
-1677
-1596
-1498
-1372
-1237
-1099
-1000
-961
-868
-786
-666
-551
-394
-221
-38
137
307
518
742
951
1097
1200
1268
1321
1313
1296
1233
1155
1034
886
754
650
565
493
426
336
274
216
185
153
105
33
-53
-158
-260
-361
-439
-494
-544
-586
-609
-568
-476
-342
-218
-72
94
264
430
579
727
859
932
943
912
876
828
722
572
399
206
21
-218
-430
-645
-849
-1093
-1323
-1507
-1616
-1666
-1686
-1664
-1624
-1555
-1498
-1400
-1282
-1116
-979
-872
-788
-688
-575
-455
-328
-190
-52
55
182
304
475
633
781
893
971
1023
1057
1092
1105
1095
1031
944
840
754
655
573
494
423
337
239
175
141
123
81
26
-39
-91
-142
-186
-223
-238
-262
-288
-297
-259
-183
-88
4
97
232
358
499
623
751
853
901
884
841
772
654
494
258
-1
-287
-595
-911
-1207
-1483
-1739
-1899
-1988
-1999
-1909
-1798
-1627
-1464
-1333
-1163
-985
-800
-638
-582
-537
-497
-452
-398
-319
-208
-69
38
124
281
500
736
924
1056
1152
1238
1271
1265
1251
1197
1104
931
742
601
501
408
332
249
195
155
126
151
192
203
168
101
29
-45
-119
-193
-259
-328
-408
-449
-421
-320
-186
-63
91
277
478
682
868
1064
1194
1244
1194
1109
1007
852
600
293
-59
-406
-783
-1141
-1443
-1697
-1901
-2031
-2091
-2043
-1899
-1752
-1555
-1404
-1267
-1139
-1006
-875
-763
-747
-743
-734
-704
-636
-539
-380
-203
-38
106
314
582
846
1055
1183
1273
1325
1322
1277
1235
1158
1050
856
674
557
493
441
387
355
336
318
311
340
378
381
315
195
82
-21
-120
-236
-324
-408
-478
-514
-470
-335
-155
7
185
390
616
820
1007
1163
1270
1269
1166
1023
844
627
323
-47
-428
-812
-1177
-1529
-1797
-1991
-2103
-2154
-2152
-2035
-1860
-1663
-1479
-1335
-1207
-1067
-969
-858
-820
-798
-786
-772
-722
-640
-478
-291
-89
82
295
539
809
1047
1212
1319
1372
1383
1326
1265
1182
1082
926
752
605
523
469
433
411
387
397
379
398
424
428
391
291
173
41
-72
-188
-285
-366
-429
-462
-431
-313
-113
114
332
573
803
1027
1201
1326
1392
1362
1210
964
676
340
-59
-498
-956
-1390
-1760
-2093
-2331
-2440
-2417
-2361
-2232
-2052
-1790
-1536
-1336
-1175
-1028
-908
-834
-811
-827
-806
-798
-771
-726
-599
-398
-178
47
289
585
861
1118
1307
1451
1527
1524
1451
1347
1229
1077
915
730
590
473
401
364
362
390
417
444
474
519
530
508
431
321
184
32
-111
-227
-306
-373
-387
-347
-223
-13
245
535
839
1125
1376
1557
1653
1682
1589
1381
1047
622
157
-376
-889
-1425
-1868
-2248
-2523
-2728
-2765
-2690
-2529
-2281
-2012
-1687
-1437
-1217
-1075
-947
-874
-814
-835
-893
-922
-934
-895
-809
-617
-386
-119
146
456
816
1153
1457
1648
1764
1769
1703
1566
1415
1243
1055
839
611
456
355
332
332
385
444
513
569
618
684
698
660
531
376
192
38
-130
-249
-321
-369
-340
-257
-50
233
579
905
1224
1485
1695
1793
1780
1675
1435
1065
549
-22
-645
-1227
-1803
-2279
-2673
-2935
-3079
-3040
-2899
-2642
-2301
-1976
-1628
-1355
-1131
-959
-818
-744
-716
-800
-876
-931
-958
-918
-813
-594
-334
-50
248
617
1023
1378
1668
1838
1927
1906
1789
1599
1407
1183
939
683
444
316
250
239
261
325
414
507
588
680
776
802
754
610
442
260
92
-84
-216
-298
-340
-302
-197
45
362
700
1015
1309
1556
1732
1794
1746
1587
1268
809
230
-384
-1016
-1621
-2169
-2651
-2985
-3196
-3200
-3084
-2823
-2461
-2082
-1717
-1397
-1121
-910
-727
-635
-595
-685
-787
-890
-960
-976
-937
-777
-555
-285
27
432
882
1295
1617
1825
1934
1944
1863
1692
1506
1288
1029
738
458
284
188
149
147
216
326
452
569
699
829
897
876
766
629
472
314
129
-36
-144
-214
-193
-110
88
369
657
902
1149
1353
1508
1556
1482
1305
968
494
-90
-680
-1303
-1879
-2427
-2888
-3178
-3265
-3223
-3011
-2697
-2301
-1873
-1538
-1194
-857
-566
-375
-328
-396
-486
-612
-748
-840
-853
-791
-688
-540
-294
98
553
984
1372
1674
1901
2020
2002
1923
1773
1527
1217
872
586
394
244
149
97
107
177
290
446
630
821
927
952
915
838
748
621
439
282
129
-6
-67
-66
64
268
476
702
943
1165
1347
1428
1386
1244
947
518
-31
-637
-1236
-1849
-2435
-2946
-3217
-3341
-3305
-3122
-2822
-2402
-1982
-1585
-1196
-795
-487
-277
-235
-251
-293
-402
-536
-660
-699
-687
-627
-511
-256
128
530
923
1280
1606
1885
2034
2071
2036
1904
1663
1351
1010
737
513
304
140
42
22
62
150
289
484
662
791
867
902
901
870
773
639
526
389
305
240
243
332
440
557
708
847
993
1092
1056
967
739
383
-40
-566
-1094
-1641
-2192
-2658
-2964
-3162
-3203
-3111
-2894
-2565
-2240
-1869
-1477
-1038
-683
-412
-259
-196
-164
-233
-340
-423
-476
-516
-533
-495
-289
40
383
748
1111
1448
1727
1894
1985
2019
1969
1795
1545
1267
1033
823
600
403
273
192
156
184
271
436
584
687
788
859
915
953
922
866
807
719
632
571
548
570
585
602
612
658
667
637
529
334
55
-304
-707
-1136
-1549
-2001
-2369
-2679
-2911
-3017
-3010
-2867
-2646
-2397
-2132
-1768
-1375
-974
-662
-454
-281
-187
-169
-204
-204
-167
-146
-171
-168
-20
217
469
722
975
1234
1447
1584
1685
1792
1839
1773
1591
1390
1221
1033
852
667
522
396
288
216
226
321
421
509
575
646
746
830
887
937
966
958
920
884
872
869
836
759
658
548
411
242
19
-229
-547
-893
-1253
-1590
-1909
-2219
-2435
-2614
-2717
-2751
-2690
-2537
-2329
-2142
-1909
-1618
-1297
-981
-765
-565
-392
-258
-194
-139
-35
69
133
161
229
390
583
771
949
1129
1312
1433
1504
1564
1631
1633
1551
1394
1243
1127
990
851
719
632
544
462
410
427
484
535
562
583
643
711
783
840
890
939
989
1002
1045
1102
1135
1105
1002
881
723
513
236
-101
-480
-878
-1286
-1664
-1983
-2277
-2482
-2638
-2745
-2740
-2653
-2466
-2265
-2042
-1825
-1577
-1323
-1059
-838
-694
-559
-462
-392
-333
-215
-59
85
183
286
468
691
928
1151
1320
1453
1525
1530
1506
1496
1493
1434
1303
1148
1044
954
858
766
705
657
603
555
560
642
717
762
785
805
869
962
1043
1121
1191
1239
1243
1222
1220
1231
1162
1026
825
572
293
-29
-372
-737
-1095
-1465
-1819
-2132
-2397
-2548
-2635
-2708
-2701
-2623
-2459
-2237
-2002
-1755
-1492
-1248
-1011
-818
-694
-535
-397
-296
-222
-127
32
190
333
462
672
916
1139
1326
1472
1623
1715
1721
1670
1643
1601
1538
1402
1247
1159
1068
964
846
770
722
684
628
606
653
709
776
805
859
954
1064
1132
1185
1262
1309
1314
1256
1215
1143
1015
806
507
210
-138
-506
-887
-1270
-1610
-1966
-2299
-2604
-2856
-2984
-3053
-3078
-2998
-2858
-2679
-2483
-2303
-2052
-1805
-1568
-1340
-1193
-1050
-917
-790
-679
-580
-445
-313
-180
-62
100
335
583
799
993
1139
1257
1354
1358
1350
1310
1249
1150
990
862
777
708
608
495
415
370
330
304
310
360
417
467
514
593
743
875
956
1014
1075
1124
1134
1071
1024
888
684
382
37
-279
-621
-936
-1288
-1605
-1912
-2179
-2468
-2675
-2868
-2904
-2925
-2913
-2780
-2618
-2365
-2164
-1959
-1744
-1485
-1239
-1010
-869
-723
-571
-453
-358
-269
-112
34
167
274
445
694
954
1165
1356
1501
1626
1727
1737
1764
1759
1739
1627
1476
1337
1236
1142
1014
909
823
784
733
722
720
776
828
880
914
991
1141
1256
1338
1370
1405
1412
1353
1235
1094
903
657
317
-38
-395
-724
-1070
-1400
-1673
-1945
-2154
-2384
-2611
-2738
-2757
-2790
-2726
-2613
-2408
-2164
-1969
-1723
-1461
-1221
-1008
-828
-697
-537
-416
-335
-269
-168
-51
64
176
283
492
713
918
1112
1296
1445
1573
1625
1642
1649
1589
1520
1364
1202
1066
953
813
671
556
468
435
392
384
400
471
526
579
640
743
885
954
988
993
1011
971
849
663
463
213
-105
-468
-813
-1101
-1359
-1632
-1893
-2109
-2325
-2503
-2723
-2897
-2926
-2902
-2847
-2720
-2514
-2278
-2032
-1806
-1547
-1258
-991
-777
-652
-512
-371
-270
-202
-131
-14
98
193
292
465
721
960
1180
1398
1608
1791
1921
1995
2035
2044
1989
1883
1721
1573
1449
1309
1167
1023
920
853
799
758
744
774
813
864
923
1003
1138
1241
1270
1255
1241
1205
1104
945
759
559
314
18
-271
-536
-748
-970
-1205
-1440
-1645
-1818
-2022
-2177
-2204
-2154
-2095
-1990
-1850
-1620
-1380
-1145
-861
-573
-289
-67
82
239
403
524
599
655
754
836
873
904
1002
1191
1394
1565
1730
1894
2010
2076
2074
2050
2014
1931
1789
1581
1411
1246
1078
904
730
595
505
438
391
400
463
553
650
761
878
1033
1164
1218
1207
1167
1115
1006
817
578
332
62
-250
-597
-882
-1140
-1381
-1670
-1950
-2208
-2433
-2637
-2823
-2878
-2906
-2852
-2792
-2676
-2484
-2269
-2056
-1817
-1563
-1307
-1076
-949
-800
-643
-531
-453
-390
-287
-178
-92
-7
146
391
633
833
1038
1246
1460
1605
1681
1755
1796
1780
1664
1508
1364
1263
1121
968
831
732
678
624
612
629
716
797
885
973
1074
1200
1305
1352
1332
1288
1215
1106
928
703
495
275
23
-250
-528
-754
-1004
-1261
-1533
-1764
-1971
-2152
-2290
-2350
-2351
-2270
-2140
-1971
-1715
-1445
-1118
-776
-430
-100
164
334
486
598
570
466
389
328
242
166
156
260
467
635
770
926
1098
1262
1386
1409
1426
1422
1344
1194
1008
883
772
639
493
385
342
350
372
430
555
730
894
1057
1200
1362
1535
1642
1660
1613
1555
1484
1348
1131
898
680
485
275
24
-157
-258
-373
-514
-681
-816
-919
-1099
-1239
-1284
-1287
-1188
-1073
-887
-640
-329
-41
251
503
652
669
548
410
202
-72
-453
-836
-1148
-1341
-1455
-1522
-1443
-1201
-988
-771
-487
-196
117
356
549
732
871
921
873
780
719
670
559
448
360
333
329
338
385
486
638
788
940
1101
1265
1440
1567
1595
1549
1459
1342
1163
909
636
421
230
39
-131
-242
-292
-332
-419
-536
-695
-851
-1059
-1221
-1328
-1379
-1343
-1283
-1107
-893
-708
-465
-164
106
352
521
589
661
550
278
51
-228
-521
-755
-1037
-1252
-1294
-1254
-1239
-1209
-1135
-1017
-850
-778
-671
-559
-455
-402
-457
-502
-524
-537
-622
-703
-758
-723
-647
-561
-427
-239
-9
247
480
695
930
1155
1328
1378
1368
1325
1265
1128
928
709
555
435
301
169
97
127
99
9
-108
-213
-240
-357
-442
-409
-332
-181
11
271
551
808
1005
1046
905
645
334
48
-233
-450
-718
-1053
-1343
-1594
-1838
-2119
-2324
-2341
-2220
-2098
-1925
-1683
-1410
-1119
-901
-686
-447
-247
-150
-134
-125
-69
-30
-80
-122
-146
-74
10
104
245
426
630
807
986
1157
1327
1475
1567
1552
1490
1378
1241
1092
885
687
562
477
402
334
309
345
348
246
116
-38
-141
-316
-419
-400
-326
-95
138
442
647
723
669
487
222
-18
-273
-536
-729
-1032
-1313
-1621
-1887
-2014
-2147
-2237
-2173
-2012
-1785
-1583
-1393
-1106
-789
-412
-166
31
220
357
421
359
327
328
329
236
143
76
100
157
181
253
364
536
692
830
952
1087
1226
1310
1287
1186
1087
959
780
579
413
339
304
276
221
208
234
215
109
-52
-216
-313
-412
-546
-481
-395
-213
-88
4
104
90
34
13
126
118
-78
-355
-683
-1054
-1453
-1898
-2272
-2494
-2651
-2769
-2785
-2629
-2348
-2059
-1759
-1400
-1012
-592
-210
75
378
582
701
683
638
601
558
471
348
286
251
320
382
522
685
842
1037
1215
1433
1594
1766
1885
1898
1815
1647
1482
1319
1139
903
759
710
736
783
818
958
1073
1071
942
751
583
440
266
217
310
539
686
686
557
193
-135
-387
-744
-1020
-1223
-1530
-1772
-1946
-2145
-2280
-2485
-2619
-2694
-2785
-2833
-2783
-2558
-2289
-2015
-1705
-1310
-889
-505
-236
47
306
497
566
527
520
510
488
388
326
306
354
393
465
614
778
981
1175
1380
1556
1733
1864
1914
1868
1737
1561
1387
1189
977
800
750
807
890
989
1142
1249
1329
1282
1117
1020
901
693
479
350
238
169
96
245
244
-9
-237
-430
-512
-606
-765
-1006
-1127
-1243
-1459
-1708
-1915
-2053
-2162
-2190
-2219
-2046
-1777
-1496
-1219
-888
-486
-105
200
411
664
861
999
977
916
886
821
732
606
541
532
616
681
797
969
1152
1368
1546
1711
1829
1979
2056
2048
1926
1778
1632
1460
1256
1094
1054
1100
1201
1253
1326
1439
1496
1456
1322
1245
1219
1154
1103
1177
1299
1346
1306
882
389
-82
-604
-1179
-1714
-2170
-2556
-2920
-3256
-3401
-3466
-3512
-3575
-3569
-3492
-3347
-3228
-3068
-2709
-2245
-1843
-1419
-939
-458
-14
290
561
787
937
1007
959
950
938
925
841
785
728
740
818
884
1034
1166
1317
1472
1659
1797
1889
2004
2039
1993
1817
1622
1474
1341
1185
1067
1099
1291
1489
1626
1768
1895
1944
1904
1848
1706
1776
1807
1771
1763
1110
-40
-1145
-1919
-2223
-2303
-2340
-2279
-2152
-1997
-1988
-2055
-2152
-2284
-2449
-2625
-2766
-2794
-2755
-2669
-2537
-2235
-1830
-1455
-1143
-828
-443
-59
287
535
813
1006
1113
1019
905
844
773
661
475
364
325
366
373
440
581
756
948
1103
1280
1404
1557
1641
1613
1516
1350
1201
1059
927
797
804
933
1107
1261
1340
1431
1463
1381
1188
1028
961
920
762
736
596
306
65
-258
-723
-1051
-1018
-1124
-1173
-1189
-1208
-1371
-1542
-1689
-1870
-1987
-2067
-2100
-2045
-2006
-1989
-1862
-1596
-1263
-1006
-740
-414
-62
268
520
767
969
1123
1107
996
948
910
847
696
583
550
624
649
689
828
988
1208
1383
1575
1731
1890
2003
1969
1865
1707
1592
1470
1358
1277
1318
1470
1647
1786
1838
1843
1875
1866
1762
1639
1593
1712
1794
2018
1636
983
693
85
-478
-969
-1649
-2399
-3040
-3664
-4065
-4461
-4575
-4482
-4459
-4340
-4245
-4029
-3754
-3498
-3202
-2853
-2451
-2057
-1719
-1375
-997
-609
-264
-37
196
377
518
549
467
444
459
459
368
302
276
339
392
408
531
676
881
1061
1241
1406
1575
1744
1779
1723
1607
1528
1457
1392
1369
1399
1565
1767
1884
1841
1844
1879
1882
1786
1661
1673
1739
1830
1960
1955
1682
1419
549
-576
-1320
-1636
-1705
-1855
-1964
-2171
-2438
-2790
-3082
-3358
-3680
-3945
-4019
-3909
-3784
-3636
-3340
-2879
-2384
-1948
-1458
-913
-341
143
478
834
1147
1374
1424
1351
1326
1331
1289
1154
1036
980
1024
1026
1034
1099
1215
1423
1572
1686
1807
1958
2083
2063
1964
1856
1775
1726
1645
1600
1681
1867
2095
2157
2137
2151
2230
2228
2259
2258
2307
2332
2329
2282
1818
1007
-90
-1164
-2038
-2580
-2992
-3195
-3348
-3479
-3583
-3690
-3633
-3662
-3745
-3920
-4028
-4001
-4035
-4042
-3975
-3657
-3227
-2846
-2549
-2189
-1740
-1317
-966
-716
-399
-130
94
129
118
159
206
230
142
97
110
218
230
280
395
563
786
967
1150
1290
1511
1652
1686
1586
1487
1452
1445
1414
1360
1458
1585
1716
1730
1715
1716
1740
1763
1695
1763
1906
2044
2111
1735
724
-183
-857
-1298
-1748
-2071
-2063
-2029
-1911
-1842
-1948
-2246
-2502
-2958
-3458
-3919
-4253
-4334
-4360
-4261
-3954
-3490
-2903
-2397
-1854
-1251
-575
60
523
940
1305
1644
1817
1810
1775
1794
1773
1662
1525
1408
1402
1411
1368
1339
1361
1501
1666
1767
1849
1968
2132
2213
2162
2084
2030
2007
1948
1845
1815
1863
2015
2095
2137
2223
2326
2492
2576
2699
2877
3092
3233
3108
2364
1210
257
-356
-1073
-1878
-2554
-3276
-3985
-4831
-5501
-5870
-5934
-5909
-6002
-5999
-5916
-5607
-5184
-4781
-4357
-3841
-3158
-2561
-2043
-1529
-934
-301
252
634
988
1311
1539
1632
1562
1563
1573
1550
1421
1241
1134
1147
1158
1138
1171
1270
1456
1656
1824
1933
2124
2318
2408
2359
2245
2198
2187
2135
2018
1987
2065
2222
2270
2302
2413
2585
2776
2884
2984
3183
3300
3394
2905
1840
823
-174
-1148
-2358
-3019
-3187
-3431
-3738
-4183
-4665
-5132
-5286
-5288
-5396
-5411
-5152
-4636
-4172
-3798
-3361
-2719
-1942
-1327
-886
-422
63
574
952
1191
1424
1660
1864
1839
1769
1765
1797
1722
1511
1330
1228
1204
1126
1057
1062
1165
1326
1426
1518
1650
1865
2049
2101
2068
2043
2045
2045
1935
1858
1809
1853
1961
1964
1994
1999
2053
2124
2164
2192
2435
2705
2969
2592
1283
-458
-1766
-2658
-3323
-3785
-3994
-3900
-3738
-3598
-3605
-3630
-3657
-3733
-3769
-3896
-3840
-3634
-3525
-3426
-3269
-2887
-2527
-2197
-1928
-1508
-987
-421
-5
343
688
933
1111
1096
1097
1132
1191
1120
967
841
823
878
843
861
914
1103
1321
1545
1705
1873
2123
2270
2279
2155
2087
2087
2047
1931
1834
1877
2028
2170
2157
2164
2200
2213
2300
2333
2507
2610
2621
2267
1406
655
231
-449
-1353
-2157
-2517
-2729
-2977
-2991
-3101
-3146
-3128
-3220
-3440
-3629
-3572
-3325
-3081
-2897
-2713
-2339
-1884
-1407
-1103
-700
-227
324
781
1052
1378
1638
1891
1879
1764
1703
1705
1642
1424
1191
1030
1021
939
866
820
901
1114
1298
1423
1530
1747
1992
2066
1971
1887
1856
1856
1724
1593
1564
1654
1804
1827
1766
1825
1945
2123
2183
2231
2328
2518
2994
2859
1767
281
-1844
-3305
-3849
-4021
-3758
-3504
-3485
-3824
-4359
-4885
-5239
-5477
-5724
-5935
-5833
-5705
-5599
-5472
-5075
-4438
-3721
-3118
-2540
-1800
-1077
-400
-15
347
656
956
1095
1014
977
977
1016
841
642
454
442
449
403
406
461
711
944
1132
1279
1539
1827
2007
2008
1951
1923
1908
1849
1682
1645
1706
1827
1871
1890
1950
2002
2074
2191
2332
2529
2742
2979
2801
1785
428
-1059
-1826
-2390
-2911
-2976
-3090
-3180
-3409
-3751
-3994
-4000
-3964
-3891
-3922
-3837
-3659
-3696
-3706
-3509
-3129
-2645
-2224
-1744
-1206
-680
-82
328
654
971
1265
1490
1480
1469
1513
1578
1495
1301
1121
1047
1030
954
933
968
1135
1372
1572
1734
1937
2204
2409
2438
2358
2303
2263
2177
1992
1866
1848
1933
1911
1918
1939
2028
2161
2117
2129
2217
2497
2785
2767
2298
1249
356
-351
-1475
-2304
-2944
-3297
-3582
-3925
-4287
-4608
-4710
-4840
-5047
-5302
-5338
-5208
-5086
-4987
-4640
-4059
-3396
-2891
-2396
-1855
-1234
-627
-209
138
429
752
961
972
965
1006
1045
943
751
609
594
604
587
592
675
892
1171
1366
1538
1758
2035
2207
2208
2153
2125
2116
1963
1761
1620
1629
1701
1739
1759
1817
1863
1962
2067
2153
2289
2514
2757
2732
2287
1210
-194
-1431
-2870
-4144
-4813
-5295
-5472
-5483
-5520
-5147
-4642
-4307
-4059
-3935
-3646
-3367
-3217
-3029
-2638
-2185
-1716
-1277
-859
-381
109
564
833
1124
1362
1657
1774
1716
1697
1694
1695
1498
1289
1119
1084
1012
951
946
1011
1250
1462
1652
1809
2073
2335
2480
2450
2396
2360
2312
2159
1971
1902
1908
1991
2032
2157
2267
2444
2581
2605
2684
2819
3302
3687
3574
2418
749
-454
-1480
-2379
-3041
-3372
-3795
-4140
-4570
-4910
-5162
-5310
-5388
-5419
-5219
-4685
-4139
-3793
-3358
-2674
-1885
-1278
-728
-200
349
914
1357
1677
1921
2141
2317
2298
2200
2138
2103
1999
1734
1466
1314
1231
1109
1015
947
1005
1196
1357
1482
1639
1892
2120
2184
2098
2026
1974
1869
1635
1435
1363
1379
1375
1382
1438
1536
1672
1735
1784
1987
2331
2713
2890
2529
1311
106
-725
-1480
-1751
-1813
-1684
-1904
-2414
-2908
-3438
-3727
-4084
-4474
-4808
-4982
-4957
-4909
-4864
-4725
-4384
-3925
-3483
-3013
-2387
-1651
-927
-324
142
547
929
1207
1259
1267
1304
1350
1248
1017
828
761
717
617
562
595
768
1020
1219
1420
1671
1983
2210
2271
2249
2228
2186
2013
1758
1598
1557
1532
1505
1516
1584
1670
1758
1861
1906
1963
2132
2398
2491
2090
1401
734
497
-165
-1137
-1661
-2206
-2808
-3562
-4358
-5086
-5642
-5810
-5786
-5788
-5510
-5093
-4784
-4498
-4057
-3364
-2666
-2042
-1429
-763
-72
546
1014
1367
1694
1970
2162
2136
2113
2118
2082
1912
1647
1454
1345
1246
1097
1038
1029
1156
1337
1513
1659
1853
2108
2272
2276
2180
2121
2007
1820
1518
1348
1284
1277
1262
1281
1358
1396
1557
1607
1660
1827
2169
2603
2805
2607
1712
538
-541
-1201
-1812
-2580
-3121
-3677
-3955
-4165
-4185
-4368
-4497
-4798
-5030
-4911
-4688
-4554
-4491
-4178
-3803
-3355
-2966
-2461
-1888
-1226
-565
-102
353
692
1048
1245
1283
1311
1354
1354
1180
962
792
727
622
515
471
519
674
893
1089
1273
1557
1861
2085
2114
2115
2132
2097
1888
1576
1379
1243
1253
1219
1313
1401
1541
1619
1613
1655
1877
2356
2893
3329
3575
3122
1575
74
-968
-1713
-2307
-2841
-3313
-3795
-4131
-4441
-4681
-4901
-5141
-5220
-5055
-4821
-4734
-4578
-4145
-3474
-2891
-2422
-1885
-1258
-613
-11
471
910
1337
1685
1860
1856
1869
1889
1850
1657
1402
1264
1173
1056
910
840
881
1052
1229
1351
1539
1799
2081
2234
2269
2261
2252
2176
1948
1629
1444
1345
1270
1186
1182
1251
1316
1341
1323
1380
1598
1968
2312
2325
1947
1135
119
-620
-1339
-1853
-2255
-2607
-2773
-3019
-3376
-3604
-3750
-3901
-4117
-4239
-4119
-3942
-3892
-3893
-3650
-3171
-2682
-2266
-1752
-1100
-400
257
756
1127
1475
1817
2010
2044
2057
2082
2049
1851
1593
1429
1339
1230
1089
1012
1051
1193
1382
1552
1742
1999
2272
2450
2510
2538
2555
2516
2362
2087
1879
1788
1731
1635
1627
1725
1791
1860
1901
1922
2036
2190
2444
2548
2264
1786
964
96
-766
-1461
-2164
-2937
-3526
-3797
-3862
-3830
-3735
-3759
-4018
-4321
-4398
-4366
-4322
-4371
-4290
-3974
-3594
-3179
-2798
-2279
-1708
-1068
-502
-33
420
821
1176
1306
1427
1518
1595
1579
1445
1298
1228
1188
1094
1033
1017
1074
1192
1346
1515
1731
1988
2249
2413
2496
2531
2553
2531
2385
2214
2030
1927
1827
1710
1680
1674
1718
1719
1738
1774
1927
2014
2193
2239
1803
674
-498
-1132
-1491
-1652
-1899
-2146
-2520
-3019
-3371
-3633
-3750
-3839
-3969
-4190
-4306
-4257
-4143
-3965
-3719
-3250
-2780
-2324
-1910
-1432
-898
-326
158
559
985
1357
1681
1787
1824
1824
1830
1755
1540
1309
1128
1007
843
725
646
672
770
920
1065
1262
1564
1864
2078
2220
2347
2440
2452
2344
2188
2001
1871
1754
1653
1586
1616
1690
1769
1861
1879
1968
2028
2139
2362
2417
2087
1117
312
-638
-1832
-2555
-3080
-3290
-3371
-3392
-3726
-4127
-4388
-4667
-4957
-5111
-5131
-5041
-4908
-4782
-4365
-3819
-3234
-2827
-2369
-1818
-1192
-604
-173
296
697
1092
1346
1482
1592
1671
1714
1616
1435
1280
1199
1084
971
847
803
878
1059
1252
1424
1705
2030
2311
2470
2567
2670
2762
2691
2481
2216
2045
1965
1873
1770
1789
1895
1927
1885
1740
1677
1650
1417
1227
1043
1009
1090
1005
807
338
-320
-1211
-2107
-2779
-3526
-4367
-5136
-5622
-5915
-6145
-6285
-6229
-6107
-5884
-5706
-5411
-4881
-4296
-3790
-3305
-2749
-2182
-1589
-1154
-701
-268
124
446
583
703
830
938
901
752
593
499
416
302
238
209
289
396
566
781
1045
1377
1649
1971
2174
2340
2455
2558
2497
2378
2197
2029
1938
1843
1803
1775
1881
1932
2031
2008
2081
2131
2117
2240
2327
2349
1671
793
7
-550
-1011
-1413
-1769
-2188
-2526
-2924
-3335
-3868
-4240
-4427
-4491
-4564
-4468
-4235
-3958
-3514
-2867
-2129
-1540
-998
-424
181
795
1300
1736
2139
2489
2793
2903
2914
2927
2914
2773
2496
2207
1986
1778
1536
1298
1117
1009
1033
1114
1221
1397
1664
1961
2173
2311
2435
2613
2691
2625
2452
2264
2130
1994
1859
1737
1729
1861
1978
2043
2109
2210
2261
2162
2049
2018
1839
1311
512
-126
-1007
-1793
-2262
-2726
-3022
-3215
-3346
-3595
-3710
-3747
-3653
-3571
-3553
-3427
-3213
-2967
-2661
-2176
-1616
-1052
-587
-123
334
783
1223
1540
1884
2136
2370
2479
2470
2438
2363
2250
1997
1688
1409
1177
927
732
553
411
329
367
478
614
842
1147
1486
1700
1889
2088
2269
2302
2215
2093
1951
1867
1704
1551
1358
1284
1337
1311
1247
1329
1533
1692
1677
1631
1699
1584
1468
1188
636
-49
-1121
-2166
-2987
-3279
-3493
-4017
-4640
-5040
-5158
-5131
-5049
-4917
-4529
-4164
-3787
-3403
-2875
-2299
-1830
-1349
-802
-227
317
843
1270
1680
1937
2155
2270
2304
2302
2245
2177
1955
1692
1443
1229
999
801
599
441
353
443
596
723
954
1235
1569
1755
1924
2125
2331
2339
2205
2028
1866
1777
1584
1465
1318
1333
1320
1335
1332
1440
1622
1702
1773
1775
2095
2207
1866
710
-594
-1642
-2725
-3231
-3451
-3644
-3788
-3800
-4144
-4328
-4366
-4259
-3983
-3841
-3434
-3254
-2933
-2774
-2524
-2145
-1724
-1309
-922
-346
194
832
1288
1739
2002
2252
2490
2585
2643
2579
2574
2383
2113
1771
1487
1219
954
683
398
250
206
278
305
426
658
953
1202
1347
1559
1809
1943
1840
1686
1545
1425
1219
991
795
627
594
480
433
397
396
397
381
414
561
1001
1259
1358
1011
284
-753
-2171
-3474
-4434
-5079
-5566
-5864
-6373
-6408
-6160
-5667
-5128
-4818
-4425
-4073
-3682
-3496
-3190
-2854
-2510
-2211
-1910
-1555
-1237
-777
-461
-132
111
380
644
765
824
846
937
902
764
597
559
484
383
252
128
122
172
313
404
599
862
1184
1448
1658
1926
2225
2432
2420
2407
2362
2317
2159
1965
1785
1585
1484
1369
1329
1354
1444
1502
1504
1422
1421
1525
1784
1980
2073
1916
1207
84
-1104
-2155
-2965
-3080
-2911
-2597
-2384
-2217
-1932
-1757
-1792
-1983
-2068
-2145
-2264
-2493
-2571
-2524
-2422
-2318
-2220
-2000
-1686
-1289
-1029
-746
-468
-148
200
380
548
723
897
912
826
733
684
569
431
253
95
8
8
28
52
192
414
696
910
1132
1415
1739
1936
2016
2045
2068
2077
1978
1832
1639
1514
1366
1256
1097
1115
1133
1169
1223
1266
1401
1421
1457
1451
1247
992
619
65
-626
-1329
-1751
-2071
-2529
-2659
-2844
-3081
-3186
-3378
-3370
-3389
-3426
-3299
-3190
-3080
-2944
-2634
-2200
-1757
-1429
-1075
-677
-279
55
290
585
833
1100
1241
1306
1387
1442
1457
1324
1119
942
784
570
345
94
-83
-220
-291
-338
-304
-182
35
291
536
804
1091
1417
1661
1832
1933
2030
2083
2036
1876
1666
1465
1260
1077
882
816
844
912
955
971
1006
1082
1079
1178
1289
1292
1186
744
234
-598
-1503
-2506
-3285
-4034
-4552
-4916
-5078
-4871
-4783
-4478
-4430
-4228
-4002
-3714
-3546
-3309
-2911
-2522
-2165
-1955
-1646
-1361
-955
-634
-321
12
293
604
771
947
1084
1210
1231
1116
965
853
714
531
344
145
10
-103
-130
-158
-116
7
197
453
691
951
1281
1648
1907
2101
2209
2335
2389
2349
2192
1995
1858
1689
1484
1276
1203
1195
1247
1179
1119
1145
1162
1199
1108
1286
1401
1488
1346
920
459
28
-155
-412
-619
-1084
-1496
-1944
-2170
-2321
-2519
-2554
-2774
-2715
-2681
-2576
-2571
-2423
-2091
-1730
-1302
-947
-507
-186
200
456
738
947
1063
1192
1215
1247
1192
1161
1005
807
573
369
143
-72
-274
-494
-648
-787
-817
-784
-736
-616
-372
-113
85
320
660
1010
1263
1450
1608
1779
1917
1944
1878
1801
1740
1616
1404
1181
1090
1085
1076
1013
997
1051
1066
982
849
722
867
956
1024
1159
1265
1222
888
411
-136
-733
-1265
-1675
-2319
-2656
-2923
-3076
-3296
-3499
-3465
-3510
-3408
-3490
-3410
-3225
-3027
-2837
-2688
-2438
-2193
-1803
-1465
-1075
-730
-370
-18
206
403
536
712
792
757
664
611
561
493
371
206
107
52
52
12
35
175
363
572
724
979
1303
1640
1879
2097
2294
2495
2619
2656
2611
2521
2410
2226
2003
1747
1587
1444
1371
1302
1329
1348
1383
1373
1299
1218
1119
1258
1281
1445
1578
1673
1587
1236
635
-8
-540
-1226
-1805
-2423
-2870
-3243
-3406
-3505
-3720
-3702
-3690
-3535
-3575
-3474
-3230
-2952
-2734
-2531
-2251
-1951
-1549
-1283
-924
-616
-268
60
276
479
631
811
858
830
766
743
666
561
394
202
49
-95
-155
-232
-198
-156
-9
167
333
565
872
1204
1445
1665
1826
2050
2196
2306
2300
2293
2252
2130
1964
1744
1596
1447
1357
1206
1160
1169
1228
1193
1113
991
840
619
538
531
510
588
530
626
483
301
-97
-443
-874
-1475
-1964
-2355
-2466
-2631
-2516
-2380
-2120
-1954
-1747
-1661
-1550
-1329
-1142
-999
-1024
-912
-796
-607
-533
-448
-302
-178
18
98
195
269
367
408
333
247
168
105
-41
-217
-395
-534
-660
-750
-799
-825
-779
-703
-522
-376
-161
97
403
676
892
1102
1318
1555
1681
1784
1806
1862
1848
1787
1658
1520
1436
1313
1209
1061
1050
1067
1091
1083
1007
1009
904
824
608
622
654
678
807
879
1104
1119
1112
842
514
29
-359
-786
-1216
-1383
-1584
-1617
-1763
-1720
-1734
-1679
-1797
-1871
-1747
-1700
-1557
-1506
-1301
-1149
-914
-726
-536
-331
-184
58
213
383
489
609
652
601
503
371
212
12
-153
-358
-524
-677
-767
-841
-903
-885
-828
-655
-571
-385
-139
149
402
613
833
1039
1274
1419
1553
1612
1724
1749
1745
1685
1624
1627
1565
1511
1414
1447
1460
1468
1456
1462
1470
1419
1370
1201
1076
854
722
665
529
554
566
645
621
570
507
343
-33
-564
-1087
-1595
-1885
-2204
-2374
-2536
-2656
-2681
-2739
-2760
-2858
-2790
-2667
-2535
-2469
-2281
-2030
-1657
-1285
-984
-647
-353
-21
210
426
628
830
963
957
891
826
760
617
451
249
88
-85
-230
-342
-454
-464
-441
-354
-257
-176
-9
226
442
622
784
963
1146
1277
1391
1456
1542
1617
1651
1640
1629
1656
1695
1690
1633
1628
1664
1718
1676
1659
1613
1551
1440
1254
1067
845
634
378
125
-60
-54
-63
86
225
394
537
562
513
210
-157
-562
-808
-991
-1017
-1076
-1079
-1120
-1117
-1103
-1154
-1149
-1234
-1181
-1147
-1096
-1093
-1027
-892
-686
-443
-194
110
340
591
778
911
1019
1055
1068
981
846
690
513
343
147
-54
-236
-389
-493
-551
-603
-588
-551
-472
-385
-308
-150
7
191
300
404
506
633
753
828
920
1004
1132
1228
1335
1438
1582
1730
1817
1887
1940
2040
2100
2109
2046
1958
1846
1676
1464
1193
999
752
563
345
168
77
-42
-66
-89
-110
-34
67
195
267
328
399
462
452
347
123
-117
-369
-705
-967
-1233
-1399
-1490
-1546
-1584
-1633
-1545
-1477
-1386
-1281
-1019
-737
-435
-120
210
562
853
1106
1215
1259
1261
1229
1155
994
816
641
455
251
52
-144
-310
-468
-597
-707
-799
-832
-854
-857
-865
-879
-828
-754
-667
-599
-515
-436
-328
-198
-93
43
210
406
582
776
970
1216
1454
1656
1812
1961
2092
2189
2226
2209
2154
2014
1849
1599
1348
1097
849
643
430
258
149
83
63
2
-37
-68
-15
69
105
205
265
408
480
556
609
665
618
483
26
-557
-1148
-1607
-1905
-2226
-2388
-2549
-2536
-2549
-2447
-2261
-2072
-1850
-1738
-1560
-1340
-1063
-820
-566
-288
-68
158
322
468
602
725
792
758
677
603
509
392
255
74
-102
-277
-429
-555
-690
-758
-833
-866
-915
-936
-892
-810
-722
-657
-583
-488
-356
-223
-74
59
233
384
557
714
904
1114
1318
1505
1641
1801
1932
2061
2117
2145
2116
2048
1939
1782
1588
1379
1156
915
684
446
290
163
91
25
-34
-60
-113
-173
-278
-385
-391
-408
-371
-303
-232
-81
64
265
432
608
722
773
578
217
-128
-477
-798
-1057
-1163
-1330
-1515
-1731
-1826
-1918
-1917
-1855
-1756
-1600
-1440
-1259
-1092
-856
-646
-436
-199
-13
162
307
432
504
498
445
367
263
147
5
-158
-337
-502
-632
-751
-837
-888
-918
-906
-913
-881
-820
-730
-640
-570
-504
-423
-313
-220
-101
9
156
289
450
615
813
1035
1254
1477
1656
1866
2038
2212
2323
2405
2426
2393
2315
2162
1983
1727
1462
1169
891
630
432
301
214
169
135
151
159
171
140
73
-42
-198
-355
-512
-537
-568
-563
-544
-451
-221
25
258
385
399
246
107
-71
-192
-304
-398
-542
-733
-871
-1024
-1149
-1343
-1456
-1539
-1560
-1570
-1526
-1424
-1304
-1069
-873
-649
-422
-205
8
171
315
406
465
440
359
246
101
-71
-265
-473
-693
-890
-1054
-1158
-1226
-1262
-1253
-1217
-1134
-1051
-935
-807
-694
-583
-501
-436
-370
-275
-192
-109
-17
94
235
385
575
782
1028
1285
1550
1811
2073
2327
2561
2763
2878
2972
2995
2973
2872
2712
2498
2207
1899
1557
1248
983
786
650
579
558
588
665
761
832
867
865
839
754
623
464
282
85
-106
-266
-333
-332
-386
-407
-440
-438
-547
-674
-709
-713
-617
-565
-496
-411
-362
-373
-420
-555
-688
-856
-1029
-1165
-1280
-1272
-1227
-1129
-976
-750
-510
-220
61
302
525
701
853
955
1016
1030
986
884
712
501
267
10
-233
-474
-693
-880
-1016
-1086
-1104
-1086
-1025
-943
-844
-742
-664
-568
-487
-423
-383
-374
-356
-335
-293
-238
-175
-67
77
260
477
722
1001
1304
1600
1877
2138
2372
2594
2744
2844
2870
2843
2756
2597
2384
2111
1813
1464
1138
820
588
427
347
328
358
435
523
643
749
852
917
937
893
797
644
457
243
12
-182
-377
-517
-647
-718
-748
-661
-437
-397
-432
-512
-424
-324
-249
-152
-61
34
85
104
42
19
-39
-137
-266
-415
-525
-618
-649
-640
-509
-324
-105
128
323
501
631
742
801
815
765
686
573
394
184
-62
-315
-586
-853
-1099
-1286
-1424
-1512
-1550
-1558
-1518
-1462
-1373
-1286
-1184
-1096
-1040
-994
-988
-984
-987
-989
-992
-981
-949
-871
-736
-582
-363
-122
153
443
748
1058
1368
1656
1927
2145
2297
2422
2488
2508
2455
2365
2223
2056
1865
1636
1407
1170
943
739
577
470
434
444
483
540
601
674
735
764
782
775
726
654
559
453
343
249
150
67
-8
-73
-110
-144
-168
-154
-115
-190
-297
-474
-614
-799
-1070
-1328
-1607
-1845
-2092
-2282
-2389
-2440
-2412
-2291
-2175
-2017
-1833
-1633
-1424
-1240
-1044
-868
-696
-527
-392
-263
-177
-133
-127
-133
-172
-239
-308
-379
-444
-535
-628
-734
-829
-910
-984
-1057
-1144
-1217
-1281
-1339
-1380
-1418
-1448
-1484
-1520
-1549
-1559
-1565
-1555
-1540
-1519
-1476
-1425
-1327
-1211
-1056
-888
-704
-484
-258
-8
245
506
760
999
1219
1428
1617
1791
1940
2053
2138
2194
2238
2253
2250
2224
2191
2141
2063
1980
1882
1778
1642
1500
1354
1210
1082
946
836
739
652
597
567
572
611
645
678
689
683
671
653
639
632
640
672
691
699
714
741
776
827
896
976
1021
1057
1081
996
797
535
295
45
-188
-389
-538
-753
-923
-1075
-1123
-1114
-1138
-1094
-1048
-1000
-959
-885
-832
-786
-753
-729
-723
-729
-765
-813
-847
-908
-952
-993
-1041
-1061
-1054
-1022
-988
-955
-924
-902
-889
-886
-882
-885
-933
-988
-1055
-1119
-1171
-1221
-1262
-1292
-1318
-1324
-1305
-1251
-1173
-1079
-976
-862
-744
-600
-448
-260
-78
95
264
407
561
707
857
985
1106
1195
1282
1356
1428
1500
1551
1587
1585
1585
1566
1559
1537
1503
1448
1370
1277
1164
1059
943
838
713
599
503
409
368
352
365
392
448
517
597
683
764
837
910
982
1051
1120
1194
1276
1343
1407
1462
1524
1615
1694
1759
1792
1714
1558
1307
857
294
-369
-1036
-1607
-2241
-2875
-3389
-3779
-4072
-4304
-4437
-4443
-4332
-4149
-3918
-3650
-3310
-2912
-2509
-2111
-1755
-1464
-1210
-1019
-858
-761
-701
-643
-593
-567
-557
-545
-529
-507
-484
-453
-433
-410
-379
-338
-303
-279
-284
-298
-330
-366
-401
-445
-498
-570
-649
-729
-799
-844
-860
-858
-838
-806
-752
-649
-515
-356
-166
4
184
352
513
677
818
950
1051
1114
1151
1186
1211
1222
1237
1246
1228
1220
1216
1217
1236
1252
1264
1266
1270
1275
1287
1288
1270
1251
1213
1172
1129
1100
1093
1088
1089
1104
1148
1216
1303
1404
1507
1616
1713
1809
1909
2009
2111
2199
2271
2329
2372
2397
2403
2345
2254
2081
1804
1413
978
490
-54
-611
-1195
-1675
-2098
-2425
-2732
-2959
-3115
-3237
-3302
-3308
-3287
-3273
-3229
-3174
-3134
-3097
-3017
-2915
-2785
-2644
-2483
-2297
-2095
-1881
-1651
-1421
-1183
-973
-746
-550
-387
-242
-105
14
107
184
244
290
322
352
369
384
394
418
446
463
475
469
454
421
389
357
316
280
223
172
116
77
53
57
69
94
144
197
278
354
443
536
642
746
842
921
981
1044
1084
1112
1139
1160
1169
1157
1133
1118
1120
1117
1115
1115
1124
1138
1154
1183
1216
1264
1296
1323
1343
1377
1422
1457
1486
1515
1556
1590
1646
1717
1809
1911
2005
2094
2172
2241
2286
2289
2245
2161
2013
1841
1617
1361
1056
664
218
-266
-759
-1265
-1735
-2217
-2585
-2891
-3204
-3425
-3594
-3639
-3644
-3604
-3540
-3443
-3327
-3217
-3125
-3016
-2899
-2794
-2686
-2591
-2536
-2495
-2439
-2392
-2314
-2237
-2129
-2014
-1890
-1742
-1576
-1400
-1235
-1049
-864
-725
-623
-555
-488
-431
-383
-337
-311
-293
-250
-239
-206
-152
-112
-73
-42
-18
19
67
99
136
165
184
203
222
245
278
310
340
370
407
452
514
589
661
734
816
894
975
1051
1114
1176
1220
1269
1308
1341
1354
1357
1354
1343
1338
1342
1350
1361
1378
1389
1405
1419
1435
1453
1467
1481
1476
1471
1461
1439
1419
1387
1349
1306
1269
1230
1200
1166
1146
1137
1136
1145
1165
1196
1230
1259
1285
1303
1314
1310
1285
1241
1171
1074
959
817
661
511
334
170
-6
-185
-359
-507
-633
-765
-866
-958
-1038
-1147
-1251
-1346
-1445
-1542
-1648
-1751
-1860
-1949
-2011
-2061
-2083
-2070
-2056
-2036
-2023
-2004
-2002
-1985
-1965
-1922
-1851
-1769
-1690
-1608
-1529
-1463
-1392
-1304
-1176
-1054
-950
-838
-724
-616
-518
-422
-333
-254
-175
-96
-22
54
123
173
218
237
253
265
263
258
255
247
232
229
239
245
261
282
308
323
355
396
416
450
482
520
561
598
625
645
657
659
658
648
636
623
601
586
568
554
542
537
531
525
522
526
530
527
525
525
520
510
502
493
484
476
472
465
454
451
450
460
473
484
500
522
542
558
574
585
604
618
634
648
659
665
667
673
673
664
657
646
636
629
614
599
589
572
558
542
523
502
476
440
407
370
325
268
208
149
84
26
-31
-95
-164
-251
-338
-411
-491
-569
-644
-709
-776
-835
-888
-935
-983
-1029
-1074
-1108
-1130
-1143
-1158
-1168
-1173
-1163
-1157
-1142
-1105
-1067
-1004
-936
-872
-805
-752
-698
-640
-596
-558
-532
-506
-484
-463
-440
-419
-403
-396
-387
-370
-355
-344
-338
-331
-331
-332
-332
-332
-322
-310
-294
-268
-243
-218
-187
-145
-107
-80
-47
-4
43
84
122
163
204
244
283
320
357
388
418
456
488
513
535
554
575
595
617
624
633
634
631
636
630
627
619
614
606
597
591
585
583
574
570
568
569
571
570
572
574
578
580
580
583
584
580
581
578
577
573
570
566
560
557
546
537
531
525
517
512
504
493
480
462
447
424
408
383
363
341
311
294
272
253
237
216
195
174
158
143
128
113
102
89
75
61
45
29
11
-8
-30
-53
-77
-101
-123
-142
-161
-183
-200
-215
-228
-234
-241
-259
-280
-303
-325
-344
-372
-398
-434
-476
-508
-539
-569
-607
-638
-663
-698
-717
-735
-757
-770
-773
-766
-760
-749
-723
-696
-667
-640
-613
-579
-548
-515
-488
-468
-451
-432
-420
-409
-400
-390
-375
-358
-347
-336
-321
-305
-290
-275
-255
-237
-214
-195
-181
-169
-150
-134
-121
-110
-102
-92
-91
-89
-91
-89
-92
-96
-94
-101
-95
-85
-89
-88
-81
-71
-59
-49
-44
-34
-24
-13
-8
1
2
5
9
15
20
17
18
19
27
31
41
53
63
76
89
103
114
127
142
154
170
183
200
218
231
245
258
272
280
284
291
301
309
307
305
306
304
305
302
306
312
308
316
314
315
308
301
302
293
287
272
262
249
232
219
207
193
181
170
162
153
140
135
132
126
113
108
105
94
86
81
76
66
54
42
33
21
9
-2
-14
-25
-38
-54
-61
-74
-83
-89
-103
-114
-126
-134
-148
-161
-165
-175
-181
-185
-183
-188
-190
-194
-198
-196
-197
-196
-194
-189
-183
-181
-177
-173
-163
-152
-144
-132
-121
-110
-98
-84
-70
-57
-47
-32
-16
-4
14
27
40
55
68
81
89
101
109
117
125
131
138
145
145
151
156
155
160
163
162
161
156
149
154
146
146
142
139
136
131
130
128
127
119
117
114
107
105
103
98
100
99
93
94
92
94
97
97
97
99
100
101
102
100
96
91
90
85
84
80
78
78
78
77
72
68
68
76
79
83
88
94
99
102
109
115
122
118
123
124
126
124
128
130
127
127
125
126
128
124
122
123
121
122
122
122
119
119
118
115
110
110
110
107
103
100
98
95
94
90
85
83
76
73
71
66
68
65
62
57
58
54
50
47
42
41
44
36
30
27
13
2
-4
-6
-15
-18
-21
-21
-19
-24
-30
-30
-29
-30
-25
-26
-26
-24
-23
-23
-19
-13
-11
-7
-2
1
3
9
15
12
12
13
18
22
27
33
38
38
44
50
57
64
64
70
75
82
85
86
89
90
88
95
101
97
99
101
100
102
102
103
107
107
108
108
111
112
110
115
120
118
120
123
126
127
132
132
133
135
134
137
135
137
133
134
135
135
131
129
126
122
120
116
113
110
105
105
108
108
99
91
90
85
78
71
68
62
65
62
61
59
54
59
53
49
45
40
36
33
29
26
23
21
14
10
9
3
4
3
-1
1
-2
-1
0
-2
-3
-3
0
-2
1
0
-2
-2
-3
-9
-9
-5
-10
-13
-11
-10
-12
-9
-9
-8
-6
-6
-14
-13
-11
-15
-7
1
9
3
3
2
1
3
-2
1
4
1
3
0
-1
-4
-1
0
-1
-1
0
-2
-4
-4
-9
-8
-11
-11
-17
-16
-15
-18
-17
-19
-18
-19
-24
-21
-19
-21
-22
-20
-12
-12
-14
-15
-10
-4
-3
-1
-4
-6
-2
-2
-4
-1
2
4
1
0
3
8
9
11
11
14
18
21
22
23
27
26
29
29
28
30
31
30
32
38
35
36
37
35
39
37
36
36
34
36
32
30
27
27
28
31
32
30
34
39
38
41
43
46
48
45
46
44
40
45
40
38
39
40
41
40
42
44
50
49
50
51
52
53
51
54
52
51
55
54
52
54
54
54
55
56
55
56
56
61
62
64
65
64
65
73
75
74
77
78
77
72
72
77
75
72
85
86
82
86
79
78
74
72
76
73
68
71
75
74
72
68
69
70
67
65
64
62
59
58
56
54
52
51
52
52
48
44
45
39
32
30
27
23
17
15
15
8
6
3
1
-1
-10
-5
-5
-5
-10
-15
-16
-15
-16
-17
-11
-15
-16
-21
-16
-16
-18
-17
-17
-14
-18
-17
-18
-17
-16
-16
-19
-18
-21
-22
-23
-22
-22
-23
-24
-24
-24
-24
-24
-26
-27
-28
-27
-25
-24
-25
-23
-22
-22
-21
-19
-20
-16
-11
-12
-15
-15
-11
-9
-8
-12
-11
-12
-7
-8
-7
-7
-6
-5
-4
0
2
-1
-2
-1
-4
-5
-6
0
-3
-6
-4
-4
2
2
5
5
4
8
11
13
14
15
15
18
16
18
22
21
20
23
21
21
25
23
23
24
28
27
29
32
31
32
37
30
28
31
28
31
34
44
45
39
38
37
36
34
39
40
39
37
37
41
41
44
47
47
46
46
48
49
45
44
45
38
41
36
34
38
37
37
36
35
36
35
31
32
34
33
34
36
33
35
31
30
32
33
34
35
28
25
31
29
28
27
30
28
27
29
31
32
32
30
31
34
36
35
34
37
38
39
37
37
38
38
38
37
39
41
40
42
45
45
46
46
45
44
46
45
44
49
48
45
43
38
41
47
51
46
50
53
51
55
55
55
53
51
53
51
46
47
40
41
43
40
40
37
36
37
36
36
38
39
37
35
38
36
36
37
36
37
35
39
38
37
36
37
37
35
40
40
39
40
38
47
46
41
43
37
40
36
35
34
32
29
34
33
34
31
22
16
16
17
12
13
16
17
20
16
9
9
11
13
9
8
9
4
6
3
0
2
0
0
0
1
-3
-1
-3
-8
-8
-7
-10
-8
-9
-9
-8
-7
-10
-10
-11
-14
-15
-11
-11
-16
-20
-20
-27
-20
-15
-19
-19
-22
-23
-24
-25
-22
-22
-26
-23
-26
-28
-26
-29
-31
-29
-31
-32
-31
-36
-34
-35
-32
-33
-32
-29
-30
-31
-31
-28
-27
-29
-30
-28
-28
-29
-28
-26
-27
-24
-26
-26
-22
-24
-27
-25
-22
-24
-24
-25
-26
-28
-30
-32
-30
-26
-29
-28
-29
-32
-33
-29
-33
-32
-35
-36
-39
-40
-37
-34
-32
-34
-32
-32
-29
-27
-24
-23
-23
-23
-23
-25
-23
-23
-26
-24
-22
-23
-25
-26
-26
-29
-28
-27
-28
-29
-30
-32
-32
-31
-34
-32
-33
-36
-38
-46
-40
-45
-50
-44
-38
-31
-33
-35
-34
-38
-37
-36
-35
-30
-28
-29
-32
-30
-30
-30
-27
-27
-27
-26
-26
-26
-28
-26
-29
-29
-24
-29
-26
-28
-22
-26
-25
-28
-26
-27
-29
-24
-28
-23
-22
-16
-19
-20
-20
-15
-12
-11
-9
-9
-11
-7
-5
-8
-8
-7
-6
-8
-7
-7
-3
-2
-3
-3
0
2
1
1
5
7
10
10
8
15
14
13
13
10
13
14
12
15
16
15
15
15
13
13
16
13
15
13
10
10
14
13
11
12
14
11
9
11
12
9
7
6
2
2
3
2
2
2
3
2
5
3
7
9
5
5
2
5
5
3
2
-1
-2
-1
-1
1
3
1
5
5
7
9
9
14
12
12
17
16
15
17
18
25
18
18
20
16
15
13
15
16
17
25
15
15
26
19
13
8
9
8
10
9
11
15
8
10
13
11
10
14
12
13
13
13
13
16
15
12
18
18
20
21
21
23
23
18
17
16
20
22
18
19
18
16
16
14
15
15
18
15
11
15
13
12
10
17
21
14
15
12
10
10
13
14
10
11
9
6
5
7
4
6
9
4
7
10
9
11
12
13
15
17
19
20
23
23
23
24
24
23
21
22
21
22
20
20
21
20
24
22
23
21
22
22
17
17
17
13
14
15
13
13
13
19
18
17
18
21
19
18
17
18
18
15
18
16
16
15
15
14
16
19
15
16
14
16
15
15
13
11
12
10
11
9
7
8
10
5
6
6
6
1
1
3
1
1
1
4
2
3
7
-3
-8
-3
-1
1
5
8
12
8
6
10
7
3
3
4
2
3
-2
-3
-3
-4
-6
-5
-3
-6
-9
-8
-7
-11
-14
-12
-14
-12
-13
-14
-9
-11
-12
-9
-9
-8
-9
-10
-10
-12
-8
-3
-7
-10
-12
-9
-8
-9
-6
-3
-8
-15
-11
-13
-14
-12
-14
-14
-15
-18
-14
-13
-12
-16
-13
-12
-12
-10
-11
-8
-9
-7
-5
-7
-7
-4
-3
-4
-6
-5
-5
-2
2
-1
-5
-2
-3
-1
-1
1
0
2
-5
-9
-3
-6
-8
-4
-3
-2
-6
-6
-3
-1
0
-5
-5
-7
-8
-11
-10
-10
-9
-8
-7
-4
-7
-5
-5
-8
-8
-5
-6
-1
-2
-6
-3
-7
-6
-6
-3
-7
-7
-8
-7
-6
-6
-6
-7
-5
-8
-9
-12
-5
-4
-4
1
-6
0
1
-3
-1
2
2
-1
7
12
7
11
16
10
4
5
6
5
2
2
3
2
2
3
0
0
2
4
-1
-3
0
0
0
1
1
3
6
2
5
9
7
7
6
5
1
1
2
1
2
3
3
0
-1
2
-2
-3
-1
-4
-7
-6
-2
-1
-7
-4
1
-2
-6
-1
-2
-3
-2
-3
0
1
-2
-3
-5
0
-2
-3
-2
-1
0
-4
-2
-5
0
-2
-5
0
1
-1
-1
-3
-7
-7
-8
-5
-5
-5
-6
-5
-6
-6
-2
-8
-9
-4
2
-1
-4
-3
-2
-5
-9
-13
-10
-11
-14
-8
-10
-13
-13
-12
-14
-17
-15
-15
-20
-21
-22
-20
-22
-24
-24
-23
-22
-24
-24
-25
-23
-23
-21
-23
-24
-19
-21
-20
-19
-20
-21
-22
-20
-21
-21
-21
-24
-23
-24
-20
-20
-27
-22
-19
-20
-17
-19
-15
-20
-22
-19
-27
-28
-21
-9
-11
-11
-11
-12
-10
-12
-17
-14
-12
-15
-17
-15
-17
-15
-14
-17
-17
-17
-16
-14
-18
-20
-20
-22
-24
-24
-26
-20
-22
-22
-26
-24
-24
-26
-25
-26
-25
-25
-23
-21
-21
-27
-26
-22
-17
-17
-19
-17
-15
-24
-22
-19
-18
-16
-19
-22
-21
-23
-25
-21
-23
-23
-23
-21
-22
-24
-21
-22
-21
-19
-20
-23
-24
-22
-22
-23
-23
-23
-24
-22
-18
-17
-14
-16
-17
-17
-16
-14
-13
-12
-15
-15
-12
-13
-16
-20
-14
-14
-14
-14
-13
-7
-6
-8
-10
-9
-5
-10
-13
-12
-11
-9
-14
-14
-12
-12
-9
-15
-15
-15
-15
-13
-12
-12
-16
-19
-20
-18
-19
-22
-21
-22
-23
-22
-19
-20
-22
-21
-25
-19
-16
-20
-16
-15
-8
-11
-11
-10
-10
-12
-14
-12
-16
-12
-5
-12
-7
-5
-17
-21
-26
-20
-23
-25
-23
-22
-22
-27
-26
-23
-22
-23
-19
-21
-23
-22
-24
-23
-24
-25
-27
-24
-25
-24
-23
-23
-21
-23
-24
-26
-27
-28
-29
-29
-27
-30
-28
-31
-30
-28
-36
-32
-35
-33
-34
-35
-30
-30
-34
-30
-28
-30
-31
-29
-27
-28
-25
-27
-27
-29
-28
-28
-32
-31
-32
-30
-30
-31
-29
-32
-30
-28
-25
-29
-30
-24
-26
-27
-29
-29
-30
-29
-29
-30
-28
-31
-32
-29
-30
-30
-30
-29
-29
-30
-33
-30
-33
-35
-38
-38
-39
-42
-41
-42
-39
-38
-36
-39
-41
-37
-39
-37
-38
-39
-38
-39
-43
-40
-39
-40
-40
-41
-39
-37
-35
-36
-40
-38
-36
-37
-37
-39
-38
-38
-41
-42
-41
-41
-35
-38
-41
-41
-43
-47
-47
-42
-46
-50
-46
-44
-47
-47
-49
-48
-54
-50
-50
-53
-44
-39
-32
-34
-35
-36
-35
-37
-38
-38
-35
-32
-38
-37
-35
-35
-35
-35
-36
-34
-32
-35
-31
-32
-32
-36
-37
-37
-38
-35
-33
-34
-34
-36
-36
-36
-39
-37
-36
-37
-37
-34
-29
-34
-36
-30
-29
-27
-30
-31
-28
-28
-25
-29
-37
-36
-31
-34
-39
-39
-39
-38
-38
-40
-39
-37
-34
-37
-38
-36
-36
-33
-34
-33
-31
-33
-34
-34
-32
-31
-33
-29
-30
-26
-28
-30
-29
-29
-27
-28
-26
-28
-23
-28
-35
-30
-26
-25
-26
-26
-22
-20
-22
-19
-19
-17
-17
-20
-22
-23
-23
-25
-25
-23
-23
-20
-20
-22
-16
-19
-19
-19
-17
-16
-18
-17
-20
-19
-20
-20
-17
-19
-21
-19
-20
-18
-19
-20
-21
-20
-23
-18
-18
-21
-21
-20
-17
-16
-17
-17
-17
-15
-16
-16
-13
-17
-7
-9
-7
-6
-16
-23
-22
-24
-23
-24
-28
-24
-19
-20
-24
-25
-25
-25
-22
-21
-23
-24
-23
-20
-24
-23
-22
-21
-22
-20
-21
-20
-18
-15
-18
-23
-21
-22
-19
-19
-17
-16
-17
-15
-15
-15
-19
-15
-11
-15
-15
-22
-22
-15
-15
-13
-9
-15
-13
-13
-17
-12
-12
-10
-12
-13
-13
-11
-13
-11
-10
-10
-10
-13
-12
-13
-12
-11
-13
-13
-13
-11
-12
-10
-9
-11
-15
-14
-18
-16
-15
-12
-12
-15
-17
-15
-17
-23
-16
-14
-13
-13
-18
-18
-16
-18
-21
-22
-23
-22
-23
-19
-14
-17
-20
-17
-13
-14
-16
-16
-16
-15
-19
-16
-16
-19
-16
-20
-19
-22
-19
-21
-21
-18
-19
-15
-18
-18
-20
-19
-20
-23
-22
-19
-17
-23
-23
-22
-26
-29
-31
-29
-28
-32
-35
-31
-30
-33
-34
-33
-43
-41
-37
-38
-32
-33
-26
-24
-29
-32
-32
-34
-33
-34
-33
-31
-34
-35
-38
-37
-34
-34
-34
-35
-34
-35
-37
-35
-36
-38
-38
-42
-41
-40
-36
-37
-37
-36
-37
-35
-38
-39
-39
-39
-36
-35
-31
-33
-38
-33
-31
-33
-32
-37
-30
-35
-35
-29
-32
-37
-34
-32
-37
-39
-39
-32
-35
-31
-35
-32
-33
-32
-33
-32
-30
-29
-30
-31
-31
-30
-27
-27
-28
-30
-30
-28
-26
-27
-24
-28
-26
-27
-28
-25
-25
-23
-27
-27
-29
-28
-28
-27
-23
-26
-24
-23
-20
-21
-16
-15
-19
-17
-19
-17
-19
-19
-19
-24
-18
-20
-21
-18
-17
-16
-16
-15
-20
-15
-14
-16
-18
-16
-17
-18
-16
-17
-17
-16
-18
-17
-16
-17
-15
-13
-15
-13
-10
-8
-12
-12
-9
-7
-7
-8
-7
-10
-7
-7
-7
-9
-2
-2
-6
1
1
-8
-15
-13
-12
-13
-16
-12
-13
-14
-13
-18
-17
-13
-10
-12
-14
-16
-15
-17
-15
-12
-14
-14
-11
-10
-8
-6
-6
-6
-7
-7
-8
-8
-11
-7
-9
-8
-7
-8
-6
-9
-9
-9
-11
-13
-11
-11
-11
-11
-6
-10
-6
-8
-12
-7
-4
-7
-4
-4
-3
-1
-3
0
-1
-1
-2
-1
-1
0
0
1
-2
2
0
1
2
2
4
1
6
4
-1
0
-2
1
1
4
5
6
5
6
5
1
-1
6
13
10
5
6
6
1
2
-1
-2
0
0
2
6
6
1
3
5
7
6
5
5
3
0
2
4
4
4
3
2
5
4
4
5
9
6
6
8
5
5
8
8
6
8
9
6
3
3
2
0
2
-1
-2
-4
-3
-2
-4
-4
-4
-6
-2
-6
-13
-10
-10
-7
-3
2
4
0
2
3
-1
0
1
1
1
3
-2
-2
-4
0
4
2
0
0
0
0
-4
-4
-3
-8
-7
-7
-4
-6
-6
-5
-5
-4
-3
-3
-7
-6
-7
-7
-3
2
0
-1
-1
-2
-2
-1
2
5
7
-1
2
4
1
2
4
2
1
0
4
5
1
2
1
2
5
3
1
4
5
7
3
2
2
-2
0
-3
-1
1
2
3
3
1
3
3
1
-1
2
3
3
2
3
-1
-2
1
3
1
3
4
3
5
7
8
10
7
3
1
1
0
-1
-4
-5
-3
1
-3
-3
-2
-5
-3
-3
-3
-3
-1
-2
-3
-3
-4
-6
-5
-5
-5
-7
-7
-3
-5
-5
-5
-5
-5
-3
-1
0
-3
0
4
6
1
3
5
3
3
1
2
-2
3
7
3
7
10
4
-7
-7
-9
-10
-7
-12
-8
-9
-7
-9
-14
-11
-10
-6
-8
-12
-10
-10
-10
-12
-12
-13
-9
-9
-7
-7
-6
-4
-7
-7
-7
-8
-8
-8
-4
-4
-3
-3
-6
-7
-7
-9
-8
-2
-6
-9
-12
-10
-13
-4
-2
-10
-10
-7
-6
-4
-3
-6
-5
-4
-6
-6
-7
-6
-7
-6
-4
-5
-8
-7
-9
-7
-7
-6
-8
-8
-7
-8
-7
-8
-8
-13
-13
-14
-11
-10
-10
-12
-13
-10
-9
-12
-8
-9
-10
-13
-11
-10
-15
-17
-18
-20
-17
-21
-21
-15
-14
-13
-16
-16
-17
-12
-14
-16
-18
-20
-22
-22
-22
-20
-24
-22
-24
-22
-21
-20
-22
-25
-25
-25
-24
-24
-23
-24
-26
-26
-28
-29
-29
-28
-32
-33
-34
-34
-37
-38
-34
-37
-37
-37
-39
-33
-39
-39
-39
-42
-41
-44
-46
-42
-31
-29
-29
-37
-37
-33
-39
-38
-38
-35
-36
-37
-36
-40
-38
-36
-38
-37
-37
-39
-40
-41
-43
-42
-46
-45
-46
-46
-47
-49
-47
-48
-45
-47
-46
-50
-49
-47
-47
-50
-45
-44
-48
-49
-46
-44
-48
-43
-43
-40
-46
-50
-46
-51
-52
-55
-52
-56
-57
-54
-54
-55
-53
-55
-54
-51
-52
-57
-58
-54
-53
-55
-59
-58
-58
-57
-57
-62
-63
-60
-61
-56
-55
-57
-58
-59
-59
-63
-60
-59
-59
-60
-59
-60
-68
-71
-71
-64
-63
-67
-63
-64
-64
-61
-56
-63
-62
-60
-63
-64
-64
-62
-66
-64
-65
-64
-62
-62
-62
-64
-65
-60
-58
-61
-61
-62
-63
-66
-66
-63
-61
-62
-63
-62
-63
-63
-62
-64
-61
-61
-61
-58
-61
-61
-59
-55
-59
-58
-57
-58
-58
-60
-59
-61
-61
-54
-56
-57
-52
-60
-66
-68
-66
-64
-68
-69
-69
-64
-65
-67
-67
-70
-66
-67
-62
-67
-67
-67
-70
-66
-66
-70
-67
-64
-62
-62
-63
-61
-64
-63
-65
-63
-64
-65
-64
-62
-61
-61
-62
-63
-61
-60
-61
-61
-62
-62
-64
-64
-59
-64
-58
-55
-60
-57
-57
-58
-57
-55
-58
-55
-54
-59
-56
-55
-56
-56
-54
-51
-52
-55
-53
-54
-55
-55
-55
-52
-51
-54
-54
-52
-50
-58
-57
-56
-58
-55
-55
-56
-59
-57
-55
-57
-54
-54
-54
-52
-53
-52
-57
-55
-57
-62
-63
-61
-63
-65
-60
-57
-59
-58
-59
-59
-58
-57
-60
-59
-59
-66
-64
-60
-60
-63
-63
-62
-61
-59
-58
-58
-59
-57
-58
-59
-60
-57
-59
-64
-62
-61
-61
-62
-61
-66
-67
-64
-61
-68
-67
-64
-67
-67
-67
-62
-67
-66
-66
-73
-66
-66
-69
-66
-62
-55
-55
-58
-60
-57
-54
-58
-60
-55
-56
-57
-57
-59
-55
-53
-56
-56
-55
-56
-57
-55
-58
-57
-57
-56
-55
-56
-56
-57
-51
-52
-56
-52
-51
-55
-55
-53
-53
-53
-50
-47
-51
-51
-51
-50
-51
-48
-45
-43
-44
-52
-48
-48
-50
-48
-47
-46
-50
-51
-48
-45
-46
-47
-43
-42
-42
-44
-44
-39
-39
-42
-42
-41
-42
-44
-41
-40
-41
-37
-37
-36
-37
-36
-35
-40
-35
-36
-31
-31
-35
-38
-41
-36
-37
-39
-35
-30
-35
-34
-32
-31
-30
-26
-21
-23
-28
-28
-24
-27
-28
-32
-27
-27
-24
-26
-24
-24
-25
-22
-23
-24
-22
-22
-20
-23
-26
-21
-22
-22
-22
-21
-22
-24
-19
-19
-24
-20
-22
-20
-20
-19
-21
-18
-15
-14
-12
-12
-11
-11
-9
-14
-14
-13
-13
-7
-1
-5
-2
-4
-12
-14
-13
-10
-13
-14
-14
-10
-8
-10
-9
-10
-9
-3
-4
-6
-8
-7
-6
-5
-5
-5
-3
0
2
2
4
6
4
2
3
1
3
2
2
4
6
8
10
8
5
3
5
8
9
7
7
6
4
6
2
11
10
8
9
8
8
8
8
10
11
11
13
13
15
13
11
14
13
14
10
7
9
8
9
10
11
7
8
8
7
8
3
4
6
7
6
7
10
7
6
7
5
8
13
15
6
6
10
8
7
5
2
2
5
0
2
5
6
3
5
7
7
6
7
7
5
5
4
5
8
6
8
6
8
11
13
14
13
14
15
18
16
16
15
18
20
17
16
13
15
14
12
12
10
11
11
11
12
9
11
10
14
12
17
11
2
10
9
11
15
21
26
22
23
22
25
24
22
24
28
28
23
22
24
26
25
27
26
29
27
28
27
23
23
20
21
19
19
24
22
26
26
25
28
25
26
25
25
26
27
32
29
27
27
25
31
33
31
33
29
26
30
30
25
27
31
30
24
21
25
28
28
29
26
31
28
31
34
29
34
30
26
29
27
28
29
26
27
28
28
28
28
31
31
29
29
30
29
29
31
28
34
31
23
22
23
29
30
28
32
32
35
37
38
37
35
38
35
40
36
34
34
35
38
39
40
40
42
40
39
40
43
41
42
44
40
39
42
41
37
40
41
41
40
38
38
38
38
40
40
40
44
42
43
43
49
48
48
51
48
47
45
47
46
48
57
52
53
54
47
46
44
43
41
39
43
46
46
42
44
45
45
48
46
45
42
40
38
40
39
39
41
41
42
43
43
45
45
45
45
44
47
48
46
48
47
50
48
51
49
46
44
48
49
48
45
40
42
46
48
50
48
44
48
51
52
52
52
53
53
48
49
50
48
49
48
48
49
46
42
43
44
45
47
45
43
45
42
42
44
40
39
38
40
37
37
38
36
35
34
37
29
27
33
36
33
28
27
28
25
25
23
19
16
19
22
20
24
18
19
24
22
19
19
15
18
18
17
15
15
17
13
15
16
15
16
16
15
14
14
15
15
14
14
15
15
16
17
17
16
13
11
12
10
11
3
4
6
1
4
7
6
3
2
0
-6
-7
1
-5
-1
2
8
10
3
7
4
7
1
-2
1
1
-2
-3
-5
-7
-6
-3
-2
-2
-3
-5
-2
-4
-6
-6
-11
-8
-13
-10
-10
-11
-11
-12
-13
-15
-15
-17
-17
-13
-16
-15
-13
-15
-15
-17
-14
-10
-13
-13
-8
-20
-19
-16
-22
-25
-18
-16
-21
-21
-24
-23
-21
-19
-22
-22
-18
-17
-19
-20
-18
-18
-19
-18
-17
-18
-16
-18
-21
-21
-21
-17
-17
-16
-11
-13
-15
-13
-13
-16
-15
-12
-15
-18
-17
-11
-9
-8
-8
-12
-8
-9
-8
-5
-4
-5
-7
-6
-7
-11
-10
-8
-10
-11
-10
-8
-10
-9
-8
-7
-8
-8
-8
-9
-8
-9
-12
-11
-12
-13
-12
-11
-12
-9
-8
-6
-8
-8
-9
-8
-7
-8
-5
-4
-4
-5
-2
0
-4
-2
-3
-3
-4
-3
0
-6
3
4
5
8
1
-4
-10
-12
-10
-12
-12
-7
-9
-10
-11
-10
-7
-8
-6
-5
-7
-9
-9
-7
-9
-7
-9
-7
-4
-5
-3
-3
0
-1
-1
-3
-3
-3
-3
-1
-1
0
1
1
-1
-3
-4
-2
3
0
-7
-9
-8
-9
-1
-1
-2
-5
-11
-3
-5
-6
-8
-6
-8
-10
-11
-10
-11
-10
-11
-13
-9
-15
-14
-14
-13
-10
-10
-10
-7
-10
-11
-11
-11
-14
-15
-16
-18
-17
-16
-17
-15
-16
-17
-17
-21
-23
-21
-17
-15
-13
-16
-19
-22
-25
-25
-29
-32
-29
-32
-29
-24
-27
-27
-28
-25
-26
-29
-28
-30
-28
-34
-33
-29
-30
-30
-34
-29
-29
-29
-30
-26
-28
-29
-30
-28
-28
-30
-30
-28
-30
-30
-29
-30
-30
-34
-33
-34
-35
-39
-40
-38
-41
-45
-40
-39
-40
-43
-42
-49
-47
-41
-49
-49
-45
-37
-35
-41
-39
-41
-42
-38
-41
-39
-39
-39
-41
-40
-43
-41
-41
-44
-42
-44
-44
-43
-44
-45
-47
-48
-50
-52
-51
-50
-50
-47
-46
-47
-48
-48
-50
-47
-48
-48
-46
-44
-44
-49
-48
-47
-45
-41
-43
-37
-45
-48
-41
-44
-47
-50
-42
-45
-44
-47
-43
-43
-45
-43
-45
-40
-43
-43
-41
-38
-38
-38
-37
-38
-38
-37
-38
-37
-40
-38
-36
-33
-35
-37
-33
-37
-36
-37
-32
-36
-31
-30
-34
-38
-36
-28
-28
-28
-29
-27
-24
-21
-24
-21
-20
-20
-22
-25
-24
-24
-25
-25
-23
-23
-24
-24
-22
-23
-21
-24
-24
-22
-22
-23
-22
-23
-25
-25
-25
-26
-26
-24
-26
-24
-24
-23
-24
-21
-23
-24
-20
-19
-17
-17
-18
-17
-11
-13
-13
-13
-12
-15
-11
-10
-16
-8
-5
-8
-7
-3
-6
-16
-18
-16
-14
-16
-15
-10
-9
-11
-12
-10
-9
-7
-6
-7
-9
-12
-11
-12
-14
-15
-13
-10
-9
-9
-6
-4
-6
-8
-7
-9
-8
-8
-10
-9
-8
-10
-9
-10
-17
-15
-15
-11
-12
-16
-18
-17
-18
-19
-6
-13
-18
-15
-14
-13
-12
-12
-11
-14
-16
-14
-16
-17
-15
-18
-20
-18
-18
-18
-22
-19
-19
-23
-22
-20
-20
-20
-23
-20
-23
-25
-25
-27
-28
-28
-26
-27
-27
-26
-25
-28
-32
-28
-25
-23
-26
-26
-26
-26
-26
-28
-33
-34
-35
-37
-28
-31
-32
-33
-36
-36
-30
-31
-32
-32
-33
-36
-36
-32
-31
-30
-34
-34
-34
-32
-32
-33
-32
-35
-36
-35
-36
-35
-36
-37
-39
-39
-37
-39
-36
-38
-41
-41
-42
-41
-41
-41
-40
-41
-42
-41
-43
-41
-44
-50
-53
-53
-47
-50
-48
-38
-37
-37
-40
-42
-35
-39
-41
-37
-36
-36
-37
-40
-40
-41
-37
-37
-37
-37
-35
-35
-37
-38
-42
-41
-39
-41
-43
-41
-39
-38
-40
-36
-37
-40
-35
-36
-39
-40
-39
-34
-29
-35
-36
-36
-31
-28
-28
-24
-23
-28
-24
-22
-26
-28
-26
-25
-27
-24
-26
-21
-23
-22
-20
-21
-19
-20
-24
-20
-16
-16
-18
-20
-17
-17
-14
-16
-16
-15
-16
-12
-11
-9
-9
-12
-12
-10
-9
-9
-10
-11
-9
-10
-12
-15
-16
-13
-11
-13
-12
-11
-7
-7
-3
0
-2
-6
-9
-7
-10
-7
-7
-6
-3
-2
-3
-3
-3
-6
-5
-2
-1
1
0
-2
-4
-1
-5
-3
-3
-3
-5
-4
-1
-3
-3
-3
1
-2
0
2
5
4
0
6
8
12
9
7
6
5
7
7
8
7
15
10
17
22
12
7
3
4
4
1
0
8
8
6
4
6
8
9
12
10
11
7
5
5
8
9
9
10
10
10
10
13
14
12
11
9
9
8
8
6
7
9
7
7
6
4
6
6
4
4
2
1
3
2
-3
5
3
-5
1
1
-1
1
1
1
1
-5
-3
-3
-5
-4
-5
-7
-9
-6
-9
-10
-10
-6
-5
-7
-4
-8
-6
-4
-6
-7
-12
-11
-13
-12
-13
-12
-11
-13
-13
-13
-17
-13
-10
-10
-13
-14
-13
-13
-15
-14
-17
-21
-22
-22
-19
-17
-16
-19
-21
-22
-19
-19
-21
-22
-24
-26
-25
-27
-22
-22
-24
-24
-25
-22
-23
-24
-26
-27
-27
-26
-28
-27
-29
-30
-29
-30
-32
-35
-33
-34
-36
-37
-35
-35
-39
-42
-42
-43
-41
-38
-40
-42
-40
-41
-46
-41
-48
-51
-44
-37
-31
-35
-36
-35
-38
-39
-35
-34
-35
-33
-38
-36
-37
-39
-37
-37
-35
-36
-36
-38
-35
-38
-38
-40
-40
-42
-42
-39
-37
-36
-37
-36
-36
-39
-39
-36
-37
-36
-38
-32
-35
-37
-38
-40
-38
-36
-35
-34
-31
-35
-35
-33
-33
-37
-38
-34
-34
-37
-39
-35
-37
-37
-36
-34
-36
-34
-31
-36
-32
-33
-30
-32
-32
-35
-36
-35
-32
-33
-32
-32
-29
-30
-32
-31
-32
-29
-30
-28
-27
-29
-27
-24
-33
-35
-33
-26
-27
-28
-26
-28
-24
-26
-21
-21
-27
-27
-27
-26
-31
-34
-32
-32
-29
-31
-31
-29
-32
-30
-33
-33
-32
-30
-31
-32
-33
-35
-36
-37
-38
-40
-41
-41
-42
-38
-38
-39
-40
-40
-41
-43
-41
-42
-43
-37
-38
-40
-40
-37
-37
-39
-43
-45
-42
-45
-37
-32
-38
-37
-38
-41
-50
-50
-52
-53
-52
-54
-51
-50
-54
-56
-55
-56
-52
-55
-59
-58
-57
-59
-60
-59
-58
-57
-56
-55
-57
-58
-58
-62
-60
-64
-64
-63
-63
-63
-65
-63
-64
-62
-62
-65
-68
-70
-68
-68
-72
-73
-73
-70
-75
-75
-70
-77
-75
-73
-75
-76
-74
-74
-74
-76
-75
-78
-78
-77
-80
-77
-77
-75
-80
-81
-82
-83
-83
-83
-83
-84
-85
-82
-82
-84
-85
-88
-88
-88
-87
-89
-89
-91
-91
-90
-94
-91
-90
-86
-90
-90
-90
-89
-88
-98
-100
-101
-103
-101
-101
-102
-98
-99
-99
-103
-99
-97
-100
-100
-101
-99
-103
-100
-101
-99
-101
-101
-99
-100
-100
-96
-98
-100
-98
-98
-98
-99
-102
-99
-100
-100
-97
-101
-101
-100
-100
-100
-103
-100
-99
-105
-105
-105
-106
-110
-106
-103
-105
-103
-111
-111
-107
-108
-106
-101
-99
-100
-98
-95
-98
-92
-92
-96
-92
-88
-89
-90
-93
-91
-89
-90
-90
-92
-93
-92
-90
-92
-93
-95
-97
-94
-97
-95
-92
-91
-90
-90
-92
-92
-95
-92
-94
-98
-99
-95
-90
-90
-93
-93
-87
-88
-87
-82
-80
-85
-88
-84
-89
-92
-88
-87
-91
-94
-92
-90
-87
-89
-91
-88
-86
-88
-90
-92
-92
-87
-87
-90
-87
-86
-89
-89
-86
-85
-85
-86
-84
-84
-85
-87
-89
-88
-90
-89
-86
-87
-83
-81
-83
-90
-96
-90
-82
-82
-85
-86
-83
-80
-77
-79
-82
-84
-82
-81
-80
-83
-85
-83
-82
-79
-82
-81
-83
-80
-81
-85
-85
-86
-85
-85
-84
-86
-85
-85
-87
-86
-89
-86
-88
-89
-87
-89
-88
-90
-90
-87
-85
-91
-89
-85
-81
-80
-84
-82
-85
-86
-87
-90
-91
-91
-87
-76
-83
-85
-88
-92
-92
-95
-94
-97
-99
-99
-92
-93
-94
-95
-98
-96
-93
-93
-95
-95
-93
-93
-93
-94
-94
-93
-94
-92
-90
-90
-91
-90
-91
-92
-91
-89
-92
-93
-93
-93
-91
-94
-93
-94
-95
-95
-93
-98
-100
-100
-94
-95
-92
-93
-95
-95
-98
-90
-89
-94
-92
-89
-89
-91
-90
-91
-89
-87
-89
-89
-89
-88
-87
-91
-89
-90
-88
-90
-88
-87
-91
-84
-87
-88
-89
-89
-89
-87
-86
-85
-84
-83
-83
-81
-84
-82
-82
-82
-78
-77
-78
-79
-81
-80
-78
-82
-83
-84
-83
-83
-79
-76
-77
-76
-71
-69
-72
-75
-73
-71
-72
-72
-69
-69
-70
-71
-71
-70
-68
-66
-63
-63
-61
-61
-58
-57
-56
-54
-56
-55
-54
-54
-56
-55
-55
-52
-57
-51
-54
-54
-50
-52
-52
-52
-52
-49
-49
-49
-52
-60
-51
-48
-47
-44
-38
-33
-35
-35
-36
-38
-33
-35
-33
-31
-28
-27
-30
-32
-31
-28
-29
-30
-26
-30
-28
-25
-31
-29
-30
-30
-32
-33
-30
-27
-23
-24
-25
-24
-27
-27
-27
-28
-24
-27
-24
-18
-21
-20
-21
-20
-18
-14
-14
-16
-25
-20
-15
-21
-24
-18
-19
-22
-22
-21
-20
-21
-21
-19
-20
-22
-18
-20
-19
-18
-17
-17
-18
-16
-16
-18
-17
-19
-16
-13
-14
-10
-13
-10
-15
-16
-14
-15
-11
-10
-11
-14
-15
-18
-14
-16
-15
-10
-11
-12
-11
-7
-8
-3
-6
-10
-7
-11
-14
-10
-10
-12
-13
-9
-9
-10
-11
-10
-14
-17
-20
-16
-16
-19
-17
-21
-19
-24
-19
-20
-18
-21
-27
-24
-31
-29
-34
-34
-35
-35
-27
-31
-26
-20
-15
-8
-15
-14
-17
-19
-23
-25
-24
-25
-25
-15
-12
-2
-2
-9
-18
-23
-20
-28
-31
-33
-23
-29
-30
-28
-27
-25
-20
-18
-17
-19
-20
-19
-20
-21
-16
-15
-14
-11
-8
-3
-1
3
-2
-1
0
-4
-6
-9
-5
-6
-7
-4
-3
-5
-2
-3
-1
-6
-5
-9
-9
-6
-11
-2
-2
0
-1
-1
4
10
9
9
8
5
2
2
6
2
7
11
15
16
17
19
17
21
19
14
15
16
17
17
20
23
23
21
21
23
28
27
24
23
24
19
21
18
18
26
33
33
32
35
36
33
29
28
28
27
28
27
36
37
35
37
37
39
36
35
31
32
31
27
31
34
36
36
38
38
41
43
39
41
38
39
38
40
41
40
40
43
45
45
43
44
41
40
39
35
35
34
37
39
40
39
39
40
42
36
34
27
26
28
24
31
37
42
40
41
42
39
37
33
35
40
37
35
33
32
32
38
39
38
37
38
34
37
32
30
30
25
26
24
25
28
30
29
29
26
24
23
21
19
20
20
21
28
23
21
20
20
18
21
29
30
19
19
26
19
14
17
19
17
16
16
19
17
16
15
16
16
13
16
14
15
16
15
13
11
13
12
11
13
11
12
12
13
14
15
14
12
13
14
15
15
16
14
15
14
7
4
11
14
11
13
11
15
21
16
16
16
17
15
12
12
14
13
9
11
12
12
14
15
13
11
13
11
15
14
11
12
10
10
10
14
8
8
9
10
12
6
12
12
14
11
9
14
13
18
13
16
23
20
17
18
16
20
19
18
21
25
27
19
26
30
24
17
18
18
15
17
16
20
19
17
17
16
19
20
19
17
15
16
18
19
18
16
19
21
22
24
23
26
28
22
21
23
22
24
21
21
22
24
24
23
19
19
21
22
21
18
14
20
21
20
27
17
15
20
21
22
21
22
25
21
22
22
23
21
24
21
23
23
22
24
19
22
21
21
22
22
23
23
26
27
23
25
26
23
25
24
23
24
22
21
24
23
21
17
23
27
27
23
20
25
19
20
17
18
16
14
18
19
19
18
18
22
20
20
19
18
19
16
15
17
16
15
12
15
13
14
13
13
14
14
15
12
11
10
8
11
9
9
9
9
9
5
7
4
6
-1
-2
4
-2
-6
-4
-2
-4
-8
-5
-8
-11
-8
-13
-16
-10
-1
2
-3
-11
-8
-8
-10
-10
-8
-7
-12
-11
-14
-14
-14
-18
-14
-15
-16
-21
-19
-23
-24
-25
-30
-28
-29
-29
-26
-25
-27
-28
-29
-30
-31
-30
-28
-31
-29
-32
-28
-28
-33
-35
-36
-28
-27
-28
-24
-27
-37
-34
-32
-38
-38
-36
-35
-36
-40
-38
-35
-37
-40
-38
-37
-38
-39
-37
-38
-34
-36
-39
-33
-37
-36
-38
-39
-36
-38
-33
-36
-35
-36
-37
-37
-40
-37
-37
-39
-35
-39
-42
-43
-38
-35
-36
-38
-39
-35
-34
-34
-34
-33
-33
-31
-37
-37
-36
-38
-38
-39
-36
-35
-34
-34
-35
-35
-33
-33
-33
-33
-31
-31
-31
-31
-35
-34
-34
-36
-33
-36
-31
-32
-32
-31
-32
-33
-34
-31
-31
-28
-26
-23
-25
-28
-22
-21
-20
-25
-23
-20
-24
-21
-18
-19
-11
-17
-11
-11
-18
-21
-25
-22
-24
-23
-21
-19
-15
-17
-22
-19
-19
-16
-14
-16
-18
-17
-12
-14
-16
-16
-13
-10
-11
-9
-7
-5
-4
-8
-7
-9
-7
-7
-8
-7
-6
-6
-5
-3
-4
-5
-10
-5
-5
-10
-8
-11
-7
-9
-8
-1
-5
-9
-10
-5
-6
-3
-4
-3
0
-3
-3
-5
-7
-6
-3
-5
-6
-7
-7
-6
-5
-5
-9
-8
-7
-11
-10
-11
-10
-13
-15
-15
-15
-18
-18
-15
-16
-15
-15
-13
-15
-16
-13
-10
-14
-13
-14
-12
-17
-20
-22
-21
-22
-25
-20
-19
-20
-24
-25
-22
-22
-23
-24
-26
-25
-27
-26
-25
-26
-28
-31
-33
-29
-29
-28
-27
-27
-29
-31
-33
-36
-35
-36
-36
-35
-37
-35
-37
-38
-37
-44
-43
-44
-44
-44
-44
-46
-47
-45
-45
-44
-48
-48
-51
-53
-50
-55
-54
-50
-43
-38
-41
-45
-49
-47
-49
-47
-47
-47
-44
-47
-47
-49
-48
-48
-48
-46
-47
-50
-48
-48
-50
-51
-57
-56
-53
-57
-58
-53
-55
-54
-55
-56
-53
-55
-55
-54
-53
-52
-52
-51
-54
-52
-51
-51
-48
-47
-49
-48
-52
-51
-47
-51
-54
-51
-50
-51
-55
-52
-47
-49
-48
-47
-47
-45
-42
-43
-43
-40
-43
-39
-41
-42
-42
-38
-40
-39
-38
-38
-39
-36
-33
-37
-32
-34
-31
-32
-28
-28
-26
-25
-30
-32
-34
-31
-30
-28
-29
-27
-22
-22
-19
-19
-17
-19
-21
-20
-20
-20
-22
-20
-19
-21
-17
-16
-16
-16
-13
-14
-17
-16
-12
-13
-14
-16
-20
-17
-16
-16
-17
-18
-18
-12
-10
-11
-11
-14
-12
-12
-13
-9
-11
-9
-9
-5
-1
-6
-3
-2
-4
-5
-4
-1
-3
6
7
4
7
-3
-5
-6
-5
-6
-10
-6
-2
0
-1
-2
-3
-2
-1
4
2
1
5
2
2
4
4
4
4
10
11
12
12
14
12
11
11
11
10
14
14
15
17
15
16
16
13
15
18
21
20
15
13
14
17
12
17
17
14
15
18
19
15
17
13
16
17
16
16
16
13
15
16
16
16
13
12
15
13
13
13
11
11
10
12
10
7
6
5
3
4
4
3
6
2
4
1
0
5
7
8
2
-1
1
-2
0
-3
-4
-7
-7
-5
-8
-6
-2
-6
-9
-6
-3
-4
-7
-8
-7
-8
-11
-9
-9
-8
-9
-9
-10
-11
-8
-8
-8
-8
-8
-7
-8
-6
-7
-9
-9
-10
-11
-13
-13
-15
-17
-18
-15
-14
-19
-21
-18
-18
-20
-19
-17
-19
-19
-18
-27
-28
-21
-26
-20
-12
-6
-12
-14
-12
-10
-16
-16
-14
-12
-11
-11
-13
-16
-11
-14
-14
-9
-12
-15
-11
-10
-12
-14
-14
-14
-15
-16
-16
-12
-11
-13
-12
-10
-12
-12
-13
-13
-14
-12
-11
-7
-7
-12
-11
-7
-8
0
1
-2
-10
-3
1
-5
-6
-4
1
-5
-7
-2
-2
0
1
2
4
3
3
1
