11
4
-2
-2
-8
-8
-5
-7
-6
-7
-6
-5
-4
-7
-9
-2
-6
-4
1
5
4
1
4
-3
-9
-6
-5
-2
-3
-1
-3
-1
-2
0
7
-2
1
-1
-2
-1
-5
-4
-6
-5
-2
0
1
4
4
0
-6
-5
-8
-4
-4
-4
-1
-2
1
0
6
2
-3
-1
0
1
-3
6
15
8
8
12
12
14
12
7
12
12
6
6
2
3
6
3
3
0
4
3
5
4
-1
3
0
1
-2
-7
-3
-7
-5
-8
-11
-10
-11
0
-4
-10
-7
-10
-7
-13
-12
-7
-7
-3
-7
-7
-4
-6
-2
-5
-8
-5
-5
-1
-3
-7
1
2
-1
6
6
7
4
2
5
1
0
4
5
6
-5
-6
3
0
-3
-3
-2
1
3
12
18
16
16
14
14
13
12
13
12
15
9
2
3
5
4
5
3
3
11
4
-2
-3
-4
-1
-5
-8
-11
-10
-6
-9
-6
-5
-6
-11
-7
1
1
1
-2
-3
-7
-6
-5
-6
-7
-6
-2
-11
-15
-12
-11
-11
-6
-4
-4
1
-2
-5
-8
-8
-6
-13
-7
-7
-8
-4
0
-1
0
4
3
1
-3
-2
5
3
5
3
2
9
2
2
7
8
12
10
13
17
9
12
17
12
14
13
7
7
6
7
14
15
13
8
7
0
0
2
-4
-4
0
1
1
4
0
-4
-5
-1
0
-4
-10
-8
-2
-6
-5
0
2
2
-3
-7
-5
-9
-12
-11
-8
-4
-9
-7
-4
-7
-9
-16
-13
-7
-2
-2
2
1
-3
-7
-10
-13
-16
-14
-9
-6
1
-6
-2
1
-2
2
1
4
6
8
10
7
3
6
4
7
16
14
13
7
7
7
7
7
6
12
7
11
11
7
8
0
-1
4
3
-1
-2
-4
-6
-4
-6
-6
-7
0
-4
-7
-8
-9
-5
-7
-4
-1
-4
-2
-2
-5
-4
0
0
1
3
-2
1
6
2
3
-2
-4
5
5
5
7
7
4
8
10
7
11
12
6
6
1
-2
-6
-9
-7
-5
0
0
3
5
3
-4
-8
-6
-8
-10
-9
-6
-5
-6
-7
-6
-5
-7
-3
2
3
1
-3
-3
-1
3
5
2
1
-2
2
-1
-5
-5
-9
-9
-7
-3
-3
-3
-1
0
1
4
10
7
2
1
2
-4
-2
2
-2
-1
-1
1
1
6
4
7
8
1
5
4
4
0
5
7
4
8
7
6
8
7
1
1
-5
-8
-6
-2
-1
-6
-6
-2
-1
-3
1
0
1
-2
-2
6
1
1
4
-1
2
-4
-2
2
-7
-3
3
-1
0
4
2
2
1
4
0
-4
-3
-2
1
-2
-7
0
3
-2
0
2
-3
-2
-1
1
1
-4
-7
-9
-8
-6
-3
-4
-8
-8
-6
-3
-5
2
6
-1
3
-4
-10
-5
2
-1
-3
0
-1
6
2
1
2
5
7
6
14
16
14
15
13
8
5
4
0
0
2
5
1
2
4
3
11
5
-2
5
5
3
-1
-2
2
2
0
2
-1
-4
-7
-12
-10
-11
-7
-10
-7
-4
-6
-2
-6
-7
-8
-11
-16
-16
-8
-5
-4
-8
-4
-1
2
0
0
-3
-7
-1
3
2
-3
-3
-3
-3
-2
-2
0
5
3
6
9
9
12
4
5
8
4
1
-2
4
4
4
10
10
6
9
12
14
10
13
11
8
12
13
6
6
3
-3
-5
-5
0
3
5
6
10
6
4
4
1
-1
-7
0
-3
-7
-4
-6
-10
-7
-5
-8
-8
-2
-6
-11
-5
-6
-10
-7
-10
-7
-6
-14
-15
-15
-21
-21
-15
-10
-3
1
0
0
0
0
-1
0
-2
-4
2
-1
-4
-4
-6
-5
-8
-6
0
-3
-1
5
2
3
4
7
7
0
0
3
5
4
9
12
5
7
9
9
10
15
15
11
9
14
16
14
10
10
11
9
13
11
11
11
12
7
11
14
12
14
9
10
5
-1
-1
-4
-3
-10
-7
-5
-10
-18
-15
-12
-16
-12
-13
-15
-17
-15
-17
-19
-17
-14
-4
-3
-11
-11
-8
-9
-5
-6
-8
-7
-8
-4
-5
-4
-8
-10
-5
-4
-6
-3
0
-3
0
-1
2
6
1
4
3
7
8
2
6
4
8
2
5
7
9
14
13
12
7
7
4
4
1
2
4
5
10
13
13
11
9
12
7
-1
1
-1
3
3
-1
-1
-5
-3
-3
-6
-5
-1
-4
-5
-5
-12
-5
-5
-1
-1
-4
1
1
-2
4
5
1
2
8
6
-1
5
4
1
5
2
0
-1
-6
-12
-9
-7
-8
-3
-6
-2
-1
1
4
4
4
2
3
-4
-6
0
-4
-5
-3
-6
-2
0
-6
-8
-6
-6
-12
-4
2
-6
-2
-3
-11
-11
-10
-6
-4
0
-1
-1
9
6
3
6
7
10
10
4
3
5
-1
-1
4
0
1
2
0
-3
-1
4
4
9
12
9
9
9
9
7
4
0
-1
5
0
1
-3
-5
3
9
7
8
13
8
5
2
1
3
0
3
-3
-9
-1
-4
-7
-6
-5
2
1
1
-1
-3
-1
-5
-8
-9
-5
-6
-19
-12
-8
-10
-8
-11
-14
-6
-10
-15
-9
-15
-6
1
-7
-4
-5
-6
1
-3
-7
-2
1
-1
2
2
6
10
8
14
10
5
15
10
9
9
-3
5
10
6
10
9
5
9
12
12
16
14
14
10
4
6
0
1
5
4
6
5
7
8
7
2
7
6
1
1
0
2
-1
-4
-7
-7
-10
-8
-12
-15
-11
-12
-10
-10
-9
-11
-4
-5
-11
-10
-13
-16
-18
-19
-19
-12
-12
-10
-8
-6
-3
-5
-3
-4
-2
0
2
-1
-1
2
2
5
6
7
11
6
4
11
8
9
7
10
14
10
11
7
6
10
2
1
10
5
8
9
0
4
5
1
7
8
9
9
4
-1
-3
-2
2
1
-1
-2
-2
1
2
3
6
2
-2
2
-1
-5
1
-3
-7
-7
-7
-2
-3
-6
-7
-5
0
-4
-1
0
-2
-5
-8
-6
-10
-5
-4
-6
-4
-1
-7
-4
-3
-7
-1
2
2
-1
3
-4
-2
2
-2
-1
-2
-4
-9
-1
-1
2
4
-4
3
6
-2
-3
-1
-5
-9
1
3
1
5
10
5
10
11
0
1
6
-2
-2
8
3
5
1
-7
0
1
0
2
4
2
4
5
4
8
6
5
2
3
4
4
3
3
6
5
5
2
6
2
3
3
0
0
-6
-5
-7
-2
-2
-5
0
-3
-6
-6
-2
-4
1
5
1
-2
-7
-8
-6
-8
-7
-6
-3
-5
-6
-1
-7
-7
2
-3
-2
2
-5
2
2
-6
-4
-7
-8
-7
-10
-9
-8
-9
-3
3
2
5
2
6
4
5
12
11
8
10
9
5
-1
0
5
1
-1
5
4
7
11
10
10
6
6
9
2
2
4
0
2
1
-5
0
1
-2
0
-2
0
1
-2
-2
0
2
5
-3
-3
-4
-11
-1
1
-2
-2
7
7
1
1
2
0
1
-1
-3
-4
-7
-3
-5
-2
3
-2
2
-2
-10
-4
-5
-7
-8
-11
-8
-6
-9
-14
-11
-7
-9
-5
-4
-4
4
-1
-1
0
4
9
5
6
7
2
2
4
3
5
0
1
7
7
8
13
16
12
13
13
12
12
7
7
6
1
0
2
1
-4
1
1
4
4
-1
5
0
-5
-3
-7
-8
-8
-9
-6
-5
-7
-4
-2
-4
-3
-5
-4
-10
-8
-5
-11
-12
-9
-6
-10
-9
-2
-6
-4
-2
-6
-3
1
4
9
8
9
6
3
3
3
0
-2
4
4
7
11
8
11
10
10
13
8
6
3
1
2
0
1
-1
-4
2
2
2
4
1
3
-4
-3
-2
-1
2
-2
1
4
1
4
0
-5
-4
-8
-5
3
2
4
4
1
2
2
-1
-1
-3
-6
-13
-11
-8
-9
-9
-10
-6
-3
-1
3
0
-7
-10
-10
-4
-5
-5
2
-1
-1
0
-8
-4
1
-1
1
-1
5
12
11
12
12
11
12
6
7
3
-2
-2
-2
-4
-8
3
7
6
4
7
5
1
-2
-7
-4
-3
-3
-5
-2
0
-3
-2
4
12
9
4
3
-1
0
1
-3
0
0
-1
3
1
5
10
5
2
1
1
3
2
-2
-2
-3
-4
-1
0
1
2
3
4
0
5
6
-1
-3
0
-3
-2
-3
-6
-6
-6
-6
-3
1
7
5
3
6
6
0
0
1
-4
-7
-8
-13
-12
-9
-8
-6
-11
-7
-8
-9
-10
-11
-8
-6
-6
-8
-8
-10
-13
-12
-13
-10
-7
-2
1
2
6
8
10
7
8
12
12
8
2
3
6
9
8
7
5
3
7
14
19
17
18
20
19
19
14
10
10
13
9
3
4
8
8
8
10
14
14
11
13
3
5
4
-2
2
-7
-8
-8
-11
-13
-12
-10
-13
-9
-11
-12
-6
-9
-7
-13
-22
-19
-18
-20
-19
-18
-21
-16
-13
-15
-14
-15
-12
-10
-10
-9
-8
-8
-6
-4
-8
-6
-6
-4
1
-1
1
-1
2
10
8
12
6
10
10
6
9
5
7
9
7
5
6
8
11
13
8
11
20
20
16
22
22
16
17
14
10
12
8
4
4
4
6
6
7
12
11
7
7
8
7
5
2
-2
-3
-4
-5
-7
-7
-5
-6
-6
-3
-1
-5
-2
-6
-8
-8
-12
-15
-19
-18
-18
-20
-18
-19
-16
-16
-14
-12
-10
-14
-17
-17
-16
-22
-22
-18
-18
-12
-10
-5
-4
-3
-6
-7
-3
-2
9
8
6
11
7
10
7
8
9
9
15
13
13
15
17
16
14
23
22
11
18
21
21
21
18
14
11
9
14
9
9
10
8
9
8
11
13
11
7
5
6
3
3
3
0
-2
-4
-5
-3
-2
-6
-8
-1
-4
-7
-11
-10
-5
-10
-6
-9
-17
-19
-26
-29
-26
-25
-25
-25
-28
-25
-21
-18
-18
-14
-15
-16
-13
-12
-6
-8
-8
-8
-10
-7
-3
3
3
7
6
5
7
6
7
3
9
8
9
17
11
15
17
13
16
11
16
18
17
23
20
19
21
16
15
24
21
20
17
16
12
13
18
13
8
9
12
8
5
7
5
6
4
2
3
1
-4
-9
-14
-14
-14
-17
-14
-17
-20
-19
-18
-20
-21
-23
-25
-23
-18
-16
-18
-14
-11
-11
-10
-14
-4
-2
-8
-4
-6
-8
-4
-5
-6
-4
-8
-6
-7
-5
-4
-4
-3
-4
-6
-4
-6
-9
-2
1
-1
3
5
7
7
6
14
15
14
16
19
14
10
13
11
12
10
9
11
14
10
12
20
17
13
19
19
18
19
15
12
12
10
8
9
3
-1
8
4
-1
-2
-4
3
-3
1
-1
-4
-4
-11
-10
-9
-6
-10
-5
-4
-10
-13
-15
-14
-17
-13
-8
-13
-11
-12
-17
-12
-12
-17
-11
-12
-7
-8
-14
-13
-16
-13
-9
-7
-9
-8
-8
-8
-3
-2
-4
-4
0
5
8
2
1
9
4
1
7
5
4
0
2
12
6
1
4
3
6
4
2
2
0
4
10
11
12
16
13
10
11
13
11
7
8
4
3
4
3
8
9
6
11
18
13
10
8
7
10
1
-1
2
4
7
6
7
6
7
5
9
9
0
0
6
1
-2
-5
-12
-12
-11
-13
-14
-10
-11
-16
-9
-6
-14
-13
-18
-17
-12
-11
-14
-16
-13
-17
-14
-14
-15
-16
-12
-8
-10
-12
-10
-9
-13
-10
-10
-6
-6
-2
1
3
2
-6
-3
-2
-1
0
4
9
8
13
12
15
19
11
10
11
11
9
9
10
14
15
13
12
10
14
12
14
16
14
15
16
17
13
10
11
9
12
10
8
10
9
7
5
3
3
7
3
6
4
0
0
-7
-1
-4
-13
-11
-9
-11
-8
-5
-6
-6
-4
-1
-7
-15
-15
-16
-20
-21
-22
-22
-15
-14
-14
-15
-19
-18
-16
-22
-24
-22
-21
-21
-19
-14
-10
-3
-1
-3
4
3
-3
-2
0
4
0
1
2
2
2
4
9
7
11
14
14
18
19
20
25
22
20
21
23
21
21
24
26
22
25
29
21
21
22
16
14
12
12
9
5
5
0
-8
-4
-2
0
3
2
4
-1
0
0
-8
-9
-14
-19
-16
-17
-24
-21
-17
-21
-21
-26
-26
-24
-28
-28
-25
-19
-19
-27
-19
-19
-21
-20
-21
-16
-16
-18
-15
-11
-3
1
-5
-3
4
7
9
9
14
11
14
19
20
22
12
8
10
15
17
14
17
23
25
24
24
24
23
22
22
24
19
16
16
13
12
12
9
12
10
7
10
11
4
-2
-4
-5
-6
-8
-11
-12
-12
-11
-7
-6
-6
-6
-5
-8
-13
-14
-11
-13
-16
-8
-6
-6
-10
-12
-12
-14
-16
-20
-18
-18
-19
-18
-19
-19
-17
-18
-14
-11
-15
-11
-10
-6
-3
2
6
-1
3
4
2
5
6
7
9
10
12
14
6
6
13
10
8
11
13
15
17
15
16
19
19
21
18
13
13
11
7
7
11
9
2
7
6
-1
-1
-2
-3
2
1
-2
0
3
-2
-2
0
-3
-1
-2
-3
-1
1
0
-1
-1
-1
0
2
-3
-9
-12
-12
-15
-13
-9
-7
-6
-8
-8
-9
-10
-8
-12
-12
-8
-8
-5
-8
-10
-8
-9
-7
-4
-10
-7
-6
-6
0
0
-1
-2
4
8
6
9
5
1
0
0
2
4
6
8
6
9
12
13
10
10
14
11
4
4
8
1
-12
-13
7
2
-8
11
12
0
9
0
-7
13
4
-9
8
4
-6
-7
-3
7
-16
-11
19
0
-1
19
5
0
5
2
12
6
1
9
2
0
-2
-8
-3
0
-1
6
3
1
0
-3
6
3
-4
1
-4
-5
4
-4
-6
-4
-10
-10
-7
-5
-3
-5
-5
-12
-15
-8
-10
-16
-12
-10
-7
-4
-7
-9
-6
-1
-4
1
1
-3
-6
-6
-3
-10
-8
-6
-7
-3
0
5
5
8
6
10
9
8
7
7
10
6
10
9
8
9
12
19
20
11
11
16
19
17
13
12
6
2
0
1
-2
3
5
2
7
7
4
4
0
-2
-2
-6
-8
-8
-8
-9
-11
-10
-7
-7
-10
-11
-13
-17
-15
-14
-13
-11
-6
-7
-8
-9
-12
-14
-8
-11
-11
-2
-8
-10
-6
-2
2
-2
-1
3
4
7
3
3
3
-2
4
0
-7
-6
-1
2
11
8
12
17
8
13
13
9
11
6
2
6
7
5
7
8
11
16
12
11
13
15
11
8
11
7
7
9
4
-6
-4
-2
-2
-3
-4
0
5
8
8
7
-1
-8
-7
-11
-13
-5
-9
-16
-17
-14
-14
-22
-20
-17
-20
-17
-17
-14
-11
-13
-8
-9
-11
-9
-13
-10
-6
-2
-3
-4
1
4
6
8
9
8
8
8
6
4
4
4
6
7
4
1
4
6
6
10
4
8
19
21
21
19
19
17
10
4
-2
-4
-3
2
4
2
3
7
11
8
7
7
8
8
7
-1
-1
-1
-8
-8
-2
-4
-5
0
2
4
4
3
5
0
-3
-7
-10
-14
-21
-18
-26
-29
-21
-14
-12
-17
-14
-14
-16
-12
-14
-12
-11
-3
1
-5
-2
1
1
6
4
1
4
5
10
6
6
8
5
5
2
0
5
8
6
10
9
14
15
12
17
14
12
14
13
9
13
11
6
8
2
2
1
-7
-6
-4
-4
1
-4
1
3
2
2
-3
-4
-3
-6
-3
0
-12
-7
2
0
-1
-1
5
6
2
-5
-5
-4
0
0
-1
1
-9
-12
-8
-7
-4
-9
-8
-7
-9
-5
-7
-10
-7
-4
-7
-10
-5
-3
-9
-12
-9
-9
-7
1
-2
0
6
3
5
3
0
2
0
-1
1
7
11
13
11
10
13
13
11
7
5
11
7
5
10
12
10
7
3
0
-1
-3
2
3
-8
-7
0
0
-4
-1
3
0
0
0
-1
7
3
4
9
6
2
4
10
5
2
0
0
-6
-10
-8
-7
-8
-6
-8
-9
-8
-8
-5
-6
-10
-4
2
-3
-6
2
0
-3
-1
-2
-2
-4
-7
-11
-6
-4
-9
-3
0
1
1
0
4
1
-4
-3
-4
-4
-4
-4
-2
2
-1
2
5
4
1
4
6
2
1
-1
0
-5
-2
1
-2
-1
0
5
8
6
13
17
16
15
14
10
6
10
9
6
7
2
3
2
-3
3
3
7
8
0
2
3
1
3
2
0
-3
-7
-10
-10
-5
-6
-5
0
2
1
-3
-1
-3
-4
-3
-2
-6
-7
-9
-10
-9
-8
-12
-14
-13
-15
-12
-13
-12
-7
-7
-4
-6
-5
0
-8
-10
-4
-1
-6
-6
-6
-3
1
2
8
10
7
9
13
12
14
11
10
7
7
4
-1
3
5
7
7
7
12
16
19
15
16
11
8
11
7
-1
-3
-4
-3
4
5
8
9
9
13
6
-1
2
3
-4
-2
-2
-6
-2
-1
-3
-6
-6
-2
0
3
-2
-1
6
0
-6
-13
-17
-14
-15
-20
-18
-14
-23
-23
-17
-18
-20
-18
-11
-13
-13
-8
-9
-9
-9
-13
-9
-12
-10
-2
-11
-8
-1
0
9
10
14
17
16
16
15
7
7
10
3
6
14
17
17
16
11
14
16
12
11
16
15
11
17
12
8
11
10
11
6
8
5
6
8
10
15
13
14
13
11
7
3
4
-3
-9
-14
-13
-10
-13
-6
-10
-11
-15
-21
-17
-14
-13
-15
-12
-11
-9
-14
-22
-16
-19
-19
-20
-23
-16
-11
-12
-9
-3
-5
-1
-3
-5
-5
-4
0
-3
1
4
1
8
11
7
8
7
8
3
0
1
-2
5
12
9
8
4
6
10
7
8
9
9
16
13
10
12
9
7
-2
0
6
-1
5
6
5
7
4
6
9
13
13
7
7
4
5
1
-2
0
1
1
-2
4
3
1
1
2
3
-6
-10
-7
-12
-17
-18
-13
-12
-11
-12
-12
-7
-6
-3
-7
-12
-7
-4
-7
-6
-4
-4
-5
-10
-6
0
-3
0
-2
0
2
3
7
10
8
3
2
-1
-5
-2
2
0
0
-1
8
9
2
9
6
4
2
0
-2
-2
-2
-3
-3
-4
-5
-6
-5
-2
-4
2
2
3
4
0
7
9
4
4
9
5
6
7
0
3
6
9
8
6
10
5
0
4
8
5
7
10
13
12
8
2
1
0
-8
-6
0
-1
-9
-10
-4
-12
-17
-9
-17
-12
-6
-10
-7
-7
-9
-4
-3
0
-2
-1
-3
-6
-4
-7
-4
-4
-1
-1
-8
-7
-8
-7
-8
-2
2
-2
7
5
0
6
6
6
9
10
-1
-2
3
0
-3
-2
-3
-2
-1
-1
5
3
8
11
15
15
9
10
7
7
7
0
0
2
1
6
5
8
12
5
2
5
3
2
-5
-5
-5
-11
-8
-7
-6
-7
-4
-1
0
7
10
7
9
7
5
5
3
-3
-3
-5
-9
-9
-4
2
-2
-1
-1
-2
-1
-2
-4
-8
-6
-1
-9
-11
-11
-11
-10
-17
-14
-12
-14
-10
-3
0
-6
1
4
5
2
-4
-4
-6
-8
-7
-5
-1
-3
0
4
10
12
10
13
8
7
8
8
10
13
11
7
6
9
8
3
10
16
12
12
11
5
7
4
1
0
0
4
1
-1
2
2
2
2
0
2
2
0
-6
-7
0
1
-3
-2
-3
-5
-8
-10
-4
-5
-8
-8
-10
-2
-4
-6
6
2
0
-3
-9
-6
-7
-11
-9
-10
-9
-9
-8
0
-3
-2
-3
-3
-1
1
-2
-7
-5
-6
-3
-5
-7
-4
-3
-4
-3
-3
-1
4
4
3
3
4
7
4
4
4
5
7
13
14
7
11
16
19
13
13
19
18
8
8
14
14
9
6
6
9
6
2
3
0
2
-3
-8
-8
-12
-6
-8
-14
-9
-6
-12
-9
-7
-6
-4
-2
0
3
1
-7
-9
-10
-11
-8
-8
-5
-2
-2
-3
-6
-9
-7
-7
-11
-11
-9
-10
-7
-8
-8
-11
-14
-10
-7
-9
-14
-7
1
-2
-3
4
8
8
10
7
6
7
9
9
8
11
12
12
15
20
25
20
17
20
12
15
12
11
9
10
17
10
9
9
7
4
4
4
2
1
-1
2
1
-4
-6
-2
0
-8
-4
-8
-17
-17
-10
-13
-16
-9
-5
-6
-13
-12
-12
-14
-10
-13
-11
-12
-17
-15
-15
-19
-18
-8
-8
-8
-11
-12
-5
-6
-10
-8
-3
-3
-5
-5
-3
-2
5
10
11
16
17
22
19
21
23
24
25
25
26
18
18
13
7
5
2
4
8
5
10
13
14
10
10
11
9
2
0
-3
-5
-6
-13
-11
-10
-9
-10
-12
-8
-8
-8
-7
-2
-2
-8
-8
-9
-17
-18
-17
-15
-7
-9
-11
0
0
-7
-9
-3
-2
0
-2
-3
1
1
0
-5
0
-4
-2
2
-4
-1
-1
-1
1
2
3
3
4
6
3
-4
0
7
9
11
7
9
14
5
1
9
10
4
-2
-4
9
8
2
5
9
9
1
2
8
5
0
1
-3
1
6
6
9
9
10
3
0
0
0
0
1
0
1
0
-3
-10
-9
-10
-14
-15
-15
-12
-16
-16
-9
-9
-3
1
5
5
1
-4
0
3
-2
-1
-2
-4
7
4
-3
1
2
1
-3
3
5
-1
-2
0
2
1
-2
-3
3
8
-2
-10
-5
-2
-8
-14
-9
-9
1
0
-1
3
1
-1
2
5
0
5
1
0
8
5
0
10
13
14
16
13
16
17
13
9
8
3
5
7
-2
0
-3
-9
-8
-8
-6
-5
-4
5
2
-1
1
-4
-5
-3
-5
-2
2
2
6
10
10
9
8
11
8
1
-3
-2
-5
-8
-7
-10
-7
-5
-8
-8
-8
-13
-10
-4
-5
-5
-2
-7
-5
-5
-10
-12
-12
-12
-14
-12
-14
-14
-12
-14
-9
-10
-3
1
-1
1
1
3
-4
-6
-2
2
1
2
6
7
13
12
14
23
26
19
17
14
15
7
1
7
3
2
1
3
7
6
7
11
16
10
12
13
14
18
13
12
13
12
7
9
11
8
4
2
7
2
-2
2
-5
-3
-5
-5
-4
-8
0
-4
-9
-8
-11
-7
-12
-12
-6
-10
-13
-13
-18
-14
-16
-20
-22
-23
-23
-27
-26
-29
-21
-19
-24
-18
-17
-18
-19
-22
-23
-17
-14
-11
-5
0
3
1
7
9
7
9
10
10
16
13
12
12
15
21
21
17
20
18
14
21
20
23
22
22
23
20
22
24
20
17
17
11
16
22
12
13
19
11
10
12
16
14
9
11
2
1
5
-2
-8
-11
-11
-15
-9
-10
-9
-9
-12
-7
-10
-13
-22
-21
-17
-17
-17
-19
-16
-16
-17
-12
-13
-10
-13
-15
-9
-11
-16
-17
-12
-9
-8
-12
-7
-8
-15
-7
-8
-13
-9
-8
-3
1
1
3
8
8
2
1
0
1
-4
-11
-4
-8
-8
-7
-8
-2
-5
-2
4
-1
3
10
11
11
14
15
12
9
13
14
10
9
17
18
17
18
22
21
17
18
21
21
19
15
13
10
11
10
6
2
3
5
8
12
12
10
10
11
5
1
4
4
3
5
-3
-7
-7
-7
-6
-6
-9
-14
-16
-16
-12
-11
-15
-18
-13
-13
-27
-25
-21
-27
-26
-24
-19
-20
-18
-13
-8
-5
-5
1
2
-1
-9
-4
0
2
5
4
11
21
18
18
22
17
17
16
13
11
4
3
2
-7
-11
-11
-12
-20
-21
-22
-22
-20
-22
-15
-13
-11
-5
-7
-11
-12
-10
-12
-17
-14
-12
-12
-6
-6
-4
-2
-6
-2
1
2
2
0
3
4
4
8
12
19
21
26
36
40
48
53
53
56
54
56
53
43
42
38
35
33
22
22
17
13
20
19
19
12
9
13
5
2
-4
-9
-12
-17
-23
-30
-32
-34
-37
-39
-41
-43
-45
-44
-40
-40
-43
-45
-45
-45
-47
-43
-43
-45
-40
-31
-25
-18
-13
-13
-3
0
3
9
8
13
16
19
18
19
18
17
12
6
9
8
14
13
1
-4
-1
-5
-19
-30
-29
-34
-47
-57
-66
-65
-61
-59
-51
-41
-24
-11
1
16
35
47
60
73
83
93
103
112
117
113
106
102
95
88
79
67
54
38
21
8
-1
-13
-26
-35
-43
-42
-40
-42
-39
-29
-24
-16
-2
10
34
47
58
70
61
75
80
63
52
22
2
-18
-51
-81
-109
-141
-205
-248
-274
-308
-332
-405
-466
-484
-506
-501
-544
-611
-589
-564
-530
-499
-500
-434
-352
-261
-167
-78
42
151
261
357
476
610
685
757
801
845
930
936
906
870
799
754
665
526
383
213
47
-137
-330
-524
-715
-902
-1131
-1301
-1425
-1528
-1577
-1690
-1724
-1643
-1539
-1352
-1188
-989
-690
-359
-12
347
762
1150
1519
1864
2175
2455
2686
2864
2989
3056
3057
3006
2898
2724
2502
2233
1926
1583
1212
827
440
44
-337
-689
-1007
-1278
-1508
-1685
-1799
-1857
-1855
-1793
-1681
-1529
-1334
-1108
-877
-638
-397
-183
17
189
317
412
462
467
429
358
238
73
-120
-350
-601
-872
-1149
-1428
-1700
-1962
-2190
-2364
-2493
-2563
-2556
-2484
-2346
-2136
-1869
-1557
-1197
-811
-411
-6
380
761
1110
1421
1698
1936
2133
2289
2417
2507
2576
2627
2636
2628
2600
2546
2476
2372
2236
2064
1864
1623
1337
1022
671
302
-93
-497
-899
-1292
-1669
-2017
-2315
-2562
-2756
-2884
-2940
-2934
-2859
-2721
-2521
-2273
-1971
-1638
-1288
-921
-550
-166
204
569
913
1232
1529
1795
2022
2207
2355
2454
2495
2489
2436
2328
2167
1959
1697
1395
1073
722
348
-21
-370
-693
-982
-1219
-1383
-1484
-1533
-1523
-1452
-1319
-1156
-983
-793
-596
-406
-233
-79
60
188
301
387
466
524
559
591
587
537
441
318
158
-77
-372
-689
-1010
-1353
-1721
-2069
-2338
-2522
-2653
-2708
-2637
-2443
-2161
-1822
-1416
-944
-446
41
503
942
1336
1676
1954
2173
2346
2470
2560
2623
2661
2670
2668
2664
2632
2558
2458
2353
2221
2017
1755
1486
1223
913
538
172
-157
-483
-838
-1211
-1523
-1796
-2089
-2378
-2628
-2815
-2968
-3122
-3223
-3239
-3203
-3134
-3012
-2810
-2545
-2253
-1940
-1582
-1177
-778
-397
-7
391
775
1097
1382
1679
1939
2137
2295
2433
2545
2573
2540
2513
2437
2265
2039
1802
1580
1300
933
619
398
151
-132
-381
-505
-527
-622
-737
-713
-598
-519
-519
-491
-322
-166
-139
-101
24
186
278
284
364
510
564
531
500
502
451
268
31
-169
-414
-765
-1154
-1498
-1805
-2129
-2456
-2669
-2739
-2769
-2742
-2581
-2286
-1914
-1538
-1118
-602
-98
316
688
1054
1390
1607
1729
1863
1990
2044
2045
2070
2145
2189
2163
2178
2240
2235
2156
2039
1936
1798
1532
1224
963
678
313
-71
-398
-675
-991
-1326
-1575
-1769
-1998
-2245
-2445
-2582
-2713
-2876
-2992
-3028
-3038
-3035
-2976
-2828
-2614
-2377
-2100
-1746
-1344
-941
-536
-112
324
732
1091
1424
1745
2031
2255
2439
2607
2737
2816
2847
2843
2813
2744
2619
2459
2277
2067
1830
1566
1297
1035
773
506
263
64
-118
-270
-383
-464
-509
-534
-536
-527
-493
-443
-397
-337
-268
-197
-136
-83
-36
-4
-2
-34
-90
-189
-345
-546
-783
-1048
-1343
-1665
-1986
-2276
-2544
-2771
-2934
-3026
-3040
-2981
-2833
-2596
-2293
-1936
-1535
-1087
-621
-164
284
725
1136
1488
1797
2068
2283
2445
2567
2663
2725
2740
2729
2705
2657
2584
2483
2363
2233
2071
1874
1654
1431
1185
905
615
314
3
-325
-667
-1005
-1352
-1705
-2058
-2401
-2710
-2983
-3216
-3395
-3503
-3537
-3495
-3388
-3194
-2914
-2584
-2200
-1767
-1300
-817
-332
151
622
1055
1462
1833
2151
2433
2671
2851
2989
3065
3099
3092
3009
2888
2718
2502
2249
1950
1625
1284
933
578
247
-59
-337
-569
-751
-885
-971
-1015
-1038
-1033
-1009
-973
-922
-884
-829
-762
-694
-608
-513
-399
-274
-146
-31
65
137
159
129
27
-147
-371
-653
-989
-1345
-1711
-2045
-2342
-2593
-2742
-2807
-2781
-2661
-2435
-2136
-1780
-1363
-919
-469
-30
398
804
1158
1486
1776
2031
2262
2472
2652
2793
2929
3039
3115
3131
3101
3043
2914
2752
2507
2220
1929
1609
1288
934
646
382
111
-121
-347
-513
-714
-913
-1125
-1385
-1624
-1920
-2221
-2566
-2887
-3142
-3401
-3595
-3740
-3744
-3686
-3573
-3345
-3058
-2663
-2272
-1855
-1399
-947
-466
-50
357
748
1119
1454
1720
1997
2227
2415
2552
2640
2730
2754
2732
2669
2575
2462
2291
2086
1853
1621
1364
1074
803
554
345
140
-36
-157
-251
-321
-368
-402
-426
-445
-488
-531
-562
-580
-595
-602
-573
-512
-428
-331
-219
-101
-6
49
57
13
-104
-291
-537
-828
-1137
-1458
-1773
-2056
-2291
-2443
-2511
-2501
-2392
-2197
-1927
-1593
-1217
-818
-393
31
423
789
1113
1402
1644
1830
1990
2122
2234
2311
2361
2389
2396
2373
2313
2234
2133
2006
1830
1618
1392
1159
911
658
429
205
-6
-213
-400
-571
-746
-898
-1066
-1260
-1454
-1649
-1872
-2137
-2410
-2633
-2816
-3044
-3220
-3287
-3300
-3270
-3189
-2951
-2621
-2305
-1958
-1506
-1028
-602
-148
320
781
1151
1455
1786
2066
2310
2506
2660
2789
2880
2925
2903
2912
2929
2894
2729
2458
2314
2165
1846
1455
1183
994
604
92
-198
-212
-391
-751
-920
-880
-854
-1049
-1114
-894
-766
-849
-912
-764
-575
-493
-461
-314
-143
-77
0
70
172
250
190
42
-142
-299
-480
-778
-1145
-1406
-1646
-1989
-2254
-2374
-2387
-2405
-2405
-2223
-1959
-1694
-1365
-963
-567
-201
196
582
899
1148
1429
1703
1822
1906
2050
2177
2215
2196
2241
2297
2273
2215
2179
2105
1967
1811
1612
1363
1093
823
513
146
-176
-411
-651
-940
-1184
-1312
-1433
-1619
-1803
-1922
-2023
-2192
-2390
-2541
-2644
-2724
-2816
-2878
-2845
-2716
-2524
-2314
-2038
-1668
-1249
-839
-447
-6
441
813
1103
1390
1687
1918
2063
2170
2283
2391
2448
2466
2523
2600
2606
2522
2422
2352
2241
2017
1716
1450
1205
863
452
136
-53
-250
-515
-693
-690
-655
-687
-680
-551
-399
-336
-317
-251
-162
-130
-140
-152
-140
-127
-124
-125
-114
-70
-58
-105
-188
-268
-377
-575
-852
-1147
-1450
-1800
-2167
-2477
-2699
-2870
-3000
-3011
-2895
-2680
-2383
-2013
-1578
-1117
-645
-184
263
684
1063
1376
1610
1809
2003
2168
2269
2348
2431
2473
2475
2464
2456
2416
2311
2149
1935
1682
1414
1127
794
431
87
-228
-539
-797
-948
-1019
-1089
-1160
-1165
-1084
-982
-937
-931
-912
-920
-1010
-1162
-1280
-1340
-1449
-1644
-1815
-1846
-1789
-1770
-1736
-1587
-1353
-1141
-987
-767
-437
-108
122
294
504
750
966
1118
1265
1454
1619
1698
1743
1846
2004
2108
2082
2010
1967
1900
1757
1578
1433
1288
1040
734
537
473
430
316
205
192
219
207
179
201
221
143
-33
-171
-219
-274
-394
-550
-655
-676
-677
-709
-730
-712
-741
-858
-1011
-1148
-1288
-1500
-1813
-2144
-2400
-2605
-2768
-2872
-2905
-2849
-2706
-2498
-2182
-1765
-1354
-958
-582
-208
204
619
941
1197
1424
1549
1691
1879
1998
2123
2257
2275
2316
2432
2475
2585
2671
2536
2435
2320
2025
1806
1571
1155
823
456
8
-211
-380
-572
-553
-572
-651
-563
-494
-376
-166
-208
-346
-404
-618
-879
-1119
-1466
-1723
-2003
-2473
-2773
-2878
-2945
-2897
-2871
-2810
-2511
-2231
-1985
-1562
-1128
-674
-224
20
312
746
1039
1273
1512
1630
1802
1952
1943
2116
2383
2480
2581
2627
2620
2749
2764
2626
2570
2385
2036
1710
1330
1014
787
411
25
-230
-497
-702
-807
-912
-959
-1004
-1136
-1182
-1143
-1146
-1142
-1148
-1184
-1172
-1129
-1095
-1008
-922
-910
-896
-880
-880
-870
-901
-1023
-1149
-1293
-1489
-1607
-1705
-1822
-1861
-1882
-1875
-1732
-1512
-1252
-909
-593
-293
94
468
811
1146
1410
1626
1821
1958
2089
2249
2366
2439
2462
2456
2470
2462
2419
2330
2188
1985
1730
1438
1149
905
617
279
-45
-294
-472
-619
-724
-721
-644
-646
-678
-639
-514
-399
-489
-685
-842
-1022
-1328
-1730
-2057
-2301
-2590
-3011
-3328
-3369
-3291
-3219
-3169
-2940
-2542
-2185
-1860
-1462
-961
-494
-130
158
476
854
1133
1392
1630
1839
2105
2330
2575
2803
3032
3312
3523
3658
3697
3767
3793
3652
3366
3000
2721
2271
1666
1126
707
388
-111
-603
-853
-947
-1103
-1329
-1365
-1272
-1229
-1364
-1481
-1389
-1312
-1362
-1493
-1529
-1431
-1368
-1381
-1350
-1174
-1001
-973
-1002
-946
-815
-829
-1021
-1226
-1371
-1536
-1812
-2082
-2232
-2285
-2328
-2369
-2265
-2007
-1659
-1313
-961
-505
-3
474
882
1259
1644
1944
2133
2262
2429
2619
2694
2677
2641
2681
2762
2732
2644
2580
2527
2392
2123
1853
1653
1450
1102
648
299
50
-213
-516
-755
-830
-905
-1076
-1206
-1179
-1054
-1074
-1211
-1277
-1285
-1376
-1648
-1931
-2030
-2123
-2406
-2799
-3030
-3001
-2950
-3014
-3072
-2897
-2522
-2227
-1990
-1618
-1059
-486
-75
316
802
1333
1783
2097
2414
2702
2870
2981
3098
3230
3277
3202
3142
3196
3254
3155
3002
2925
2856
2654
2246
1901
1703
1364
820
237
-141
-413
-838
-1243
-1470
-1579
-1743
-1955
-1989
-1880
-1843
-1852
-1784
-1703
-1585
-1460
-1412
-1277
-1071
-979
-924
-893
-826
-683
-746
-964
-1027
-1110
-1374
-1629
-1813
-1988
-2169
-2314
-2381
-2382
-2316
-2161
-1898
-1530
-1184
-756
-116
365
777
1406
1859
2214
2644
2831
3029
3287
3228
3213
3326
3158
3082
3092
2862
2758
2686
2439
2273
2028
1705
1465
1078
623
241
-214
-694
-1098
-1436
-1674
-1920
-2067
-1968
-1922
-1917
-1759
-1510
-1277
-1247
-1327
-1239
-1172
-1425
-1756
-1920
-2030
-2260
-2649
-2854
-2782
-2709
-2690
-2626
-2326
-1890
-1521
-1168
-736
-189
327
699
1049
1478
1871
2168
2420
2624
2876
3042
3095
3286
3434
3404
3378
3447
3508
3413
3153
2993
2998
2727
2204
1830
1620
1285
649
3
-344
-597
-1117
-1685
-1983
-2132
-2297
-2577
-2722
-2625
-2522
-2450
-2392
-2261
-2001
-1739
-1614
-1488
-1269
-1063
-924
-946
-881
-718
-769
-947
-1070
-1086
-1201
-1502
-1750
-1790
-1855
-2066
-2138
-2047
-1843
-1671
-1495
-1084
-621
-192
296
834
1335
1801
2248
2642
2982
3220
3444
3610
3662
3726
3762
3737
3634
3504
3403
3227
2932
2610
2309
1899
1395
867
341
-169
-748
-1283
-1746
-2159
-2445
-2634
-2763
-2802
-2636
-2379
-2187
-2017
-1692
-1235
-1049
-1085
-1018
-847
-840
-1180
-1495
-1516
-1581
-1935
-2297
-2325
-2139
-2066
-2157
-2057
-1629
-1213
-968
-753
-345
198
569
752
999
1387
1748
1971
2116
2322
2557
2698
2801
2940
3060
3120
3126
3064
2975
2909
2883
2814
2558
2253
2046
1786
1394
1021
756
425
-166
-796
-1088
-1252
-1642
-2110
-2399
-2489
-2621
-2831
-2832
-2627
-2505
-2499
-2438
-2220
-1852
-1564
-1446
-1328
-1131
-897
-802
-854
-776
-628
-737
-1033
-1185
-1099
-1083
-1307
-1478
-1415
-1317
-1301
-1193
-881
-513
-241
26
414
885
1387
1841
2168
2431
2725
3031
3246
3363
3452
3495
3384
3198
3088
2998
2791
2459
2125
1829
1479
1069
699
335
-103
-547
-951
-1280
-1578
-1854
-2034
-2153
-2232
-2211
-2073
-1858
-1620
-1418
-1217
-990
-755
-524
-402
-398
-375
-396
-610
-925
-1123
-1149
-1319
-1762
-2087
-2112
-2103
-2243
-2352
-2167
-1798
-1546
-1392
-1099
-599
-38
396
728
1138
1637
2046
2256
2384
2621
2897
2990
2937
2909
2947
2953
2797
2568
2467
2470
2430
2242
1958
1755
1577
1276
917
635
391
-26
-645
-1197
-1523
-1815
-2218
-2594
-2773
-2812
-2929
-3009
-2830
-2505
-2235
-2083
-1888
-1537
-1218
-1049
-900
-735
-575
-482
-523
-544
-468
-433
-520
-656
-662
-528
-496
-580
-552
-418
-331
-249
-95
154
392
537
740
1001
1257
1580
1905
2108
2266
2465
2675
2789
2776
2793
2803
2603
2315
2125
1926
1616
1221
826
488
130
-222
-488
-809
-1148
-1349
-1524
-1711
-1827
-1849
-1798
-1819
-1835
-1621
-1355
-1144
-858
-612
-427
-190
89
393
446
275
312
302
-36
-439
-741
-918
-1269
-1930
-2319
-2383
-2512
-2628
-2741
-2712
-2386
-2075
-1778
-1377
-977
-398
167
409
782
1355
1811
2123
2230
2430
2810
2892
2879
3010
3049
3052
2977
2829
2857
2839
2704
2607
2323
2076
1955
1596
1178
809
364
-119
-789
-1421
-1671
-2045
-2597
-2909
-3086
-3079
-3037
-3060
-2721
-2346
-2190
-1893
-1595
-1243
-800
-674
-583
-353
-290
-179
-104
-117
98
138
-5
57
102
154
189
22
-19
-9
-204
-277
-307
-363
-255
-283
-293
-77
98
379
713
898
1249
1595
1730
1968
2156
2249
2349
2224
2087
2033
1803
1561
1335
1030
829
571
240
58
-136
-350
-558
-807
-968
-1062
-1202
-1332
-1429
-1524
-1525
-1475
-1408
-1233
-989
-774
-550
-301
-65
215
397
460
495
328
94
-82
-402
-806
-1171
-1516
-1810
-2152
-2486
-2488
-2405
-2404
-2297
-2139
-1852
-1487
-1167
-771
-364
0
411
768
1034
1422
1836
2141
2398
2580
2796
2992
3113
3264
3359
3287
3136
3032
2882
2626
2300
1955
1609
1149
611
150
-239
-629
-1037
-1449
-1794
-1994
-2144
-2269
-2311
-2305
-2230
-2124
-2021
-1824
-1581
-1370
-1141
-905
-672
-420
-180
68
335
515
644
772
832
854
792
633
468
229
-90
-382
-654
-886
-1094
-1316
-1443
-1436
-1372
-1269
-1155
-999
-745
-476
-270
-66
190
455
698
875
1054
1288
1519
1717
1875
1985
2085
2195
2251
2218
2099
1956
1810
1597
1289
952
646
346
18
-327
-601
-776
-932
-1096
-1204
-1230
-1194
-1147
-1111
-1016
-873
-779
-762
-769
-714
-626
-659
-848
-1014
-1082
-1183
-1421
-1713
-1841
-1840
-1971
-2199
-2257
-2073
-1826
-1737
-1696
-1396
-921
-559
-308
1
491
999
1269
1460
1812
2191
2432
2495
2529
2709
2807
2698
2598
2570
2556
2435
2144
1950
1881
1662
1324
1005
769
569
189
-293
-527
-646
-877
-1163
-1400
-1362
-1226
-1289
-1287
-1103
-866
-680
-671
-619
-358
-187
-201
-246
-241
-126
-72
-178
-208
-170
-191
-249
-377
-468
-481
-614
-842
-1058
-1265
-1407
-1558
-1782
-1948
-2032
-2065
-2030
-1956
-1800
-1521
-1213
-892
-503
-65
415
891
1309
1724
2128
2459
2731
2951
3102
3195
3184
3114
3021
2848
2621
2353
2055
1742
1392
1024
692
377
27
-318
-605
-836
-1055
-1301
-1511
-1608
-1669
-1784
-1893
-1903
-1808
-1723
-1749
-1737
-1573
-1380
-1284
-1282
-1239
-1088
-990
-1054
-1161
-1160
-1082
-1101
-1259
-1366
-1268
-1097
-1037
-1025
-867
-507
-151
65
292
659
1090
1401
1550
1696
1903
2054
2062
1994
1931
1889
1810
1695
1607
1541
1462
1400
1378
1360
1295
1174
1073
995
844
621
401
226
49
-171
-385
-521
-573
-595
-603
-591
-551
-477
-407
-327
-269
-271
-308
-390
-490
-634
-802
-931
-1060
-1220
-1389
-1508
-1543
-1546
-1567
-1597
-1581
-1539
-1525
-1515
-1465
-1390
-1333
-1308
-1255
-1106
-881
-642
-397
-110
234
622
1021
1412
1810
2180
2474
2696
2868
3015
3117
3117
3017
2856
2685
2492
2256
1989
1699
1390
1059
704
375
89
-204
-546
-888
-1190
-1468
-1733
-1955
-2105
-2247
-2400
-2480
-2461
-2398
-2303
-2127
-1873
-1632
-1449
-1243
-954
-626
-357
-197
-98
5
67
23
-94
-146
-112
-228
-544
-769
-715
-597
-664
-793
-709
-485
-382
-355
-191
119
377
457
473
613
900
1149
1230
1225
1323
1480
1511
1483
1595
1759
1766
1661
1654
1758
1764
1749
1869
1951
1794
1557
1519
1577
1396
1029
823
696
337
-186
-483
-532
-706
-1124
-1492
-1599
-1643
-1782
-1889
-1873
-1840
-1893
-1962
-1919
-1774
-1640
-1555
-1518
-1430
-1254
-1081
-928
-745
-508
-330
-300
-243
-30
157
153
84
125
194
157
114
219
415
534
593
728
997
1305
1526
1649
1781
1940
2017
1922
1734
1617
1510
1247
853
498
277
59
-235
-500
-639
-672
-747
-867
-920
-873
-806
-818
-881
-909
-914
-941
-1005
-1057
-1046
-1024
-998
-903
-772
-652
-521
-327
-86
82
143
207
318
350
234
73
-1
-41
-222
-497
-659
-647
-620
-686
-738
-652
-472
-339
-266
-134
105
326
413
454
586
776
889
908
931
1009
1065
1054
1059
1112
1178
1204
1205
1243
1311
1349
1345
1331
1301
1218
1065
888
739
564
315
34
-202
-381
-575
-790
-959
-1036
-1096
-1194
-1270
-1290
-1256
-1220
-1222
-1225
-1190
-1137
-1087
-1042
-988
-913
-835
-756
-655
-554
-453
-336
-215
-96
-2
79
169
248
290
313
329
347
349
334
329
343
384
431
496
583
685
795
887
978
1051
1074
1068
1021
941
837
688
531
374
212
48
-98
-222
-323
-408
-507
-572
-638
-705
-758
-824
-865
-886
-913
-915
-891
-860
-788
-691
-590
-469
-340
-195
-52
56
161
267
342
352
325
291
221
91
-65
-181
-292
-460
-650
-768
-793
-814
-853
-878
-799
-646
-535
-444
-311
-86
128
261
372
525
746
903
984
1048
1155
1294
1361
1404
1460
1550
1615
1638
1687
1732
1758
1720
1658
1610
1494
1311
1084
876
661
340
-43
-362
-588
-830
-1135
-1405
-1551
-1624
-1732
-1848
-1858
-1767
-1708
-1702
-1666
-1541
-1367
-1233
-1119
-988
-800
-599
-451
-297
-124
41
153
209
278
334
341
313
274
223
141
59
-3
-42
-69
-81
-68
-32
47
180
329
459
604
786
921
1003
1073
1144
1186
1143
1053
959
870
771
633
485
354
242
123
-14
-125
-190
-250
-345
-442
-504
-543
-600
-675
-730
-785
-858
-929
-978
-988
-984
-975
-916
-809
-685
-530
-353
-161
39
214
348
450
529
560
515
399
255
102
-72
-278
-482
-637
-739
-810
-864
-868
-786
-660
-557
-458
-298
-101
49
152
267
414
553
640
752
896
1049
1220
1368
1522
1696
1883
2057
2136
2150
2190
2210
2102
1853
1574
1374
1112
662
184
-154
-398
-762
-1202
-1494
-1603
-1722
-1973
-2116
-2047
-1960
-2003
-2088
-1960
-1712
-1586
-1569
-1452
-1154
-873
-725
-573
-272
63
258
366
541
784
907
846
761
747
715
533
281
104
15
-93
-256
-354
-334
-247
-194
-161
-39
154
307
373
426
531
642
649
583
563
599
603
531
478
498
530
502
442
427
443
403
286
169
98
17
-156
-369
-527
-632
-761
-944
-1087
-1121
-1109
-1140
-1150
-1044
-840
-663
-546
-387
-144
92
228
307
402
501
515
441
332
242
153
1
-197
-372
-470
-525
-597
-690
-717
-632
-518
-460
-419
-309
-134
8
70
141
294
468
584
667
811
1042
1258
1389
1505
1687
1903
2016
2002
1983
1993
1940
1734
1455
1225
999
679
276
-59
-297
-553
-866
-1147
-1294
-1383
-1527
-1679
-1749
-1749
-1767
-1832
-1845
-1769
-1684
-1623
-1527
-1325
-1073
-835
-590
-297
37
337
575
782
972
1101
1131
1080
994
871
684
453
234
41
-143
-317
-445
-499
-518
-515
-477
-390
-273
-172
-87
8
108
180
224
246
287
335
364
386
408
451
502
539
564
587
610
615
587
529
467
405
302
164
22
-107
-234
-385
-532
-642
-717
-785
-850
-869
-831
-778
-713
-621
-500
-356
-212
-81
46
158
242
306
340
331
268
187
96
-22
-159
-296
-382
-441
-496
-537
-523
-432
-334
-258
-158
1
178
300
382
497
639
743
776
804
894
979
1000
999
1064
1165
1204
1184
1183
1217
1203
1074
898
745
580
313
-35
-343
-578
-842
-1146
-1398
-1525
-1575
-1654
-1711
-1656
-1515
-1402
-1327
-1194
-986
-793
-685
-563
-365
-166
-31
75
246
451
592
691
812
967
1073
1073
1048
1040
981
829
618
407
202
-38
-296
-508
-647
-746
-812
-822
-765
-646
-507
-358
-190
-17
143
258
366
452
503
535
546
559
562
555
544
533
519
485
443
406
339
245
132
11
-116
-268
-422
-569
-701
-810
-914
-989
-1030
-1040
-1018
-976
-895
-781
-648
-509
-361
-195
-32
123
262
374
462
527
563
568
536
487
432
363
275
190
122
61
2
-57
-85
-94
-110
-119
-114
-100
-82
-65
-50
-16
41
94
155
221
325
453
549
648
770
896
982
1015
1033
1042
1000
867
704
551
369
142
-108
-309
-473
-643
-800
-890
-924
-937
-933
-901
-830
-745
-654
-568
-497
-409
-303
-213
-171
-118
-7
86
122
175
298
403
440
472
539
570
514
441
375
263
104
-54
-212
-369
-499
-597
-686
-765
-766
-718
-689
-654
-560
-420
-316
-250
-136
14
114
175
254
348
407
435
470
508
521
523
527
511
480
460
429
355
258
171
84
-43
-178
-273
-348
-446
-539
-577
-589
-594
-581
-532
-448
-364
-261
-116
31
159
299
447
548
606
658
675
651
587
501
419
314
187
73
-26
-129
-228
-294
-347
-397
-431
-436
-427
-427
-405
-358
-319
-285
-246
-175
-103
-47
35
141
238
314
397
490
550
574
583
566
519
439
345
232
111
-8
-118
-216
-303
-349
-373
-388
-378
-342
-302
-274
-232
-180
-139
-116
-93
-55
-23
13
50
95
145
195
243
285
325
359
371
363
339
298
228
136
50
-50
-165
-274
-364
-432
-489
-525
-520
-491
-449
-384
-308
-223
-144
-64
15
74
114
151
181
199
212
222
236
243
247
256
267
272
265
267
256
227
193
141
82
3
-72
-155
-247
-313
-378
-432
-470
-491
-484
-463
-434
-386
-330
-252
-166
-87
4
86
167
240
308
372
429
474
494
502
501
491
464
412
346
273
185
94
-4
-97
-180
-267
-338
-391
-417
-427
-435
-421
-385
-333
-280
-218
-151
-85
-24
19
66
104
117
125
125
123
119
104
96
98
107
138
160
190
230
256
277
281
275
260
215
154
92
33
-29
-86
-138
-170
-182
-188
-184
-165
-142
-120
-98
-80
-67
-49
-34
-34
-32
-27
-25
-21
-16
-9
-1
15
28
32
44
53
50
34
22
6
-16
-43
-77
-89
-103
-123
-130
-126
-115
-112
-100
-79
-64
-45
-28
-18
-7
2
12
16
13
15
24
34
44
56
72
99
119
128
133
128
115
84
44
4
-43
-89
-129
-161
-180
-185
-178
-160
-122
-78
-30
33
93
148
202
244
271
279
276
257
219
187
154
125
104
84
73
63
48
30
2
-29
-71
-125
-174
-224
-270
-307
-334
-348
-356
-342
-322
-295
-252
-197
-133
-72
-6
66
134
201
256
311
356
381
410
424
428
422
403
379
350
300
245
184
112
32
-54
-131
-210
-274
-326
-377
-398
-399
-394
-374
-339
-293
-239
-195
-141
-87
-51
-18
4
26
36
51
61
65
76
85
98
110
122
133
134
135
129
110
88
53
11
-37
-92
-137
-193
-239
-272
-295
-291
-286
-265
-217
-166
-99
-25
54
137
207
275
328
355
376
383
365
326
277
214
145
78
3
-60
-109
-157
-183
-195
-196
-180
-158
-126
-89
-55
-13
23
57
82
99
122
132
142
146
152
158
155
155
155
139
119
92
60
22
-29
-86
-150
-213
-289
-364
-422
-479
-522
-558
-576
-560
-533
-485
-428
-359
-273
-174
-65
36
145
246
340
431
509
589
662
711
753
778
781
781
746
687
616
518
402
278
141
2
-132
-255
-366
-456
-511
-546
-556
-539
-492
-427
-353
-272
-191
-110
-39
23
69
97
114
126
120
112
95
77
68
53
46
37
20
10
-12
-57
-105
-161
-234
-310
-389
-467
-542
-606
-646
-668
-672
-642
-589
-516
-423
-316
-186
-56
79
205
328
441
527
594
640
667
670
659
637
601
562
518
473
425
373
325
278
230
190
143
97
58
12
-21
-50
-75
-88
-95
-90
-70
-45
-19
11
36
61
76
86
84
65
36
3
-41
-93
-148
-214
-284
-345
-406
-471
-528
-581
-616
-644
-669
-676
-671
-638
-587
-525
-439
-332
-213
-86
45
172
295
411
511
597
673
726
760
769
768
753
722
677
613
545
466
374
278
177
71
-35
-129
-223
-304
-363
-410
-436
-450
-436
-406
-364
-308
-241
-166
-100
-35
37
99
139
173
194
196
188
168
142
105
64
19
-34
-87
-134
-179
-229
-272
-312
-345
-368
-391
-404
-409
-410
-402
-387
-355
-317
-271
-203
-124
-37
62
152
249
341
415
488
533
558
564
549
519
461
396
328
247
173
101
31
-27
-72
-103
-126
-131
-123
-114
-98
-69
-40
-15
9
32
46
48
52
52
52
40
25
3
-19
-39
-64
-88
-116
-144
-182
-218
-254
-295
-334
-372
-409
-439
-464
-483
-486
-476
-454
-420
-364
-297
-218
-112
-2
116
243
365
481
586
676
745
796
811
793
773
727
671
599
512
430
351
269
189
117
55
-4
-50
-93
-141
-189
-240
-281
-322
-363
-386
-398
-405
-395
-373
-331
-279
-237
-181
-124
-78
-45
-15
-2
-3
-10
-38
-63
-90
-124
-156
-184
-200
-216
-218
-214
-202
-185
-165
-143
-124
-103
-94
-77
-61
-55
-46
-30
-8
20
54
97
142
181
222
254
281
297
284
276
258
228
201
160
117
87
61
37
26
24
27
38
51
65
81
96
110
107
103
87
70
54
40
30
12
-2
-19
-34
-37
-38
-38
-46
-62
-74
-97
-121
-157
-184
-207
-242
-265
-283
-299
-304
-304
-286
-258
-232
-200
-155
-108
-63
-16
32
76
117
153
184
210
235
258
275
283
291
296
294
289
270
251
239
214
185
154
117
85
51
13
-20
-47
-63
-86
-105
-119
-124
-124
-127
-122
-117
-111
-98
-97
-85
-75
-73
-63
-57
-51
-50
-56
-61
-61
-67
-73
-80
-83
-83
-92
-88
-97
-100
-91
-87
-80
-72
-61
-50
-42
-36
-25
-18
-9
4
9
15
23
32
41
52
59
66
82
93
106
112
117
126
121
114
108
107
91
77
69
54
40
25
16
13
4
12
13
14
28
31
32
39
41
39
36
26
8
-5
-22
-36
-47
-60
-67
-73
-76
-81
-87
-93
-90
-91
-90
-88
-91
-93
-89
-80
-86
-79
-68
-69
-66
-48
-31
-27
-11
6
22
39
51
60
71
78
86
87
87
90
91
91
92
89
87
80
74
76
72
69
62
58
55
44
32
15
8
-3
-20
-28
-36
-41
-47
-48
-42
-40
-37
-35
-29
-27
-25
-23
-26
-28
-32
-34
-32
-32
-36
-42
-41
-46
-52
-51
-55
-46
-40
-37
-32
-30
-25
-26
-28
-21
-16
-19
-22
-23
-19
-19
-8
3
5
9
14
21
28
31
33
35
35
38
44
47
48
40
43
46
42
42
37
32
31
32
28
25
26
22
19
20
14
6
9
5
4
0
-9
-11
-14
-20
-22
-25
-29
-28
-28
-27
-30
-26
-27
-28
-25
-22
-21
-18
-17
-15
-16
-25
-22
-17
-13
-15
-11
-4
-6
-1
2
5
12
17
12
11
15
13
14
15
23
15
11
22
25
24
20
24
19
13
18
15
17
16
14
16
14
6
2
-1
-4
-7
-2
-2
-6
-2
-4
-3
-3
-5
-7
-6
-3
-5
-13
-14
-19
-30
-31
-30
-29
-27
-27
-32
-31
-32
-28
-20
-18
-20
-21
-18
-10
-10
-15
-11
-12
-8
-1
0
-2
6
6
0
10
19
21
25
28
30
36
43
39
39
39
32
32
28
15
11
9
5
4
8
5
-5
0
1
1
3
-4
-2
5
0
-3
-4
-11
-11
-8
-18
-24
-20
-18
-11
-9
-6
0
-5
-3
0
-1
-3
-10
-11
-12
-11
-20
-26
-25
-22
-16
-16
-20
-17
-13
-10
2
9
13
17
22
29
34
29
26
22
23
22
16
16
21
18
20
20
18
23
27
25
27
24
23
20
15
6
-1
-8
-15
-19
-25
-21
-23
-24
-21
-21
-22
-21
-19
-27
-31
-28
-29
-27
-33
-37
-36
-34
-30
-27
-22
-18
-14
-10
-3
-1
2
3
4
0
-2
0
-5
-7
-5
-5
-2
3
4
10
15
20
23
22
21
23
30
30
33
34
31
28
28
29
28
28
23
18
13
12
12
9
5
0
-2
-2
-5
-9
-11
-14
-13
-12
-13
-9
-8
-11
-9
-6
-8
-2
-1
3
0
-6
-5
-6
-6
-9
-11
-12
-16
-12
-15
-14
-13
-16
-15
-18
-24
-27
-25
-27
-26
-24
-18
-12
-10
2
6
8
13
19
21
20
25
29
25
25
28
25
24
28
27
22
28
29
18
20
28
21
19
18
10
5
-4
-11
-15
-19
-26
-27
-27
-27
-24
-30
-27
-20
-21
-20
-20
-17
-18
-22
-21
-19
-14
-12
-8
-6
-5
2
2
0
2
4
4
11
10
6
6
2
-4
-2
-5
-3
3
-1
-1
0
-1
4
10
16
17
22
19
14
13
17
16
7
11
8
9
6
8
8
-2
1
1
3
-2
-5
0
-1
2
5
8
8
7
1
1
4
1
1
0
-1
-4
-4
-7
-14
-7
-3
-5
-7
-15
-17
-18
-18
-18
-19
-19
-19
-17
-16
-18
-22
-20
-17
-13
-12
-7
-1
0
8
11
11
18
24
28
30
34
28
26
22
19
25
25
24
21
22
25
25
26
26
25
20
12
9
4
-4
-4
-11
-15
-19
-22
-20
-30
-33
-27
-34
-29
-21
-27
-24
-16
-14
-12
-11
-8
-8
-13
-15
-17
-17
-20
-20
-9
-14
-13
-5
-5
1
-2
-4
-3
-7
-7
-2
-1
-4
-4
0
6
7
11
13
12
11
10
9
13
21
20
17
16
13
14
11
11
10
7
7
8
9
13
22
20
17
15
13
18
20
18
17
12
9
11
12
7
7
3
-1
-4
-3
2
-5
-6
-6
-6
-11
-15
-13
-18
-24
-25
-26
-28
-27
-24
-31
-35
-31
-28
-22
-22
-18
-11
-10
-10
-9
0
0
2
10
9
8
9
11
8
11
13
14
14
11
15
18
13
16
9
4
10
6
3
6
3
-1
-4
-10
-5
-1
-6
-6
-3
-2
-3
-2
3
5
6
10
6
7
14
16
15
17
14
13
14
13
13
10
1
-8
-10
-8
-9
-11
-11
-14
-15
-17
-16
-12
-12
-11
-15
-19
-19
-12
-15
-15
-15
-16
-8
-8
-4
-4
3
11
8
6
7
4
3
-3
-4
-5
-2
6
9
13
12
15
13
12
13
12
13
10
8
9
10
5
5
-1
-9
-7
-4
-4
-9
-13
-11
-11
-14
-13
-7
-10
-10
-5
-4
3
1
-5
-3
3
0
3
8
8
12
11
6
12
11
15
19
19
25
22
18
20
20
19
15
15
12
9
10
8
3
-2
-4
-4
-7
-15
-17
-14
-12
-12
-13
-15
-16
-14
-19
-23
-20
-21
-23
-22
-20
-13
-14
-11
-8
-8
-7
-10
-3
-1
-4
-3
-5
-9
-8
-17
-14
-6
-14
-11
-5
-13
-13
-6
-3
-1
-5
-4
-2
-5
-7
-3
-1
4
3
5
14
16
20
25
22
27
26
28
29
26
28
32
28
25
26
24
21
27
27
22
23
17
19
17
11
7
6
10
9
-3
-12
-11
-12
-15
-15
-24
-28
-24
-26
-23
-20
-16
-10
-14
-17
-19
-23
-23
-31
-32
-24
-27
-27
-15
-13
-8
-3
-2
2
2
0
2
-1
-3
-1
3
5
4
5
6
7
4
4
7
12
15
13
15
9
5
-1
-3
2
4
-4
-1
1
-4
1
0
3
5
5
7
6
11
11
11
13
16
9
9
11
9
5
2
1
-5
-2
3
-1
2
1
-2
-3
0
-1
-4
-6
-10
-18
-19
-22
-18
-9
-16
-15
-12
-9
-7
-7
-11
-2
4
-5
-2
5
1
4
9
8
12
14
16
13
9
12
20
16
16
19
23
22
12
7
-2
-4
-2
-10
-6
-4
-3
0
-3
-3
0
1
-1
-1
-4
-10
-15
-14
-19
-20
-16
-23
-22
-23
-16
-10
-16
-9
1
5
2
3
4
6
6
3
4
3
1
1
-1
0
1
1
6
0
2
3
5
10
12
5
5
6
3
-1
-2
1
9
11
4
3
2
0
1
3
5
9
7
8
7
-1
2
3
1
3
5
7
12
17
16
12
7
4
1
-6
-12
-13
-8
-12
-15
-11
-11
-9
-6
-9
-8
-8
-14
-12
-14
-10
-5
-6
-8
-8
-14
-17
-12
-10
-6
-4
-3
-6
0
6
8
8
3
3
7
3
8
8
8
5
1
1
2
3
5
3
-1
5
9
4
7
12
8
2
2
9
6
5
5
4
10
8
8
12
9
3
3
2
3
4
0
3
2
-1
0
2
4
2
0
7
4
0
1
-1
0
-1
-4
-6
-8
-6
-3
-7
-10
-10
-17
-19
-16
-13
-18
-19
-14
-17
-13
-13
-16
-14
-9
-8
-8
-6
-2
-1
-3
-4
-5
-5
-9
-1
1
-1
6
9
10
12
19
17
18
17
12
14
19
16
11
8
6
8
9
6
0
5
8
3
6
9
7
4
4
3
7
8
6
4
-3
-6
-11
-9
-2
-2
-10
-6
-3
-1
4
2
8
12
7
10
9
6
0
-2
3
-5
-6
-2
-5
-8
-14
-10
-11
-9
-8
-11
-6
-10
-10
-10
-18
-17
-22
-18
-17
-19
-13
-17
-10
-6
-1
5
2
2
2
4
5
8
10
9
10
5
5
5
6
6
10
11
8
8
6
6
11
12
8
6
10
9
2
7
6
-2
5
4
-1
-1
-2
2
2
9
16
14
12
7
7
2
-4
-5
-6
-6
-4
-8
-6
-6
-7
-3
1
4
8
7
4
3
-6
-7
-5
-11
-10
-8
-13
-6
3
-1
3
2
-2
-2
-6
-6
-14
-17
-15
-16
-14
-11
-6
-4
-1
-5
0
2
-3
-3
-6
3
8
2
2
1
2
3
4
7
6
4
6
8
5
2
2
4
6
7
9
5
3
3
-2
-7
-10
-7
-5
-7
-4
1
1
5
9
10
3
-2
2
-4
-7
-3
-7
-5
-1
0
1
5
2
7
11
13
15
15
16
14
10
14
12
7
4
6
9
3
10
2
3
8
6
2
-2
-5
-15
-17
-16
-18
-18
-8
-8
-11
-8
-9
-15
-14
-13
-12
-5
-6
-5
-6
-6
-8
-10
-6
-2
3
5
4
5
5
6
3
3
5
4
1
3
2
-2
-1
-2
-5
-6
-5
-8
-5
0
-3
-4
-3
0
3
1
0
-3
-5
-3
-10
-7
0
1
7
11
10
14
14
7
10
15
11
12
11
16
13
9
5
0
2
5
5
7
6
4
7
9
9
8
3
-3
-4
-9
-11
-7
-7
-4
-4
-3
-2
-5
-5
-5
-8
-10
-5
-9
-8
-6
-5
-4
-3
3
-1
-4
-3
1
0
3
6
-1
1
1
1
-4
-4
0
-2
-1
-6
-5
1
0
1
-2
2
-5
-4
-3
-6
3
-1
-6
-10
-8
-2
-7
-9
-2
-4
1
5
7
12
8
4
1
-5
-7
-4
-2
1
-2
1
2
0
8
8
5
12
11
8
11
5
5
6
3
3
-7
1
0
-2
5
2
1
8
6
4
10
11
2
1
5
2
3
-1
-7
-2
-5
-10
-6
-3
0
3
5
8
3
2
1
-6
-7
-13
-9
-6
-10
-8
-5
-5
-3
0
-5
-8
-13
-15
-12
-9
-5
-6
-6
-5
-4
0
-3
-2
1
-6
-7
1
9
11
6
9
10
7
6
8
8
5
5
2
-5
-4
-6
-4
-1
3
2
3
11
11
15
18
17
13
12
9
2
-1
-1
1
4
2
2
4
5
6
6
6
5
3
1
-2
-5
-14
-13
-14
-13
-10
-9
-8
-8
-4
-8
-9
-10
-6
-6
-10
-10
-11
-10
-11
-11
-10
-9
-6
0
1
-2
-6
-3
3
1
-3
1
3
1
6
4
4
6
5
8
7
12
10
10
13
8
14
15
4
-2
0
7
4
1
4
-2
2
5
0
-3
2
3
-2
-4
0
2
4
5
5
6
3
-3
-5
-6
-1
-1
-2
-2
1
-1
2
3
-4
-5
0
-2
-6
-7
-10
-7
-5
-2
1
-1
-4
1
5
-4
-9
-9
-4
-4
-3
-2
0
-2
-2
2
-3
-4
3
3
7
4
5
11
7
9
7
8
15
8
5
6
-3
2
2
-4
3
4
3
1
-4
-4
-6
-9
-11
-7
-10
-8
-7
-12
-8
-8
-4
-2
-5
-4
-11
-3
-1
-7
-2
-7
-8
-4
-3
0
1
-3
-2
1
0
1
-3
1
7
4
8
12
4
5
7
3
1
5
10
11
12
12
11
5
8
7
0
4
-2
-3
2
2
3
4
9
9
11
7
4
7
1
4
1
-2
0
-7
-3
-2
-5
-1
-5
-4
-2
-1
-2
-3
-2
-6
-7
-5
-11
-19
-18
-18
-20
-20
-19
-12
-7
-7
-5
-6
-3
2
1
0
5
4
-2
1
6
10
9
11
15
11
14
13
14
11
6
8
9
13
12
6
7
6
2
5
-1
-9
-5
-9
-8
-4
-9
-5
-7
-10
-9
-9
-9
-7
-5
-4
-8
-12
-9
-4
-6
-5
-2
-2
3
9
7
14
14
6
6
7
7
5
2
0
1
-2
-1
0
2
9
3
0
0
-2
2
5
3
1
-2
0
-1
-3
-1
-7
-10
-9
-6
0
0
5
7
1
6
10
14
10
4
0
2
-2
-11
-4
-4
-6
-2
-4
2
-1
-2
1
-2
-3
-5
-1
-5
-5
-2
-9
-11
-12
-14
-12
-5
-10
-9
-4
2
6
8
4
0
1
-1
-1
4
5
7
6
8
6
2
9
11
5
5
4
6
11
14
13
12
8
4
5
5
8
4
2
5
5
1
1
3
0
-1
-1
-4
-4
-3
0
-5
-6
-10
-15
-9
-7
-10
-9
-7
-8
-5
-2
-6
-9
-6
-10
-11
-11
-12
-9
-11
-11
-5
-4
-6
-3
-1
4
4
6
10
5
6
7
-2
1
4
1
4
7
7
4
5
8
6
0
5
2
-2
0
1
0
-1
9
11
10
6
7
7
8
10
8
12
10
7
11
7
3
-3
-3
1
2
-3
-5
-4
-10
-7
-8
-6
-2
-7
0
2
-2
-2
-7
-8
-8
-9
-9
-12
-15
-11
-4
-4
-7
-1
4
7
3
2
4
3
2
-1
-1
-2
0
3
6
3
1
3
3
6
5
-2
-4
2
-1
0
-3
-6
-5
-6
-6
-8
-4
-1
1
0
1
-3
0
5
-4
-2
7
4
7
11
14
15
10
5
5
5
1
0
-5
-4
3
1
0
-2
0
0
-3
0
0
-4
-5
-6
-6
-4
-12
-14
-8
-10
-7
-4
-9
-6
-3
1
3
1
3
7
3
1
1
2
0
3
7
5
3
5
7
9
8
2
10
14
9
9
8
6
4
2
-3
-3
-7
-6
-4
-8
-8
-12
-11
-8
-10
-7
-9
-6
-3
-7
2
-6
-8
-3
-6
-2
0
-1
3
4
3
3
3
6
5
4
6
2
4
4
6
0
0
4
-2
-2
-3
0
1
-1
4
4
3
5
5
6
7
8
4
2
4
4
1
1
-2
-3
1
2
2
-1
-1
1
2
3
-1
-3
-5
-6
-6
-4
-6
-7
-3
-2
-2
-5
-5
-2
-4
-4
0
4
3
2
-1
-2
-7
-8
-11
-11
-7
-3
-6
0
5
2
4
4
2
-1
2
2
3
-3
-4
1
-4
-4
1
4
4
0
3
4
6
11
9
7
-1
-4
-2
-3
-3
0
4
7
6
0
1
-2
-6
2
2
3
4
-3
3
3
-3
-4
0
5
3
3
1
-2
-2
-2
2
4
2
4
7
4
5
5
-4
-7
-6
-8
-7
-1
-2
1
-4
-5
1
2
-2
-8
-3
2
-1
-6
-4
-5
-11
-5
-2
-1
6
11
13
13
13
11
9
11
14
11
7
6
2
2
0
0
-2
-4
-2
-5
0
0
-1
-5
-5
-9
-10
-10
-16
-14
-22
-22
-16
-14
-10
-10
-2
-2
0
-2
-3
3
-2
-4
-4
1
2
-2
4
0
0
0
-3
5
2
3
2
1
8
7
8
10
6
1
3
9
2
-1
5
8
8
6
5
6
5
8
7
4
5
5
0
6
7
5
9
6
10
12
5
2
3
3
-1
0
2
1
1
3
3
-2
-6
-2
-4
-9
-11
-10
-12
-13
-10
-10
-8
-13
-12
-12
-10
-10
-5
4
3
0
3
4
2
6
4
2
-1
-2
-3
-9
-5
0
-3
-3
2
7
4
9
7
5
6
3
6
5
-1
-4
-7
-10
-6
-7
-8
-3
-2
-1
-4
-7
-2
-1
-2
0
1
3
3
4
4
-1
-2
-5
-8
-2
2
5
5
10
12
14
10
5
3
1
-4
-8
-8
-7
-5
-9
-8
-4
1
4
3
7
7
4
0
1
1
1
0
4
2
-1
2
1
5
6
13
12
12
9
6
5
3
1
-3
1
1
0
4
2
5
6
6
9
10
7
2
-1
0
-3
-8
-6
-4
-6
-7
-11
-9
-9
-11
-7
-7
-6
-4
-9
-9
-7
-13
-7
-8
-11
-11
-12
-12
-12
-12
-9
-9
-10
-8
-3
2
-1
4
5
5
7
6
7
6
3
-1
-4
3
5
5
6
3
8
9
7
11
14
13
11
5
13
8
5
4
3
6
0
3
5
3
0
4
6
4
7
3
5
7
-1
0
2
1
4
2
1
-4
-4
6
5
5
-1
-4
-6
-6
-7
-10
-10
-12
-9
-8
-9
-4
-4
-12
-15
-10
-8
-8
-7
-7
-6
-6
-6
0
-2
-6
-4
-2
0
0
3
-1
-2
5
7
7
10
7
6
7
0
3
3
0
2
4
4
6
5
5
3
-3
-3
-2
2
9
9
5
4
2
4
-1
-5
0
-5
-2
2
2
1
2
6
2
3
0
4
1
-4
-1
-8
-6
-5
-4
1
1
5
7
6
3
5
4
6
7
3
4
2
-2
-7
-3
-4
-6
0
-1
-3
-6
-4
0
-3
0
-1
-5
-5
-2
-3
-5
-10
-12
-6
1
-4
-8
-1
-3
-6
-6
-7
-6
-5
-9
-8
-6
-2
-2
-4
3
3
-2
-3
-2
0
8
6
3
4
1
4
5
5
9
7
4
4
3
5
6
9
13
7
11
8
4
4
6
7
3
11
11
9
12
10
11
13
11
6
7
5
-1
0
1
-7
-5
-5
-9
-10
-9
-4
-4
-3
-4
-7
-5
-5
-10
-13
-14
-18
-16
-14
-15
-10
-9
-7
-9
-15
-9
-8
-6
-3
-8
-7
-6
-3
-5
-9
-6
-2
1
2
0
5
10
3
5
13
12
12
10
12
9
7
8
7
9
4
1
1
1
3
4
8
10
11
13
14
8
6
12
9
1
1
3
-1
-1
2
-1
-3
-5
-4
-5
-3
-3
-5
0
-1
-3
-2
-3
-5
-6
-3
-13
-11
-4
-3
0
-8
-5
-4
-5
-3
-3
-2
-5
-4
1
-3
-5
-1
-1
-1
-3
-5
-1
0
-1
-2
-3
-2
-1
0
2
7
7
0
1
6
4
7
8
10
12
11
11
14
8
8
12
8
6
4
2
-6
-7
-4
-6
-3
-3
-3
-2
-5
-7
-6
-9
-12
-6
-8
-12
-10
-11
-8
-11
-9
-10
-8
5
0
3
8
7
5
2
6
5
3
4
2
1
1
0
3
4
7
10
12
9
6
8
2
2
-3
2
2
-4
-3
-6
-1
-3
-2
-1
-3
1
-1
1
1
3
3
-1
0
-2
-2
3
1
-3
4
2
-1
-1
3
4
6
6
-2
0
2
0
-2
-7
-8
-5
-4
-10
-8
-7
-5
-7
-4
-4
-4
-3
-3
0
0
-5
-7
-3
-1
-2
2
-1
-1
7
4
6
8
11
11
5
3
3
3
3
4
2
1
8
10
4
3
3
7
6
0
-1
-1
-3
-3
-1
-2
-3
-3
-6
-4
-2
-9
-5
-6
-9
-5
-6
-4
-4
-3
4
2
0
1
-4
1
8
3
-5
-11
-6
-2
0
1
4
2
4
5
1
4
3
3
2
3
0
-2
6
6
2
7
3
2
7
4
2
-2
0
1
-1
2
1
3
6
7
8
7
4
9
8
5
0
-2
4
0
-3
2
-2
-4
-3
-1
0
-5
-8
-8
-9
-13
-14
-9
-13
-12
-11
-10
-11
-11
-15
-17
-12
-13
-10
-8
-5
-1
-2
-4
-4
-4
-7
1
2
0
1
2
8
2
3
8
5
11
11
8
13
12
10
11
4
3
9
11
9
12
13
9
11
17
14
13
17
15
12
10
12
7
3
3
3
2
-2
-2
-2
-2
-2
3
1
-4
-3
-2
-4
-6
0
-3
-3
-3
-10
-8
-11
-8
-11
-11
-12
-15
-10
-8
-12
-15
-15
-11
-8
-14
-17
-15
-18
-11
-12
-16
-10
-6
-5
-5
-1
2
3
7
3
3
7
6
5
1
4
3
5
7
5
3
7
9
4
10
10
4
4
6
6
-2
-1
4
8
1
1
6
2
3
6
12
13
15
9
10
14
10
12
8
7
8
5
7
6
-3
0
2
3
10
8
13
13
4
2
-2
-6
-10
-17
-13
-10
-12
-14
-13
-13
-17
-12
-12
-9
-5
-14
-13
-12
-16
-21
-18
-7
-10
-10
-4
-8
-4
1
3
5
5
10
7
3
1
4
5
-2
1
6
5
2
-2
-1
2
0
3
4
-1
-2
0
2
-2
3
1
-2
11
12
12
9
7
10
4
5
9
8
6
9
13
11
8
7
6
3
0
5
6
11
9
-1
10
6
2
8
8
3
0
0
-4
-8
-11
-16
-12
-7
-5
-5
-10
-13
-14
-6
-4
-8
-11
-12
-11
-13
-15
-14
-10
-5
-5
-1
-2
-2
0
-1
-1
-3
-7
-6
-4
-6
-5
-8
-9
-12
-14
-9
-2
-4
-6
0
-3
-2
0
-2
7
5
0
-1
7
14
11
8
12
7
0
10
15
19
21
16
20
16
16
21
15
15
15
16
13
10
10
6
6
12
8
6
9
7
2
-2
3
0
2
1
-3
-2
-4
-6
-7
-9
-3
-1
-9
-5
-4
-4
-4
-8
-9
-19
-15
-9
-14
-9
-3
-13
-11
-8
-10
-9
-8
-10
-16
-12
-8
-9
-15
-16
-13
-21
-22
-16
-13
-9
-10
-11
-8
-6
-9
-9
-6
-8
-7
-2
3
3
3
5
5
6
6
13
14
12
14
13
14
15
15
13
13
12
12
10
8
18
21
17
19
24
28
29
25
19
21
18
10
11
8
6
8
3
6
4
2
5
5
5
9
7
-1
-7
-4
-5
-13
-12
-12
-16
-15
-14
-11
-15
-13
-13
-13
-9
-13
-16
-12
-14
-20
-21
-25
-21
-14
-14
-16
-16
-13
-6
-1
-8
-7
-5
-4
-5
-9
-16
-12
-7
-7
-3
-5
-2
3
4
5
1
2
4
2
2
5
6
5
6
0
4
2
0
7
10
10
14
19
19
17
16
17
13
13
14
15
14
11
13
8
8
7
12
13
9
18
14
11
11
10
8
2
-1
1
-2
-3
-4
-9
-7
-2
0
-3
-4
-8
-5
0
-2
-7
-7
-7
-10
-12
-19
-14
-13
-19
-15
-17
-14
-13
-15
-15
-17
-16
-9
-6
-4
-2
0
-5
-7
-6
-3
-7
-6
-3
-6
-4
-5
-3
-5
-4
2
2
4
6
7
11
13
9
7
8
6
3
6
8
10
10
10
8
8
6
9
9
3
7
6
3
1
4
2
-1
1
-1
5
9
7
8
13
6
4
5
2
1
-2
-1
0
3
7
9
9
8
6
6
8
4
-3
-7
-2
-6
-7
-2
-8
-8
-7
-10
-9
-11
-11
-9
-5
-8
-7
-4
-1
-5
-7
-7
-10
-9
-6
-6
-8
-10
-11
-11
-8
-4
-1
3
5
5
1
1
-4
-8
-6
-8
-6
-2
-6
-1
-1
0
4
4
6
7
4
0
3
-3
-4
-1
-3
0
1
5
5
6
8
7
11
9
12
9
11
15
11
13
7
7
5
5
8
5
6
9
9
6
4
6
7
-2
-4
0
1
1
3
7
14
11
3
6
2
-2
-4
-8
-12
-15
-16
-6
-5
-9
-7
-1
-1
-2
-1
-4
-4
-6
-5
-8
-10
-10
-13
-7
-9
-12
-12
-14
-14
-9
-11
-13
-7
-2
-1
-4
-6
-7
-8
-6
-5
-7
-8
-1
-2
0
-1
0
4
7
12
13
13
9
7
9
7
7
4
4
10
11
7
8
8
7
9
11
8
7
16
16
10
15
13
6
7
5
9
11
2
0
1
-1
4
6
5
8
3
2
1
-5
-3
-7
-8
-6
-6
-6
-3
-9
-10
-9
-15
-10
-3
-4
-3
-3
-6
-7
-6
-14
-17
-11
-13
-13
-14
-9
-14
-13
-6
-5
-7
-7
-3
-7
-2
-2
-2
4
2
3
5
3
4
3
1
11
8
8
13
5
9
13
8
6
4
4
1
-3
0
-1
-5
2
3
4
6
1
4
4
7
5
4
9
1
-1
-5
-10
-4
1
7
3
5
10
8
6
5
4
0
0
0
5
3
3
1
1
1
-2
-1
1
3
-3
0
-1
-3
2
4
3
-7
-3
-1
-8
-7
-9
-7
-6
-4
-4
-5
-5
-4
-5
-4
0
-2
-4
-4
-7
-8
-3
-3
-4
