5
11
9
3
4
1
1
-2
-9
-7
-7
-7
-3
-4
-5
-3
2
3
2
6
4
-1
-4
-9
-10
-12
-12
-10
-12
-12
-11
-9
-5
-5
-5
-2
-2
2
0
0
-4
-3
1
0
5
0
-4
-3
-4
2
-1
-3
7
7
8
12
11
11
12
8
9
10
13
14
13
17
14
14
17
18
12
13
14
10
11
3
-1
0
2
1
0
-4
-5
-2
-2
-4
-2
-4
-7
-6
-8
-12
-21
-17
-17
-17
-8
-10
-6
-2
-2
-4
-1
-9
-10
-7
-10
-3
-4
-10
-9
-1
-3
-5
-5
-9
-10
-5
-4
-4
-2
1
4
0
3
6
2
0
-1
-2
-4
2
-1
-2
5
1
3
9
6
3
10
7
1
1
-2
3
1
-3
0
0
-1
5
6
8
11
6
4
7
11
9
10
6
8
11
3
7
8
8
10
10
7
-1
3
6
4
5
6
3
3
4
1
1
-3
-3
-6
-10
-1
4
2
1
-1
-2
-4
-8
0
0
-2
-2
-8
-5
-5
-5
-9
-9
-12
-15
-11
-11
-18
-12
-9
-12
-8
-8
-5
-6
-8
-6
-5
-7
-6
-6
-8
-5
-5
-10
-7
-6
-7
-7
-3
-3
-4
4
0
-6
-5
7
12
5
3
8
9
2
11
14
11
14
13
16
17
16
15
12
9
9
8
9
7
4
8
10
11
7
4
7
7
7
10
8
8
7
4
8
5
1
-3
-7
-4
0
7
4
3
4
3
4
1
2
6
-6
-11
-17
-20
-14
-17
-13
-14
-15
-9
-9
-8
-8
-10
-13
-16
-15
-13
-11
-14
-13
-13
-14
-12
-8
-5
-4
-4
-5
-5
-7
-8
-4
-2
-1
-2
-3
-5
-2
5
7
4
5
7
8
7
4
10
14
8
12
15
14
15
7
7
4
1
6
9
8
5
9
16
11
8
11
8
6
8
7
3
-2
3
6
-1
0
4
8
8
7
14
10
7
3
0
3
1
-4
-2
-2
-5
-3
-6
-8
-6
-4
1
-5
-6
-6
-9
-5
-9
-8
-7
-7
-10
-14
-9
-15
-18
-17
-14
-7
-8
-8
-4
-5
-3
-8
-11
-10
-8
-8
-11
-9
-10
-8
0
1
0
-8
-15
-2
6
2
5
4
5
9
8
7
5
5
10
15
21
14
10
18
13
13
18
11
7
11
6
6
13
14
11
10
10
6
2
0
-1
-4
-4
-5
-3
4
3
2
7
2
1
-1
-2
-3
-5
-5
-6
-8
-5
-2
-5
-3
-3
-3
-4
-4
-5
-7
-7
-11
-9
-2
-8
-9
-4
-9
-8
-3
1
-1
0
-2
-4
-2
-4
-5
-10
-13
-8
-2
-1
-1
-2
1
3
4
0
-5
-3
1
8
6
0
0
1
5
7
2
-6
0
3
-1
0
-1
-1
0
6
9
6
10
10
3
3
6
3
1
3
2
0
-3
-3
-1
6
7
9
9
4
4
11
7
0
-1
3
4
6
2
1
6
2
4
4
0
-1
-2
-1
-1
-5
-4
-4
-5
-6
-9
-11
-11
-8
-8
-12
-6
-5
-4
-2
-8
-3
-5
-4
-2
-4
3
5
5
7
5
3
-3
-2
-2
-6
-4
-5
-6
-4
-3
1
0
-4
-5
-5
-2
2
2
3
13
11
6
3
-2
-1
4
0
1
-2
-5
4
5
1
-4
-8
-3
-2
-2
-2
1
4
8
14
5
4
11
9
5
3
-2
-1
11
15
11
9
11
13
15
8
0
-7
-9
-4
0
-5
-12
-11
-6
1
-6
-9
-9
-11
-1
4
2
-3
-1
0
3
3
1
0
-8
-4
-2
-11
-13
-12
-9
-11
-5
-3
-2
-5
-5
-1
-5
0
-5
-6
3
1
-5
-2
4
6
5
5
0
-2
3
-4
0
7
0
-1
5
8
11
13
7
4
4
1
3
3
2
-1
-3
3
7
6
4
4
5
5
2
-2
-6
-4
0
5
6
3
3
6
4
3
2
-5
-2
2
4
1
-5
-2
0
-2
-2
-7
-8
-6
-7
-5
3
2
-1
5
9
8
-2
-6
-2
2
0
-5
-1
0
2
8
7
4
-2
2
1
-4
-10
-13
-10
-8
-2
-3
-8
-7
-5
-4
-8
-14
-11
-6
-3
-1
-2
1
0
2
-3
-5
-2
-3
3
2
1
0
0
7
7
8
6
2
5
8
6
-2
-3
8
8
9
11
6
5
9
15
9
3
3
8
9
8
1
-3
-4
1
0
-4
-3
-5
-3
4
-1
-4
-6
-10
-4
-3
-2
-1
-2
-3
-5
2
5
6
-1
-1
0
-2
-3
-2
3
6
2
4
1
-2
-3
-8
-10
-5
-4
-6
1
-4
-9
-8
-8
-3
-3
-5
-6
-8
-1
3
-1
1
-4
2
9
5
-1
-6
-5
-7
-6
-5
-3
-7
0
6
11
14
7
9
11
10
20
20
12
5
3
6
7
7
2
-1
-1
4
1
-4
-2
-3
0
2
-3
-5
-10
-16
-12
-10
-12
-13
-11
-10
-2
2
2
12
14
12
10
2
1
-1
-9
-10
-13
-8
-4
-8
-3
-3
-7
0
2
-2
6
6
3
1
3
2
1
4
-4
-2
0
0
0
-1
2
1
5
6
9
13
11
11
7
7
1
-5
-7
-10
-10
2
5
8
6
0
3
5
8
6
3
-5
-9
-1
-4
-10
-6
-2
1
-1
0
3
-1
-3
-5
-2
-4
-17
-10
-4
-1
2
-2
-2
1
8
12
3
-6
-7
-5
0
-2
-6
-3
-2
-2
0
-5
-10
-5
-1
0
2
-4
-3
3
5
9
11
7
-1
-1
6
5
1
-4
-3
4
8
8
2
-3
-3
-4
0
3
6
6
4
5
6
0
-2
-2
-6
-1
0
-4
5
9
8
5
5
7
6
6
6
4
-1
-4
0
-4
-4
-4
-7
1
-1
0
0
0
3
2
0
1
-5
-5
-3
-6
-6
-6
-5
-7
-10
-8
-9
-10
-8
-6
-10
-7
-2
2
5
0
-3
-4
-4
-3
-1
-4
-7
2
6
1
3
3
-1
-1
4
3
-2
-1
1
3
2
3
5
1
5
7
5
4
2
1
9
5
3
3
-1
2
8
7
4
9
5
9
15
12
12
10
10
11
8
3
1
0
5
4
1
2
-5
-4
-3
-5
-8
-5
-4
-10
-3
-3
-3
-2
-8
-6
-7
-9
-12
-15
-16
-17
-14
-12
-13
-9
-11
-6
-5
-5
-1
-2
-2
-8
-1
2
-3
-4
1
1
-2
1
1
-3
-5
0
-1
-2
5
7
7
9
6
9
9
4
7
2
2
-1
6
10
6
9
9
6
3
6
5
4
8
13
9
8
10
10
4
4
3
0
1
3
3
3
1
3
2
2
5
-2
-2
-3
-8
-10
-8
-4
-5
-10
-6
-6
-6
-4
0
0
-2
-5
-10
-12
-13
-11
-13
-12
-7
-8
-2
2
-4
-4
-4
4
3
-1
0
-3
-3
2
1
-3
-10
-10
-2
-2
-2
0
2
7
15
14
15
11
7
6
0
-3
-3
-2
1
0
3
7
5
7
6
4
9
6
8
7
3
-1
0
2
1
1
1
2
4
1
-4
3
7
2
4
2
-3
2
0
-2
-3
-8
-5
-5
-6
-9
-9
-6
-8
-6
-3
-1
-5
-1
1
-2
2
2
-4
-2
-2
1
-1
-1
-1
-3
1
-2
3
6
3
4
0
-3
-7
-6
-8
-4
0
6
9
6
12
5
5
4
0
1
-5
-3
-2
-6
-5
-7
0
6
6
6
6
2
4
3
5
0
-7
-7
-7
-3
-4
-7
-5
1
4
7
3
-1
5
6
7
7
1
-3
-3
-7
-1
2
-5
-6
-4
0
-2
-3
-1
0
4
3
2
-1
-4
-1
-6
-6
0
-3
-2
4
2
0
-2
-3
3
0
2
8
6
4
-1
-1
-1
-1
0
1
4
1
2
3
7
10
6
4
0
5
4
1
-4
0
0
-8
1
2
-2
-2
2
2
-6
-11
-9
-8
-8
-5
-4
-8
-5
2
6
4
-3
-4
1
4
-5
-1
-1
-5
-2
0
2
0
8
7
3
5
2
2
2
5
-1
-1
-2
-10
-10
-8
-5
-5
-1
0
0
3
4
7
7
4
1
0
3
-2
-6
-4
5
12
12
13
10
9
10
7
8
9
5
2
1
-2
-4
-6
-10
-6
-6
-11
-8
-4
-9
-10
-3
-1
-5
-2
-3
-6
-6
-3
-1
-4
-8
-4
1
6
4
-3
3
6
1
5
0
-1
6
5
0
-6
-3
0
-6
-5
1
4
5
10
7
8
6
3
3
-5
-8
-4
-2
-7
-12
-10
-3
3
1
-2
-3
-1
-2
-1
-4
-1
-3
1
6
3
6
4
4
8
7
9
17
16
15
14
11
2
2
5
4
-4
-9
-8
-8
-8
-4
-6
-5
-1
-2
2
4
4
2
-3
-7
-10
-7
-5
-5
-5
-7
-7
-7
-5
-3
-1
-2
1
2
2
2
-3
0
0
-3
-9
-12
-9
-6
-5
-1
1
-4
1
4
6
4
-5
-1
2
2
0
-5
-2
2
0
0
-1
-2
-5
-1
1
1
3
6
6
7
10
11
12
10
11
7
4
11
8
7
11
12
10
6
3
2
-4
-7
-5
-2
-3
0
0
-3
1
0
0
-3
-7
-8
-9
-6
-8
-2
1
-4
-2
0
0
1
1
-5
-4
1
-2
-2
-2
-5
-7
-6
-3
-2
-4
-5
-9
-8
-4
-1
0
-6
1
-1
-1
2
-6
0
2
-1
-4
-8
-4
-1
0
-3
-2
1
2
3
3
2
-2
-2
3
6
4
2
2
3
10
7
-1
1
1
1
4
7
7
4
8
13
8
9
11
7
5
4
1
-3
-3
-3
1
3
-1
5
5
2
3
1
-6
0
6
2
-3
-8
-2
-5
-5
-1
-1
-6
-10
-6
-8
0
-1
-6
-3
-10
-7
-7
-7
2
2
4
4
5
5
1
0
-3
-2
-1
-8
-8
3
3
0
-2
2
0
-7
-6
-6
-7
-3
-4
-5
-6
-5
0
-1
-1
-4
-8
-8
-8
-2
-1
-3
-2
5
6
5
8
3
4
4
7
9
7
13
12
5
8
10
7
9
7
9
13
13
13
8
4
7
7
1
4
6
5
4
2
2
-3
-1
1
3
0
-2
-3
-8
-9
-8
-13
-17
-12
-12
-11
-10
-14
-12
-11
-7
-5
-11
-7
-6
-9
-7
-4
-5
-3
0
0
1
0
-6
-5
-2
2
-1
-3
4
6
5
2
1
1
-5
0
-1
-3
-1
-8
-2
1
3
1
2
5
8
19
13
12
10
6
11
8
3
1
4
4
5
3
-4
-1
1
3
8
9
9
9
12
21
16
6
7
5
7
4
-2
-2
-4
-5
-3
-5
-5
-5
-2
3
-2
-2
-3
-5
-10
-13
-6
-12
-13
-17
-17
-13
-18
-15
-9
-7
-2
3
1
-2
2
-1
-2
-5
-2
-6
-12
-5
-7
-8
-2
-3
0
0
-1
7
5
1
6
1
7
6
-3
1
2
2
5
-1
-1
2
6
9
6
7
10
13
8
7
7
4
2
1
1
-1
6
10
6
8
4
5
6
8
8
-1
-3
-4
-5
-6
-6
-7
-2
-2
2
2
4
7
3
6
-1
-1
-3
-4
1
-2
-3
-3
-3
-2
-2
-2
-2
4
3
2
8
2
-1
-3
-4
3
1
-5
0
-6
-14
-10
-11
-10
-7
-4
-1
-2
-2
-6
-9
-6
-4
-9
-10
-9
-9
-3
0
-1
0
-5
-4
-3
-3
-2
0
3
0
3
6
7
5
8
9
5
10
11
12
16
14
11
13
10
5
6
1
2
0
-1
5
3
-1
3
6
1
-3
-6
-7
-8
-6
-4
-3
-4
-7
-4
-2
7
11
11
13
5
5
7
1
-3
-2
-5
-6
1
1
0
1
-2
-3
-3
-7
-1
-5
-10
-10
-4
2
-3
-4
-1
-3
-7
-4
-1
-2
-6
-10
-7
-4
0
1
-2
-3
2
1
3
8
3
3
11
11
7
3
4
5
-1
-3
3
4
3
-2
-4
-7
-8
-11
-12
-10
-4
3
-2
-3
0
2
2
3
5
4
8
4
6
9
2
2
3
5
4
-4
2
1
0
6
0
3
-2
-4
-5
-6
-3
-1
-2
-2
-1
-1
3
2
0
4
-1
-4
-2
-1
2
5
1
0
1
0
-2
-1
-5
-9
-1
1
-2
-2
0
0
3
4
6
8
6
15
15
11
15
9
7
6
2
2
-1
-2
-3
-7
-7
-3
-5
-5
-1
-4
-6
-4
-10
-4
-8
-10
-6
-12
-12
-11
-13
-3
1
-4
-4
-6
0
3
-1
-4
2
4
-4
-7
-4
3
-6
-3
-1
-4
0
-1
1
-2
1
4
9
11
8
3
0
2
-1
-1
-3
-3
1
6
11
10
4
7
8
2
0
-4
-4
-5
-5
2
2
5
8
9
13
8
6
5
-2
0
6
8
8
7
4
-1
-1
-2
-3
-4
-3
-2
-4
-2
3
3
3
6
1
4
2
-3
-4
-8
-4
-6
-8
-5
-3
-3
-4
1
5
3
6
6
3
7
-1
-3
-7
-15
-13
-15
-14
-11
-14
-16
-12
-9
-8
-7
-7
-4
0
6
4
3
1
-1
-5
-3
-2
-3
0
2
5
10
5
10
14
8
9
8
2
3
4
3
4
0
0
-3
-1
3
-2
1
3
5
6
6
9
9
11
9
7
5
-1
-2
0
0
1
3
7
8
9
3
0
1
0
4
-3
-6
-5
-5
-9
-10
-6
-10
-5
-2
-3
1
-5
-12
-12
-9
-11
-12
-13
-11
-6
-4
1
1
-3
-2
-2
2
5
5
7
10
7
9
9
2
3
3
0
1
2
1
3
-1
1
-1
-7
-4
-1
2
0
-2
-1
0
-1
-1
1
-2
-6
-5
0
-1
0
4
1
4
8
6
6
8
4
3
5
6
7
8
11
8
2
3
5
-1
-6
-2
1
0
-2
1
4
6
-1
-1
-2
-5
-11
-11
-4
-11
-8
-2
1
2
-2
-5
-7
-9
-6
-2
-5
3
1
-3
1
4
4
-3
-6
-1
1
7
9
7
10
3
2
1
-2
2
-1
-5
-5
-10
-12
-4
-8
-5
-4
-10
-9
-5
-3
0
-2
-2
5
1
5
3
1
4
-3
3
9
8
10
6
5
5
5
7
10
6
-2
-1
-6
-2
4
1
3
6
3
5
4
3
6
4
0
2
0
-4
-3
-2
-3
-3
4
1
-3
1
4
2
-4
-1
3
-1
-2
-1
-4
-2
0
-2
-4
-5
-2
-1
0
-2
3
3
-2
-2
3
-1
-2
3
-2
-3
-7
-13
-9
-9
-15
-11
-5
-7
-10
-3
-3
-3
-2
-4
-1
1
-1
1
0
0
2
1
2
3
8
11
5
10
7
4
3
-1
3
4
2
-3
1
7
1
6
7
5
10
4
6
6
7
8
2
7
10
8
5
1
4
0
2
3
2
5
5
2
-4
-6
-8
-6
-4
-9
-9
-4
0
-2
-8
-5
-6
-6
-3
-8
-8
-2
-10
-5
-3
-4
1
-2
-8
-2
-2
-13
-12
-11
-7
-5
-7
1
2
0
1
-1
-2
-2
-3
-1
-1
1
4
3
3
7
9
9
10
11
12
9
2
2
1
2
3
-2
2
2
5
9
8
6
3
4
3
5
4
3
3
4
5
3
5
6
4
1
2
2
6
3
2
3
-3
-2
-4
-11
-12
-8
-8
-7
-1
-1
4
7
3
-7
-9
-13
-17
-12
-14
-11
-10
-9
-10
-7
-5
-5
0
-3
-2
-3
-1
2
1
-1
1
6
4
2
3
3
6
3
2
3
-1
2
7
3
3
5
3
5
6
6
5
5
7
11
5
3
5
4
3
1
0
-1
2
-5
-10
-6
-4
-6
-8
-2
-1
1
7
5
3
3
5
7
9
6
3
3
3
3
-2
-5
-3
-6
-6
-3
-4
1
-3
-7
-1
-2
2
4
1
1
0
0
-4
-3
0
-4
-3
0
-1
-3
-4
2
-1
-1
4
5
-2
-1
0
-3
-3
-7
-5
-3
-5
-6
-9
-5
-7
-10
-6
-2
2
-1
0
3
2
5
3
0
0
1
2
5
4
1
-1
-1
1
0
8
9
8
8
3
4
3
3
1
4
2
-1
4
-1
4
9
2
6
5
1
1
4
4
-2
-9
-4
1
0
3
0
-1
-4
-7
-3
-6
0
0
-3
-2
3
4
-2
-3
-5
1
3
0
-1
-3
-6
-4
-6
-4
-6
-8
-4
-4
0
-5
-7
-5
-2
-2
0
-2
-3
6
6
3
1
3
-2
0
2
-1
-5
-3
2
4
2
2
0
0
6
3
3
1
0
2
1
2
5
3
2
4
2
-5
-2
0
5
5
3
4
0
8
6
0
5
4
9
11
6
6
3
0
1
-5
-10
-4
-2
-2
-4
0
3
-6
-1
4
-1
0
-3
-4
-4
-5
-4
-8
-5
-8
-9
-3
-4
-6
-4
-4
-5
-7
-4
-2
-3
2
1
0
-2
-2
-3
-3
-3
-6
-3
0
1
1
4
6
1
3
-3
-6
-1
-1
0
3
5
6
4
6
17
17
7
4
3
2
7
9
13
11
7
5
8
10
5
3
0
-7
0
1
-2
-2
-4
-1
-1
0
4
2
-3
-1
0
-3
-3
-2
-1
-1
-3
-3
-7
-3
-2
-10
-8
-7
-8
-7
-5
-2
-5
-7
-12
-13
-12
-11
-6
-8
-2
1
-3
-1
0
1
2
3
1
-4
-6
-3
1
-3
-3
-3
-1
4
5
10
6
15
15
7
12
11
8
7
8
7
8
8
3
1
1
7
5
1
4
1
2
5
4
3
2
1
-2
6
9
1
0
-3
-10
-7
-6
-3
-3
-3
-2
0
3
4
1
-2
0
1
1
-2
-2
-1
-7
-4
-6
-10
-5
-8
-9
-8
-8
-7
-8
-6
-4
-4
-1
-5
-6
-5
-10
-7
-9
-4
-1
-4
3
1
4
-1
-2
-1
1
9
0
4
6
10
13
9
8
9
7
3
-1
-3
1
1
-3
5
5
2
6
4
1
5
7
8
11
9
8
5
3
4
1
0
1
-1
-3
-4
-2
-2
-1
1
1
1
1
1
1
-6
-8
-5
-5
-8
-7
-7
-7
-6
-1
2
1
4
4
5
5
1
-1
-6
-9
-8
-12
-11
-7
-8
-8
-4
0
-7
-4
1
0
2
2
0
3
2
-1
0
-3
-5
-4
-10
-6
-3
1
4
0
2
5
5
3
5
5
1
-1
-4
-1
1
3
4
0
10
14
11
13
12
10
5
4
9
5
7
6
6
6
7
4
2
2
6
9
5
3
0
-5
-5
-6
-9
-10
-6
-4
-6
-9
-5
-3
-3
3
2
-1
-3
-5
-8
-12
-12
-8
0
-2
0
5
-2
-6
-7
-13
-12
-8
-8
-5
-7
-3
-1
-9
-6
-6
-9
-8
-6
-5
-8
1
9
8
4
8
11
9
11
8
3
3
2
0
0
0
3
3
4
8
12
12
6
10
11
7
5
-4
-1
0
4
4
1
5
1
9
8
1
3
4
4
7
11
6
1
1
2
-1
0
0
-3
-4
6
8
0
2
0
-3
-4
-5
-7
-10
-10
-10
-11
-10
-8
-11
-13
-12
-8
-8
-9
-7
-9
-10
-8
-8
-6
-2
-4
-5
-4
-8
-11
-11
-11
-5
-2
-3
-1
3
5
9
8
12
11
11
11
6
6
6
9
9
16
11
7
5
1
3
8
9
4
5
7
14
13
10
12
9
4
0
5
8
2
4
4
0
3
5
2
2
2
-2
-7
-7
-6
-13
-11
-11
-12
-15
-17
-10
-8
-1
-4
-4
1
0
-5
-8
-4
-2
-7
-11
-8
-5
-4
-3
-7
-5
1
-2
-1
0
-7
-4
-5
-6
-8
-9
-8
-3
3
1
5
7
5
5
6
6
5
6
4
9
10
11
9
2
4
1
4
2
0
4
3
5
8
7
10
11
8
5
6
1
4
2
3
7
4
3
1
5
5
9
10
2
2
2
0
-3
-2
-1
-14
-12
-8
-12
-6
-8
-11
-12
-10
-3
-2
-2
-4
-8
-4
-8
-6
-5
-7
-7
-8
-7
-8
-3
-1
-3
2
-5
-6
-3
-8
-8
-4
3
1
6
8
5
7
8
8
-2
-6
2
2
1
3
8
4
-2
0
3
-2
-4
0
2
5
5
3
6
14
16
14
15
12
11
5
4
1
-1
-2
0
0
2
6
6
9
8
3
4
5
6
4
-4
-10
-13
-15
-13
-9
-11
-5
0
-1
-3
-3
3
0
-1
2
-2
-1
-8
-13
-4
-5
-6
-10
-3
3
-2
-1
-5
-4
-5
-4
-2
-4
-6
-6
-7
-8
-3
3
-1
-3
-2
-7
-3
-2
3
4
1
5
5
6
10
6
9
9
6
3
4
7
5
8
9
5
4
5
8
7
8
6
4
2
-2
-5
-3
-3
-4
-1
-2
-2
0
0
4
5
-4
3
4
-2
2
1
-3
-5
0
1
1
6
1
1
3
-6
-2
0
-4
-5
-1
-3
-9
-7
-5
-4
-4
-7
-7
-10
-13
-12
-9
-5
-3
-2
0
1
1
-5
-4
-3
-6
-4
-5
-2
4
-1
-2
0
-1
0
0
1
6
5
4
7
10
17
16
15
15
9
9
7
-2
-5
0
1
-2
2
2
2
5
3
4
6
3
4
2
0
1
-2
-5
-2
0
0
-2
0
2
-2
2
4
0
-1
-2
-6
-6
-7
-5
-5
-5
-4
-2
4
-4
-7
-1
-3
-3
-6
-6
-10
-9
-2
-2
-3
-6
-9
-6
-4
-3
0
-2
2
6
4
-2
-3
1
-1
4
2
-5
-2
2
5
3
5
9
7
5
7
8
0
-2
1
-1
-4
-3
2
-2
-2
5
0
2
6
1
3
3
7
9
7
6
1
5
2
-5
2
3
-1
-3
2
4
1
-1
1
0
3
9
2
1
1
-5
-5
-7
-8
-7
-7
-6
-2
6
2
4
0
-2
-3
-9
-8
-10
-4
-6
-6
-5
-4
-1
1
-3
-5
-1
-4
-5
-5
3
7
8
13
11
9
6
0
1
7
-2
0
2
-5
-1
4
5
2
7
9
5
4
-4
-3
-4
0
6
2
2
-5
1
1
-8
-1
-3
-3
-2
-3
-8
-8
-8
-5
1
2
-6
-1
4
2
5
1
8
5
1
8
1
-5
-9
-1
0
-4
1
2
-2
-2
-3
-1
0
2
6
4
3
1
-5
-4
-2
-6
-7
-2
-9
-7
2
1
6
2
-1
0
0
0
-1
2
5
6
11
3
1
6
9
10
5
1
3
6
4
0
3
-1
-1
8
3
1
-1
-2
0
-3
0
2
-2
-10
-10
-1
-2
-2
0
2
-1
-5
-6
-5
-6
-2
-4
-11
-12
-6
-6
-6
-4
-7
-1
-5
-4
-1
2
8
5
7
6
2
1
2
4
6
5
0
-1
2
4
6
10
7
1
2
0
-3
-1
-2
-3
-4
0
2
0
2
2
5
6
5
2
0
3
4
3
0
1
2
0
-2
-7
-3
0
0
0
0
0
-1
1
-1
0
-5
-4
2
2
3
3
-2
-8
-9
-9
-8
-5
-5
4
1
-3
6
6
-3
-1
1
-3
-1
-2
-3
0
4
5
5
4
5
5
7
3
-2
0
-3
-3
1
-5
-2
-3
-7
-6
-2
-3
2
1
0
-4
-2
3
-3
-7
-5
-1
2
3
0
-4
-3
0
-1
4
6
5
6
4
-1
-7
-3
-2
-3
0
0
3
7
10
12
14
14
10
11
10
6
7
2
5
1
-2
-2
-6
-6
-4
-5
-5
-3
-4
0
0
-9
-9
4
3
-2
-5
-5
-3
-7
-7
-7
1
1
-3
-3
-2
-2
-7
-7
-10
-7
-7
-15
-12
-7
-2
-2
1
1
0
5
6
2
4
8
4
4
6
-1
4
7
6
3
0
2
0
4
7
6
6
9
4
3
2
1
0
-3
1
1
-1
0
4
-1
0
1
2
4
1
5
7
9
2
6
7
1
2
-5
1
-2
-2
1
4
3
3
7
5
-1
-6
-7
-11
-15
-12
-8
-8
-5
-9
-17
-16
-13
-7
-4
-6
-4
0
1
2
-4
-5
-4
-3
0
-4
-6
0
3
2
3
2
6
5
6
12
9
3
1
0
1
1
3
5
2
7
7
6
9
5
7
7
8
7
6
8
7
5
2
-7
-7
-2
0
1
1
2
0
5
-3
0
3
-7
-1
-2
-1
-1
-7
-4
-4
-6
-6
-5
-4
-4
-2
-1
-4
-5
-6
-1
-3
1
-3
-6
-3
-3
-2
-3
-4
-11
-7
1
3
-2
2
6
1
5
5
6
9
6
8
7
7
1
0
2
-2
-3
-3
-3
-3
-3
-1
-2
-4
-5
-6
-6
-7
-5
-8
-3
2
5
4
3
6
7
7
8
10
9
9
5
6
7
5
8
2
6
6
-2
-7
-3
2
-1
4
-1
-5
-6
-7
-7
-6
-7
-12
-8
-6
-6
-7
-2
0
-5
-6
-9
-4
2
2
-1
0
-4
-1
2
0
4
7
8
2
-1
-3
-1
3
7
8
8
11
6
8
15
13
8
8
6
8
10
7
7
5
3
7
9
1
0
0
-4
-5
-8
-8
-6
-4
-7
-10
-7
-12
-15
-14
-17
-16
-17
-15
-13
-13
-16
-18
-13
-11
-6
-11
-8
3
2
9
10
5
9
4
4
6
1
4
0
-1
1
-1
2
2
4
13
9
9
12
9
16
12
11
12
8
5
1
0
-2
-2
-2
-5
0
-1
-2
4
8
7
5
6
10
9
8
6
5
7
1
1
0
0
-1
-1
3
4
6
8
2
0
-4
-7
-4
-8
-9
-11
-7
-7
-7
-2
0
-2
-7
-5
-5
-7
0
3
0
-1
2
1
9
12
12
14
4
0
-3
-5
-3
-4
-1
-5
-12
-13
-16
-17
-18
-20
-22
-28
-26
-21
-17
-17
-19
-9
-7
-10
1
-1
0
2
-1
4
6
9
13
19
27
29
32
26
22
26
22
19
19
12
7
5
-6
-12
-11
-9
-14
-12
-10
-12
-7
-3
-3
-1
-3
-3
-4
-2
1
1
8
5
1
8
13
9
10
18
19
19
17
17
15
17
15
11
9
2
3
3
0
4
-3
-1
7
1
-5
-3
0
-3
-1
3
4
4
7
5
4
2
-3
0
-7
-10
-6
-11
-9
-8
-8
-22
-31
-27
-29
-32
-41
-45
-44
-49
-46
-41
-36
-29
-28
-28
-20
-23
-19
-13
-8
2
6
17
25
26
28
33
38
37
38
43
34
29
34
32
27
20
14
0
-7
-15
-16
-15
-15
-12
-19
-12
-14
-11
-4
-3
9
13
13
14
22
26
29
33
34
36
37
38
33
36
43
38
33
32
27
23
22
21
8
-3
-7
-11
-13
-13
-20
-24
-21
-19
-32
-31
-24
-24
-27
-29
-25
-19
-18
-13
-10
-15
-19
-16
-15
-16
-9
-10
-18
-16
-17
-16
-16
-18
-18
-21
-28
-33
-34
-38
-36
-46
-53
-48
-48
-43
-41
-35
-24
-16
-13
-4
8
17
30
35
38
43
49
55
54
60
59
55
52
52
52
46
39
30
22
10
-3
-6
-12
-13
-7
-7
-12
-11
-8
-6
-1
7
14
14
17
19
22
26
32
36
31
31
26
22
23
20
24
27
16
11
9
8
3
1
-5
-17
-22
-28
-29
-31
-36
-35
-35
-35
-34
-32
-33
-26
-24
-26
-20
-21
-16
-14
-16
-13
-10
-10
-4
-1
-8
-11
-8
-6
-3
0
-5
-13
-13
-15
-15
-17
-16
-21
-32
-34
-37
-42
-40
-35
-35
-27
-26
-29
-23
-15
-3
8
10
11
18
28
30
45
47
43
52
51
50
45
47
43
40
38
30
19
13
15
14
15
10
9
12
7
7
18
17
18
20
17
20
23
24
29
31
27
25
19
21
24
20
25
18
5
5
2
6
5
-6
-15
-24
-32
-39
-39
-40
-37
-39
-43
-47
-48
-46
-36
-27
-26
-30
-31
-34
-38
-30
-24
-16
-17
-18
-17
-17
-9
-6
-5
1
-6
-10
-9
-9
-7
-7
-5
-10
-17
-15
-19
-16
-11
-12
-8
-11
-11
-13
-10
-10
-5
0
1
4
5
5
8
18
21
32
32
30
41
42
42
46
45
46
42
41
51
52
52
48
39
38
30
26
25
26
25
21
9
-6
-10
-3
-3
-7
-8
-12
-13
-17
-16
-9
-3
-6
-14
-11
-14
-18
-14
-17
-11
-12
-15
-9
-12
-12
-10
-17
-21
-22
-17
-16
-22
-15
-7
-13
-21
-25
-29
-27
-28
-27
-22
-26
-33
-31
-24
-20
-17
-14
-19
-13
-10
-7
2
-1
5
5
8
17
16
14
20
28
31
32
33
31
27
31
27
23
24
24
25
12
4
2
1
-6
-6
-12
-18
-16
-28
-29
-28
-32
-31
-33
-35
-29
-30
-25
-17
-10
2
8
18
30
43
53
63
68
76
82
79
77
74
77
65
46
32
21
8
-8
-22
-30
-34
-55
-73
-66
-60
-65
-74
-64
-51
-58
-61
-60
-41
-23
-24
-25
-15
-1
9
19
25
42
51
65
66
63
81
74
58
61
62
45
16
-10
-11
-16
-43
-81
-87
-85
-105
-130
-138
-115
-112
-143
-149
-112
-71
-55
-47
-13
49
92
100
121
177
230
237
221
255
310
294
244
218
222
223
144
55
20
-13
-101
-224
-298
-334
-385
-506
-617
-621
-626
-660
-696
-695
-612
-548
-503
-389
-231
-83
36
185
382
585
748
844
988
1127
1211
1278
1271
1274
1243
1102
970
837
684
479
205
-44
-230
-402
-630
-858
-997
-1079
-1168
-1284
-1333
-1270
-1204
-1186
-1147
-992
-773
-624
-534
-370
-122
91
213
328
518
710
793
809
883
985
1021
960
875
862
829
684
509
384
296
162
-33
-195
-295
-379
-500
-606
-627
-609
-592
-595
-555
-443
-328
-240
-158
-38
113
217
279
358
485
584
609
630
691
764
780
732
702
692
635
504
361
246
96
-128
-407
-661
-865
-1101
-1352
-1588
-1772
-1886
-1998
-2076
-2072
-1985
-1859
-1720
-1548
-1302
-1001
-703
-415
-104
248
599
903
1164
1449
1739
1981
2142
2242
2338
2392
2352
2231
2096
1946
1726
1412
1066
754
440
77
-303
-621
-887
-1160
-1429
-1627
-1714
-1753
-1777
-1749
-1644
-1460
-1270
-1078
-824
-520
-219
46
285
551
808
1000
1130
1250
1383
1439
1399
1350
1306
1230
1075
877
709
550
335
79
-145
-319
-495
-704
-884
-996
-1068
-1152
-1238
-1246
-1187
-1124
-1061
-974
-823
-648
-491
-318
-115
115
329
499
676
857
1008
1124
1196
1262
1285
1231
1146
1015
840
620
355
84
-229
-585
-923
-1243
-1531
-1823
-2086
-2254
-2371
-2461
-2504
-2456
-2298
-2123
-1942
-1692
-1363
-988
-642
-289
133
581
1000
1357
1710
2107
2452
2702
2889
3052
3190
3211
3126
2991
2834
2619
2285
1891
1504
1110
673
186
-281
-681
-1055
-1417
-1752
-2004
-2158
-2265
-2320
-2318
-2229
-2051
-1844
-1617
-1350
-1020
-667
-349
-46
260
582
862
1065
1226
1377
1500
1536
1500
1456
1400
1298
1118
905
708
489
223
-75
-354
-601
-859
-1138
-1383
-1550
-1660
-1748
-1797
-1764
-1657
-1523
-1366
-1160
-907
-638
-380
-138
112
359
591
806
999
1186
1360
1501
1610
1690
1740
1745
1698
1591
1404
1147
843
491
82
-372
-833
-1272
-1695
-2108
-2468
-2734
-2901
-3002
-3038
-2979
-2801
-2556
-2286
-1963
-1562
-1090
-621
-179
299
828
1337
1767
2162
2584
2987
3280
3466
3625
3761
3797
3689
3519
3339
3088
2703
2247
1818
1386
878
313
-204
-649
-1100
-1591
-2026
-2328
-2561
-2795
-2984
-3028
-2936
-2804
-2649
-2391
-2007
-1592
-1208
-823
-374
79
438
712
974
1238
1421
1488
1505
1546
1556
1461
1294
1135
986
765
465
162
-100
-386
-729
-1056
-1319
-1530
-1733
-1912
-2010
-2031
-1991
-1909
-1770
-1566
-1302
-1010
-714
-403
-65
272
592
891
1163
1433
1690
1914
2082
2205
2321
2393
2380
2271
2130
1960
1685
1312
896
490
51
-467
-991
-1446
-1854
-2271
-2677
-2962
-3101
-3205
-3294
-3262
-3056
-2750
-2448
-2107
-1616
-1022
-464
35
574
1180
1734
2156
2511
2903
3284
3520
3626
3725
3842
3875
3751
3546
3377
3182
2846
2372
1876
1441
957
306
-414
-1004
-1510
-2099
-2764
-3276
-3539
-3755
-4022
-4166
-4016
-3698
-3459
-3240
-2814
-2210
-1682
-1320
-926
-377
131
420
624
963
1350
1555
1598
1677
1868
1964
1820
1614
1557
1510
1226
778
436
232
-74
-551
-949
-1110
-1233
-1495
-1760
-1803
-1652
-1572
-1578
-1424
-1075
-757
-584
-373
15
432
702
900
1206
1569
1804
1916
2058
2261
2397
2409
2375
2376
2343
2181
1941
1704
1447
1104
670
221
-220
-700
-1218
-1708
-2123
-2485
-2815
-3052
-3158
-3185
-3160
-3037
-2776
-2423
-2067
-1696
-1229
-685
-190
231
677
1173
1629
1953
2205
2504
2809
2983
3003
3026
3128
3154
2980
2698
2503
2339
1992
1460
966
602
169
-486
-1164
-1626
-1980
-2474
-3052
-3402
-3476
-3560
-3762
-3823
-3558
-3171
-2928
-2736
-2304
-1692
-1218
-938
-593
-57
426
667
833
1145
1526
1718
1726
1798
1996
2110
2006
1839
1789
1753
1508
1115
812
608
302
-170
-581
-791
-948
-1228
-1499
-1515
-1351
-1268
-1255
-1055
-633
-261
-60
190
622
1041
1235
1343
1583
1856
1952
1909
1946
2073
2108
2008
1924
1950
1946
1789
1564
1382
1217
915
474
27
-368
-811
-1365
-1892
-2307
-2655
-3009
-3329
-3475
-3476
-3438
-3357
-3159
-2831
-2476
-2143
-1754
-1288
-836
-448
-64
362
774
1125
1422
1721
2042
2302
2447
2546
2689
2796
2750
2597
2455
2339
2087
1674
1290
990
636
144
-332
-662
-970
-1368
-1754
-1997
-2153
-2360
-2568
-2642
-2606
-2559
-2514
-2384
-2128
-1833
-1566
-1263
-884
-477
-109
220
542
864
1146
1347
1489
1625
1750
1793
1750
1705
1667
1578
1420
1231
1075
909
678
427
227
78
-94
-292
-444
-499
-528
-592
-626
-564
-421
-308
-229
-84
140
350
495
640
836
1023
1119
1173
1255
1333
1349
1300
1249
1213
1144
1030
905
810
686
498
306
124
-92
-357
-632
-872
-1141
-1464
-1768
-2001
-2201
-2425
-2636
-2750
-2763
-2756
-2771
-2701
-2488
-2218
-1998
-1781
-1435
-1010
-655
-377
-41
385
753
997
1221
1517
1803
1961
2028
2135
2264
2291
2211
2124
2077
1995
1812
1579
1373
1168
905
566
209
-106
-401
-737
-1106
-1431
-1640
-1776
-1953
-2111
-2100
-1948
-1819
-1762
-1613
-1291
-971
-794
-650
-363
-15
191
292
472
770
1021
1115
1180
1366
1578
1625
1547
1518
1582
1557
1355
1147
1057
986
767
474
294
206
49
-202
-398
-464
-491
-575
-651
-607
-467
-327
-240
-111
105
338
497
588
712
866
943
918
878
893
880
760
619
550
511
394
214
84
14
-103
-337
-585
-751
-922
-1203
-1534
-1787
-1955
-2160
-2446
-2636
-2644
-2622
-2677
-2698
-2525
-2240
-2048
-1907
-1629
-1216
-858
-627
-370
23
419
681
879
1169
1522
1779
1927
2112
2370
2566
2640
2681
2754
2785
2685
2501
2313
2091
1772
1373
971
584
159
-304
-723
-1073
-1403
-1711
-1944
-2072
-2153
-2210
-2194
-2084
-1927
-1784
-1611
-1374
-1118
-884
-675
-429
-149
95
299
515
766
992
1154
1309
1482
1625
1708
1747
1773
1783
1718
1597
1465
1318
1133
896
652
439
222
-7
-202
-351
-445
-516
-580
-586
-536
-462
-394
-342
-261
-163
-102
-71
-48
-1
47
41
31
68
145
207
207
226
331
414
430
396
374
366
238
13
-208
-425
-686
-1057
-1434
-1697
-1944
-2225
-2494
-2667
-2707
-2760
-2830
-2773
-2606
-2413
-2268
-2094
-1751
-1379
-1084
-777
-376
104
513
837
1247
1712
2098
2379
2641
2973
3253
3357
3411
3478
3488
3379
3149
2924
2695
2330
1871
1408
972
531
-1
-508
-913
-1318
-1710
-2057
-2285
-2404
-2537
-2626
-2620
-2531
-2363
-2210
-2016
-1749
-1486
-1191
-893
-569
-191
122
417
726
1045
1379
1612
1790
1981
2111
2196
2215
2172
2126
1974
1733
1490
1236
991
676
301
0
-282
-527
-746
-960
-1064
-1165
-1259
-1264
-1223
-1080
-970
-921
-773
-625
-451
-281
-171
13
152
246
403
541
712
821
855
968
1033
1033
996
868
767
572
264
-12
-337
-679
-1081
-1536
-1866
-2175
-2501
-2785
-3008
-3082
-3125
-3159
-3045
-2834
-2554
-2279
-1995
-1558
-1080
-662
-266
147
641
1081
1395
1736
2124
2495
2773
2958
3202
3458
3595
3628
3612
3608
3517
3232
2876
2520
2116
1608
995
413
-106
-662
-1229
-1745
-2127
-2425
-2712
-2935
-3037
-3024
-2963
-2896
-2744
-2492
-2215
-1940
-1660
-1298
-890
-523
-169
213
650
1067
1400
1729
2065
2360
2570
2678
2754
2783
2699
2509
2261
1995
1678
1268
845
452
83
-284
-661
-950
-1154
-1344
-1495
-1597
-1615
-1575
-1559
-1504
-1373
-1224
-1069
-935
-757
-511
-291
-83
140
411
685
887
1071
1256
1418
1519
1518
1461
1385
1243
1019
718
386
50
-339
-765
-1190
-1589
-1955
-2315
-2655
-2917
-3099
-3212
-3289
-3296
-3196
-3027
-2804
-2525
-2171
-1763
-1323
-867
-391
103
600
1064
1496
1926
2338
2703
3022
3297
3545
3739
3860
3916
3908
3820
3643
3380
3024
2604
2114
1570
980
353
-271
-871
-1433
-1969
-2431
-2786
-3046
-3221
-3316
-3301
-3182
-3009
-2801
-2528
-2194
-1849
-1515
-1166
-791
-397
-22
336
717
1115
1490
1828
2154
2470
2731
2905
2996
3027
2978
2817
2564
2249
1891
1459
965
470
-1
-451
-889
-1285
-1586
-1802
-1968
-2078
-2098
-2028
-1920
-1797
-1637
-1421
-1205
-1002
-777
-542
-285
-42
192
450
722
973
1187
1385
1563
1695
1735
1708
1638
1498
1276
966
599
216
-207
-695
-1193
-1642
-2048
-2447
-2823
-3109
-3283
-3390
-3455
-3444
-3311
-3082
-2823
-2539
-2167
-1704
-1226
-760
-293
217
755
1244
1669
2084
2513
2890
3169
3382
3589
3764
3843
3833
3779
3707
3564
3314
2974
2612
2241
1765
1194
602
44
-501
-1096
-1682
-2158
-2520
-2845
-3144
-3326
-3333
-3251
-3151
-3008
-2744
-2378
-2032
-1723
-1377
-955
-539
-181
159
535
928
1275
1577
1870
2176
2431
2581
2658
2707
2680
2537
2296
2005
1680
1270
779
292
-148
-583
-1016
-1387
-1649
-1808
-1935
-2019
-1988
-1874
-1719
-1563
-1403
-1175
-903
-693
-506
-282
-34
230
444
609
820
1076
1266
1384
1492
1613
1697
1662
1518
1382
1248
1006
656
262
-86
-426
-862
-1328
-1714
-2012
-2290
-2604
-2873
-2975
-2975
-3001
-2998
-2859
-2580
-2259
-1990
-1703
-1258
-740
-320
46
475
969
1432
1778
2066
2458
2863
3107
3257
3421
3614
3738
3685
3540
3440
3279
2940
2480
2016
1580
1080
431
-233
-757
-1249
-1808
-2342
-2749
-2996
-3183
-3400
-3518
-3422
-3248
-3108
-2937
-2639
-2220
-1838
-1552
-1223
-774
-326
10
297
657
1085
1423
1643
1899
2207
2461
2565
2577
2624
2641
2498
2209
1917
1646
1292
815
311
-89
-427
-809
-1186
-1441
-1557
-1616
-1667
-1659
-1523
-1301
-1093
-918
-695
-417
-153
53
222
437
684
863
974
1110
1295
1452
1519
1528
1567
1629
1570
1381
1210
1079
867
513
94
-249
-562
-1003
-1513
-1904
-2163
-2432
-2774
-3057
-3134
-3081
-3083
-3111
-2980
-2681
-2373
-2153
-1911
-1509
-1029
-646
-333
43
508
953
1278
1569
1934
2314
2575
2732
2882
3058
3177
3148
3029
2914
2771
2523
2171
1781
1406
1012
547
45
-435
-860
-1264
-1687
-2072
-2351
-2537
-2685
-2798
-2816
-2705
-2542
-2369
-2142
-1832
-1467
-1130
-805
-445
-47
332
655
979
1319
1641
1917
2138
2338
2525
2643
2664
2613
2517
2363
2106
1769
1392
1002
587
146
-273
-645
-942
-1189
-1393
-1513
-1541
-1502
-1428
-1332
-1195
-1005
-811
-634
-471
-298
-119
51
199
330
478
649
795
907
1014
1129
1231
1265
1247
1224
1161
1029
834
601
361
85
-263
-627
-961
-1293
-1640
-1984
-2280
-2500
-2674
-2841
-2968
-2989
-2911
-2832
-2766
-2598
-2291
-1984
-1747
-1461
-1025
-554
-211
92
503
995
1380
1601
1863
2250
2581
2713
2763
2928
3143
3173
3021
2904
2895
2798
2453
2026
1739
1496
1060
448
-66
-375
-716
-1262
-1796
-2043
-2123
-2353
-2694
-2779
-2557
-2399
-2451
-2392
-1993
-1539
-1348
-1221
-841
-298
56
203
471
960
1397
1585
1711
2017
2379
2521
2451
2416
2502
2474
2189
1813
1561
1363
987
461
48
-163
-413
-812
-1126
-1191
-1170
-1279
-1403
-1320
-1106
-991
-973
-854
-599
-396
-315
-209
-7
202
334
429
574
749
886
970
1021
1057
1063
1029
923
741
533
335
98
-208
-542
-853
-1109
-1372
-1686
-1991
-2217
-2358
-2520
-2734
-2890
-2882
-2805
-2809
-2820
-2656
-2333
-2060
-1881
-1599
-1120
-639
-323
-28
437
966
1313
1528
1836
2249
2553
2652
2760
2995
3178
3154
3065
3086
3110
2975
2719
2503
2334
2052
1631
1208
828
400
-127
-654
-1099
-1513
-1933
-2303
-2540
-2674
-2784
-2835
-2754
-2553
-2344
-2139
-1853
-1468
-1068
-718
-369
44
501
896
1205
1518
1876
2177
2358
2466
2561
2645
2645
2510
2305
2097
1880
1554
1125
710
353
-2
-425
-841
-1136
-1325
-1514
-1718
-1825
-1785
-1709
-1672
-1621
-1461
-1220
-1027
-897
-718
-440
-185
-37
93
314
536
640
675
755
879
910
830
792
806
748
568
378
254
89
-200
-529
-791
-1018
-1316
-1666
-1929
-2069
-2214
-2414
-2554
-2549
-2486
-2468
-2428
-2253
-1980
-1741
-1544
-1256
-838
-434
-122
191
606
1061
1403
1656
1961
2321
2602
2746
2876
3057
3204
3213
3133
3091
3060
2925
2656
2367
2122
1806
1368
896
462
52
-406
-917
-1372
-1720
-2031
-2338
-2590
-2731
-2752
-2733
-2693
-2563
-2324
-2020
-1716
-1408
-1038
-603
-178
197
568
979
1372
1692
1957
2209
2428
2547
2585
2575
2510
2354
2107
1829
1507
1125
719
314
-75
-481
-861
-1168
-1417
-1636
-1803
-1880
-1898
-1868
-1792
-1656
-1480
-1294
-1084
-851
-608
-371
-140
72
274
463
616
733
810
866
893
871
793
695
609
490
316
123
-35
-178
-367
-584
-776
-931
-1089
-1293
-1492
-1649
-1778
-1891
-2028
-2146
-2166
-2121
-2093
-2060
-1945
-1692
-1418
-1206
-947
-557
-118
203
476
861
1304
1625
1807
2053
2386
2621
2683
2743
2929
3064
3016
2894
2890
2907
2725
2432
2210
2062
1768
1291
872
585
218
-345
-857
-1175
-1462
-1890
-2311
-2482
-2495
-2589
-2747
-2686
-2392
-2137
-2017
-1811
-1376
-908
-641
-446
-72
384
662
761
952
1289
1513
1506
1484
1617
1730
1608
1376
1277
1241
1018
623
314
165
-46
-418
-748
-861
-900
-1063
-1250
-1238
-1064
-975
-986
-895
-653
-426
-343
-280
-77
169
292
312
409
587
687
664
635
694
747
697
591
516
500
452
313
157
58
-19
-148
-360
-574
-723
-860
-1072
-1329
-1507
-1589
-1693
-1861
-1994
-1965
-1866
-1837
-1824
-1694
-1418
-1182
-1059
-878
-549
-203
23
220
526
870
1090
1233
1427
1689
1924
2072
2177
2304
2452
2534
2502
2452
2473
2461
2291
2013
1789
1588
1247
795
409
112
-259
-740
-1157
-1427
-1680
-1980
-2224
-2314
-2305
-2328
-2347
-2239
-2001
-1750
-1541
-1276
-915
-534
-231
22
324
653
915
1092
1258
1428
1564
1612
1596
1602
1642
1614
1499
1383
1266
1061
770
515
304
27
-282
-511
-667
-877
-1096
-1138
-1041
-986
-973
-850
-610
-442
-391
-303
-127
23
50
30
74
140
137
93
83
129
172
177
172
172
168
160
130
67
-24
-106
-196
-338
-517
-686
-810
-935
-1101
-1246
-1312
-1342
-1406
-1492
-1516
-1444
-1386
-1386
-1349
-1208
-1023
-924
-857
-666
-378
-146
8
232
559
860
1048
1225
1494
1782
1974
2085
2224
2420
2565
2561
2517
2541
2549
2417
2173
1972
1807
1528
1102
685
360
-5
-485
-963
-1313
-1597
-1940
-2278
-2472
-2526
-2551
-2568
-2489
-2275
-2007
-1760
-1507
-1187
-820
-501
-239
26
314
588
789
948
1136
1332
1469
1528
1591
1682
1714
1650
1554
1459
1304
1066
807
584
344
48
-235
-438
-594
-750
-864
-885
-847
-827
-822
-740
-589
-483
-463
-443
-349
-257
-232
-228
-168
-68
-14
7
79
217
331
358
371
414
448
412
314
234
157
25
-146
-291
-391
-503
-651
-782
-868
-934
-1004
-1089
-1162
-1203
-1257
-1307
-1326
-1331
-1327
-1301
-1240
-1142
-1028
-861
-637
-414
-207
35
330
621
860
1066
1306
1554
1725
1830
1958
2115
2201
2206
2202
2234
2239
2131
1959
1791
1615
1370
1042
680
329
-25
-410
-808
-1187
-1496
-1737
-1955
-2147
-2260
-2236
-2140
-2061
-1954
-1732
-1417
-1143
-945
-702
-369
-59
139
302
548
832
1017
1110
1250
1461
1603
1615
1587
1627
1648
1528
1311
1135
1005
781
446
147
-35
-228
-494
-739
-845
-862
-931
-1009
-977
-849
-744
-712
-648
-500
-364
-315
-303
-239
-146
-88
-70
-41
64
183
262
320
390
484
561
566
509
459
421
332
162
-13
-126
-221
-391
-597
-708
-750
-854
-1036
-1159
-1182
-1245
-1418
-1564
-1573
-1555
-1643
-1726
-1636
-1428
-1288
-1209
-988
-597
-263
-77
159
549
919
1093
1221
1498
1821
1974
2012
2164
2425
2577
2538
2510
2594
2618
2436
2161
1972
1773
1407
936
533
175
-271
-776
-1191
-1494
-1824
-2168
-2391
-2465
-2517
-2594
-2576
-2400
-2192
-2039
-1843
-1530
-1167
-865
-609
-282
115
466
732
974
1283
1595
1784
1872
1977
2125
2177
2061
1897
1804
1685
1407
1069
788
559
278
-56
-337
-514
-671
-856
-988
-1038
-1037
-1034
-1019
-968
-876
-758
-651
-562
-463
-338
-208
-124
-61
41
151
211
224
258
323
342
289
252
258
241
145
35
-2
-17
-103
-237
-314
-322
-377
-517
-651
-696
-727
-858
-1034
-1129
-1138
-1203
-1351
-1431
-1376
-1302
-1316
-1316
-1169
-932
-787
-697
-495
-169
120
267
439
775
1136
1335
1440
1679
2021
2225
2232
2264
2452
2568
2431
2196
2095
2043
1761
1281
895
672
354
-186
-684
-944
-1141
-1493
-1893
-2067
-2041
-2109
-2296
-2336
-2136
-1916
-1838
-1755
-1463
-1056
-777
-599
-318
121
522
740
917
1232
1598
1786
1816
1907
2095
2179
2058
1907
1862
1790
1544
1227
998
823
553
189
-104
-299
-503
-755
-978
-1081
-1136
-1204
-1249
-1222
-1126
-1031
-948
-836
-688
-539
-411
-292
-177
-50
62
139
204
277
352
391
407
418
424
410
344
261
185
86
-43
-190
-330
-467
-611
-760
-901
-1036
-1158
-1271
-1375
-1458
-1525
-1566
-1584
-1578
-1548
-1486
-1379
-1260
-1127
-966
-760
-539
-342
-113
156
432
678
911
1182
1458
1695
1881
2066
2260
2397
2439
2437
2438
2399
2259
2053
1849
1631
1363
1032
699
410
116
-222
-552
-819
-1057
-1314
-1553
-1720
-1826
-1919
-1994
-1986
-1891
-1780
-1658
-1468
-1198
-908
-642
-349
-6
318
595
846
1106
1341
1513
1629
1730
1814
1828
1791
1733
1643
1515
1346
1148
932
688
442
205
-50
-306
-533
-700
-853
-1027
-1151
-1189
-1176
-1199
-1240
-1180
-1028
-929
-898
-798
-585
-405
-365
-309
-113
79
130
105
200
373
392
281
262
351
369
218
70
92
107
-45
-250
-327
-310
-416
-636
-763
-764
-797
-950
-1098
-1080
-1028
-1082
-1166
-1158
-1035
-956
-968
-913
-748
-568
-461
-376
-186
63
241
374
557
811
1036
1174
1310
1492
1661
1753
1788
1843
1882
1845
1752
1651
1553
1408
1187
958
762
532
263
-8
-246
-441
-662
-888
-1045
-1179
-1299
-1404
-1479
-1451
-1400
-1372
-1316
-1197
-1007
-826
-675
-476
-217
33
210
355
569
799
947
1016
1103
1229
1290
1259
1199
1185
1176
1081
928
794
690
563
369
174
38
-66
-219
-409
-547
-618
-691
-788
-855
-853
-816
-797
-788
-739
-642
-531
-446
-369
-258
-131
-22
43
89
174
258
298
299
303
331
328
277
223
188
148
70
-34
-129
-213
-300
-401
-494
-556
-618
-689
-754
-805
-828
-843
-851
-848
-829
-803
-770
-733
-684
-615
-544
-464
-370
-262
-145
-44
71
208
341
464
579
711
833
917
983
1061
1134
1167
1154
1131
1121
1070
981
876
778
689
540
380
255
131
-3
-151
-276
-361
-460
-577
-655
-696
-712
-723
-734
-687
-620
-556
-459
-349
-207
-52
80
231
373
497
615
719
807
865
911
944
941
905
869
831
776
707
619
543
456
347
238
129
36
-63
-179
-287
-375
-451
-526
-598
-647
-674
-696
-704
-702
-680
-641
-603
-556
-488
-414
-336
-249
-170
-92
-16
49
104
149
187
208
204
183
151
107
51
-24
-108
-200
-298
-398
-499
-598
-693
-778
-866
-942
-1001
-1046
-1074
-1077
-1069
-1047
-1006
-952
-878
-773
-650
-520
-378
-227
-67
96
257
419
580
729
857
972
1070
1156
1225
1277
1302
1305
1279
1243
1186
1100
1008
895
781
650
510
375
247
116
-18
-143
-242
-334
-428
-505
-547
-570
-580
-577
-543
-475
-408
-313
-226
-99
42
174
290
423
564
668
755
821
898
957
966
952
918
888
823
720
623
522
424
274
116
-11
-127
-280
-434
-565
-668
-755
-864
-954
-985
-993
-1023
-1031
-986
-915
-859
-792
-702
-578
-461
-360
-258
-132
-15
78
155
238
315
361
392
403
413
407
385
337
280
226
151
48
-54
-137
-234
-364
-481
-585
-677
-779
-877
-952
-1010
-1048
-1091
-1103
-1083
-1025
-976
-902
-790
-662
-520
-383
-232
-57
128
290
442
602
762
902
1008
1102
1198
1283
1328
1331
1330
1331
1301
1223
1124
1042
946
801
631
486
350
179
-9
-162
-281
-401
-522
-616
-666
-687
-711
-720
-677
-601
-511
-432
-334
-195
-57
64
177
302
435
541
604
667
741
783
781
765
760
750
706
627
569
518
434
312
192
90
-35
-197
-350
-455
-562
-685
-782
-830
-849
-882
-900
-869
-816
-770
-734
-681
-590
-501
-432
-337
-214
-93
6
101
212
329
418
474
527
582
590
551
491
424
342
218
79
-45
-173
-294
-406
-505
-578
-654
-725
-784
-838
-896
-961
-998
-1021
-1031
-1012
-956
-873
-774
-636
-489
-324
-154
-2
142
272
393
506
609
707
806
904
996
1080
1156
1219
1239
1223
1188
1130
1043
924
790
650
497
333
174
28
-115
-260
-391
-494
-589
-678
-744
-783
-789
-773
-742
-670
-570
-462
-343
-216
-72
73
191
303
420
530
626
699
763
824
858
866
864
844
817
759
672
580
483
373
251
129
20
-87
-196
-297
-375
-436
-490
-532
-551
-545
-532
-514
-481
-434
-389
-337
-282
-231
-178
-125
-72
-18
40
85
124
166
202
219
230
234
216
178
132
79
6
-83
-173
-264
-353
-444
-539
-618
-680
-746
-803
-847
-869
-878
-890
-896
-883
-852
-823
-786
-725
-651
-570
-495
-409
-308
-199
-97
4
113
225
330
421
509
598
679
744
796
840
866
881
881
861
825
780
715
624
528
425
326
223
107
9
-67
-134
-205
-259
-277
-272
-275
-273
-239
-174
-110
-55
16
120
229
311
393
503
606
676
734
799
871
910
915
913
910
899
843
763
696
628
530
400
270
166
51
-89
-222
-331
-419
-505
-599
-671
-705
-735
-769
-785
-765
-729
-701
-665
-605
-519
-451
-400
-322
-228
-135
-72
-20
48
124
162
161
177
215
208
156
106
72
23
-80
-200
-287
-370
-479
-607
-703
-766
-835
-922
-992
-1016
-1032
-1070
-1105
-1106
-1082
-1055
-1038
-996
-899
-796
-702
-582
-428
-263
-112
37
208
386
534
658
790
929
1028
1103
1189
1280
1346
1368
1380
1394
1379
1314
1212
1102
975
812
618
437
271
100
-66
-207
-304
-388
-468
-510
-514
-495
-473
-439
-371
-288
-201
-109
-12
102
237
354
465
586
708
818
896
962
1027
1063
1053
1022
982
918
811
672
531
389
224
38
-139
-299
-454
-606
-739
-837
-912
-984
-1030
-1050
-1039
-1016
-996
-960
-895
-823
-756
-683
-594
-499
-408
-314
-213
-98
9
106
199
286
357
404
437
448
424
388
328
245
146
31
-90
-219
-352
-480
-593
-705
-802
-880
-947
-984
-1005
-1004
-984
-954
-900
-833
-754
-667
-563
-448
-315
-174
-30
118
266
415
554
690
803
905
996
1055
1103
1134
1138
1118
1063
998
924
830
720
599
473
342
207
78
-44
-153
-252
-332
-398
-440
-464
-473
-453
-419
-363
-296
-210
-108
-8
105
220
330
445
550
646
739
808
862
897
901
896
860
796
723
632
524
405
281
144
3
-134
-261
-383
-497
-596
-688
-760
-812
-844
-862
-872
-860
-830
-782
-726
-665
-591
-505
-418
-328
-229
-132
-39
55
150
240
323
388
443
491
520
538
542
528
495
446
382
298
208
101
-13
-124
-247
-370
-488
-598
-706
-801
-876
-942
-980
-1003
-1006
-989
-953
-892
-816
-725
-616
-496
-363
-216
-74
64
197
326
453
563
649
720
774
799
802
787
749
692
627
549
453
361
260
161
63
-34
-119
-195
-258
-308
-353
-377
-383
-375
-356
-314
-260
-196
-114
-21
80
189
307
425
534
636
739
825
889
934
963
962
943
912
857
780
684
578
461
345
223
103
-11
-122
-221
-315
-391
-443
-494
-526
-541
-547
-543
-527
-498
-474
-449
-407
-351
-299
-256
-212
-155
-109
-73
-31
6
37
53
54
56
65
55
33
23
9
-12
-43
-73
-94
-123
-154
-192
-219
-233
-259
-290
-311
-329
-355
-374
-397
-411
-425
-443
-444
-443
-432
-416
-398
-366
-324
-279
-234
-181
-123
-62
1
54
112
163
204
239
258
275
289
293
281
272
259
236
216
194
167
142
121
100
76
55
40
29
12
0
-5
-3
4
13
33
59
85
121
162
209
253
298
339
382
420
452
479
499
516
518
513
509
488
461
430
391
347
296
236
175
114
49
-17
-78
-135
-181
-218
-252
-275
-295
-304
-301
-296
-277
-257
-236
-214
-193
-172
-151
-132
-118
-105
-95
-98
-93
-91
-96
-101
-113
-109
-113
-128
-135
-149
-155
-160
-169
-163
-158
-160
-156
-153
-140
-132
-121
-106
-102
-96
-86
-78
-73
-70
-64
-66
-72
-78
-79
-87
-90
-86
-90
-98
-97
-85
-74
-66
-53
-42
-23
-10
-6
5
12
10
9
7
4
-4
-13
-30
-45
-62
-83
-105
-130
-149
-173
-188
-202
-213
-210
-209
-199
-179
-152
-120
-75
-23
35
105
173
247
313
380
454
515
569
614
649
678
699
714
712
700
688
657
622
572
504
439
365
296
219
143
71
3
-59
-128
-181
-223
-266
-299
-318
-327
-327
-333
-322
-307
-299
-264
-234
-210
-181
-145
-119
-92
-64
-46
-33
-26
-21
-23
-28
-39
-49
-73
-96
-111
-136
-156
-174
-192
-202
-220
-235
-239
-243
-243
-243
-240
-241
-232
-226
-216
-203
-200
-184
-172
-167
-149
-135
-128
-105
-84
-72
-47
-25
-1
24
47
73
97
107
125
140
143
153
147
140
131
111
90
62
37
14
-11
-36
-51
-70
-83
-89
-104
-108
-106
-104
-98
-87
-68
-47
-24
2
33
71
107
147
188
226
276
319
354
391
420
441
454
462
458
447
429
404
380
341
293
261
221
166
117
71
19
-29
-66
-105
-137
-163
-186
-203
-215
-214
-217
-221
-201
-183
-167
-143
-116
-94
-69
-60
-51
-31
-28
-35
-42
-48
-55
-69
-89
-106
-117
-135
-155
-169
-185
-199
-208
-209
-203
-202
-204
-193
-168
-150
-142
-129
-113
-92
-79
-70
-57
-46
-33
-32
-26
-12
-4
7
17
26
41
54
72
85
97
115
126
136
141
141
134
127
109
99
82
61
46
23
-2
-27
-50
-68
-86
-103
-121
-138
-150
-164
-166
-168
-167
-155
-139
-121
-103
-73
-40
-6
33
75
117
161
200
232
265
291
308
331
335
339
345
330
316
294
267
233
192
153
111
75
37
-2
-30
-55
-79
-90
-94
-90
-95
-92
-85
-74
-61
-58
-50
-46
-34
-21
-14
-13
-2
5
-3
4
16
12
11
6
-1
-13
-20
-33
-57
-66
-75
-100
-119
-135
-150
-162
-169
-168
-172
-171
-152
-141
-135
-115
-98
-91
-79
-59
-61
-59
-40
-38
-47
-38
-27
-31
-18
-5
0
14
31
43
54
72
84
79
82
89
73
60
62
45
18
16
6
-18
-19
-13
-30
-42
-34
-41
-51
-49
-48
-56
-57
-50
-47
-46
-39
-30
-26
-10
8
22
43
61
77
91
102
116
126
133
131
128
126
124
121
104
98
97
91
86
76
73
71
57
48
40
23
20
8
-4
-5
-5
-12
-20
-18
-16
-17
-12
-11
-5
-6
-8
-10
-13
-7
-9
-18
-18
-14
-15
-14
-21
-27
-29
-40
-43
-42
-48
-50
-53
-54
-52
-50
-56
-60
-60
-64
-64
-66
-62
-54
-49
-41
-41
-30
-28
-30
-26
-27
-15
-13
-13
-11
-10
-9
-8
-7
-5
-4
-2
1
1
7
9
8
13
13
11
9
7
7
2
0
1
-8
-5
0
-1
-4
-13
-13
-12
-12
-11
-3
-1
-5
1
9
13
17
20
17
27
34
32
41
35
39
46
42
49
42
39
45
45
44
42
41
38
35
37
38
33
31
26
21
20
13
12
12
4
2
1
-3
-4
-3
-5
-6
-10
-9
-6
-7
-6
-5
-5
-10
-12
-11
-12
-7
-8
-9
-6
-10
-18
-16
-18
-22
-18
-23
-27
-26
-30
-31
-28
-28
-25
-18
-16
-13
-8
-4
-1
2
5
7
7
9
13
15
14
15
9
8
9
4
2
-3
-6
-10
-19
-23
-26
-25
-22
-21
-22
-24
-21
-23
-26
-18
-16
-12
-7
-6
-3
-6
-10
-9
-6
-4
-4
-2
4
8
5
10
8
7
6
0
0
1
1
9
10
8
18
22
19
24
31
28
31
30
26
26
25
25
19
18
18
19
14
8
14
13
11
15
11
7
1
0
0
-7
-7
-5
-5
-2
-3
-5
-1
5
11
7
9
10
0
-7
-8
-13
-16
-18
-20
-19
-26
-23
-19
-15
-14
-14
-11
-18
-17
-13
-16
-19
-25
-25
-21
-20
-19
-7
-8
-12
0
-5
0
5
0
5
6
9
1
1
-1
-3
-1
-12
-10
-7
-8
-9
-6
-6
2
8
4
3
4
6
8
10
8
8
6
10
9
6
11
8
8
10
10
8
5
5
5
1
1
1
-2
-5
-2
-3
-8
-6
-2
0
-1
-3
-6
-2
0
-2
5
6
4
10
15
20
16
12
16
20
21
14
15
15
11
11
4
0
0
-1
-1
-2
1
2
-6
-7
-7
-9
-5
-8
-15
-13
-10
-12
-11
-9
-7
-8
-4
-3
-12
-8
-5
-6
-1
-4
-11
-9
-5
-3
-3
-3
3
5
9
11
4
2
1
-2
-10
-18
-14
-14
-13
-8
-8
1
4
2
9
8
10
12
7
12
10
8
8
-1
-2
-2
0
-6
-3
2
7
8
6
13
7
-3
-5
-6
-5
-8
-13
-10
-10
-16
-13
-10
-11
-14
-13
-15
-15
-13
-10
-10
-8
-4
-3
-1
3
4
6
11
15
20
16
18
24
20
17
15
13
6
5
6
1
2
4
-2
-4
-3
-8
-12
-9
-14
-17
-12
-11
-13
-13
-14
-15
-11
-9
-4
-1
4
9
8
11
9
12
15
22
25
27
29
25
20
18
14
6
10
12
5
8
10
5
7
8
1
0
-4
-13
-10
-14
-18
-20
-18
-20
-21
-15
-15
-14
-12
-11
-5
5
5
6
15
12
7
9
7
7
10
6
6
11
8
6
5
1
-3
-4
-12
-16
-20
-15
-15
-20
-21
-24
-28
-31
-30
-30
-35
-28
-27
-29
-24
-17
-11
-8
-6
0
4
6
4
7
14
9
5
14
19
14
14
13
10
12
16
19
16
19
18
17
11
13
7
5
9
4
9
17
12
7
12
8
7
10
13
16
13
16
15
17
11
9
15
18
20
21
16
17
17
10
6
3
-4
-5
0
-6
-10
-10
-13
-13
-14
-15
-19
-22
-15
-16
-21
-17
-22
-25
-25
-26
-27
-26
-25
-18
-15
-11
-9
-8
-4
-3
2
4
-2
-2
-1
1
0
-2
2
4
1
-1
4
-2
1
3
2
0
1
8
2
2
8
4
0
-6
-7
-6
-2
1
1
1
-3
-4
-3
-1
-1
3
5
1
0
5
9
9
7
12
3
-1
6
6
4
2
3
-1
1
4
4
11
11
10
11
12
13
14
10
7
4
2
6
6
4
5
7
8
4
7
5
2
5
5
5
3
2
1
1
0
2
2
2
2
-8
-15
-13
-13
-8
-12
-13
-12
-8
-6
-5
-3
-7
-2
-2
-1
-6
-12
-10
-10
-13
-12
-5
-6
-12
-10
-13
-18
-17
-17
-15
-10
-9
-5
-5
-3
-1
0
6
2
2
10
8
10
11
9
8
10
13
9
7
11
13
19
16
14
9
8
11
9
6
3
2
-1
-6
-8
-7
-5
-4
-7
-10
-9
-9
-9
-7
-9
-9
-11
-12
-14
-6
1
-2
0
2
8
9
9
11
14
21
24
26
23
22
22
18
20
16
9
5
3
5
0
0
-9
-12
-11
-18
-18
-24
-21
-17
-19
-19
-20
-15
-16
-12
-9
-9
-8
-7
-5
-6
-1
2
3
2
0
5
6
9
11
6
4
5
3
6
5
2
1
3
7
0
-5
-5
-6
-6
-8
-13
-12
-10
-9
-11
-7
-4
-7
-1
4
3
6
10
8
13
12
11
16
18
10
7
10
12
13
12
12
12
13
8
3
7
9
4
0
-4
-9
-10
-11
-11
-14
-13
-13
-15
-10
-13
-17
-13
-8
-1
2
-2
4
6
10
12
15
15
7
7
5
4
5
2
3
6
6
9
5
2
4
-6
-6
-4
-10
-12
-12
-19
-25
-19
-17
-21
-20
-21
-18
-20
-17
-4
-3
-5
0
1
-4
-1
1
-3
6
8
1
4
15
16
13
14
17
20
18
17
16
11
15
10
3
6
0
-3
-7
-5
-3
-9
-5
-1
-3
-3
-5
-2
5
5
5
1
-1
2
3
6
6
6
8
7
8
2
0
10
13
10
7
5
2
1
3
6
6
5
-2
-2
-1
-5
-2
-3
-10
-13
-12
-12
-15
-15
-10
-7
-10
-13
-9
-7
-8
-10
-12
-9
-9
-11
-14
-12
-7
-5
-3
5
0
4
5
6
11
6
3
2
2
0
6
1
4
6
5
7
-2
-1
-3
-4
-3
0
-2
-2
-2
-6
0
-2
0
-1
-1
8
10
12
12
12
12
9
9
5
3
9
5
6
9
5
3
4
-3
-3
7
3
-5
-6
-1
-6
-7
-8
-5
2
-2
-2
-6
-8
-3
-11
-11
-4
-5
-1
-4
-5
-4
-3
1
5
3
0
-1
-4
6
7
6
10
11
10
15
20
19
18
18
16
12
7
5
2
0
2
-4
-7
-10
-10
-5
-6
-9
-7
-6
-8
-14
-17
-15
-16
-16
-16
-12
-17
-18
-10
-2
0
-1
5
5
-2
1
2
1
2
-2
-1
-9
-9
-7
-6
-1
0
13
11
6
6
2
0
-3
-6
-5
4
3
2
1
-5
-6
1
5
3
8
9
7
0
1
4
0
4
4
2
2
-3
0
4
4
7
7
12
12
12
13
4
-2
1
3
-1
-4
-4
-2
1
0
-2
0
-5
-12
-9
-9
-11
-1
-5
2
8
5
9
7
8
4
6
6
5
5
7
13
10
12
15
13
5
2
4
2
1
-3
0
5
0
-3
2
-2
-4
-3
-5
-7
-9
-10
-11
-13
-14
-12
-11
-15
-19
-17
-15
-11
-8
-7
-5
0
4
8
3
-2
-3
-12
-9
-10
-9
-4
-7
-10
-8
-4
-2
-5
-5
-5
-8
-5
-3
-9
-9
-9
-9
-11
-6
-4
-5
1
2
-1
5
4
9
17
13
18
19
18
19
18
19
18
16
14
9
11
15
17
16
12
13
16
15
13
12
15
8
3
3
4
6
2
2
1
2
3
-2
-1
3
-1
1
2
-1
-7
-6
1
-2
-8
-6
-4
-8
-10
-10
-10
-10
-9
-6
-7
-7
-9
-12
-10
-14
-10
-12
-15
-13
-15
-13
-9
-7
-8
-11
-13
-11
-15
-14
-10
-11
-11
-11
-15
-14
-10
-13
-16
-11
-5
0
2
3
7
4
6
11
11
4
4
11
6
6
7
9
16
20
19
20
18
20
18
12
13
10
7
10
14
17
16
11
12
11
5
0
-2
-2
-4
2
-1
3
8
1
5
7
3
0
-3
-6
-4
-3
-1
-1
-3
-6
-6
-7
-17
-9
-7
-10
-10
-5
1
-6
-3
-2
-5
-7
-7
-5
-5
-9
-5
4
3
5
5
-1
-2
0
-1
-5
-3
-3
3
-4
-6
-4
-4
-2
-8
-6
-2
0
-1
-3
2
4
4
8
11
6
5
8
7
4
6
2
-1
1
-1
-3
-7
-6
-4
-9
-8
-13
-14
-13
-17
-13
-10
-4
0
3
2
-2
-1
3
1
1
-6
-3
1
1
2
-3
4
10
8
9
9
10
6
5
5
-1
0
2
-1
2
-2
-3
4
-3
0
8
9
14
23
15
15
17
11
10
13
11
3
3
2
2
0
1
11
10
3
8
8
3
1
1
1
-2
-1
-4
-11
-11
-10
-15
-16
-17
-18
-12
-12
-13
-10
-9
-8
-11
-11
-10
-11
-13
-12
-11
-10
-8
-6
-5
1
-3
-2
2
-3
1
-1
-6
0
-3
-3
-2
-2
-2
4
11
11
8
12
9
5
10
6
0
-1
3
-1
-6
3
4
8
6
4
16
12
12
17
7
5
8
-1
2
2
5
8
5
0
-1
6
2
-1
2
8
1
-3
-2
-6
-8
-15
-8
-10
-15
-10
-8
-9
-8
-9
-9
-7
-10
-8
-8
-7
-4
-4
-1
3
6
2
3
-1
-2
-1
-2
1
1
2
7
8
8
9
4
8
10
9
14
12
16
17
16
13
6
1
-2
1
-1
-2
2
4
-1
0
4
2
2
0
0
-4
-9
-5
-7
-3
-5
-6
1
0
-1
-1
-7
-12
-8
-6
-3
-3
-10
-10
-11
-11
-2
-8
-8
-4
-9
-4
-6
-4
-6
-7
-6
-6
-7
-9
-5
-4
-7
-10
-6
1
-2
-3
1
3
5
5
10
5
4
6
5
5
3
9
5
2
9
7
9
9
4
7
5
10
13
12
16
12
9
11
8
5
3
5
3
6
10
10
3
2
7
-2
1
6
1
-6
-6
-2
-2
-5
-4
2
0
3
2
-2
2
6
0
1
4
-6
-2
-6
-8
-6
-14
-7
-9
-17
-11
-8
-11
-13
-15
-16
-18
-16
-11
-16
-10
-8
-11
-7
-5
-2
-2
-4
2
4
3
9
6
7
7
6
10
12
6
-1
0
0
2
8
5
5
6
1
10
16
7
8
4
5
11
5
10
10
5
4
-1
3
0
-3
-2
-2
-4
-3
0
-7
-7
-3
-8
-10
-11
-12
-11
-8
2
3
2
4
4
7
7
4
-4
-2
0
-3
1
7
8
6
12
10
9
10
4
1
-1
-8
-15
-14
-14
-13
-9
-3
1
-3
2
7
1
5
8
5
8
6
5
4
3
3
-1
-4
-3
-3
-5
-1
5
6
3
1
-1
-7
-9
0
-5
-9
-9
-8
-9
-8
-2
1
3
2
-5
-1
2
6
11
12
14
11
13
12
4
-1
-5
-9
-6
-8
-9
-11
-3
2
-3
1
-2
-8
-2
-4
-13
-13
-9
-6
-3
-3
-5
-1
-4
-3
-3
-7
1
-2
-2
3
-2
-3
-2
-2
2
1
5
2
5
10
7
5
4
9
7
9
12
10
13
8
2
2
7
13
11
8
10
9
7
8
5
4
0
-7
-7
-2
1
1
1
-3
-2
8
5
6
12
4
-5
-3
-3
-10
-6
0
-1
-2
-7
-11
-12
-9
-5
-4
0
0
6
6
-2
-8
-10
-9
-14
-12
-8
-7
-4
-10
-14
-11
-10
-6
-6
-7
-8
-5
-6
-6
-2
0
0
-3
1
3
8
11
9
7
5
0
-1
-3
-5
0
6
8
5
4
4
1
1
2
1
3
3
7
7
8
11
10
15
10
11
12
2
1
6
1
6
8
7
7
9
6
2
1
-3
3
-2
-3
1
-5
-4
-2
-6
-8
-8
0
-1
-2
-5
-6
-2
-9
-9
-9
-9
-5
-12
-13
-7
-8
-9
-3
-4
-3
0
1
-2
-5
-3
1
4
3
4
2
2
1
-3
6
6
-1
6
3
4
5
6
3
4
9
2
5
5
2
7
4
2
4
7
4
-1
-1
-6
-12
-10
-16
-15
-10
-8
1
-1
4
5
4
1
-3
0
-9
-1
4
-5
2
-1
1
1
-2
2
2
-2
2
5
5
7
6
2
0
-2
-4
-3
-7
-5
-5
-4
2
5
6
4
2
2
3
3
7
1
-1
4
2
4
3
2
0
1
0
2
9
3
1
2
-2
1
-4
-5
0
2
2
2
4
2
0
2
5
4
5
4
-3
-6
-4
-4
-8
-1
-1
-5
-6
-6
-5
-4
7
4
-2
8
5
5
7
4
-2
-6
-4
-10
-9
-6
-9
-9
-6
-8
-6
-1
-2
-3
-5
-5
-5
-10
-7
-8
-9
-7
-12
-9
0
-1
-3
3
8
17
16
13
17
15
14
14
11
9
9
5
5
5
6
8
6
7
4
-2
11
9
3
4
-1
1
-2
-6
-2
-6
-14
-13
-12
-9
-6
-5
-6
-11
-8
-7
-10
-9
-12
-8
-4
-7
6
5
-1
0
-5
-6
-3
-7
-5
0
-1
3
5
5
9
9
8
8
1
3
3
-2
-1
6
7
5
5
-1
2
4
4
3
-3
-1
3
3
5
7
9
11
10
4
5
7
3
-1
-4
-2
7
3
0
1
6
8
4
4
4
5
-1
-3
-1
-9
-13
-12
-8
-8
-10
-11
-5
-8
-11
-9
-13
-16
-12
-10
-11
-8
-11
-10
-4
-6
-4
-1
-2
-3
-1
-4
-3
3
3
5
8
3
3
1
-2
-5
-12
-8
-2
-7
-5
3
5
3
7
9
5
8
9
9
5
10
17
10
9
10
8
6
8
10
10
9
11
15
9
9
12
10
11
9
11
16
12
11
13
6
-2
-4
-1
-8
-15
-13
-16
-14
-15
-11
-7
-13
-10
-14
-13
-17
-20
-14
-15
-17
-19
-20
-16
-13
-10
-10
-7
-2
0
2
9
15
11
8
8
10
10
6
6
8
8
2
3
2
1
-1
1
4
5
7
7
5
8
5
2
2
0
-2
-5
-2
-1
-5
-2
-1
1
4
0
-2
2
-1
-1
0
-1
-4
-6
-9
-11
-10
-10
-9
2
5
-2
2
4
8
4
1
2
-4
-3
-1
4
6
3
6
1
0
-3
1
7
-4
1
1
-3
3
-3
1
6
8
5
9
14
11
11
10
7
6
11
7
7
6
-2
3
2
-4
-3
-4
-8
-10
-8
-2
-1
-2
5
2
-2
-5
-7
-2
-6
-9
-11
-11
-9
-13
-10
-4
-6
-7
-12
-4
1
1
4
-1
1
3
-6
-3
-5
-1
4
-3
-5
-4
-4
-4
-6
-6
-1
-2
-1
1
4
4
-1
-1
-3
-3
-5
-5
-2
-1
3
5
4
7
8
13
13
9
11
13
9
6
14
13
11
7
4
9
11
13
11
13
13
6
3
3
0
-1
-4
-6
-5
-2
-8
-11
-7
-6
-5
-5
-7
-6
-4
-5
-6
-6
-6
-9
-10
-14
-8
-6
-3
2
-6
-2
3
4
3
-1
1
1
-2
-3
-3
-1
-3
-5
1
-3
-2
2
-1
-2
1
4
4
-2
-2
-3
-9
-8
-7
-7
-5
-5
-8
-1
1
-2
4
8
6
3
4
4
5
7
8
8
5
6
6
5
7
1
1
4
7
8
11
9
4
6
2
-2
5
8
6
3
-1
0
-2
-4
0
0
-4
-6
-6
-2
0
2
5
1
-3
1
0
-1
-1
-2
-1
1
-4
-7
-2
-3
-1
-5
-6
-2
-5
-1
-7
-6
-4
-9
-5
-4
-6
-7
-1
-1
-7
-2
0
0
-2
4
5
5
9
5
4
5
3
3
-3
-3
4
2
3
0
-1
-6
0
0
-4
-2
-8
-6
-2
-2
-6
-5
0
1
-2
-3
6
9
2
2
3
-1
-2
-4
-2
-5
-2
1
-4
-5
-4
-5
2
3
3
13
15
10
10
15
15
13
17
15
11
10
8
5
6
4
-3
2
3
1
5
0
-2
-1
-6
-3
-4
-6
-7
-6
-9
-11
-5
-10
-11
-9
-6
-3
-8
-4
-1
1
-2
-9
-6
-5
-13
-11
-11
-16
-12
-10
