-1
-1
-3
-3
-4
-5
-5
-3
0
-4
-1
-1
2
2
1
4
-1
-1
0
1
-3
-4
-1
-1
0
-2
6
6
1
2
-6
-8
-2
-1
1
5
6
5
5
10
8
8
11
8
10
9
6
1
-4
-3
0
-1
0
1
7
9
8
8
6
9
7
8
6
2
2
-3
-6
-3
-4
-9
-7
-3
-4
-3
-2
-4
-1
-3
-4
5
3
-1
-4
-9
-12
-16
-14
-16
-13
-8
-11
-6
-3
-1
7
6
5
2
-6
-5
-2
-1
-4
-6
1
0
-2
-2
-1
3
1
-1
-1
2
6
11
10
-1
-1
5
0
-4
-3
-2
-3
1
3
5
10
10
4
1
7
6
3
2
-4
0
5
3
4
6
4
2
3
3
8
8
10
11
8
5
0
0
0
-1
-3
0
6
-1
-5
2
4
-2
-3
-5
-6
-9
-12
-13
-6
-8
-6
-5
-7
-10
-12
-7
-8
-7
-9
-3
1
0
3
6
-4
-5
3
4
3
-3
-7
-7
-7
-2
-1
-4
-3
-3
-1
5
6
3
2
4
4
-3
-3
2
0
-3
1
1
2
-2
0
6
2
5
4
2
3
1
4
4
7
10
11
10
8
11
8
9
1
2
8
6
15
12
5
10
6
7
5
0
0
6
4
-2
-6
-4
-5
-8
-11
-9
-5
-6
-3
0
2
-4
-9
-10
-11
-12
-6
-10
-15
-9
-8
-9
-11
-11
-5
-3
-5
-1
0
2
1
1
2
-1
1
-4
-4
-7
-11
-6
2
3
0
7
7
9
11
5
1
-2
1
2
0
4
-2
-5
-2
2
7
2
4
8
9
10
10
12
9
3
3
7
10
11
8
5
1
2
2
3
2
-1
1
8
4
-1
1
5
-1
-4
0
-3
-5
-9
-5
-1
-7
-10
-13
-1
1
-9
-2
-3
-4
-8
-3
1
-10
-7
-4
-10
-13
-8
-8
-6
-4
1
4
2
2
3
-2
1
1
0
3
2
1
1
0
3
7
5
3
-1
-1
6
7
1
2
-2
1
1
-3
1
-1
-2
1
5
5
7
8
9
12
11
12
9
7
6
5
2
-1
-3
-9
-11
-13
-9
-10
-12
-4
1
4
6
5
4
9
7
1
-5
-6
-5
-9
-7
-8
-10
-5
-4
-3
-2
-4
-5
3
1
2
1
-2
-2
-6
-6
-3
-4
2
3
1
5
5
7
6
3
12
11
4
5
0
3
4
0
3
1
-2
3
-3
-6
-5
-4
3
2
-1
0
-1
-2
1
-3
-4
-7
-7
-7
-10
-8
-4
1
1
0
2
-2
0
1
-2
-1
-1
0
3
1
2
1
-3
-5
4
4
-2
4
2
1
2
3
3
4
6
3
4
6
3
5
6
3
5
4
7
10
7
5
2
2
-2
-8
-9
-5
-5
-10
-8
-2
3
-3
-2
4
-3
-2
9
7
4
1
0
0
-2
0
-6
-8
-3
-2
-4
1
-2
-4
1
4
4
7
10
-3
-6
-4
-11
-9
-8
-9
-10
-8
-6
-9
-7
-7
-2
-4
-14
-15
-17
-8
-8
-7
-2
-2
0
3
10
13
12
14
14
9
7
7
7
6
4
13
16
9
10
12
12
7
6
5
6
10
6
3
1
0
3
1
-6
-7
-5
-4
-3
-5
-8
-3
1
3
1
1
1
0
0
-2
-7
-10
-5
-1
1
2
10
3
0
3
0
1
-6
-4
-5
-6
-5
-8
-12
-13
-9
-7
-7
-8
-9
-6
-3
-1
-5
-4
-4
-2
-11
-9
-7
-9
-2
-5
0
2
0
5
5
10
14
14
18
14
10
9
7
3
2
4
2
1
-2
-1
7
14
15
13
14
9
7
2
-1
2
6
-2
-7
-2
-6
-1
4
1
-3
-3
-3
-1
2
-7
-6
-3
-5
-2
-4
-4
-4
-8
-6
-3
-4
-2
2
5
4
6
0
-5
-4
-9
-5
-6
-8
-4
-2
3
-2
2
5
-2
2
3
-7
-3
0
-6
-5
-4
-7
-3
-5
-7
-6
-10
-8
-3
1
3
3
6
7
7
7
11
9
7
6
1
5
2
6
8
1
2
3
6
9
8
8
8
9
10
7
3
-1
-8
-11
-6
-7
-8
-2
-1
2
1
-4
1
4
-1
-4
-7
-1
-5
-8
-9
-14
-10
-8
-7
-6
-2
-4
-2
5
0
0
-1
-2
3
2
5
4
5
0
-2
8
4
4
4
-1
7
8
1
3
2
2
6
7
2
0
-2
-1
-1
2
1
-1
-2
-5
2
3
0
-1
0
1
-2
-10
-10
-11
-12
-7
-7
-7
-3
-3
0
-1
-3
4
8
9
7
5
7
3
3
5
7
1
4
8
5
5
5
9
10
5
-1
-1
-1
2
1
0
-2
-6
-2
1
2
0
0
-2
-6
-9
-7
-6
-9
-3
1
1
-6
-9
-2
-8
-3
0
-7
0
-2
-9
-4
-2
-4
3
2
1
-1
-3
2
-5
-6
-4
0
-1
-2
7
4
1
3
1
1
-2
-2
-3
-7
-4
-1
0
6
7
13
18
11
12
9
5
7
4
-2
4
6
3
7
9
6
3
5
4
5
6
4
7
1
3
3
-4
-5
-6
-2
-3
-6
-2
1
1
5
3
1
4
0
-1
-1
-3
-2
-4
-5
-6
-13
-12
-13
-14
-11
-12
-8
-7
-5
1
-5
-9
-9
-14
-10
-6
-11
-8
-5
-8
-7
-4
-5
6
3
1
6
3
3
2
2
1
2
7
8
8
5
8
8
12
5
6
16
13
11
9
8
4
-1
5
7
0
-2
-3
-3
2
6
5
5
6
2
7
7
4
7
5
-2
2
1
-3
-3
-6
-1
-7
-6
-2
-4
0
1
-4
-5
-6
-10
-6
-7
-4
-8
-11
-3
-3
-7
-4
-3
-4
-1
1
2
-1
-4
-5
-4
0
5
6
4
5
3
3
8
4
3
2
2
-2
3
7
9
9
7
4
-1
-1
-1
-3
-1
0
4
8
3
7
12
6
8
7
6
9
1
-4
-4
-7
-6
-5
-9
-10
-9
-9
-4
-7
-9
-4
1
1
-7
-10
-7
-11
-12
-13
-13
-12
-11
-10
-5
-6
-2
-1
-2
0
2
0
2
3
1
3
4
2
4
5
2
-3
0
3
7
10
10
13
14
15
14
12
10
7
5
6
8
10
9
6
8
11
8
2
6
6
6
8
2
0
-1
1
1
3
0
-2
0
-7
-2
0
3
3
-5
-8
-9
-6
-11
-14
-8
-10
-11
-11
-10
-7
-9
-9
-13
-8
-3
-1
2
-1
0
-6
-6
-2
-8
-7
-10
-11
-8
-8
-6
-4
-3
2
4
0
0
2
-1
-2
3
5
7
6
3
4
4
4
5
11
14
14
7
11
11
9
11
12
4
-3
-2
-3
-2
1
-2
-2
3
8
5
5
4
0
5
6
-3
-4
-3
-7
-7
-4
-5
-7
-1
0
1
4
2
5
2
-1
-3
-6
-4
-2
-1
-2
1
0
5
6
3
5
6
1
-5
-2
-6
-2
2
-5
-5
-4
-3
-1
-9
-6
-4
-5
-2
-7
-2
0
0
3
1
-7
-5
2
5
6
1
-1
2
1
2
-3
-2
-3
-2
-1
0
3
-2
-4
-1
-4
-6
-2
-3
-5
1
1
2
6
-1
-2
-3
-5
-7
-4
-3
-3
4
0
2
7
8
17
14
13
16
12
6
9
10
6
4
3
3
2
0
7
11
8
11
8
7
9
4
-1
1
0
-8
-8
-13
-13
-12
-14
-13
-18
-14
-9
-3
-3
-8
-2
-2
-3
1
-2
-5
-3
-1
-5
-6
-3
-7
-12
-6
-1
-7
-6
-5
1
-2
-6
1
1
1
-2
0
-4
-8
-3
-5
1
0
0
2
-1
6
3
4
2
2
7
2
6
4
1
4
3
4
0
7
11
6
10
7
5
5
10
10
11
10
8
4
2
2
3
5
2
8
4
3
4
1
2
0
4
3
3
0
-9
-8
-4
-5
-7
-6
2
4
2
3
-2
0
2
-4
-3
-5
-6
-5
-4
-5
-7
-10
-7
-6
-4
-1
0
-1
-1
-1
-2
-6
-9
-9
-10
-11
-7
-8
-8
-11
-5
-2
-7
-5
-8
-2
3
2
4
3
2
2
3
-2
3
8
5
4
5
3
-1
-1
2
5
6
10
11
8
14
12
2
3
3
-2
-3
-2
0
1
4
-4
-4
1
-3
1
7
5
5
4
6
1
-5
-1
-2
-3
-2
-1
5
3
1
3
4
7
4
0
1
4
2
1
2
5
7
6
8
2
-1
0
1
-4
-1
-1
-2
-3
-3
3
-4
-9
-8
-5
-2
-3
-2
0
-3
-7
-9
-10
-3
-7
-8
-3
-8
-5
-6
-7
-6
-4
-5
-10
-3
-3
-5
-2
-2
-1
-5
-5
-5
-2
1
3
3
-2
3
4
3
8
8
9
8
4
7
3
5
3
-1
0
-5
-3
4
1
2
6
7
5
3
4
2
5
6
4
3
2
4
1
5
4
5
5
1
1
0
5
10
6
-1
-3
-9
-4
-2
-3
-2
0
2
1
3
5
3
2
5
9
2
-1
-1
-7
-4
1
-2
-1
0
2
0
-8
-4
-3
-2
-6
-10
-8
-5
-3
-4
-8
-12
-10
-9
-8
-3
-6
-8
-6
-5
-5
-3
-6
-1
1
-3
-5
-4
-4
-5
-1
-4
-8
-2
-1
1
7
7
9
15
8
5
5
1
3
1
0
4
1
-4
2
8
10
11
7
10
14
8
8
6
5
6
5
4
1
7
9
12
14
8
8
8
7
6
0
-1
-2
-1
2
0
-2
-9
-6
-4
-6
-5
-5
-4
-4
-4
-2
-1
-7
-8
-6
-7
-13
-15
-10
-16
-22
-13
-7
-5
-4
-2
1
-4
-7
-6
-8
-9
-5
-3
-6
-4
-8
-4
1
-5
-3
1
2
2
6
7
4
4
9
6
-1
5
3
1
1
3
7
4
4
8
13
14
12
12
13
14
12
9
6
5
5
4
4
9
8
6
13
11
1
-1
0
-1
2
1
-2
1
-3
-3
-4
-9
-9
-6
-2
-2
0
-5
-10
-5
-4
-3
2
1
1
-3
-7
-9
-12
-10
-6
-8
-5
-5
-8
-6
-9
-7
-2
-6
-8
-2
-3
-5
-3
-1
-2
2
-3
-2
2
-1
1
3
-3
-4
3
0
0
3
0
-1
-1
0
-1
-1
1
5
5
11
11
8
10
12
15
15
13
14
10
2
5
-3
-1
0
-2
6
7
8
6
8
7
4
6
-2
-2
-2
-8
-5
-6
-7
-10
-10
-6
-5
-3
-1
-1
-3
-5
-11
-12
-7
-11
-11
-8
-14
-12
-10
-13
-8
-6
-5
-2
0
3
5
6
4
6
5
1
4
7
6
6
0
-4
-1
0
9
15
7
4
6
8
1
-2
-5
-4
0
1
-2
3
6
6
7
4
3
5
4
5
3
2
3
7
2
0
6
-4
-1
8
6
3
3
3
7
3
1
5
3
0
-5
-4
-5
-7
-6
-3
-1
-1
0
0
-5
-7
-3
-7
-6
-4
-10
-12
-14
-16
-19
-15
-9
-6
-5
-7
-6
-1
2
3
1
8
8
4
3
0
2
3
7
6
1
-1
1
3
2
-1
-1
4
0
5
5
2
0
-2
0
2
-1
-5
1
6
6
6
13
16
13
14
9
10
11
7
3
1
7
7
8
9
6
4
-1
-1
5
2
-3
-3
-4
-8
-8
-11
-10
-9
-13
-17
-16
-13
-11
-5
-9
-9
-10
-14
-10
-10
-6
-2
-3
-4
-3
-3
-4
-1
2
4
8
4
7
10
8
11
12
6
7
7
7
6
7
7
7
10
4
6
2
2
3
-4
-2
-4
-7
-5
-4
1
-3
-8
-1
-3
-5
-3
4
2
-1
1
0
6
6
6
6
3
-1
2
4
-1
-3
0
1
-3
-1
-2
0
-3
0
9
8
4
1
0
-4
-6
-4
-9
-12
-16
-16
-9
-11
-8
-10
-3
2
-1
1
-1
-5
-5
-1
-1
-6
-2
0
2
0
2
14
7
-7
6
20
1
3
27
9
-11
6
12
-8
10
22
-3
-3
3
-16
-15
20
10
-12
6
12
-7
-14
15
14
-14
3
13
-8
-4
6
5
5
2
6
6
-1
-3
-1
6
0
-7
2
2
-2
-6
1
7
-5
-8
-4
-10
-13
-2
-3
-6
-2
-8
-10
-11
-8
-5
-8
-3
-3
-3
3
-3
-3
4
0
-7
-3
-1
-4
-8
-3
-5
-6
1
2
0
-1
3
1
7
2
1
9
1
-1
1
-2
-4
-5
-1
9
11
6
11
9
2
8
11
10
5
6
3
1
4
2
4
7
7
3
0
2
2
2
1
2
6
9
8
2
0
1
-1
-7
-5
-3
-5
-3
3
0
-3
-2
-6
-2
2
0
-1
-6
-2
-4
-8
-10
-9
-5
-5
-8
-13
-15
-12
-9
-7
-5
-1
-7
-7
-5
-7
-5
-6
-4
1
5
9
16
16
11
10
2
2
0
-4
0
-3
0
-1
5
10
-1
6
7
4
11
9
6
3
1
0
-1
-2
-2
-1
-2
1
-3
-3
0
-4
0
-2
-3
3
7
7
1
2
2
-3
1
-2
-2
-2
-6
-1
0
1
8
5
4
5
7
2
-2
3
1
-4
-2
3
1
-2
0
1
-5
-7
-1
-3
1
6
0
1
-3
-6
-3
-7
-2
-7
-10
-6
-6
-8
-9
-7
-4
-4
-5
2
-1
1
0
-3
2
1
-1
1
2
3
3
6
6
3
7
7
7
13
13
12
11
9
3
1
2
-1
2
0
-3
-1
1
0
-2
-2
-5
-3
0
0
1
-4
-6
-1
-2
-2
-3
-1
2
-1
-5
2
6
1
3
0
0
-5
-7
-6
-7
-7
-13
-10
-3
-7
-11
-10
-6
-4
-4
6
10
5
6
3
0
3
3
6
-1
-6
6
3
1
2
0
6
3
7
11
4
-1
-1
3
0
-2
-4
-3
3
4
0
4
-1
0
11
3
0
4
2
1
-3
-3
-3
0
2
3
3
3
6
5
1
4
0
1
7
0
-3
-1
0
-2
-7
-9
-7
-4
-7
-11
-10
-9
-9
0
0
-8
2
-6
-9
-6
-1
4
-6
-3
-4
-10
-6
1
-1
1
9
0
0
8
7
10
12
6
7
4
1
4
2
1
1
-4
-2
1
4
7
8
7
5
0
-3
-2
-7
-7
-4
3
10
7
9
5
1
3
4
5
1
-1
5
6
0
2
-2
-4
-5
-3
-2
-4
-4
-6
1
6
5
5
2
2
-6
-7
-8
-10
-7
-9
-8
-6
-2
-2
-4
-1
0
-3
-8
-12
-12
-11
-6
1
-2
-4
-5
-2
-1
-1
8
10
6
1
-1
3
0
5
-2
-3
-2
0
7
1
7
10
9
7
3
8
8
7
13
6
1
0
3
7
5
9
6
7
4
6
9
1
2
-1
0
-2
-7
-2
-4
-3
0
-4
5
7
1
5
4
-1
-2
0
-7
-12
-6
-4
-6
-9
-6
0
-2
-5
-4
-4
-4
-8
-10
-4
-9
-5
-8
-7
-2
-8
-7
-5
-6
-3
-2
-3
-1
0
3
5
4
4
7
9
6
3
6
0
0
5
6
1
-2
2
0
4
4
3
2
-2
-2
0
0
4
1
-2
-4
-9
-1
-1
0
5
5
4
-4
2
7
2
2
1
-1
0
2
3
3
5
0
-1
1
-1
-1
6
10
10
11
11
8
9
8
-1
-6
-10
-7
-13
-13
-6
-8
-5
-2
1
3
-5
0
3
1
1
-7
-1
-6
-4
2
-6
-1
-2
1
6
6
9
5
3
4
3
1
-2
-3
-6
-9
-15
-20
-15
-12
-11
-8
-1
0
-5
1
3
1
9
4
-2
-1
-3
-6
-9
-7
-7
-10
-10
-6
-6
-4
-5
-1
6
0
8
9
8
10
8
6
6
8
13
11
12
13
10
13
11
10
13
13
9
8
5
4
4
6
7
4
9
7
2
1
2
6
2
6
5
2
1
1
3
-1
-2
2
5
-5
-6
-3
-5
-6
-5
-2
-8
-10
-13
-17
-19
-13
-14
-21
-23
-21
-18
-20
-18
-17
-21
-15
-14
-14
-12
-13
-14
-12
-8
-8
-11
-17
-9
-3
-2
-4
1
6
8
16
17
22
20
18
19
20
14
12
19
17
13
19
18
19
22
21
26
25
18
12
12
14
18
17
13
14
10
2
4
5
4
7
4
1
3
7
1
-1
2
5
-6
-4
-6
-9
-8
-13
-12
-16
-16
-16
-15
-17
-14
-11
-19
-19
-17
-17
-18
-16
-12
-17
-19
-19
-13
-6
-13
-10
-10
-15
-15
-19
-16
-11
-9
-2
-5
-8
-3
-2
-8
-2
0
-3
-1
2
9
8
4
12
13
6
11
10
12
16
14
16
15
11
15
19
15
17
15
10
12
13
13
11
8
4
5
11
16
15
13
18
17
15
13
10
8
7
3
-1
5
3
-2
-1
-3
-2
-4
-1
-8
-9
0
-8
-9
-4
-12
-12
-19
-19
-18
-21
-15
-21
-18
-11
-14
-8
-2
0
-2
1
5
-1
-2
-3
-9
-12
-16
-14
-13
-16
-8
-12
-12
-3
-5
-6
-8
-3
-2
-17
-13
-8
-12
-14
-10
-6
-3
2
1
7
13
16
19
15
19
21
19
16
19
19
16
17
16
16
17
19
13
20
17
11
13
4
1
-2
-3
-2
-6
-8
-7
-6
-6
-1
2
4
6
5
3
1
7
2
-4
-2
-3
-6
-5
-3
-6
-7
-8
-6
-11
-7
-8
-9
-13
-15
-9
-6
-8
-12
-7
-4
-6
-4
-5
-8
-1
4
1
4
1
6
7
10
18
17
15
14
18
14
10
14
13
12
5
3
6
3
2
-6
-7
-10
-16
-15
-16
-18
-17
-24
-19
-18
-24
-23
-26
-17
-19
-22
-18
-16
-11
-16
-6
4
7
7
8
14
14
10
5
10
11
6
8
7
2
5
9
12
12
12
15
13
6
-1
-9
-7
0
-1
0
2
1
4
14
15
15
15
13
18
26
26
24
24
19
15
13
9
12
8
5
8
6
2
4
9
3
-4
-4
-3
-12
-19
-18
-16
-18
-19
-16
-13
-12
-14
-9
-4
0
-3
-1
3
4
9
11
13
13
12
13
17
16
13
10
11
-1
-8
-8
-20
-24
-33
-41
-44
-50
-52
-46
-46
-44
-45
-44
-37
-34
-33
-36
-34
-30
-31
-39
-43
-35
-31
-24
-12
-2
7
16
26
34
33
31
32
41
40
35
42
43
49
52
52
62
61
58
56
51
52
44
33
30
31
30
24
27
31
22
20
29
33
32
34
34
33
33
30
20
11
4
-1
-5
-17
-25
-24
-31
-38
-35
-33
-35
-34
-33
-38
-49
-57
-56
-56
-56
-52
-53
-45
-35
-35
-20
-6
-2
0
6
8
1
2
-7
-20
-29
-30
-37
-33
-14
8
29
26
14
3
-30
-86
-155
-256
-332
-413
-500
-509
-564
-586
-539
-479
-354
-272
-216
-100
25
108
155
226
322
397
435
483
647
804
854
951
1096
1283
1386
1349
1431
1460
1320
1161
1038
928
605
217
61
41
-176
-516
-537
-325
-286
-444
-391
-87
27
-166
-238
-25
31
-228
-446
-323
-147
-247
-344
-143
146
181
96
213
425
360
13
-230
-324
-563
-1035
-1415
-1547
-1681
-1936
-2128
-2040
-1821
-1727
-1675
-1450
-1106
-886
-810
-651
-357
-164
-185
-155
95
332
365
367
619
959
1061
1064
1283
1612
1691
1517
1453
1607
1597
1264
990
1016
1073
827
513
540
695
498
9
-262
-295
-645
-1389
-1993
-2146
-2326
-2899
-3301
-3115
-2740
-2670
-2656
-2128
-1356
-978
-873
-461
224
607
621
831
1399
1857
1977
2192
2756
3246
3373
3399
3611
3811
3613
3199
2858
2539
2069
1449
922
547
195
-186
-468
-558
-556
-582
-627
-595
-485
-429
-464
-502
-462
-407
-471
-560
-524
-426
-411
-467
-428
-292
-252
-348
-396
-353
-416
-656
-897
-1010
-1183
-1547
-1903
-2088
-2253
-2560
-2861
-2961
-2968
-3064
-3173
-3101
-2891
-2729
-2595
-2340
-1932
-1526
-1174
-748
-203
350
841
1313
1809
2289
2671
2964
3197
3363
3445
3446
3385
3270
3111
2944
2787
2611
2419
2292
2260
2214
2091
1998
2040
2068
1881
1560
1367
1241
838
148
-423
-715
-1112
-1843
-2495
-2651
-2664
-3017
-3451
-3426
-3072
-3017
-3277
-3283
-2897
-2629
-2747
-2793
-2413
-1923
-1705
-1549
-1040
-303
257
629
1128
1780
2259
2424
2486
2566
2505
2183
1711
1293
925
518
111
-160
-200
-102
-7
134
415
767
985
1006
1002
1024
913
578
232
57
-61
-250
-402
-296
-35
146
277
535
849
975
904
807
730
494
61
-348
-638
-932
-1308
-1624
-1715
-1712
-1812
-1913
-1845
-1703
-1713
-1858
-1891
-1808
-1832
-1962
-1966
-1733
-1431
-1151
-755
-154
543
1166
1728
2288
2778
3107
3248
3246
3122
2894
2593
2245
1890
1557
1306
1158
1066
990
982
1081
1210
1253
1229
1263
1345
1295
1053
805
657
447
-6
-571
-972
-1275
-1783
-2462
-2962
-3175
-3436
-3906
-4258
-4259
-4155
-4280
-4440
-4291
-3952
-3756
-3677
-3366
-2762
-2158
-1662
-1023
-122
779
1474
2130
2859
3451
3719
3809
3912
3868
3543
3128
2849
2600
2166
1756
1627
1600
1394
1151
1184
1319
1188
921
875
964
804
440
283
376
315
21
-81
124
271
170
149
430
690
665
563
663
795
631
300
124
42
-240
-707
-1025
-1164
-1426
-1866
-2208
-2345
-2524
-2892
-3198
-3267
-3287
-3425
-3525
-3362
-3049
-2802
-2540
-2072
-1437
-864
-395
160
829
1418
1806
2144
2546
2879
3022
3043
3098
3164
3091
2903
2743
2625
2484
2246
1986
1813
1698
1567
1391
1281
1299
1337
1284
1168
1079
968
697
234
-288
-809
-1412
-2138
-2871
-3459
-3917
-4329
-4669
-4821
-4784
-4680
-4568
-4387
-4107
-3825
-3585
-3327
-3003
-2619
-2193
-1700
-1095
-391
376
1179
2001
2801
3532
4106
4515
4762
4805
4614
4202
3707
3172
2519
1829
1316
1052
866
686
760
1223
1712
1908
2077
2509
2827
2526
1933
1620
1394
656
-370
-855
-822
-1011
-1444
-1340
-593
-63
-53
111
701
974
498
-113
-372
-723
-1607
-2561
-2991
-3143
-3517
-3918
-3841
-3407
-3183
-3194
-3010
-2627
-2486
-2717
-2902
-2832
-2817
-3004
-3048
-2678
-2108
-1593
-979
-49
1025
1903
2590
3283
3904
4230
4198
4026
3865
3564
3068
2570
2248
2046
1834
1668
1666
1801
1932
2039
2140
2221
2266
2266
2195
1987
1708
1454
1153
674
101
-386
-820
-1364
-2030
-2590
-2948
-3306
-3748
-4119
-4272
-4307
-4419
-4547
-4492
-4258
-4019
-3804
-3464
-2891
-2204
-1531
-797
73
1010
1845
2530
3154
3707
4046
4132
4077
3926
3625
3171
2687
2261
1813
1351
1014
810
622
448
393
438
427
337
312
340
237
-3
-187
-267
-420
-681
-821
-749
-657
-646
-536
-230
79
216
310
496
616
520
322
178
2
-319
-699
-991
-1219
-1499
-1814
-2046
-2194
-2370
-2572
-2710
-2777
-2846
-2932
-2961
-2892
-2741
-2538
-2248
-1836
-1318
-732
-97
601
1335
2033
2631
3136
3575
3898
4047
4051
3965
3821
3593
3308
3045
2814
2579
2305
2082
1939
1796
1623
1428
1270
1105
917
762
684
636
501
325
159
-24
-343
-802
-1244
-1724
-2377
-3139
-3787
-4232
-4665
-5110
-5363
-5356
-5249
-5165
-4948
-4464
-3919
-3502
-3136
-2645
-2058
-1559
-1100
-517
184
809
1349
1984
2724
3360
3791
4148
4417
4411
4138
3806
3455
2903
2187
1629
1269
873
507
543
962
1236
1251
1485
2012
2224
1896
1614
1649
1372
438
-382
-508
-516
-991
-1394
-1042
-407
-223
-163
453
1237
1345
930
763
844
480
-369
-1032
-1317
-1717
-2392
-2815
-2691
-2493
-2645
-2826
-2658
-2411
-2480
-2711
-2734
-2655
-2826
-3120
-3098
-2713
-2297
-1944
-1381
-520
394
1171
1928
2761
3448
3784
3842
3830
3762
3484
2997
2516
2173
1881
1590
1388
1367
1434
1441
1392
1374
1415
1387
1214
1022
941
904
773
571
453
387
157
-270
-684
-1022
-1485
-2177
-2862
-3324
-3703
-4158
-4531
-4594
-4453
-4390
-4335
-4027
-3521
-3116
-2863
-2470
-1899
-1404
-1025
-502
263
1000
1574
2177
2912
3548
3925
4160
4357
4384
4124
3716
3305
2860
2328
1796
1354
987
682
467
331
242
206
222
241
210
185
206
186
55
-114
-215
-299
-421
-517
-462
-301
-140
65
364
725
1006
1181
1316
1343
1203
944
623
234
-283
-852
-1342
-1802
-2305
-2740
-3004
-3178
-3397
-3589
-3586
-3475
-3454
-3460
-3302
-3009
-2770
-2575
-2185
-1581
-983
-461
184
1010
1754
2281
2751
3249
3593
3629
3546
3525
3451
3195
2889
2739
2680
2528
2287
2117
2018
1808
1424
1015
695
368
-39
-439
-669
-733
-761
-769
-691
-522
-375
-347
-414
-529
-714
-1036
-1483
-1965
-2420
-2826
-3185
-3460
-3611
-3642
-3561
-3395
-3177
-2933
-2675
-2404
-2123
-1874
-1642
-1328
-919
-476
-21
512
1165
1833
2399
2880
3360
3761
3919
3836
3717
3584
3245
2711
2268
2024
1736
1304
1043
1124
1206
1066
1001
1254
1489
1331
1083
1135
1207
873
374
209
234
-22
-435
-495
-246
-164
-287
-200
171
376
245
115
161
69
-376
-926
-1272
-1593
-2161
-2779
-3131
-3265
-3490
-3791
-3857
-3687
-3560
-3578
-3502
-3211
-2933
-2810
-2666
-2325
-1896
-1553
-1207
-677
-31
544
1036
1580
2179
2676
3009
3261
3495
3650
3645
3540
3416
3303
3165
2922
2629
2395
2214
1942
1537
1196
992
743
332
-27
-94
-64
-196
-274
-10
411
588
594
816
1150
1113
676
310
84
-435
-1334
-2153
-2598
-3015
-3665
-4186
-4260
-4139
-4183
-4250
-3996
-3558
-3296
-3183
-2893
-2394
-1983
-1710
-1284
-624
27
550
1139
1879
2538
2971
3314
3690
3920
3854
3697
3602
3427
3048
2658
2473
2314
1995
1703
1657
1686
1505
1283
1289
1364
1176
827
703
689
405
-92
-381
-429
-669
-1121
-1347
-1212
-1142
-1332
-1358
-1012
-700
-716
-787
-610
-440
-649
-1045
-1268
-1399
-1768
-2329
-2700
-2810
-2948
-3239
-3396
-3240
-3032
-2998
-2946
-2650
-2272
-2056
-1909
-1589
-1117
-710
-371
109
766
1392
1895
2405
3006
3558
3878
4046
4237
4371
4263
3988
3785
3625
3316
2857
2484
2268
1946
1441
1011
780
513
78
-275
-319
-266
-365
-396
-91
364
560
548
699
920
778
234
-305
-711
-1346
-2336
-3286
-3865
-4277
-4818
-5299
-5392
-5172
-4960
-4795
-4445
-3895
-3414
-3136
-2875
-2481
-2064
-1730
-1372
-876
-274
334
1004
1812
2633
3326
3872
4354
4705
4774
4631
4458
4229
3741
3092
2682
2535
2281
1860
1690
1905
2010
1775
1664
1930
2043
1537
892
701
587
-37
-836
-1126
-1070
-1302
-1710
-1594
-986
-621
-659
-532
-5
361
194
-65
-29
-67
-556
-1223
-1527
-1588
-1958
-2539
-2815
-2746
-2829
-3146
-3243
-3038
-2960
-3177
-3308
-3117
-2874
-2824
-2743
-2352
-1770
-1255
-728
61
1048
1927
2554
3168
3892
4429
4556
4467
4459
4365
3894
3253
2863
2657
2240
1669
1372
1365
1242
859
545
487
352
-112
-629
-843
-885
-1129
-1468
-1436
-1009
-647
-537
-296
251
629
498
196
120
-65
-814
-1814
-2502
-2936
-3554
-4272
-4586
-4448
-4352
-4417
-4223
-3646
-3100
-2894
-2749
-2318
-1832
-1570
-1304
-712
87
738
1334
2218
3273
4112
4663
5171
5665
5835
5629
5350
5148
4793
4144
3499
3136
2899
2530
2128
1959
1934
1722
1341
1100
1012
707
87
-509
-875
-1258
-1844
-2375
-2574
-2623
-2794
-2868
-2577
-2065
-1665
-1428
-1069
-582
-293
-302
-377
-396
-566
-1029
-1542
-1869
-2132
-2526
-2966
-3209
-3279
-3415
-3607
-3648
-3508
-3407
-3401
-3290
-2974
-2585
-2231
-1784
-1152
-456
194
879
1677
2499
3188
3769
4335
4819
5116
5266
5365
5376
5192
4851
4497
4166
3771
3283
2790
2361
1928
1428
902
415
-52
-568
-1138
-1669
-2050
-2288
-2463
-2567
-2465
-2086
-1574
-1132
-722
-211
273
452
276
26
-213
-723
-1599
-2488
-3066
-3502
-4067
-4569
-4660
-4436
-4251
-4123
-3790
-3231
-2766
-2535
-2254
-1783
-1298
-907
-456
221
1004
1735
2518
3442
4328
5001
5494
5927
6187
6082
5717
5312
4851
4164
3312
2623
2181
1737
1209
844
792
786
572
333
284
245
-98
-617
-985
-1255
-1685
-2245
-2591
-2651
-2700
-2802
-2710
-2318
-1879
-1582
-1280
-845
-489
-395
-449
-497
-624
-981
-1452
-1838
-2180
-2571
-2932
-3128
-3161
-3161
-3127
-2940
-2641
-2347
-2082
-1783
-1413
-1065
-774
-444
-49
394
855
1375
1990
2647
3300
3950
4572
5096
5488
5741
5822
5707
5413
4994
4475
3818
3081
2389
1753
1097
427
-147
-593
-1030
-1552
-2069
-2431
-2732
-3126
-3510
-3633
-3480
-3302
-3114
-2659
-1889
-1094
-557
-89
503
955
953
587
225
-107
-737
-1659
-2426
-2835
-3150
-3586
-3873
-3737
-3401
-3190
-3043
-2679
-2164
-1788
-1579
-1271
-771
-294
112
616
1319
2069
2727
3418
4171
4825
5273
5564
5775
5799
5527
5090
4612
4059
3345
2591
1991
1512
1030
592
347
263
160
8
-91
-136
-292
-602
-951
-1297
-1694
-2152
-2563
-2846
-3010
-3089
-3054
-2846
-2503
-2118
-1751
-1407
-1100
-900
-874
-982
-1143
-1354
-1657
-2010
-2292
-2449
-2544
-2570
-2478
-2265
-1996
-1734
-1446
-1125
-820
-551
-330
-115
104
336
608
928
1325
1770
2247
2762
3309
3842
4288
4627
4850
4923
4801
4475
4016
3467
2822
2088
1334
664
94
-407
-847
-1161
-1311
-1388
-1513
-1669
-1772
-1812
-1891
-2068
-2206
-2183
-2053
-1921
-1714
-1269
-607
56
572
1046
1525
1842
1816
1488
1050
470
-373
-1404
-2384
-3153
-3765
-4258
-4529
-4504
-4237
-3818
-3292
-2670
-2016
-1409
-881
-446
-87
236
568
902
1253
1650
2112
2658
3236
3781
4291
4726
5034
5159
5083
4845
4460
3926
3246
2486
1739
1042
395
-188
-623
-902
-1100
-1239
-1305
-1260
-1204
-1240
-1314
-1373
-1479
-1694
-1956
-2167
-2319
-2464
-2580
-2559
-2375
-2126
-1853
-1502
-1088
-696
-411
-234
-112
-75
-177
-412
-678
-879
-1065
-1264
-1373
-1321
-1155
-991
-810
-510
-157
120
315
532
806
1020
1128
1277
1518
1757
1913
2081
2352
2608
2746
2832
2966
3063
2990
2800
2615
2395
1990
1451
962
521
-12
-614
-1079
-1371
-1673
-2000
-2173
-2155
-2136
-2173
-2093
-1842
-1602
-1443
-1186
-756
-357
-74
291
790
1187
1330
1396
1520
1489
1084
466
-68
-601
-1380
-2300
-2987
-3339
-3655
-4024
-4153
-3881
-3469
-3175
-2878
-2364
-1781
-1384
-1110
-739
-268
160
533
1014
1639
2274
2884
3516
4143
4649
4993
5229
5325
5188
4835
4384
3869
3194
2393
1647
1015
401
-224
-722
-1011
-1210
-1435
-1611
-1639
-1596
-1653
-1798
-1881
-1905
-1996
-2171
-2285
-2255
-2174
-2095
-1931
-1598
-1162
-754
-378
56
491
795
938
983
971
829
545
206
-117
-419
-732
-1017
-1199
-1266
-1285
-1296
-1248
-1139
-1027
-944
-873
-757
-620
-493
-359
-180
66
341
636
975
1346
1726
2080
2390
2677
2901
3015
2986
2847
2639
2307
1857
1387
951
531
103
-238
-428
-532
-622
-659
-600
-539
-579
-694
-778
-877
-1083
-1310
-1408
-1370
-1308
-1175
-816
-293
152
434
695
944
913
504
-35
-534
-1155
-2024
-2847
-3303
-3508
-3731
-3858
-3618
-3107
-2652
-2297
-1811
-1189
-708
-463
-217
159
501
721
967
1369
1803
2168
2566
3068
3551
3872
4096
4299
4337
4138
3835
3490
3007
2322
1599
978
381
-252
-798
-1102
-1271
-1452
-1543
-1412
-1152
-957
-837
-652
-445
-382
-452
-516
-534
-600
-744
-827
-773
-635
-492
-316
-68
197
389
484
523
493
340
49
-332
-718
-1110
-1506
-1869
-2141
-2300
-2380
-2366
-2263
-2089
-1877
-1667
-1487
-1318
-1129
-943
-782
-614
-365
-49
285
670
1155
1693
2166
2560
2937
3261
3455
3518
3489
3373
3136
2781
2404
2033
1642
1238
859
559
305
71
-110
-250
-407
-614
-840
-1030
-1206
-1415
-1585
-1669
-1699
-1654
-1468
-1083
-666
-403
-214
-4
137
23
-320
-673
-1071
-1693
-2450
-3001
-3211
-3293
-3419
-3425
-3107
-2610
-2157
-1737
-1196
-610
-239
-92
74
367
663
840
1009
1295
1635
1970
2331
2746
3136
3371
3457
3466
3370
3137
2788
2379
1926
1386
832
396
130
-75
-262
-317
-189
11
182
387
700
977
1060
1019
1003
969
750
407
132
-71
-350
-662
-810
-789
-779
-850
-873
-780
-745
-869
-1038
-1162
-1333
-1665
-2051
-2318
-2491
-2690
-2892
-2959
-2875
-2763
-2679
-2513
-2208
-1891
-1671
-1464
-1126
-731
-413
-131
255
737
1176
1549
1994
2528
2972
3237
3445
3700
3866
3801
3627
3501
3343
2991
2537
2220
2010
1661
1156
745
490
124
-414
-863
-1117
-1436
-1949
-2382
-2519
-2553
-2701
-2779
-2542
-2138
-1829
-1517
-976
-311
139
340
533
762
789
503
141
-129
-459
-986
-1494
-1702
-1705
-1780
-1899
-1810
-1528
-1323
-1277
-1196
-1011
-920
-1013
-1105
-1015
-814
-641
-435
-66
445
964
1457
1969
2504
2938
3170
3266
3307
3273
3077
2730
2354
1998
1616
1226
922
791
754
710
719
866
1083
1208
1220
1199
1102
837
407
-67
-494
-955
-1485
-1955
-2234
-2375
-2464
-2446
-2263
-1993
-1774
-1623
-1459
-1305
-1285
-1434
-1630
-1783
-1947
-2132
-2212
-2105
-1886
-1649
-1345
-900
-423
-45
234
494
712
794
771
777
870
967
1044
1212
1532
1901
2226
2536
2881
3181
3327
3344
3320
3248
3044
2704
2318
1948
1561
1125
683
291
-77
-466
-858
-1170
-1399
-1635
-1918
-2202
-2445
-2658
-2849
-2984
-3011
-2938
-2805
-2606
-2251
-1721
-1079
-471
30
496
892
1109
1122
1007
834
502
-47
-637
-1089
-1377
-1653
-1931
-2063
-2024
-1950
-1895
-1773
-1552
-1347
-1287
-1283
-1185
-1000
-793
-556
-203
272
773
1282
1887
2560
3171
3623
3933
4145
4218
4117
3884
3589
3218
2746
2243
1845
1585
1394
1248
1187
1215
1267
1275
1257
1236
1106
780
305
-228
-781
-1362
-1943
-2435
-2795
-3035
-3172
-3156
-2948
-2631
-2314
-2046
-1801
-1577
-1437
-1387
-1392
-1401
-1431
-1486
-1483
-1376
-1186
-957
-708
-425
-147
72
241
379
464
443
353
276
231
200
206
312
517
757
992
1273
1625
1951
2148
2249
2322
2308
2143
1883
1624
1364
1024
635
338
169
13
-192
-322
-346
-412
-584
-768
-878
-1030
-1335
-1619
-1745
-1806
-1922
-1968
-1767
-1414
-1103
-770
-228
404
850
1087
1318
1541
1546
1277
931
627
207
-426
-1031
-1372
-1571
-1824
-2063
-2070
-1900
-1801
-1744
-1563
-1295
-1150
-1207
-1233
-1092
-927
-820
-665
-306
172
626
1139
1817
2579
3182
3550
3836
4090
4156
3967
3629
3271
2825
2195
1576
1170
939
711
471
366
417
457
394
337
327
171
-262
-837
-1320
-1736
-2226
-2730
-3054
-3156
-3186
-3127
-2830
-2291
-1722
-1299
-952
-571
-245
-95
-79
-104
-158
-315
-507
-579
-506
-389
-289
-170
12
192
287
323
342
306
148
-79
-259
-362
-434
-485
-444
-281
-46
229
565
966
1367
1670
1891
2069
2192
2203
2086
1907
1699
1444
1160
911
731
585
435
303
209
125
25
-130
-334
-572
-871
-1216
-1529
-1758
-1919
-2014
-2014
-1880
-1610
-1230
-757
-247
211
560
797
938
968
859
610
249
-204
-672
-1093
-1405
-1617
-1791
-1898
-1926
-1883
-1798
-1696
-1585
-1500
-1477
-1481
-1446
-1341
-1171
-944
-636
-241
222
742
1333
1960
2556
3052
3439
3735
3912
3945
3855
3644
3307
2871
2379
1915
1498
1133
842
618
480
415
405
438
456
418
291
66
-246
-625
-1034
-1462
-1880
-2237
-2481
-2580
-2510
-2294
-1960
-1554
-1127
-709
-331
-17
190
249
182
21
-191
-413
-622
-794
-935
-1047
-1105
-1090
-1010
-893
-776
-692
-644
-625
-612
-594
-567
-536
-507
-463
-355
-170
81
376
689
1009
1306
1579
1831
2047
2179
2195
2131
2015
1870
1682
1468
1248
997
735
488
262
49
-191
-428
-650
-903
-1173
-1409
-1574
-1707
-1826
-1868
-1800
-1645
-1439
-1132
-701
-237
168
525
890
1196
1339
1353
1295
1114
762
305
-120
-503
-924
-1338
-1639
-1814
-1951
-2069
-2069
-1968
-1883
-1845
-1786
-1638
-1466
-1328
-1122
-788
-393
28
504
1106
1766
2364
2900
3390
3802
4038
4086
4016
3821
3477
2996
2457
1960
1492
1058
703
473
348
268
225
219
228
171
0
-244
-556
-958
-1423
-1902
-2330
-2677
-2938
-3068
-3022
-2805
-2476
-2063
-1575
-1079
-631
-271
-7
162
216
174
59
-98
-248
-378
-463
-509
-510
-474
-426
-364
-319
-301
-315
-372
-463
-570
-674
-755
-786
-760
-652
-465
-187
160
551
984
1419
1826
2174
2441
2632
2721
2709
2605
2418
2173
1874
1549
1222
903
598
309
45
-196
-421
-641
-854
-1048
-1237
-1413
-1563
-1674
-1720
-1714
-1631
-1456
-1204
-895
-560
-213
132
415
606
717
733
646
444
174
-123
-441
-755
-1058
-1315
-1497
-1639
-1761
-1835
-1853
-1846
-1815
-1749
-1634
-1470
-1263
-1005
-681
-297
135
601
1088
1581
2053
2471
2827
3106
3285
3359
3328
3211
3014
2745
2433
2100
1772
1457
1163
905
686
498
334
189
29
-148
-341
-579
-850
-1146
-1451
-1744
-2013
-2226
-2360
-2408
-2360
-2221
-1993
-1705
-1385
-1049
-728
-437
-204
-28
86
149
172
159
132
105
78
55
30
-2
-48
-109
-198
-310
-437
-575
-705
-813
-890
-928
-900
-809
-652
-439
-171
125
440
773
1087
1376
1637
1850
2013
2118
2165
2165
2107
2010
1878
1714
1522
1301
1059
803
523
222
-91
-427
-773
-1112
-1432
-1702
-1922
-2074
-2134
-2084
-1931
-1688
-1360
-986
-595
-222
100
345
488
531
477
339
125
-123
-371
-605
-798
-949
-1043
-1077
-1079
-1062
-1033
-1008
-983
-972
-963
-942
-892
-798
-648
-425
-120
253
684
1151
1620
2064
2444
2732
2918
2979
2911
2730
2459
2121
1738
1348
990
687
445
272
178
145
150
170
191
182
110
-22
-226
-484
-776
-1088
-1379
-1615
-1781
-1862
-1844
-1720
-1510
-1254
-970
-679
-424
-225
-90
-16
4
-31
-91
-145
-201
-230
-220
-192
-133
-61
-5
30
25
-33
-150
-313
-509
-724
-920
-1075
-1158
-1149
-1048
-840
-546
-181
222
631
1019
1355
1621
1798
1889
1902
1848
1730
1575
1418
1257
1101
957
826
689
558
403
221
10
-241
-515
-822
-1128
-1416
-1652
-1845
-1971
-1970
-1858
-1648
-1352
-969
-507
-47
366
746
1067
1280
1353
1320
1227
1061
800
487
212
-11
-249
-500
-669
-763
-856
-993
-1121
-1186
-1251
-1365
-1480
-1521
-1483
-1442
-1367
-1165
-846
-476
-84
364
872
1355
1752
2070
2334
2492
2492
2380
2217
1989
1691
1369
1097
895
710
561
498
508
517
495
479
464
387
221
9
-218
-475
-778
-1086
-1331
-1512
-1659
-1747
-1728
-1608
-1431
-1220
-960
-667
-379
-127
84
273
417
499
518
508
455
369
259
120
-11
-172
-352
-514
-677
-844
-1012
-1154
-1251
-1313
-1344
-1321
-1227
-1065
-857
-606
-307
32
369
701
1015
1291
1529
1701
1818
1873
1867
1805
1689
1544
1371
1167
942
727
513
274
26
-209
-422
-640
-876
-1110
-1287
-1427
-1563
-1675
-1706
-1616
-1458
-1277
-1020
-624
-142
321
745
1194
1661
2029
2227
2309
2354
2302
2076
1715
1332
984
575
83
-391
-775
-1099
-1449
-1815
-2097
-2279
-2447
-2634
-2764
-2778
-2705
-2605
-2454
-2197
-1827
-1396
-936
-441
102
650
1145
1581
1937
2213
2391
2450
2406
2276
2092
1871
1628
1396
1203
1065
972
920
905
909
908
871
777
618
392
105
-235
-599
-955
-1278
-1538
-1702
-1761
-1708
-1547
-1293
-966
-604
-229
128
431
663
808
870
852
760
617
444
255
73
-100
-252
-381
-491
-585
-681
-772
-861
-945
-1030
-1093
-1125
-1126
-1087
-1000
-863
-676
-450
-184
110
409
705
981
1233
1448
1606
1709
1752
1737
1660
1526
1356
1146
907
654
386
113
-148
-404
-657
-886
-1095
-1273
-1418
-1530
-1600
-1602
-1540
-1440
-1270
-1034
-749
-415
-53
333
717
1072
1391
1648
1829
1922
1910
1787
1566
1246
859
425
-51
-529
-984
-1401
-1767
-2075
-2313
-2471
-2560
-2587
-2543
-2446
-2291
-2084
-1844
-1554
-1225
-871
-481
-66
350
774
1191
1581
1943
2249
2508
2698
2803
2844
2804
2698
2550
2362
2152
1942
1737
1543
1362
1188
1018
838
632
408
158
-128
-444
-768
-1078
-1364
-1617
-1817
-1932
-1964
-1917
-1785
-1564
-1274
-957
-614
-263
54
327
531
655
708
671
556
380
152
-96
-373
-651
-889
-1095
-1259
-1396
-1493
-1530
-1534
-1517
-1461
-1377
-1270
-1144
-999
-819
-604
-362
-99
188
501
824
1130
1405
1652
1861
1999
2066
2068
2012
1896
1722
1494
1241
984
721
446
169
-81
-307
-530
-738
-910
-1047
-1141
-1201
-1223
-1171
-1036
-846
-618
-330
32
425
798
1150
1493
1792
1989
2065
2048
1956
1730
1361
906
419
-107
-697
-1299
-1843
-2286
-2672
-3008
-3230
-3306
-3281
-3199
-3058
-2833
-2539
-2228
-1913
-1565
-1170
-755
-322
132
618
1135
1639
2116
2549
2921
3207
3373
3414
3334
3151
2866
2515
2131
1739
1382
1067
810
625
498
400
308
219
115
-42
-272
-532
-823
-1140
-1464
-1751
-1930
-2011
-1996
-1851
-1563
-1153
-681
-179
341
831
1207
1446
1571
1552
1382
1073
662
224
-220
-659
-1043
-1333
-1520
-1648
-1733
-1742
-1707
-1674
-1674
-1709
-1738
-1774
-1820
-1841
-1785
-1636
-1405
-1079
-633
-87
516
1131
1722
2271
2720
3033
3194
3201
3067
2798
2418
1969
1502
1052
626
246
-62
-304
-485
-617
-716
-782
-836
-891
-939
-984
-1014
-1005
-967
-880
-717
-498
-219
108
471
861
1232
1561
1822
2000
2077
2021
1836
1527
1117
612
39
-560
-1150
-1699
-2189
-2604
-2921
-3117
-3230
-3259
-3219
-3116
-2962
-2796
-2603
-2371
-2098
-1789
-1442
-1037
-562
-24
559
1168
1775
2361
2887
3319
3645
3837
3885
3798
3576
3259
2885
2477
2057
1654
1288
966
698
470
262
64
-134
-339
-564
-802
-1017
-1219
-1405
-1523
-1570
-1537
-1405
-1202
-922
-585
-232
114
441
721
921
1026
1020
918
726
452
139
-203
-555
-899
-1204
-1460
-1658
-1793
-1880
-1932
-1967
-1975
-1969
-1964
-1936
-1889
-1835
-1746
-1606
-1390
-1086
-718
-281
217
739
1254
1736
2164
2499
2729
2838
2826
2711
2493
2224
1922
1592
1267
956
664
419
201
16
-129
-273
-403
-505
-578
-630
-673
-684
-643
-558
-458
-329
-147
66
284
476
674
873
1024
1103
1112
1064
944
736
435
85
-282
-692
-1136
-1570
-1956
-2272
-2546
-2781
-2922
-2963
-2947
-2887
-2771
-2571
-2324
-2065
-1795
-1484
-1108
-738
-384
5
447
892
1295
1693
2098
2494
2809
3027
3198
3330
3382
3310
3148
2949
2711
2397
2034
1674
1344
1027
696
401
177
17
-146
-323
-444
-503
-557
-654
-735
-743
-729
-746
-765
-722
-635
-562
-515
-445
-344
-271
-257
-265
-277
-315
-411
-562
-711
-864
-1040
-1230
-1406
-1536
-1650
-1765
-1837
-1855
-1849
-1837
-1800
-1719
-1601
-1463
-1298
-1077
-795
-479
-142
222
614
1005
1365
1689
1972
2202
2347
2406
2395
2320
2183
1982
1737
1469
1192
924
669
434
228
47
-87
-181
-259
-306
-333
-341
-334
-325
-297
-247
-198
-148
-80
8
84
159
236
308
362
373
372
358
311
232
113
-28
-180
-371
-596
-820
-1050
-1301
-1552
-1763
-1939
-2106
-2235
-2269
-2220
-2136
-2012
-1808
-1521
-1211
-918
-598
-234
118
426
719
1038
1362
1630
1851
2080
2313
2480
2578
2636
2668
2632
2477
2249
2002
1720
1363
958
592
297
27
-246
-453
-516
-483
-462
-452
-332
-121
-1
-11
-3
64
41
-180
-434
-545
-643
-888
-1144
-1187
-1098
-1087
-1131
-1022
-790
-687
-722
-721
-646
-675
-895
-1096
-1167
-1257
-1424
-1552
-1517
-1366
-1261
-1164
-941
-645
-395
-224
-38
182
353
443
502
618
754
847
935
1075
1266
1453
1593
1728
1849
1898
1868
1764
1622
1419
1138
833
549
295
50
-148
-261
-310
-313
-286
-204
-92
-20
24
69
90
43
-41
-123
-197
-294
-413
-490
-514
-537
-591
-608
-574
-548
-572
-623
-612
-588
-621
-670
-663
-599
-563
-580
-552
-441
-365
-379
-390
-338
-276
-322
-423
-399
-322
-325
-376
-334
-168
-44
-6
86
286
463
525
552
674
818
830
757
757
809
784
668
569
561
546
446
343
321
336
318
258
244
311
358
340
322
354
411
381
290
235
212
153
11
-117
-170
-222
-327
-440
-468
-451
-481
-545
-561
-494
-480
-533
-553
-527
-476
-471
-493
-451
-377
-332
-309
-264
-176
-117
-101
-79
-27
27
23
7
29
53
45
20
29
66
81
87
111
181
244
279
327
389
447
466
454
456
460
421
358
308
279
253
205
177
186
191
184
178
191
193
156
102
34
-48
-147
-276
-410
-525
-629
-725
-797
-855
-873
-855
-824
-773
-719
-647
-563
-490
-397
-301
-211
-108
-8
110
239
357
473
579
687
761
806
838
830
793
703
599
500
387
279
160
64
7
-40
-80
-114
-123
-113
-127
-157
-181
-187
-192
-234
-258
-228
-170
-118
-49
99
279
440
582
760
942
1035
1053
1031
978
851
624
372
140
-109
-388
-639
-778
-882
-979
-1046
-1039
-972
-956
-947
-915
-892
-905
-954
-972
-945
-927
-901
-803
-625
-407
-182
75
375
661
873
1029
1149
1183
1123
980
788
590
368
137
-52
-184
-256
-289
-272
-215
-135
-62
-9
22
23
-1
-50
-106
-137
-138
-102
-10
148
362
594
851
1095
1305
1477
1544
1534
1431
1234
986
678
335
-15
-356
-657
-907
-1118
-1284
-1399
-1470
-1502
-1527
-1541
-1538
-1525
-1499
-1465
-1425
-1358
-1267
-1137
-969
-772
-545
-286
-2
297
597
882
1140
1368
1531
1630
1681
1669
1605
1469
1292
1103
894
681
467
269
106
-41
-167
-264
-345
-415
-484
-543
-581
-614
-627
-609
-565
-494
-396
-264
-113
51
212
372
499
594
658
675
663
601
506
401
272
137
16
-89
-184
-260
-317
-356
-390
-408
-418
-426
-431
-440
-434
-425
-418
-394
-355
-300
-239
-173
-90
-4
81
167
236
298
350
374
387
386
370
342
294
235
171
107
41
-30
-102
-170
-229
-277
-325
-342
-342
-337
-313
-277
-225
-166
-97
-27
41
110
178
239
301
353
400
441
460
468
466
448
392
306
212
100
-18
-142
-266
-389
-505
-605
-691
-749
-783
-803
-802
-787
-745
-668
-599
-516
-419
-331
-226
-123
-26
86
192
296
408
511
613
709
789
851
895
920
929
921
867
797
726
644
550
438
330
234
143
54
-27
-96
-151
-202
-250
-286
-316
-348
-378
-407
-440
-451
-455
-464
-453
-439
-409
-357
-311
-263
-207
-154
-104
-63
-31
-11
-16
-31
-46
-65
-82
-93
-100
-98
-86
-59
-27
10
54
84
111
127
135
136
123
112
104
91
80
78
80
92
106
124
139
152
172
176
182
182
158
142
110
79
53
20
2
-19
-35
-34
-35
-15
10
28
47
61
71
74
71
62
51
22
-6
-34
-62
-92
-115
-130
-147
-155
-157
-157
-152
-157
-154
-150
-167
-173
-183
-207
-219
-223
-224
-217
-198
-176
-142
-106
-64
-19
10
45
71
90
114
127
138
148
157
168
175
192
209
220
229
238
241
232
222
209
187
155
123
93
61
33
14
-3
-8
-12
-15
-13
-20
-24
-34
-47
-57
-79
-95
-110
-121
-135
-145
-145
-145
-137
-120
-105
-89
-75
-65
-53
-45
-39
-38
-39
-44
-49
-53
-57
-57
-54
-52
-47
-36
-23
-9
-1
8
19
29
43
50
60
68
75
86
92
104
109
120
139
149
169
173
172
182
178
171
161
149
139
119
102
85
68
60
48
26
10
2
-20
-38
-53
-73
-92
-111
-137
-155
-170
-188
-201
-216
-220
-224
-225
-222
-218
-208
-206
-208
-203
-203
-205
-203
-206
-205
-194
-182
-165
-133
-95
-60
-20
21
57
90
113
130
139
148
155
157
168
170
170
186
209
229
252
274
298
316
324
319
306
294
266
226
188
145
106
74
48
26
10
3
0
0
2
-3
-8
-20
-38
-65
-93
-115
-146
-168
-181
-194
-193
-190
-186
-169
-156
-146
-131
-126
-129
-141
-159
-180
-201
-221
-232
-233
-232
-225
-207
-176
-139
-106
-67
-35
-8
19
35
53
66
76
85
102
125
150
181
207
234
261
281
296
311
308
299
287
258
229
198
168
148
128
120
114
111
120
127
133
137
130
121
93
55
13
-37
-92
-147
-187
-228
-258
-278
-284
-286
-282
-277
-279
-274
-278
-288
-294
-306
-314
-318
-325
-326
-321
-314
-289
-257
-215
-164
-115
-65
-21
18
50
75
94
110
121
131
151
166
182
205
233
265
303
336
363
385
405
420
419
408
387
362
336
304
276
254
230
211
194
177
163
144
121
95
63
31
-9
-62
-108
-151
-202
-240
-270
-301
-313
-320
-326
-328
-333
-336
-342
-345
-352
-358
-371
-377
-372
-371
-347
-325
-298
-246
-194
-141
-88
-37
-3
25
46
57
62
71
76
76
85
100
121
148
179
206
240
272
289
298
305
299
288
269
248
234
213
197
194
190
194
209
225
243
262
282
298
304
307
298
274
250
211
172
126
73
15
-41
-95
-154
-209
-273
-328
-376
-427
-474
-517
-552
-575
-590
-592
-586
-571
-541
-506
-459
-416
-369
-321
-271
-218
-171
-135
-101
-60
-30
-5
21
51
84
119
156
202
249
290
331
362
387
403
413
413
404
388
379
368
351
335
319
314
299
287
280
257
240
224
201
174
148
121
93
58
23
-15
-51
-82
-119
-153
-186
-213
-240
-266
-284
-302
-307
-308
-321
-327
-324
-320
-308
-292
-279
-259
-237
-214
-188
-157
-124
-97
-69
-44
-12
15
38
54
66
80
91
104
111
113
115
109
103
96
91
87
77
71
59
47
42
45
42
38
52
57
63
74
87
101
111
122
135
143
158
174
171
173
171
168
159
141
132
117
96
72
42
12
-19
-56
-87
-120
-148
-166
-190
-204
-213
-218
-217
-220
-216
-201
-182
-168
-157
-137
-120
-112
-90
-76
-63
-41
-38
-28
-15
-5
8
17
32
39
41
50
62
68
74
85
93
103
114
124
133
143
143
146
152
149
153
142
133
132
123
112
92
83
65
46
29
7
-6
-27
-42
-48
-69
-83
-97
-111
-114
-127
-134
-136
-139
-140
-145
-149
-146
-144
-136
-132
-133
-125
-115
-98
-85
-76
-66
-48
-35
-19
-8
14
25
32
49
64
83
84
90
100
96
87
74
59
41
21
8
-2
-13
-14
-11
-7
7
24
48
73
87
106
121
124
136
144
140
133
119
108
97
85
77
74
72
70
71
67
62
51
38
23
-1
-17
-44
-73
-93
-112
-121
-127
-141
-143
-141
-139
-127
-118
-105
-99
-93
-87
-87
-84
-82
-86
-84
-90
-95
-93
-94
-91
-84
-80
-74
-68
-61
-55
-48
-42
-37
-31
-20
-6
1
14
29
42
54
69
84
97
109
124
136
144
150
150
153
150
145
144
139
133
125
113
107
102
90
78
67
52
38
17
-5
-20
-41
-54
-69
-84
-89
-98
-106
-112
-108
-107
-106
-96
-90
-79
-69
-66
-51
-43
-34
-16
-5
7
19
26
33
32
26
23
19
12
6
-1
-8
-7
-16
-25
-22
-25
-34
-36
-34
-33
-33
-33
-26
-17
-4
3
10
28
36
47
60
71
80
80
74
80
83
80
73
66
68
60
47
44
38
32
26
17
6
-5
-20
-31
-40
-56
-70
-75
-77
-86
-88
-88
-93
-90
-88
-81
-78
-76
-64
-53
-49
-43
-35
-33
-20
-13
-6
1
4
13
12
17
17
21
26
28
38
42
39
42
44
48
51
48
50
51
55
55
53
56
59
64
71
73
74
77
79
78
69
64
61
54
47
35
19
3
-8
-12
-29
-41
-45
-60
-67
-74
-76
-86
-100
-102
-109
-114
-112
-111
-109
-102
-93
-95
-86
-66
-63
-57
-48
-43
-37
-37
-28
-13
-13
-3
7
9
17
15
16
19
22
31
38
47
53
57
65
76
72
70
71
70
67
65
70
66
63
65
67
60
65
65
60
61
54
50
44
40
40
35
27
24
19
7
6
1
0
0
-15
-21
-25
-30
-35
-35
-40
-41
-40
-46
-43
-43
-44
-44
-42
-43
-43
-43
-39
-38
-45
-40
-34
-37
-39
-35
-33
-36
-33
-36
-33
-34
-37
-33
-34
-25
-29
-27
-15
-16
-9
-5
-10
-11
-5
1
5
3
7
15
20
23
33
42
42
47
58
55
57
63
61
50
45
52
45
40
35
32
32
25
13
7
9
3
-2
-4
-9
-20
-17
-17
-26
-26
-27
-34
-34
-30
-32
-24
-26
-22
-10
-13
-6
7
1
6
11
7
17
17
13
13
5
5
6
11
15
11
16
11
6
9
9
11
8
10
7
0
-4
-8
-7
-7
-6
-9
-9
-11
-9
-8
-15
-10
-8
-7
-2
4
1
2
2
-9
-5
-6
-6
-4
-8
-9
-12
-13
-14
-11
-14
-8
-5
-7
-3
-6
-8
1
-4
-10
-5
-1
-1
-1
2
2
3
4
8
11
8
13
14
10
2
-3
-6
-8
-3
-8
-10
-5
-4
-11
-8
2
6
9
14
15
16
13
15
13
9
6
5
9
9
11
10
15
19
19
22
21
15
20
18
14
8
4
1
-3
-7
-14
-12
-15
-10
-12
-15
-17
-20
-20
-18
-21
-29
-31
-30
-26
-26
-18
-12
-10
-6
-2
7
8
11
15
15
18
23
21
22
21
17
17
15
16
13
6
6
4
5
7
-1
-4
-5
-9
-9
-3
-5
-7
-9
-11
-12
-13
-10
-12
-7
-3
-4
-3
-9
-6
-7
-5
-3
-8
-5
-8
-10
-5
-8
-3
-3
0
8
10
11
9
6
3
2
1
4
4
6
5
4
4
2
5
6
7
8
12
12
12
6
6
7
0
-1
-4
-7
-2
-6
-9
-5
-2
1
-1
-3
3
0
4
-3
-8
1
4
7
6
13
10
5
7
6
5
2
2
3
7
-2
-3
-5
-4
0
-7
-7
-9
-13
-16
-17
-16
-21
-18
-14
-19
-23
-16
-16
-18
-11
-15
-18
-14
-10
-13
-6
6
7
7
13
15
17
20
20
21
27
27
24
27
21
18
20
19
23
16
16
20
14
13
5
7
6
6
6
0
-2
-5
-10
-13
-11
-12
-8
-1
-4
-2
-5
-3
-2
-7
-11
-9
-4
-8
-11
-10
-10
-17
-15
-5
-7
-8
-9
-7
-8
-11
-8
-8
-13
-12
-12
-11
-15
-16
-14
-11
-3
-3
-2
-1
-1
4
3
8
9
12
14
7
9
6
6
7
7
9
5
9
8
6
6
7
4
8
9
0
6
9
5
10
2
0
4
-1
0
2
1
7
12
8
7
9
10
14
10
11
11
7
7
7
1
-7
-3
-5
-13
-11
-18
-21
-19
-18
-14
-16
-19
-20
-20
-13
-12
-10
-8
-6
-4
4
10
7
5
9
9
4
8
13
12
8
10
10
10
8
8
8
9
2
2
3
0
3
-3
-4
7
1
1
-1
-2
-5
-9
-10
-14
-8
-13
-15
-10
-12
-14
-2
-2
-2
2
5
5
6
3
-4
-7
-10
-17
-16
-15
-15
-11
-9
-5
-1
4
7
8
11
6
9
12
8
10
15
11
18
24
16
19
21
24
23
21
21
23
20
18
17
12
11
10
5
5
-1
0
0
-8
-14
-11
-14
-19
-17
-21
-20
-24
-26
-24
-25
-26
-22
-23
-23
-23
-22
-20
-14
-11
-8
1
0
2
1
1
1
3
4
-5
-6
-6
-3
-2
0
-2
-2
2
2
1
1
-1
1
7
7
2
7
13
11
12
14
11
14
16
20
28
26
25
23
20
14
14
13
10
13
13
13
14
12
10
9
5
4
1
1
-3
-10
-6
-10
-10
-11
-15
-11
-17
-15
-14
-18
-19
-15
-22
-22
-15
-22
-20
-19
-20
-21
-19
-20
-19
-17
-15
-9
-7
-3
2
1
6
12
10
6
9
10
14
18
14
14
6
11
19
19
20
22
23
23
21
14
11
14
15
7
8
9
6
8
5
2
-3
-4
-2
-1
-8
-10
-10
-18
-18
-21
-26
-23
-22
-18
-17
-21
-13
-10
-7
-2
0
1
-1
0
-7
-7
-6
-5
3
9
7
7
10
9
8
11
11
7
-3
-3
1
-4
-6
-9
-12
-11
-6
-7
-3
5
10
12
14
13
10
11
10
8
10
13
8
8
12
13
10
8
15
16
18
24
21
17
15
12
8
3
-5
-9
-7
-14
-17
-13
-13
-10
-13
-12
-10
-11
-11
-13
-13
-14
-17
-26
-26
-23
-28
-30
-27
-25
-20
-17
-11
-9
-5
3
3
5
2
0
2
-2
-5
1
2
4
8
8
15
17
15
23
27
18
22
26
22
26
21
17
12
9
6
11
12
10
10
13
11
6
12
13
10
5
5
5
-3
-7
-9
-6
-5
-4
0
-2
-5
-8
-8
-8
-12
-12
-13
-19
-21
-17
-19
-16
-16
-19
-12
-16
-14
-14
-19
-17
-11
-12
-19
-18
-19
-16
-16
-17
-12
-14
-9
-11
-10
-4
1
13
13
9
15
15
14
17
15
19
26
25
22
29
28
30
35
29
34
31
26
23
18
25
16
6
6
-1
-2
-2
-8
-3
-4
-8
-3
-5
-4
-9
-10
-6
-8
-14
-16
-13
-13
-13
-10
-10
-11
-11
-8
-11
-11
-5
-10
-8
-7
-7
-14
-13
-9
-15
-14
-16
-14
-11
-15
-12
-7
-11
-7
1
7
5
8
14
12
10
10
8
7
11
11
8
10
5
11
15
9
13
11
11
6
7
14
13
9
3
7
3
-6
-2
1
-4
-5
-1
0
-7
-8
-8
-6
-3
-7
-8
-7
-13
-10
-10
-17
-13
-12
-9
-6
-8
-3
3
-1
3
9
3
8
8
6
5
0
5
1
3
10
11
7
3
5
6
11
12
13
17
20
15
12
12
3
4
1
-4
-2
-7
-8
-6
-8
-7
-10
-7
-6
-11
-9
-8
-8
-9
-4
-3
-6
1
-1
-7
-2
-3
-10
-13
-9
-11
-7
-1
-2
1
1
1
3
3
4
1
1
7
10
12
11
6
7
6
6
6
3
-1
-1
1
-1
1
5
3
0
1
7
2
2
5
2
2
3
-3
-2
4
3
5
6
0
-4
-1
-2
-1
-2
-11
-12
-13
-13
-8
-10
-11
-8
-10
-10
-11
-11
-11
-9
-5
-8
-13
-9
-8
-9
-7
-10
-6
-3
-1
-1
-1
7
5
9
13
15
21
21
21
23
17
15
17
17
19
18
11
12
13
8
14
15
11
11
10
15
14
3
1
3
-1
-7
-10
-12
-9
-6
-9
-9
-9
-12
-9
-11
-14
-13
-11
-8
-8
-7
-9
-5
-9
-10
-6
-8
-6
-2
-3
-5
-6
-8
-4
-6
-7
-9
-12
-12
-9
-8
-10
-9
-8
-8
-5
0
-1
-4
-3
-3
-2
-4
0
3
4
4
2
3
4
10
11
11
15
15
15
14
12
15
16
12
10
11
9
11
10
10
10
4
5
9
11
13
7
14
12
12
13
9
5
2
0
-4
-9
-10
-7
-7
-10
-8
-13
-17
-10
-11
-14
-15
-13
-12
-13
-19
-20
-12
-18
-14
-12
-11
-5
-8
-8
-7
-1
-1
-3
3
-2
-4
-8
-7
-2
-3
-1
1
3
9
10
9
11
11
10
15
16
12
13
10
4
6
5
9
12
7
10
8
15
14
11
8
11
11
4
9
9
5
-2
-9
-5
-5
-14
-11
-5
-4
-5
-5
-6
-8
-3
-4
-3
-3
-7
-10
-16
-22
-24
-22
-17
-10
-3
-1
-1
2
-1
1
1
-5
-7
-6
-1
1
0
-2
-1
1
8
11
5
15
10
3
3
2
7
7
8
9
9
9
4
6
9
12
13
5
8
8
8
7
1
2
2
-3
-3
-5
-6
-6
-7
-4
-3
-4
-3
-3
-2
-9
-15
-3
-3
-2
-1
-8
-12
-12
-12
-11
-4
-2
-3
1
0
3
5
-4
-3
-2
-3
-6
-4
-4
-4
-1
0
7
10
8
8
7
3
10
9
5
14
10
3
4
5
6
8
8
11
15
12
7
9
8
3
-3
-5
-7
-6
-4
-3
-5
-6
-5
-3
-6
-4
-5
-9
-10
-13
-10
-7
-8
-11
-10
-13
-13
-8
-8
-2
0
-4
-2
1
-3
3
7
-1
4
4
3
3
1
1
2
-3
-1
0
-3
0
-2
1
-3
-2
3
3
3
-3
-7
-7
-2
-2
-2
4
6
2
2
3
1
3
4
10
10
13
17
16
12
9
14
8
4
4
7
6
2
3
1
-2
-2
-6
-3
0
1
-7
-8
-5
-7
-4
-6
-6
-3
-3
-3
1
3
4
2
4
8
7
6
5
4
7
0
-1
2
-2
-1
2
-3
-1
-4
-9
-11
-10
-8
-12
-14
-9
-4
-2
-8
-16
-16
-13
-15
-14
-14
-12
-4
-2
-6
-2
2
-3
-5
3
0
4
4
-7
-4
-2
0
-2
-3
3
8
5
1
8
14
11
12
18
15
10
7
11
9
6
10
10
14
19
17
14
12
16
17
17
14
12
8
4
6
3
3
5
0
-2
1
-1
-1
1
-5
0
5
1
-5
-6
-6
-11
-10
-13
-18
-22
-26
-22
-24
-22
-20
-23
-18
-13
-14
-15
-18
-23
-20
-17
-13
-6
-6
-4
-2
-2
0
3
4
4
3
2
7
8
10
16
14
14
17
8
9
11
11
11
7
15
12
14
20
17
18
14
17
11
6
9
3
7
8
3
2
0
2
-1
-2
-1
-6
0
-4
-6
-3
-5
-2
-1
3
8
5
3
5
6
0
-2
1
1
0
-3
-7
-6
-9
-15
-16
-17
-20
-22
-22
-20
-23
-24
-18
-20
-19
-13
-7
-9
-12
-7
-7
-4
0
-1
-2
2
1
7
19
16
15
12
6
8
9
11
14
14
22
21
17
18
18
10
7
2
0
9
5
-2
-4
1
-3
-4
-2
-2
-3
0
1
1
0
-1
4
1
1
4
6
1
0
1
-1
2
1
6
5
7
5
1
4
-1
-5
0
-2
-7
-5
-8
-12
-11
-12
-14
-15
-16
-13
-12
-11
-6
-3
1
-1
-2
1
-1
-3
-3
-4
-7
-6
-10
-6
-3
1
0
0
7
8
9
11
12
8
5
0
3
6
4
6
2
5
7
4
9
12
12
4
5
5
-6
-1
-4
-10
-3
-4
-6
-7
-15
-13
-8
-10
-4
-6
0
4
1
3
3
6
5
3
-6
-6
0
-2
3
5
8
9
7
8
12
14
13
14
8
5
6
5
-1
-8
-4
-3
-3
4
2
0
6
7
9
6
0
-2
-7
-10
-7
-10
-13
-10
-5
-3
-1
-2
-1
1
2
4
2
-6
-4
3
1
-2
-8
-7
-6
-3
-4
-7
-5
-4
-4
-5
-2
1
-3
-6
-3
-2
-6
-6
-9
-15
-18
-15
-13
-9
-5
-3
3
2
4
10
9
7
6
5
2
2
3
4
2
6
9
6
8
10
9
8
11
10
10
12
11
14
10
8
9
10
9
3
3
5
14
14
6
7
8
4
2
-2
-7
-3
0
-7
-7
-2
-3
-7
-9
-12
-10
-3
-5
-7
-5
-7
-11
-10
-10
-7
-11
-17
-12
-14
-11
-8
-6
-2
-3
2
2
-2
2
-1
-6
-6
-12
-11
-3
-3
-4
-4
-3
-6
-2
3
2
7
3
2
7
6
5
7
5
2
4
-1
1
7
5
6
9
10
8
13
14
10
11
10
7
2
0
2
4
3
4
2
9
11
4
7
5
1
-1
2
3
3
1
4
-4
-10
-4
-11
-10
-6
-5
-5
-2
3
-1
2
7
8
4
-1
-1
-2
3
-2
-9
-11
-8
-5
-5
-3
-4
-6
-6
-7
-13
-10
-11
-14
-11
-6
-9
-9
-7
-12
-10
-10
-9
-5
-8
-8
-7
-7
-2
1
-1
1
1
6
8
5
5
9
12
11
11
8
8
14
16
9
7
9
9
8
7
11
12
15
16
16
16
9
11
12
5
2
3
3
6
6
9
8
8
11
7
6
8
8
4
1
-3
-9
-14
-15
-17
-16
-14
-24
-19
-18
-20
-19
-21
-15
-18
-19
-17
-23
-20
-18
-21
-18
-18
-16
-10
-13
-10
-2
-1
1
2
6
7
12
16
11
7
7
15
12
12
17
13
14
13
18
23
24
25
25
25
21
17
11
9
7
0
0
-1
-1
-1
-1
2
3
2
2
-3
-6
-4
-7
-3
-3
1
-2
-5
1
-4
-11
-10
-11
-12
-3
1
-8
-5
-5
-11
-11
-13
-15
-17
-19
-17
-16
-14
-16
-17
-13
-11
-12
-12
-8
-8
-8
-3
-3
-6
-2
0
-1
2
3
5
5
6
7
10
15
15
18
16
17
21
19
26
23
18
23
23
24
21
13
11
10
11
13
10
10
11
9
6
5
7
3
-8
-8
-8
-11
-15
-16
-12
-11
-8
-9
-14
-11
-11
-10
-11
-12
-8
-16
-14
-14
-17
-17
-16
-11
-7
-9
-11
-11
-11
-11
-4
0
-5
-3
-2
-4
-3
-5
-1
-1
-1
0
2
2
5
1
5
8
5
4
2
9
5
3
1
3
8
3
1
9
14
10
9
14
13
12
7
5
5
1
4
3
2
7
1
4
14
10
5
1
5
4
5
6
8
7
-2
-1
-5
-8
-6
-6
-5
-9
-5
-8
-12
-10
-6
-1
-5
-4
-4
-3
-6
-5
1
-7
-7
0
-1
0
2
4
8
6
-1
0
2
4
-2
-1
-3
-9
0
-5
-10
-2
-3
-8
-5
-2
-1
1
0
2
0
6
2
-7
-2
-4
-4
-4
4
12
2
3
8
11
13
12
9
5
8
1
-2
3
3
-1
0
2
3
7
5
0
2
-1
-8
-8
-10
-5
-4
-6
-8
-6
-3
-9
-12
-12
-5
-4
-4
-5
-4
0
0
0
1
-2
-4
-3
-5
-1
2
4
7
7
8
5
3
10
8
10
5
-2
-4
-9
-8
-8
-5
1
4
2
5
6
9
9
9
7
1
2
4
2
1
10
9
4
7
8
2
-3
-5
-2
-4
-4
3
3
1
-3
-8
-7
-10
-3
1
-10
-6
-7
-6
2
-3
2
3
4
6
2
6
2
-3
-5
-8
-7
-4
-7
-6
-3
-1
-3
-2
5
2
6
13
7
4
3
3
-3
-3
-2
-4
1
2
4
3
3
1
-1
-2
-4
-4
-2
-1
-2
-3
-5
-7
-7
-8
-3
-3
-4
0
3
4
-4
-2
5
6
1
0
3
5
6
4
-1
0
-1
-1
3
2
2
-1
-4
1
1
-3
1
3
3
-1
2
0
0
0
-3
1
1
-1
-2
1
4
-1
-3
-1
1
-4
-5
-4
-6
-1
-3
-3
1
1
2
0
2
2
3
4
1
-3
-3
-6
-4
-3
-5
-1
0
4
8
10
8
9
11
11
13
12
12
13
9
2
7
10
3
4
-1
-4
3
6
9
9
1
4
1
-1
-8
-11
-11
-13
-14
-13
-10
-12
-11
-11
-8
-6
-9
-10
-10
-8
-9
-10
-11
-8
-6
-12
-14
-10
-14
-13
-8
-6
-5
0
3
8
7
1
2
2
5
1
2
5
3
5
-2
0
6
2
3
5
10
14
16
20
20
14
15
11
8
7
3
3
3
0
12
12
8
15
10
14
15
7
8
10
8
2
1
3
2
6
-1
-6
-7
-11
-9
-9
-10
-10
-7
-10
-13
-13
-10
-14
-13
-12
-19
-15
-9
-11
-17
-12
-11
-10
-3
-5
-3
-6
-9
-9
-11
-11
-11
-11
-10
-8
-1
0
2
3
2
5
4
2
0
1
0
1
9
11
14
17
17
21
20
15
23
22
15
13
9
12
8
5
5
5
5
5
11
9
7
11
14
5
-2
6
7
2
-5
-6
1
-5
-4
1
2
4
-3
-7
-6
-11
-10
-9
-10
-14
-16
-11
-12
-15
-17
-13
-12
-12
-9
-13
-7
-12
-14
-8
-14
-10
-10
-12
-9
-1
0
-1
3
5
5
4
4
4
-2
-3
2
-1
-1
1
-2
0
2
8
8
10
8
8
12
9
8
9
11
17
18
12
12
12
7
7
11
10
6
7
7
-2
-1
2
-3
-1
0
1
1
-3
-1
-2
-3
-6
-10
-8
-5
-8
-11
-5
-6
-7
-3
-2
-2
-5
-11
-8
-1
-5
-6
-3
1
1
-1
3
3
2
1
8
6
1
5
1
1
-1
-1
5
6
10
8
3
1
6
4
2
5
4
6
2
0
3
3
3
3
1
-3
-9
-11
-13
-12
-9
-14
-12
-8
-10
-7
-5
-8
-9
-5
-3
-6
-10
-9
-8
-19
-17
-7
-12
-8
-6
-7
-3
0
2
2
9
11
11
8
4
11
10
5
12
14
14
17
18
15
15
15
15
14
12
11
7
0
2
7
6
4
5
5
2
3
5
2
4
5
1
2
-1
-2
2
-2
-2
-2
-9
-7
-9
-9
-9
-9
-11
-9
-8
-10
-8
-7
-5
-6
-6
-8
-7
-5
-10
-13
-9
-10
-7
-1
-6
-7
-3
-2
-2
1
1
-3
0
-3
-1
2
-4
1
0
-2
1
4
0
7
9
7
8
6
8
2
4
10
2
2
7
3
4
7
2
-1
4
5
1
5
7
6
7
4
-1
-1
-2
2
2
4
5
-1
3
2
5
4
-1
0
1
1
-4
-1
1
-1
-3
-7
-2
-3
-1
-2
-2
3
-1
0
-5
-1
6
-1
-5
-7
-5
-6
-9
-10
-8
-8
-6
-6
-4
5
-1
-6
1
-5
-8
-4
-1
1
-3
1
-2
-1
6
9
6
7
4
4
2
4
7
11
5
0
6
4
4
1
1
7
6
7
11
14
12
7
4
-1
-7
-6
-1
1
1
-3
-7
-1
2
3
5
-5
-1
4
-4
-9
-10
-6
-12
-8
-15
-12
-6
-10
-13
-12
-3
-2
1
-4
-4
-3
-5
-3
-13
-8
-3
-9
-10
-9
-5
-4
5
3
1
7
4
8
8
2
2
-2
0
10
8
4
2
2
13
17
13
13
16
21
17
11
10
10
15
15
11
11
5
6
5
4
8
8
8
12
8
1
5
-2
-2
-3
-1
-1
-11
-8
-7
-12
-16
-10
-8
-10
-5
-10
-10
-13
-15
-11
-12
-14
-11
-13
-23
-23
-21
-21
-17
-11
-12
-9
-8
-11
-5
-1
-5
-5
-4
-5
1
2
-1
3
2
1
8
6
5
6
5
8
14
12
11
6
9
12
5
4
9
9
7
11
9
15
21
13
13
12
14
13
15
14
8
9
6
4
3
6
3
3
2
3
6
-1
7
9
4
6
6
-2
-8
-10
-11
-11
-14
-12
-9
-10
-7
-12
-11
-6
-10
-10
-12
-15
-12
-9
-10
-9
-11
-19
-14
-10
-10
-8
-7
-10
-4
4
1
4
6
1
-2
-3
-5
-5
1
7
4
-1
-2
-1
-1
-1
1
2
3
3
7
6
3
7
6
7
5
7
8
5
5
5
8
10
11
11
7
3
13
14
8
8
5
4
1
-1
4
10
5
3
5
1
-2
-1
-1
-2
-4
-3
-5
-10
-10
-8
-8
-6
-7
-5
-2
-3
-2
-3
-5
-7
-12
-10
-8
-5
-4
-4
-2
0
0
-2
2
-3
-2
4
-5
-4
3
2
4
8
3
-2
-9
-8
-5
-5
0
2
2
6
3
1
4
2
4
10
5
-3
-4
-1
-2
1
3
3
-1
1
0
-7
-6
-5
-5
-3
-1
5
4
-3
0
3
1
0
1
-1
0
5
10
2
1
3
-2
3
-2
-2
5
6
9
9
6
10
8
2
5
11
11
13
9
4
6
-1
1
6
0
-1
3
8
6
5
5
2
0
-4
-6
-10
-11
-16
-15
-10
-12
-9
-12
-9
-7
-4
-4
-5
0
-5
-7
-10
-13
-12
-13
-9
-9
-10
-11
-6
-3
-6
-5
-4
-5
-5
-7
-1
4
-3
-2
-3
-5
-5
-6
-3
-3
-5
-4
7
9
6
15
16
18
20
12
12
16
12
10
14
12
11
14
10
14
12
13
19
14
12
12
7
10
10
9
5
3
4
3
0
-2
-2
-1
-3
1
-3
0
1
-5
-5
-8
-4
-4
-8
-11
-12
-12
-13
-13
-12
-17
-14
-11
-17
-11
-10
-15
-9
-10
-15
-11
-10
-12
-11
-15
-17
-9
-8
-5
-1
-2
-3
-2
0
3
0
-1
-3
-5
0
0
-2
3
6
5
6
7
8
4
5
12
15
14
12
17
20
13
7
6
6
3
13
17
10
13
18
16
20
21
18
18
10
10
8
3
1
-7
-6
-3
-3
-3
-3
0
-3
-6
-5
-3
1
-2
2
0
-8
-11
-15
-14
-17
-13
-12
-17
-16
-16
-13
-13
-16
-10
-15
-16
-14
-21
-13
-13
-11
-9
-13
-11
-13
-13
-10
-9
-5
-1
1
6
5
-2
8
10
5
9
14
13
13
15
12
15
17
14
15
15
20
23
24
24
16
13
14
9
7
8
5
5
6
6
7
1
1
5
2
5
2
0
3
-5
-6
-4
-9
-7
-3
4
-3
-5
0
-6
-5
-2
-8
-5
-9
-15
-18
-15
-8
-9
-10
-8
-7
-9
-5
-6
-6
-8
-14
-12
-13
-12
-6
-7
-5
-10
-7
-8
-6
3
1
2
-4
-3
1
1
3
2
2
3
-3
-5
-5
-5
3
-2
3
8
5
9
7
9
8
12
11
5
8
7
12
11
11
13
9
11
12
11
8
13
16
13
16
16
10
13
8
7
7
-1
2
-3
-7
-1
-1
-6
-6
-2
-5
-7
-3
-5
-13
-14
-16
-15
-11
-7
-3
-3
-4
-4
-7
-4
-5
-9
-6
-7
-7
-6
0
-6
-11
-7
-5
-2
-6
-4
-4
-8
-4
-3
-1
0
-2
0
-2
-4
-2
1
8
7
1
7
7
7
9
2
6
5
1
1
5
3
-2
4
5
2
2
2
6
8
5
5
11
9
7
7
7
3
-2
-3
-2
1
-1
-7
-7
-5
-4
-3
-3
-1
-3
2
8
3
4
2
