-2
-2
0
-3
0
-3
0
-1
-3
-2
-4
-6
-6
-4
-5
-6
-4
-3
-5
-7
-6
-10
-11
-9
-10
-9
-8
-5
-4
-9
-9
-5
-4
-7
-6
-7
-7
-7
-4
-2
1
-4
-8
-7
-9
-9
-13
-15
-14
-19
-19
-15
-17
-18
-18
-21
-21
-16
-22
-19
-18
-16
-19
-21
-21
-22
-19
-17
-18
-17
-15
-16
-15
-18
-16
-18
-19
-21
-21
-19
-20
-20
-19
-20
-19
-18
-18
-20
-26
-24
-28
-29
-31
-28
-22
-25
-25
-31
-30
-23
-27
-27
-24
-25
-24
-27
-24
-25
-30
-24
-27
-26
-26
-29
-29
-33
-29
-30
-30
-33
-34
-30
-33
-32
-29
-32
-36
-36
-35
-33
-34
-29
-37
-36
-31
-38
-32
-32
-34
-32
-31
-30
-33
-34
-36
-39
-35
-38
-39
-37
-39
-34
-33
-29
-34
-35
-36
-36
-38
-38
-37
-40
-38
-37
-38
-37
-36
-37
-35
-33
-35
-32
-32
-33
-30
-30
-32
-31
-32
-33
-32
-30
-32
-30
-27
-27
-31
-36
-35
-35
-31
-33
-36
-36
-35
-30
-31
-33
-33
-33
-39
-33
-29
-31
-33
-26
-23
-27
-23
-22
-22
-22
-24
-23
-19
-23
-26
-27
-24
-23
-24
-22
-20
-17
-20
-18
-20
-19
-19
-25
-25
-26
-26
-25
-21
-22
-22
-22
-21
-20
-23
-22
-21
-20
-18
-19
-17
-18
-17
-9
-7
-9
-10
-5
-9
-19
-8
-2
-4
-10
-8
-10
-6
-2
-5
-2
-1
-1
0
-2
-4
-1
-1
4
3
3
5
2
5
4
5
7
4
7
10
8
12
11
11
10
11
11
12
13
10
14
15
16
14
6
4
9
9
11
16
17
18
15
21
19
18
16
16
12
14
14
9
16
13
12
13
10
11
10
11
8
9
11
8
9
10
8
6
6
6
6
8
6
6
7
4
4
2
6
5
3
9
10
6
6
7
10
11
9
12
10
8
9
9
11
17
7
2
9
5
9
6
-3
-4
-2
-3
-3
0
-1
-4
-1
-2
-2
-2
-3
-2
-1
-1
-1
-1
-1
3
1
2
5
4
5
4
2
4
2
-2
-1
1
0
3
0
0
2
5
3
-1
-2
-5
-5
-5
-2
-4
-9
3
-2
-15
-9
-7
-4
-4
-4
-4
-6
-6
-4
-3
-7
-9
-7
-9
-10
-8
-9
-12
-13
-12
-9
-10
-11
-10
-12
-10
-12
-14
-13
-14
-17
-17
-18
-15
-18
-16
-15
-15
-14
-16
-15
-14
-11
-11
-11
-11
-12
-12
-11
-14
-15
-12
-13
-17
-13
-14
-15
-10
-7
-9
-10
-10
-10
-12
-13
-12
-11
-11
-13
-13
-11
-10
-11
-8
-8
-9
-7
-9
-9
-8
-11
-12
-12
-13
-8
-11
-11
-8
-13
-11
-15
-12
-16
-16
-14
-17
-13
-13
-12
-11
-17
-16
-13
-19
-10
-13
-12
-10
-8
-4
-6
-3
-5
-2
0
-2
-1
-1
-3
-4
-4
0
-2
0
-5
-5
-2
-3
-4
-6
-4
-5
-5
-5
-7
-8
-6
-3
-3
0
-1
0
1
0
-1
-4
-3
-3
2
-2
-2
1
4
8
7
7
9
3
-4
6
11
6
5
6
4
7
8
7
9
10
9
8
8
9
9
10
11
14
10
12
11
10
13
12
14
8
10
12
11
17
14
13
13
14
13
17
19
17
18
17
15
13
8
5
13
13
12
13
16
19
17
12
17
17
17
11
5
12
11
11
10
8
12
10
14
15
12
10
10
13
12
9
12
8
8
9
10
8
11
8
10
10
7
7
10
9
9
6
7
12
15
14
10
13
14
21
18
18
17
16
17
20
22
27
14
12
21
14
14
11
10
9
7
9
14
12
10
10
12
12
13
12
11
12
11
10
8
9
7
7
11
13
12
11
14
11
10
6
7
9
5
7
10
8
9
8
6
6
5
7
5
4
1
-2
0
-3
6
5
5
2
-3
4
4
3
2
-1
1
1
-1
0
-1
-1
-6
-5
-1
-5
-7
-10
-9
-5
-3
-5
-9
-9
-8
-7
-6
-7
-7
-11
-13
-10
-10
-10
-10
-12
-10
-11
-10
-12
-10
-4
-11
-7
-5
-4
-2
-10
-8
-6
-10
-8
-10
-8
-8
-7
-5
-9
-9
-5
-4
-6
-4
-3
-6
-8
-5
-7
-7
-8
-5
-4
-7
-4
-3
-3
-5
-2
-2
-2
-1
0
-1
-4
-2
-2
-1
-2
-3
-8
-11
-4
-2
-8
-10
-7
-11
-6
-5
-7
-8
-8
-12
-18
-8
-6
-9
-5
-1
-1
1
-3
0
3
0
3
5
10
1
1
1
2
4
3
4
6
6
4
5
4
3
4
1
2
1
2
4
3
6
5
8
7
5
8
6
3
3
7
11
7
9
7
10
16
16
19
19
5
6
17
12
6
4
11
7
8
11
10
13
9
10
9
12
11
6
8
12
13
12
7
8
10
11
13
9
8
9
14
12
12
17
9
13
12
13
15
13
15
10
14
11
4
5
8
10
11
14
17
17
16
20
15
23
19
11
12
10
13
14
17
18
17
16
15
17
17
14
16
14
16
16
12
15
11
11
11
15
16
11
14
14
12
13
11
11
13
11
12
12
12
14
13
14
13
17
15
16
14
14
17
15
16
18
23
17
14
12
9
5
5
3
1
5
4
7
4
-1
-1
2
2
3
2
-2
0
-3
-2
2
-2
-1
-1
-1
-1
1
0
2
3
-2
0
-3
-1
0
-6
-2
-2
-4
-2
-3
-1
-1
-5
-7
-6
-7
-10
-14
-18
-14
-7
-10
-12
-14
-12
-8
-11
-8
-13
-15
-13
-14
-11
-14
-15
-13
-14
-9
-13
-14
-13
-12
-12
-12
-13
-11
-14
-10
-12
-14
-14
-16
-14
-18
-16
-19
-17
-16
-17
-14
-20
-22
-16
-13
-15
-16
-17
-16
-17
-19
-25
-19
-21
-26
-19
-23
-22
-18
-19
-16
-21
-19
-20
-20
-20
-22
-20
-22
-21
-20
-19
-20
-22
-22
-21
-19
-17
-18
-18
-19
-19
-18
-19
-19
-21
-20
-20
-19
-17
-18
-20
-19
-21
-23
-24
-21
-19
-20
-25
-21
-19
-18
-21
-27
-25
-24
-25
-22
-18
-22
-19
-12
-15
-14
-13
-12
-11
-12
-13
-11
-8
-12
-13
-16
-14
-13
-12
-15
-14
-14
-15
-12
-12
-13
-17
-18
-18
-18
-20
-15
-16
-12
-11
-14
-15
-12
-11
-15
-15
-16
-14
-12
-10
-11
-11
-7
-4
-5
-7
-2
-10
-11
-5
-6
-8
-12
-11
-13
-11
-9
-12
-9
-10
-5
-10
-6
-7
-7
-5
-4
-3
-4
-4
-7
-3
-4
-7
-4
-4
-2
-8
-3
-1
-1
0
-2
1
-1
6
3
3
1
-4
-4
-3
5
5
2
2
6
4
7
5
8
8
10
7
1
-2
-3
5
6
4
5
5
6
7
5
5
2
1
2
5
4
4
4
2
5
2
2
1
1
0
2
7
4
4
4
2
1
4
5
7
7
2
10
9
11
9
12
8
6
8
7
13
13
17
6
6
10
7
5
5
3
3
1
1
2
4
2
0
0
-1
4
-2
-1
-2
-2
-4
-2
-3
-4
-2
-2
-1
2
1
3
4
0
-2
-4
-4
-1
-4
-5
-1
-3
-1
-3
0
0
-3
-1
-3
-3
-9
-13
-11
-8
-10
-6
-12
-10
-11
-8
-7
-7
-9
-8
-5
-5
-9
-7
-6
-10
-6
-10
-7
-8
-10
-9
-8
-8
-13
-13
-13
-14
-10
-13
-12
-13
-13
-13
-15
-11
-13
-15
-15
-17
-12
-11
-15
-13
-11
-6
-7
-14
-10
-14
-17
-16
-17
-13
-14
-17
-18
-14
-15
-10
-13
-14
-14
-14
-17
-18
-12
-13
-18
-17
-16
-16
-20
-18
-15
-15
-14
-13
-15
-12
-13
-14
-11
-13
-7
-10
-10
-10
-9
-7
-12
-11
-14
-17
-12
-13
-14
-16
-16
-16
-15
-15
-13
-14
-17
-19
-22
-12
-13
-11
-7
-9
-5
-6
-4
-1
-3
0
-3
-6
-6
-6
-4
-4
0
-3
-1
-6
-5
-2
0
3
0
2
-3
-2
-3
-6
-1
0
2
2
3
4
0
0
-1
-4
-2
-1
4
2
7
5
0
7
8
9
12
11
0
7
14
9
3
10
10
8
9
7
9
8
12
9
10
12
13
11
10
13
12
10
13
10
10
10
9
12
12
9
10
12
14
14
16
15
13
17
16
19
17
18
18
9
10
14
17
18
13
16
20
20
22
17
20
25
19
14
15
15
14
16
15
17
15
15
16
14
15
17
13
15
16
14
12
11
11
12
11
10
9
7
10
10
7
7
6
8
3
5
5
8
8
9
9
9
13
12
14
13
9
11
10
11
12
15
17
10
14
11
7
5
4
5
4
3
4
7
8
5
6
8
5
5
9
7
9
8
8
7
7
11
13
15
13
16
14
14
14
14
12
14
10
14
15
11
13
17
12
14
17
10
14
10
14
11
5
4
3
13
12
13
10
5
10
11
11
10
8
10
9
11
11
7
9
10
12
10
8
7
7
9
10
13
8
5
7
8
10
6
8
6
5
3
5
3
5
0
2
4
0
4
2
2
5
9
6
2
5
-2
-3
3
-1
-5
-5
-3
-4
-2
5
3
2
0
2
1
-1
0
-1
0
-2
-1
1
0
-1
1
4
6
7
3
1
4
2
0
3
5
3
4
4
3
3
5
2
2
-4
-3
-5
-4
-3
-5
-7
-5
-1
-5
-7
-12
-3
-7
-10
-2
-8
-13
-1
1
3
2
-2
3
5
6
3
3
2
-1
2
2
1
0
2
4
3
2
4
1
0
-1
-3
-1
-1
-2
-3
-2
0
0
0
-1
-2
-1
-2
-2
-3
0
-2
0
-3
-3
-1
2
5
3
9
8
-2
-1
4
5
0
-2
2
-2
3
0
1
4
0
6
5
7
2
1
6
5
7
5
4
7
4
4
5
6
8
6
8
6
10
13
7
12
10
12
13
13
20
14
15
7
4
9
8
7
9
10
14
17
15
14
13
18
16
12
9
9
12
13
13
13
11
12
11
10
11
11
12
11
11
10
11
7
6
5
9
9
6
7
9
9
8
9
11
8
11
14
13
8
13
16
12
14
17
19
16
17
14
15
15
20
20
23
22
12
20
22
15
13
14
10
11
12
8
14
15
12
12
12
12
12
15
14
15
16
16
14
16
16
17
20
22
21
23
23
21
18
17
15
12
16
15
20
21
20
21
17
19
16
18
16
14
11
7
4
9
9
14
17
10
10
10
16
15
11
7
8
7
5
7
6
5
4
9
8
2
4
1
-1
3
3
5
1
0
2
-2
0
-1
-3
-1
-2
1
0
-2
-1
-5
0
-4
-5
-3
-6
-3
-3
-2
-3
-3
-6
-12
-9
-5
-13
-13
-12
-11
-7
-8
-5
-7
-8
-5
-6
-4
-4
-4
-7
-8
-6
-5
-6
-9
-7
-8
-4
-4
-2
-4
-7
-3
-5
-7
-6
-6
-8
-6
-9
-7
-8
-8
-10
-12
-12
-11
-14
-15
-15
-16
-15
-17
-16
-16
-18
-21
-23
-23
-15
-19
-17
-11
-11
-11
-10
-10
-11
-10
-6
-9
-12
-6
-11
-11
-11
-8
-9
-10
-9
-12
-10
-8
-6
-10
-10
-10
-11
-10
-15
-15
-10
-9
-5
-6
-6
-6
-11
-11
-11
-11
-10
-8
-7
-7
-10
-3
-1
1
4
5
3
-10
-2
1
-5
-1
0
-1
-1
0
0
1
4
3
5
3
2
4
4
6
6
6
10
6
7
7
4
7
8
8
8
9
11
10
12
12
11
13
15
14
15
16
12
11
13
16
16
19
18
20
21
20
22
22
22
22
26
26
19
16
15
18
24
21
20
22
20
19
19
22
19
17
16
18
15
15
16
15
16
15
15
14
14
11
13
14
10
12
11
14
12
12
17
20
17
13
17
16
22
18
20
21
19
21
19
20
28
22
20
25
22
15
12
13
11
11
10
14
16
9
8
12
10
13
12
10
14
12
10
9
11
8
11
14
15
15
19
14
18
17
15
15
10
14
15
14
11
15
14
14
13
12
9
8
8
6
8
1
-1
5
7
9
9
1
4
9
9
10
10
9
10
11
11
7
8
9
11
11
9
9
3
6
4
6
8
4
5
4
6
7
7
6
5
4
4
2
2
4
5
5
4
5
-1
6
5
6
8
4
5
8
1
2
4
0
-1
-2
-3
-1
3
2
0
-1
-1
0
0
-3
-3
-3
0
-1
-2
0
-3
-6
-4
-5
-1
-4
-2
-2
-1
-1
1
2
3
2
1
2
0
-1
2
-1
0
-5
-5
-3
-6
-1
-5
-9
-7
-4
-3
-7
-12
-11
-13
-12
-5
-18
-8
-1
-6
-3
-4
-6
-4
-2
-4
-5
1
-2
-2
-1
-4
-1
-1
-4
-4
-4
-4
-2
-1
-1
-5
-7
-6
-5
-8
-9
-7
-5
-1
-1
-1
-4
-6
-4
-7
-5
-5
-9
-2
-5
-5
-2
1
3
4
4
-1
-9
-8
3
-3
-8
-7
-5
-6
-7
-5
-6
-4
0
-2
-1
-4
-6
-3
0
1
1
0
-1
-4
-1
1
-3
1
0
2
1
1
2
3
2
0
3
4
2
4
2
5
5
-2
-5
-6
0
5
4
5
4
6
9
9
12
12
6
4
4
4
7
7
6
6
3
4
7
9
7
7
8
7
11
9
7
5
6
7
7
8
7
7
6
5
5
7
8
9
9
8
5
11
13
13
10
13
17
14
16
14
14
11
14
19
16
18
18
14
19
17
15
11
10
9
7
10
9
15
12
11
13
11
14
12
13
13
11
11
11
11
14
12
16
17
17
20
16
20
21
20
20
18
21
19
18
21
22
24
23
22
21
19
17
19
19
15
12
14
14
15
23
24
17
17
24
26
25
23
23
24
25
25
26
25
25
25
28
27
28
28
25
28
26
26
24
24
24
24
27
24
21
19
18
22
20
18
20
16
19
13
16
22
18
19
20
22
20
17
18
12
11
17
13
11
11
11
13
11
16
13
13
12
9
11
9
8
8
6
9
8
8
8
5
6
6
11
13
11
8
9
9
10
9
9
7
7
8
6
6
6
6
2
2
2
1
-2
-2
-3
-2
-2
1
-3
-5
-5
-4
-6
-6
-2
-4
0
3
-2
0
4
2
3
-1
2
1
3
3
-1
-2
-1
5
2
-2
1
1
2
3
1
0
-3
-4
-6
-7
-8
-8
-3
-1
1
-1
-2
-3
-1
-3
-6
-4
-7
0
-1
-2
-5
-3
1
5
4
4
-1
-8
0
1
-1
-2
0
-5
-4
0
-1
-1
0
0
-1
1
-1
-2
0
2
0
1
2
0
2
-2
1
-2
-4
-2
1
3
2
4
5
4
3
5
6
6
5
6
9
8
1
2
0
2
8
6
7
9
13
12
11
13
14
12
11
9
6
12
9
10
10
11
9
7
7
10
8
9
14
11
11
8
10
10
10
10
8
12
9
13
14
11
10
11
14
14
15
14
17
19
16
17
17
20
18
18
20
17
17
20
18
20
31
25
16
23
21
12
18
16
15
16
16
21
15
17
17
15
16
18
18
13
18
18
17
15
13
14
16
20
15
20
22
20
21
21
19
17
17
19
21
21
23
20
23
23
23
22
17
21
19
16
15
11
14
19
25
20
17
14
15
20
19
19
18
17
21
18
15
17
17
18
17
18
19
16
16
13
15
20
13
16
16
16
18
16
18
14
15
13
14
15
14
15
14
12
12
12
14
10
10
15
18
18
11
12
11
10
11
7
7
6
5
11
13
12
10
8
8
6
6
8
8
6
5
4
5
7
7
2
2
7
8
8
8
8
5
7
6
8
8
4
6
7
7
5
6
10
7
0
5
4
7
2
-2
-1
0
1
0
-3
-1
-3
-14
-5
2
3
2
2
3
3
10
6
6
7
6
8
9
10
4
6
7
9
7
5
9
8
6
6
8
3
4
2
1
3
0
2
4
6
9
3
4
4
0
-1
-1
2
3
4
5
3
4
8
7
7
8
10
2
-4
7
11
4
1
0
-1
3
2
2
0
5
1
4
4
-3
1
0
5
5
5
4
4
5
4
3
5
3
4
5
5
8
6
8
5
6
5
7
9
5
2
1
4
8
9
6
7
3
8
10
12
13
15
14
12
16
9
6
6
5
9
12
9
9
7
8
7
9
11
5
7
8
8
8
5
1
-1
0
3
2
2
-1
1
1
1
3
-1
2
1
1
7
5
4
1
5
9
9
7
8
8
2
4
6
10
8
14
12
4
10
5
2
4
0
-1
-1
-2
4
8
4
2
1
5
6
1
5
5
5
7
7
3
4
8
9
11
10
14
17
15
15
14
11
10
13
14
12
15
17
18
16
14
17
14
14
13
13
14
9
15
13
13
19
10
4
10
19
18
19
18
18
16
18
19
16
17
19
20
18
18
18
16
21
20
21
20
19
20
16
22
20
18
18
13
15
14
15
16
15
18
16
16
19
17
17
17
22
24
16
19
17
12
13
18
12
11
15
13
14
16
15
14
13
12
12
10
12
12
13
10
11
11
12
10
11
12
10
10
11
8
9
11
8
10
8
7
9
7
7
6
6
7
8
6
2
4
4
1
2
-5
-6
-1
-2
-2
-3
-4
-2
-7
-2
-1
-2
0
4
3
2
5
4
7
8
5
6
8
4
3
3
5
5
4
2
1
1
3
3
0
-4
-2
-4
-5
-3
-9
-6
-7
-4
-3
-4
-2
-5
-5
-8
-8
-5
-3
-4
-5
-8
-5
-3
1
-1
-4
2
-8
-7
0
0
-6
-4
-5
-9
-6
-7
-4
-4
-7
-4
-4
-4
-3
-4
-3
-3
2
-2
-3
-3
-3
-4
-3
-2
-2
-1
-1
-3
0
-1
-1
-1
-3
0
3
0
2
3
2
-1
-6
-1
0
0
1
-1
3
4
8
4
5
10
1
1
-2
-2
-1
1
1
1
2
3
3
-1
3
3
2
-1
1
0
1
-2
-1
-1
0
-1
-3
-3
-4
-1
-3
-2
-2
-2
-2
-2
-4
0
1
2
1
3
6
5
7
4
4
5
6
2
3
5
11
2
6
11
-1
2
-2
-3
-5
-4
-2
-4
-2
-3
-6
-3
-4
-2
-3
-3
-1
-3
-3
-2
-3
-1
1
-1
2
4
5
3
8
4
-1
2
0
2
1
2
6
7
10
4
9
4
2
1
-2
0
-5
0
-4
4
8
3
0
-7
2
8
7
3
4
4
5
5
4
4
4
6
5
5
2
1
-1
0
0
0
3
2
4
5
5
5
2
2
0
-1
0
-1
0
1
-2
0
-2
3
-2
-6
1
2
0
-3
-3
-1
-6
-5
-7
-12
-9
-12
-8
-6
-6
-4
-10
-9
-6
-8
-11
-8
-8
-9
-9
-7
-10
-9
-11
-12
-11
-10
-8
-9
-8
-6
-9
-8
-10
-11
-9
-7
-8
-6
-9
-9
-6
-7
-10
-10
-9
-7
-7
-14
-12
-11
-7
-5
-10
-12
-12
-14
-12
-6
-7
-8
-9
-7
-3
-4
-1
0
4
1
-2
2
2
2
-4
-4
-3
0
-3
-6
-3
-4
-4
-3
-4
-7
-7
-5
-10
-8
-10
-10
-8
-4
-6
-4
-7
-6
-7
-8
-7
-8
-4
-7
-8
-8
-7
-2
0
0
-1
1
-9
-12
-1
-2
-7
-11
-8
-8
-5
-6
-6
-3
-6
-1
-2
-4
-1
-3
-3
2
2
1
-1
0
1
0
0
-1
0
3
3
3
4
6
1
2
4
1
6
4
7
4
6
3
2
7
5
2
2
3
6
11
7
13
8
15
15
6
7
5
6
8
11
9
8
6
7
8
10
11
9
8
10
12
7
8
5
5
6
6
7
9
8
9
11
9
11
13
15
13
16
14
19
22
22
23
26
26
27
29
26
25
28
29
26
28
34
27
29
37
32
27
23
24
22
23
24
26
28
22
23
22
23
23
25
24
24
27
25
23
25
23
25
28
28
31
29
29
29
27
27
28
27
24
26
23
27
26
30
27
26
28
22
29
22
21
22
17
21
27
33
22
19
21
24
28
28
24
21
21
25
21
24
23
19
23
21
22
23
19
19
19
18
18
17
20
18
20
22
19
19
17
16
15
13
18
13
13
12
11
11
10
11
12
14
16
14
12
12
7
8
6
10
3
4
6
4
6
7
8
5
5
6
9
4
7
5
7
6
8
8
8
6
3
4
4
6
4
5
7
6
7
9
7
6
4
4
8
4
6
6
7
3
-2
2
-5
-2
-1
-4
-2
-2
-2
1
-3
0
-1
0
5
0
-9
-1
6
0
2
3
0
2
2
2
2
5
2
-1
-1
3
2
1
-4
-3
-1
-2
1
-3
-4
-8
-7
-7
-10
-12
-6
-7
-9
-10
-8
-11
-11
-11
-13
-12
-11
-9
-9
-9
-10
-6
-2
-2
-2
1
1
-6
-9
-1
-1
-7
-5
-4
-6
-5
-3
-4
-1
-1
-3
1
0
2
-2
-3
4
3
4
3
4
4
3
2
3
3
4
5
6
6
10
8
7
7
9
9
11
8
5
6
3
12
11
12
10
8
11
17
18
14
16
20
15
10
8
8
7
10
12
13
13
14
14
12
14
15
14
12
14
18
17
15
16
13
15
15
14
14
14
13
13
14
12
12
13
15
13
14
12
17
20
16
17
19
22
19
17
16
19
20
16
13
20
21
10
16
20
16
10
10
8
6
9
10
10
12
7
8
4
5
8
3
4
5
5
2
3
7
3
5
7
4
3
5
8
7
3
5
3
2
2
5
9
9
9
8
9
10
8
10
5
7
7
7
5
3
7
7
9
1
-3
6
8
8
8
6
7
5
6
6
5
6
4
9
8
7
7
8
6
5
10
8
5
6
5
7
6
5
6
3
3
2
3
3
1
3
-2
3
1
0
6
4
1
0
1
3
1
-2
1
-1
-6
-8
-6
-5
-5
-4
-4
-5
-5
-7
-7
-7
-8
-8
-11
-13
-9
-8
-11
-12
-12
-10
-8
-11
-9
-11
-12
-13
-13
-10
-11
-11
-8
-12
-15
-11
-12
-13
-14
-17
-19
-17
-16
-14
-14
-21
-17
-13
-17
-21
-23
-16
-20
-19
-14
-19
-19
-11
-9
-13
-10
-14
-11
-7
-9
-11
-10
-9
-11
-13
-16
-12
-11
-13
-7
-9
-9
-7
-6
-6
-9
-8
-11
-14
-13
-10
-8
-11
-6
-5
-6
-11
-11
-10
-10
-10
-9
-7
-7
-9
-12
-5
-2
-3
-3
0
1
-10
-11
5
1
-7
-4
-3
-2
-3
-4
-5
-2
-1
-1
-2
0
-4
-4
-6
-2
-1
-4
-3
-3
-4
-4
-5
-3
-4
-2
1
-2
2
3
-2
1
-1
3
1
0
1
2
5
-3
-1
1
1
1
0
2
3
2
4
6
6
9
3
6
-1
0
4
1
4
6
8
5
5
6
4
4
3
1
11
7
6
4
4
5
5
8
6
6
4
8
7
8
8
8
7
7
8
9
10
11
11
11
14
18
16
14
13
17
15
14
12
18
23
15
19
17
16
12
12
12
10
12
10
12
14
8
9
14
11
10
9
8
10
11
11
13
14
12
11
14
14
16
16
15
16
16
13
8
12
11
13
12
16
15
13
16
18
14
10
9
5
7
9
12
7
10
13
9
4
2
9
13
12
10
10
9
10
8
9
11
13
11
11
10
7
10
7
9
10
9
10
9
8
7
9
11
8
8
9
6
9
6
8
4
1
3
2
5
4
9
7
5
4
5
6
4
0
5
-3
-3
3
-3
-1
0
2
-1
-1
2
-3
-5
-5
-2
-3
-7
-5
-4
-4
-2
-8
-5
-5
-3
-3
-4
-3
-4
-3
-3
-3
-7
-4
-6
-5
-2
-4
-2
-4
-7
-10
-8
-8
-12
-9
-10
-12
-13
-9
-11
-14
-17
-18
-19
-20
-15
-14
-9
-4
-6
-9
-8
-8
-7
-4
-2
-6
-1
-2
-5
-7
-5
-3
-8
-6
-5
-4
-3
-7
-9
-11
-9
-10
-10
-10
-15
-13
-10
-10
-9
-9
-9
-8
-11
-11
-14
-15
-14
-16
-13
-16
-15
-12
-11
-6
-11
-7
-10
-17
-18
-10
-9
-13
-13
-15
-14
-13
-14
-13
-13
-12
-13
-13
-14
-14
-16
-13
-13
-12
-10
-15
-12
-13
-10
-11
-15
-13
-14
-10
-13
-11
-8
-12
-9
-9
-9
-6
-9
-4
-4
-8
-7
-13
-11
-8
-4
-2
-3
2
3
0
-1
0
8
2
-3
0
-2
0
0
0
0
3
2
1
1
2
1
3
5
9
8
7
7
7
6
8
8
7
7
9
11
11
9
9
10
10
10
12
13
18
16
15
11
15
19
17
18
18
22
19
16
15
19
21
15
19
21
12
11
12
7
10
12
11
14
14
12
13
11
12
12
10
12
12
12
10
10
11
11
14
15
11
18
16
17
18
15
11
11
13
12
11
13
13
14
14
11
12
9
13
10
5
1
-3
-1
5
6
12
10
0
0
7
10
6
6
5
5
7
5
5
4
4
8
4
7
4
3
1
-1
6
4
3
5
4
7
4
5
3
1
0
-1
3
2
2
1
0
1
0
-3
2
7
1
1
-1
3
0
-3
-6
-5
-8
-8
-6
-9
-7
-6
-5
-5
-5
-7
-7
-7
-8
-6
-7
-5
-7
-4
-5
-5
-8
-6
-4
-4
-3
-6
-5
-4
-6
-6
-3
-5
-4
-6
-4
-4
-4
-7
-6
-6
-11
-12
-14
-11
-9
-16
-19
-12
-12
-13
-19
-14
-8
-15
-14
-10
-13
-15
-9
-7
-7
-4
-6
-6
-7
-5
-7
-5
-5
-7
-6
-8
-8
-6
-5
-8
-4
-4
-4
-5
-7
-5
-8
-10
-12
-12
-9
-7
-3
-5
-6
-6
-9
-10
-14
-12
-10
-11
-8
-9
-12
-12
-6
-5
-3
-8
-2
-3
-18
-7
0
-7
-4
-6
-8
-6
-5
-6
-3
-5
-6
-2
-3
-5
-4
-3
0
1
1
0
-5
-3
-2
0
-3
-5
-5
-1
-2
-1
-1
0
1
0
1
3
6
4
1
2
2
5
4
3
4
2
5
7
5
8
7
13
9
8
6
1
1
1
5
6
10
6
5
8
6
7
9
10
3
5
6
7
9
5
6
7
5
2
2
0
2
2
1
1
2
1
0
1
-1
3
5
4
1
6
3
5
4
4
4
3
1
3
0
6
9
-1
6
-1
-9
-5
-7
-10
-6
-8
-8
-3
-8
-10
-7
-13
-8
-10
-11
-10
-10
-8
-12
-9
-8
-10
-8
-8
-8
-4
-4
-3
-5
-5
-8
-11
-9
-7
-5
-6
-4
-7
-4
-3
-2
-3
-5
-3
-8
-10
-6
-5
-7
1
2
-2
-4
-3
0
1
1
-1
-2
-3
0
1
0
-1
-2
0
1
2
0
-2
0
0
-1
2
-1
2
2
1
4
0
5
-1
-1
-1
1
2
0
-3
-1
-2
0
-1
-2
5
-1
-1
-6
0
-3
-6
-3
-4
-9
-5
-7
-12
-7
-7
-5
-4
-6
-9
-7
-7
-12
-9
-10
-11
-9
-7
-10
-10
-12
-8
-7
-9
-4
-9
-13
-10
-11
-12
-9
-11
-12
-13
-9
-10
-12
-12
-10
-15
-19
-15
-16
-15
-18
-21
-20
-20
-18
-21
-18
-21
-18
-24
-23
-20
-24
-22
-16
-14
-11
-13
-13
-12
-12
-14
-17
-10
-14
-16
-17
-16
-14
-17
-14
-15
-17
-14
-14
-14
-16
-16
-19
-17
-20
-21
-20
-18
-15
-19
-14
-16
-12
-12
-14
-15
-12
-15
-15
-11
-16
-14
-9
-4
-5
-7
-6
-8
-18
-12
-5
-7
-13
-11
-13
-11
-15
-11
-9
-9
-5
-7
-4
-6
-7
-8
-5
-3
-1
-8
-5
-7
-4
-6
-5
-3
-6
-3
-2
-3
-2
-2
-1
-1
-1
3
-2
2
-1
-1
-3
-7
-1
-3
-4
1
-2
-1
0
0
4
2
2
5
2
0
-2
-3
0
4
-1
1
1
3
2
5
3
3
2
2
5
2
4
2
4
1
4
3
2
1
0
4
4
6
3
4
5
2
6
7
9
7
9
9
12
14
12
14
16
14
12
18
19
21
13
9
21
18
14
11
10
10
6
8
10
13
11
9
11
13
15
14
13
13
12
9
12
14
12
12
19
20
21
23
23
23
23
18
18
13
15
15
16
21
19
20
20
21
20
17
15
15
15
13
14
13
15
16
21
18
10
10
18
19
18
15
14
14
7
10
8
7
10
8
10
10
7
6
4
6
8
6
6
3
3
1
3
3
4
1
-2
2
-3
-1
1
-4
-4
-3
-2
-5
-7
-2
0
-1
-4
-3
-6
-11
-10
-6
-7
-15
-15
-14
-7
-7
-9
-9
-11
-12
-10
-9
-14
-9
-9
-9
-9
-9
-7
-7
-9
-9
-8
-4
-6
-6
-5
-5
-5
-6
-6
-6
-6
-7
-9
-6
-7
-6
-8
-8
-10
-11
-9
-7
-10
-17
-12
-10
-12
-18
-12
-13
-20
-21
-15
-9
-12
-11
-12
-10
-10
-10
-8
-10
-9
-6
-8
-5
-6
-8
-9
-10
-7
-8
-8
-8
-10
-10
-7
-7
-7
-9
-9
-12
-16
-16
-15
-11
-11
-9
-9
-11
-11
-11
-9
-11
-12
-9
-7
-6
-9
-6
-4
-5
-2
-5
-2
-9
-13
1
-4
-7
-6
-7
-3
-6
-5
-8
-3
-5
-3
-3
-6
-3
-3
-7
-4
1
-1
-5
-1
-2
-2
-1
-2
-2
-3
-2
1
1
3
3
-1
3
1
3
4
2
2
5
4
-5
-6
2
3
1
4
1
8
10
10
9
8
9
5
4
0
1
3
4
5
7
6
7
6
8
7
6
8
7
8
11
7
6
6
5
6
4
9
5
5
6
8
8
9
10
8
12
7
11
12
11
14
13
16
13
12
16
15
14
11
15
14
22
15
12
17
11
9
9
9
8
7
5
11
11
7
6
11
10
9
11
11
9
12
11
9
9
9
13
14
13
14
13
16
17
15
12
13
11
12
12
9
13
13
12
9
8
8
9
8
5
10
7
3
0
0
7
6
2
3
6
9
8
5
8
6
8
7
3
4
4
2
3
7
5
3
2
4
1
4
4
3
4
1
5
0
2
0
-1
0
1
5
1
0
1
2
3
1
0
3
2
6
5
1
7
2
0
4
-2
-2
1
3
0
2
7
8
6
5
4
5
8
5
4
7
2
4
6
4
5
6
5
6
8
9
10
8
10
8
7
7
9
9
7
11
7
10
9
5
4
-2
1
2
3
0
-3
1
0
1
1
-8
-7
-3
-6
-4
2
-6
-1
2
-2
1
1
1
2
5
0
3
6
1
-3
-3
0
2
3
2
0
1
2
1
0
0
-3
-5
-5
-5
-6
-6
-3
-2
-3
-3
-4
-6
-5
-9
-7
-8
-7
-7
-6
-4
-6
0
-3
-1
0
2
-1
-12
-3
1
-2
-7
-8
-7
-5
-6
-4
-6
-2
-3
-6
-2
-2
-4
-4
-1
-1
-2
-2
-3
0
-4
-1
0
-1
-2
-2
-1
-2
-2
1
0
-4
2
5
2
5
1
3
-1
4
6
3
3
2
4
2
6
7
8
7
10
11
4
3
3
1
4
5
4
6
7
8
8
6
5
5
3
8
7
8
6
6
7
8
10
5
7
7
7
6
6
6
7
11
9
10
9
8
11
8
12
16
16
13
15
14
13
10
12
17
18
22
12
11
17
13
11
12
9
8
9
8
10
15
9
8
8
11
14
10
10
15
17
14
14
11
13
13
16
17
18
20
19
18
17
18
16
16
17
18
17
17
20
20
17
19
19
19
17
19
18
17
11
12
15
16
24
17
15
21
21
21
19
20
19
19
21
19
16
20
17
19
15
19
18
17
19
15
18
16
14
16
16
16
17
18
16
13
13
14
13
15
12
13
15
15
14
7
11
18
18
16
13
14
10
7
10
14
10
6
6
9
12
10
14
11
10
9
10
11
6
9
7
9
9
7
11
5
5
3
6
6
6
7
5
6
2
5
3
3
5
1
4
2
1
1
2
-3
-4
-2
-6
-6
-2
-5
-8
-7
-6
-5
-8
-13
-16
-24
-13
-9
-9
-2
-7
-7
-8
-6
-6
-5
-4
-8
-6
-5
-8
-6
-10
-9
-10
-11
-10
-10
-10
-9
-9
-9
-11
-12
-17
-17
-16
-18
-12
-10
-11
-8
-10
-10
-9
-10
-12
-14
-12
-11
-10
-7
-6
-11
-6
-3
-5
-2
2
-10
-12
-6
-4
-7
-8
-9
-13
-9
-11
-13
-9
-9
-7
-11
-10
-11
-12
-9
-14
-8
-14
-10
-13
-10
-15
-11
-22
-8
-21
-1
-26
79
215
110
-20
-157
2
102
108
63
87
92
-44
-99
-31
27
-20
-57
4
57
-11
-97
-124
-105
-34
-16
31
46
-21
-72
-98
-23
37
55
51
57
75
50
23
17
37
64
79
94
109
66
4
-35
-19
36
49
40
28
-5
-38
-71
-46
-16
-10
-18
-7
7
-15
-38
-56
-35
3
28
38
43
19
-1
-5
14
54
75
56
55
45
19
4
9
25
46
47
47
31
4
-11
-13
9
23
34
13
2
-6
-13
-6
10
40
56
76
59
42
13
66
117
147
133
120
116
112
117
125
158
147
168
164
150
127
92
84
93
131
150
141
83
28
7
32
83
69
45
50
93
75
36
11
-22
26
7
35
44
7
-60
-107
-92
-72
-31
-43
-79
-158
-188
-198
-172
-156
-153
-113
-151
-131
-233
-258
-287
-242
-203
-128
-115
-167
-238
-297
-288
-295
-214
-203
-160
-185
-225
-251
-277
-259
-247
-188
-170
-171
-178
-176
-151
-103
-20
44
108
114
127
134
171
236
279
348
379
403
385
379
379
389
412
437
452
435
401
350
327
323
335
339
339
324
288
258
225
221
217
219
219
196
157
92
17
-16
-28
-54
-90
-103
-157
-194
-283
-328
-327
-325
-332
-401
-395
-512
-553
-657
-585
-578
-575
-633
-700
-673
-719
-719
-785
-741
-710
-678
-645
-670
-656
-688
-571
-321
-62
41
-19
-38
63
201
298
452
582
576
501
460
500
446
351
275
317
307
203
58
-100
-213
-311
-324
-260
-242
-319
-437
-490
-453
-384
-330
-243
-154
-78
-14
38
97
152
225
322
456
551
565
518
462
469
512
679
791
779
636
480
485
528
737
894
874
722
494
431
457
515
507
494
462
357
227
112
-26
-96
-51
16
96
38
-148
-365
-444
-348
-248
-186
-254
-403
-612
-721
-708
-754
-659
-783
-784
-980
-1095
-1119
-1245
-1191
-1350
-1241
-1272
-1193
-1210
-1235
-1200
-724
8
289
78
-246
52
422
716
898
1200
1366
1006
802
905
1082
862
525
610
761
555
77
-220
-381
-572
-738
-577
-381
-573
-977
-1182
-997
-848
-752
-614
-404
-266
-249
-139
16
139
244
419
699
937
981
866
737
716
820
900
927
886
738
491
270
196
169
73
-65
-140
-160
-263
-340
-283
-331
-347
-266
-31
384
567
562
480
476
636
819
1067
1156
1185
1029
920
828
785
707
643
594
602
518
210
39
-214
-263
-263
-274
-330
-512
-759
-943
-998
-976
-993
-971
-1132
-1128
-1260
-1329
-1361
-1342
-1310
-1278
-1232
-1257
-1226
-1343
-1278
-1187
-873
-513
60
429
351
92
-24
453
877
1169
1268
1353
1238
912
718
786
849
641
516
548
456
21
-485
-705
-757
-728
-702
-576
-648
-955
-1215
-1213
-934
-704
-519
-346
-182
-103
-67
19
176
381
596
841
1029
1067
943
786
737
824
956
994
932
760
516
297
144
166
198
161
50
-32
-126
-275
-364
-291
-56
142
438
567
457
236
151
406
755
1021
1019
979
760
601
551
624
687
694
659
585
455
220
-32
-232
-215
-113
-124
-291
-541
-901
-1159
-1277
-1233
-1092
-1215
-1259
-1457
-1577
-1723
-1788
-1706
-1731
-1575
-1582
-1434
-1394
-1361
-1176
-961
-447
235
563
496
251
430
877
1241
1355
1562
1652
1432
1115
1041
1103
900
606
477
583
334
-193
-608
-842
-917
-1038
-972
-828
-953
-1292
-1457
-1300
-1042
-850
-677
-423
-210
-103
18
192
378
560
801
1051
1271
1297
1163
1041
1010
1098
1173
1125
1019
818
540
293
208
172
154
28
-124
-192
-357
-370
-382
-207
-105
82
214
343
395
356
467
628
917
1005
1037
956
903
820
795
860
863
826
672
564
405
214
54
-83
-68
-260
-357
-637
-850
-1064
-1314
-1322
-1430
-1459
-1644
-1766
-1768
-1846
-1894
-1985
-1977
-1822
-1758
-1588
-1459
-1235
-1137
-929
-519
293
684
695
458
645
1159
1406
1580
1659
1837
1572
1221
1190
1247
1035
585
407
454
264
-266
-679
-901
-1040
-1193
-1184
-1025
-1129
-1416
-1578
-1398
-1084
-907
-723
-513
-251
-82
86
309
529
706
894
1139
1369
1446
1335
1220
1178
1241
1279
1213
1075
869
617
391
241
293
238
72
-106
-205
-194
-300
-278
-261
-126
-37
141
415
473
398
305
450
721
995
1054
1050
934
829
788
810
886
819
767
611
511
306
172
-30
-142
-234
-380
-562
-792
-968
-1307
-1429
-1597
-1660
-1856
-1931
-2087
-2114
-2095
-2182
-2172
-2170
-2024
-1880
-1601
-1414
-1222
-921
-169
494
675
496
460
1021
1475
1751
1830
2056
1959
1522
1358
1487
1471
1040
681
631
524
16
-525
-814
-983
-1160
-1304
-1188
-1208
-1511
-1821
-1768
-1426
-1172
-967
-773
-520
-327
-165
97
400
655
875
1129
1382
1539
1499
1406
1357
1419
1506
1486
1346
1128
852
552
414
443
405
135
-157
-241
-218
-300
-376
-303
-301
-250
-156
187
444
409
323
327
658
855
1010
1024
1007
999
914
955
959
943
781
668
646
567
393
52
-146
-264
-413
-552
-793
-981
-1339
-1562
-1803
-1887
-2109
-2123
-2212
-2210
-2199
-2386
-2304
-2415
-2161
-2044
-1622
-1422
-1216
-895
-109
574
705
515
539
1215
1672
1950
1994
2181
2036
1544
1467
1623
1610
1105
697
644
470
-79
-640
-894
-1052
-1252
-1399
-1306
-1364
-1718
-2007
-1896
-1471
-1217
-1006
-829
-578
-373
-201
130
475
751
967
1215
1470
1619
1577
1491
1469
1554
1629
1577
1400
1145
868
587
394
362
304
93
-60
-231
-320
-459
-451
-333
-211
-95
-57
132
205
202
287
448
719
894
979
973
944
936
934
1001
1086
1072
882
758
639
503
344
148
58
-133
-266
-573
-752
-1058
-1338
-1487
-1678
-1645
-1892
-1971
-2238
-2168
-2286
-2185
-2294
-2260
-2088
-2030
-1741
-1642
-1353
-1284
-679
166
758
805
463
662
1165
1658
1878
2066
2180
1921
1521
1411
1576
1354
939
667
678
455
-154
-663
-970
-1106
-1316
-1281
-1163
-1307
-1685
-1948
-1749
-1417
-1142
-923
-668
-453
-268
-66
202
496
737
1006
1299
1563
1651
1566
1441
1414
1516
1594
1559
1397
1113
770
465
369
341
188
-40
-145
-115
-144
-309
-468
-482
-278
10
168
372
374
367
410
617
879
1020
1092
1052
1101
1110
1054
990
975
917
860
789
704
526
197
-43
-201
-235
-316
-594
-946
-1326
-1538
-1730
-1887
-2041
-2098
-2164
-2210
-2306
-2459
-2465
-2509
-2327
-2153
-1855
-1691
-1578
-1333
-1019
23
718
868
508
519
1212
1726
1976
2031
2330
2120
1668
1489
1711
1627
1030
672
714
660
-43
-656
-957
-1136
-1333
-1471
-1265
-1350
-1773
-2125
-1977
-1566
-1305
-1121
-896
-593
-407
-210
89
410
663
915
1245
1548
1715
1619
1505
1475
1581
1698
1640
1462
1225
935
609
403
343
387
270
77
-161
-329
-442
-419
-304
-229
-131
-53
94
144
156
221
397
656
896
1010
1007
974
927
946
1023
1114
1117
1032
884
745
574
389
155
93
-30
-233
-524
-831
-1175
-1552
-1666
-1869
-1833
-2046
-2146
-2279
-2447
-2467
-2665
-2437
-2418
-2155
-2009
-1802
-1664
-1556
-1245
-574
473
909
842
483
835
1419
1813
2031
2199
2402
1977
1624
1569
1635
1346
830
740
776
444
-295
-813
-1085
-1273
-1440
-1374
-1240
-1489
-1899
-2109
-1830
-1501
-1262
-1024
-738
-433
-284
-70
209
488
765
1086
1445
1704
1746
1613
1502
1519
1663
1722
1649
1457
1193
843
524
375
375
378
204
57
-162
-345
-452
-375
-269
-175
-47
75
177
187
188
311
554
780
983
1048
1049
966
939
966
1053
1114
1130
974
821
657
426
247
108
54
-182
-397
-754
-1013
-1425
-1649
-1835
-1868
-1907
-2073
-2221
-2511
-2485
-2653
-2511
-2390
-2239
-2075
-1984
-1773
-1604
-1332
-856
296
917
900
422
648
1398
1805
1970
2162
2570
2184
1634
1550
1740
1551
949
783
946
656
-187
-772
-1003
-1168
-1402
-1430
-1203
-1393
-1889
-2202
-1964
-1604
-1371
-1121
-835
-508
-382
-220
79
388
692
1038
1392
1675
1750
1623
1520
1520
1690
1799
1736
1568
1307
964
594
441
533
602
313
-37
-268
-342
-443
-368
-228
-205
-201
-259
-70
76
147
248
455
769
904
930
927
940
944
1026
1167
1227
1151
954
752
650
577
433
251
59
-148
-407
-635
-955
-1276
-1605
-1762
-1852
-1918
-2090
-2366
-2533
-2620
-2519
-2551
-2439
-2356
-2256
-2130
-1945
-1639
-1390
-828
248
807
801
326
628
1369
1871
2039
2287
2599
2203
1662
1579
1858
1633
1131
942
1027
650
-201
-736
-986
-1105
-1355
-1362
-1228
-1501
-2017
-2308
-2054
-1691
-1434
-1190
-915
-672
-552
-364
-51
316
658
1029
1366
1622
1693
1586
1523
1569
1776
1893
1818
1602
1327
971
653
482
452
329
256
169
-30
-311
-666
-635
-388
-166
-69
-15
-9
-57
-30
156
462
697
867
898
960
956
924
895
973
1149
1184
1116
922
740
437
299
155
209
38
-228
-594
-938
-1248
-1579
-1703
-1835
-1858
-2116
-2247
-2386
-2477
-2606
-2655
-2578
-2382
-2251
-2102
-1920
-1684
-1509
-952
181
725
697
264
632
1377
1832
1996
2223
2506
2148
1734
1715
1958
1667
1124
962
1068
738
-80
-605
-894
-1058
-1296
-1315
-1216
-1528
-2016
-2276
-2024
-1699
-1480
-1297
-1068
-811
-642
-412
-127
199
527
901
1239
1516
1624
1537
1483
1559
1786
1912
1818
1619
1363
1081
778
623
570
434
261
155
10
-303
-611
-683
-497
-252
-95
-116
-149
-232
-196
47
378
655
800
862
853
906
912
957
1020
1154
1257
1178
1036
771
541
327
335
348
243
-61
-517
-819
-1087
-1294
-1431
-1613
-1746
-1980
-2247
-2347
-2434
-2475
-2613
-2572
-2479
-2350
-2275
-2155
-1921
-1628
-1233
-108
603
637
148
234
1116
1768
2008
2156
2520
2290
1782
1670
1989
1924
1390
1099
1226
1040
181
-469
-774
-900
-1095
-1204
-1097
-1376
-1956
-2355
-2178
-1800
-1544
-1355
-1188
-976
-832
-637
-339
10
374
781
1138
1410
1557
1494
1431
1516
1783
2014
1974
1752
1491
1199
893
731
694
652
458
290
49
-266
-579
-653
-464
-312
-225
-280
-324
-373
-358
-179
140
431
619
704
705
743
788
861
992
1163
1259
1213
1048
888
688
536
473
493
369
144
-205
-561
-783
-1046
-1160
-1297
-1486
-1732
-1961
-2272
-2360
-2554
-2490
-2508
-2446
-2444
-2557
-2435
-2326
-1870
-1595
-700
206
443
101
-170
558
1370
1877
1965
2413
2473
1972
1620
1803
2101
1735
1383
1362
1390
673
-202
-564
-710
-808
-1049
-1016
-1150
-1687
-2282
-2359
-2014
-1740
-1508
-1375
-1179
-1066
-963
-733
-385
34
465
888
1152
1352
1372
1312
1382
1630
1953
2054
1908
1652
1405
1096
870
821
781
579
353
247
49
-314
-690
-692
-493
-327
-239
-252
-349
-489
-481
-177
233
486
594
625
694
707
759
845
980
1187
1218
1195
1019
830
588
457
489
520
385
100
-297
-610
-852
-1040
-1132
-1272
-1373
-1655
-1917
-2196
-2349
-2402
-2513
-2379
-2324
-2275
-2422
-2528
-2218
-1843
-1272
-394
289
322
-122
-95
710
1503
1866
2003
2346
2312
1832
1637
1862
1957
1656
1380
1496
1293
499
-264
-599
-642
-762
-872
-923
-1224
-1799
-2263
-2200
-1888
-1628
-1436
-1305
-1169
-1044
-931
-697
-376
42
534
902
1156
1274
1253
1231
1351
1686
1981
2023
1825
1587
1344
1069
912
930
913
845
527
145
-118
-362
-457
-455
-321
-195
-262
-388
-533
-481
-322
-125
172
410
535
496
488
572
683
818
1043
1123
1139
1048
850
737
611
587
529
455
359
25
-294
-611
-770
-833
-924
-1102
-1358
-1614
-1879
-2051
-2119
-2155
-2263
-2243
-2281
-2320
-2307
-2421
-2201
-1859
-1117
-112
197
55
-396
-65
713
1431
1870
2065
2275
1933
1594
1653
1945
1882
1612
1490
1557
1180
351
-187
-481
-544
-663
-675
-745
-1247
-1875
-2254
-2044
-1739
-1496
-1338
-1277
-1201
-1140
-991
-706
-334
62
501
837
1068
1152
1086
1116
1328
1703
1954
1968
1768
1482
1227
1003
981
987
891
755
503
344
67
-311
-500
-414
-173
-50
-81
-309
-513
-571
-440
-88
256
404
401
328
364
443
580
716
912
997
1032
962
797
642
446
470
485
534
299
-45
-451
-719
-757
-912
-889
-1156
-1352
-1659
-1925
-2056
-2172
-2176
-2279
-2203
-2198
-2250
-2353
-2475
-2188
-1659
-566
159
161
-310
-464
242
933
1628
1887
2215
2064
1666
1564
1809
1919
1628
1528
1590
1515
826
94
-312
-534
-593
-615
-533
-873
-1506
-2102
-2168
-1855
-1610
-1386
-1299
-1216
-1178
-1081
-879
-579
-203
193
637
955
1140
1100
1028
1125
1460
1837
1993
1913
1651
1367
1110
991
1030
976
883
816
611
219
-227
-473
-392
-132
-39
-92
-270
-506
-611
-459
-158
119
299
322
340
364
416
490
605
803
1003
1040
971
831
614
488
453
575
562
365
-23
-348
-541
-646
-746
-913
-1102
-1349
-1553
-1804
-1949
-2141
-2274
-2341
-2308
-2202
-2258
-2395
-2541
-2227
-1567
-513
58
-40
-411
-415
362
1060
1674
1934
2137
1971
1697
1748
1965
1976
1677
1591
1665
1502
833
157
-245
-468
-519
-537
-536
-965
-1616
-2101
-2101
-1796
-1584
-1434
-1383
-1308
-1242
-1110
-869
-577
-218
180
610
920
1090
1058
1039
1195
1543
1896
2008
1905
1658
1389
1179
1095
1137
1039
926
655
407
100
-76
-173
-273
-145
-204
-178
-356
-445
-496
-359
-148
38
268
297
308
284
447
543
719
866
946
988
899
861
655
605
607
600
534
323
67
-267
-501
-640
-737
-879
-1057
-1350
-1548
-1812
-2010
-2177
-2245
-2233
-2214
-2202
-2288
-2410
-2500
-2286
-1718
-628
140
100
-341
-486
249
949
1582
1924
2232
2123
1710
1628
1878
1988
1711
1574
1687
1591
916
168
-248
-462
-548
-585
-517
-845
-1501
-2091
-2202
-1896
-1635
-1445
-1353
-1285
-1237
-1156
-956
-653
-265
157
581
904
1106
1089
1026
1129
1473
1862
2015
1945
1708
1433
1175
1047
1069
1047
855
562
416
249
30
-363
-502
-383
-151
-13
-187
-368
-594
-556
-323
62
368
415
343
296
377
516
669
784
944
1036
1026
934
720
582
432
526
561
511
203
-222
-516
-713
-785
-929
-960
-1249
-1460
-1791
-1945
-2121
-2226
-2278
-2257
-2131
-2250
-2289
-2518
-2352
-1913
-859
57
144
-235
-540
88
786
1430
1842
2168
2153
1718
1613
1833
2006
1698
1548
1646
1630
1069
310
-142
-448
-560
-613
-504
-730
-1364
-1984
-2211
-1957
-1702
-1472
-1372
-1312
-1271
-1182
-988
-722
-357
33
470
819
1062
1102
1022
1077
1355
1774
1989
1965
1748
1467
1207
1060
1074
1119
990
731
505
259
-11
-332
-409
-369
-244
-127
-198
-366
-592
-637
-444
-83
267
396
370
316
311
450
630
828
971
1054
1041
945
841
695
543
543
570
545
363
-23
-383
-695
-773
-817
-868
-1065
-1352
-1657
-1901
-2034
-2072
-2137
-2160
-2114
-2149
-2149
-2308
-2367
-2185
-1543
-392
304
194
-352
-405
306
1023
1615
1997
2280
2034
1571
1555
1884
1903
1626
1521
1657
1487
768
99
-305
-512
-610
-567
-481
-846
-1536
-2113
-2140
-1828
-1533
-1318
-1236
-1212
-1185
-1082
-865
-540
-160
258
651
955
1139
1103
1027
1128
1497
1881
2018
1908
1645
1354
1076
993
1065
1121
972
693
411
145
-123
-333
-353
-238
-102
-131
-292
-483
-588
-527
-275
98
340
412
325
291
361
490
695
859
1030
1012
968
822
680
577
489
578
521
455
74
-270
-562
-752
-795
-878
-1025
-1217
-1563
-1820
-1982
-2077
-2089
-2203
-2070
-2218
-2196
-2328
-2377
-2192
-1680
-567
186
128
-411
-465
227
957
1477
1888
2232
2021
1571
1494
1886
1923
1641
1542
1654
1536
803
158
-209
-419
-550
-548
-468
-802
-1471
-2051
-2104
-1838
-1557
-1363
-1270
-1254
-1236
-1134
-944
-603
-222
191
574
853
1065
1057
1003
1107
1471
1849
1993
1895
1664
1393
1132
1027
1099
1168
1052
788
486
160
-131
-291
-277
-105
-60
-165
-367
-555
-612
-512
-224
102
328
354
217
219
297
461
673
870
993
985
856
725
604
535
552
580
553
338
31
-366
-561
-726
-788
-929
-1069
-1282
-1632
-1823
-2161
-2172
-2235
-2235
-2244
-2345
-2353
-2510
-2396
-1967
-1041
-145
-71
-381
-549
66
741
1313
1703
2112
2117
1742
1663
1897
2086
1798
1665
1750
1708
1157
435
45
-246
-395
-497
-464
-697
-1303
-1898
-2102
-1911
-1697
-1515
-1440
-1375
-1341
-1268
-1085
-808
-418
-26
389
710
958
1033
1001
1114
1428
1830
2019
1990
1807
1587
1344
1212
1223
1252
1141
859
677
404
93
-220
-314
-176
-95
-144
-316
-458
-568
-592
-403
-101
169
238
220
217
324
393
550
743
928
1030
961
883
750
700
611
609
597
515
256
-84
-384
-585
-666
-811
-943
-1221
-1382
-1749
-1932
-2073
-2153
-2168
-2287
-2263
-2313
-2315
-2426
-2291
-1792
-893
-46
17
-268
-466
156
840
1485
1853
2145
2149
1727
1671
1906
2095
1860
1668
1711
1625
1087
371
-23
-283
-414
-502
-492
-756
-1360
-1952
-2136
-1877
-1648
-1449
-1374
-1355
-1323
-1255
-1031
-715
-320
71
479
793
1000
1066
1060
1185
1502
1884
2067
2012
1792
1550
1327
1204
1239
1225
1058
770
534
323
24
-237
-323
-212
-96
-99
-239
-468
-608
-566
-284
80
329
349
263
230
312
491
648
857
991
1042
958
854
704
576
559
571
596
468
154
-223
-527
-707
-858
-920
-1066
-1309
-1636
-1945
-2161
-2248
-2246
-2287
-2294
-2365
-2416
-2494
-2373
-1990
-1285
-305
-22
-144
-435
-7
679
1288
1754
2081
2264
1946
1728
1843
2085
1971
1752
1724
1700
1276
547
84
-230
-385
-529
-563
-712
-1226
-1816
-2158
-2027
-1799
-1600
-1470
-1410
-1370
-1320
-1154
-868
-480
-75
359
693
935
1051
1061
1159
1414
1804
2051
2065
1892
1653
1425
1251
1259
1255
1127
980
727
396
-34
-333
-405
-323
-238
-192
-233
-500
-740
-794
-532
-164
192
322
349
268
255
381
564
817
1020
1136
1051
971
798
638
548
640
684
599
327
-36
-409
-630
-772
-824
-878
-1156
-1483
-1829
-2087
-2255
-2249
-2288
-2262
-2325
-2408
-2524
-2579
-2361
-1882
-769
-54
1
-403
-491
227
889
1514
1928
2305
2175
1787
1713
1992
2104
1856
1763
1836
1688
1001
335
-96
-316
-436
-524
-481
-842
-1489
-2094
-2211
-1959
-1718
-1534
-1449
-1392
-1400
-1337
-1124
-785
-368
85
501
809
1013
1026
1029
1179
1567
1982
2134
2054
1830
1564
1332
1245
1302
1263
1143
903
592
270
-57
-231
-317
-285
-257
-269
-385
-575
-669
-641
-443
-172
107
223
222
216
312
443
632
847
956
1007
951
967
824
725
620
587
629
538
334
-51
-377
-615
-743
-815
-932
-1159
-1463
-1785
-1998
-2071
-2186
-2238
-2313
-2326
-2345
-2409
-2418
-2292
-1744
-763
-41
-66
-430
-407
261
926
1504
1904
2205
2057
1669
1696
2005
2091
1838
1696
1773
1586
948
322
-26
-249
-423
-491
-491
-841
-1497
-2046
-2100
-1842
-1634
-1487
-1428
-1411
-1400
-1317
-1059
-707
-313
77
451
762
947
984
1008
1194
1575
1927
2058
1979
1762
1521
1314
1268
1324
1272
1073
825
651
359
-8
-282
-330
-242
-188
-236
-369
-543
-677
-644
-409
-54
142
226
191
220
312
445
628
811
974
999
962
885
768
671
606
657
630
534
213
-94
-437
-588
-721
-765
-907
-1198
-1495
-1874
-1920
-2109
-2112
-2282
-2253
-2295
-2346
-2408
-2482
-2330
-1713
-565
78
-85
-610
-468
319
999
1535
1950
2295
1957
1562
1680
2074
2087
1739
1707
1832
1582
842
242
-64
-279
-443
-445
-415
-867
-1612
-2152
-2087
-1806
-1592
-1463
-1429
-1425
-1453
-1326
-1056
-703
-301
98
478
770
946
949
957
1166
1609
1977
2070
1943
1720
1471
1255
1251
1350
1295
1095
877
591
227
-120
-250
-229
-172
-175
-267
-423
-609
-694
-609
-361
-56
142
218
196
191
241
406
609
900
1018
1012
926
847
730
656
731
718
670
442
170
-139
-331
-481
-647
-786
-979
-1245
-1480
-1767
-1896
-2049
-2099
-2170
-2138
-2172
-2307
-2348
-2400
-2289
-1875
-916
-24
111
-315
-560
-20
768
1408
1817
2135
2109
1705
1526
1783
2040
1844
1655
1694
1657
1114
369
-69
-271
-378
-447
-419
-667
-1298
-1938
-2136
-1891
-1599
-1399
-1347
-1352
-1376
-1307
-1113
-794
-385
17
400
702
906
957
939
1061
1411
1835
2040
1977
1747
1495
1292
1200
1255
1300
1202
963
630
320
35
-184
-231
-170
-121
-200
-354
-557
-619
-558
-367
-103
126
239
196
192
225
441
603
836
987
976
924
808
758
659
726
704
678
458
165
-123
-316
-466
-635
-713
-957
-1164
-1524
-1656
-1919
-1972
-2110
-2101
-2096
-2173
-2263
-2431
-2391
-2303
-1857
-1025
-67
104
-304
-616
-125
735
1346
1788
2065
2135
1728
1492
1742
2011
1928
1673
1714
1684
1185
423
-54
-229
-316
-368
-399
-610
-1227
-1882
-2142
-1896
-1579
-1397
-1331
-1362
-1375
-1346
-1155
-836
-436
-13
365
653
836
907
904
1022
1366
1803
2034
1968
1741
1492
1302
1187
1245
1299
1155
830
483
222
59
-40
-46
-123
-214
-320
-411
-456
-484
-426
-279
-64
100
192
193
215
289
473
683
851
956
910
844
776
779
809
734
711
582
449
191
-26
-337
-468
-596
-682
-890
-1156
-1419
-1763
-1816
-2046
-1966
-2105
-2105
-2258
-2354
-2363
-2434
-2314
-2126
-1151
-131
202
-329
-782
-246
607
1308
1669
2159
2183
1685
1358
1690
2119
1942
1666
1674
1785
1239
460
-16
-186
-282
-433
-370
-526
-1116
-1920
-2223
-1961
-1618
-1398
-1369
-1380
-1446
-1441
-1271
-913
-495
-94
284
557
788
875
870
941
1279
1756
2019
1976
1747
1531
1287
1158
1233
1337
1207
868
623
450
194
-160
-305
-259
-156
-162
-292
-477
-638
-681
-527
-172
111
206
123
110
210
374
541
717
879
960
940
868
821
697
649
601
702
610
392
47
-270
-460
-570
-640
-758
-973
-1292
-1575
-1835
-1838
-1964
-2029
-2141
-2159
-2161
-2229
-2242
-2309
-2271
-1783
-625
187
155
-548
-598
98
924
1447
1830
2225
1947
1442
1430
1895
2047
1702
1537
1699
1589
904
226
-123
-263
-429
-420
-356
-680
-1422
-2077
-2091
-1767
-1451
-1299
-1313
-1356
-1397
-1302
-1052
-693
-297
84
407
681
871
905
873
1015
1441
1856
2001
1860
1624
1397
1172
1153
1274
1284
1066
766
516
215
-13
-114
-109
-114
-163
-245
-367
-480
-566
-498
-286
-30
147
219
195
192
266
442
650
850
968
901
831
758
760
681
684
634
538
388
170
-53
-286
-508
-635
-786
-833
-1072
-1300
-1706
-1848
-1961
-2008
-2003
-2099
-2105
-2261
-2246
-2326
-2267
-1971
-831
110
154
-527
-736
25
789
1322
1653
2201
2087
1482
1377
1818
2097
1747
1542
1746
1750
1042
294
-30
-155
-324
-423
-311
-563
-1259
-2002
-2094
-1767
-1508
-1329
-1330
-1344
-1388
-1344
-1140
-800
-389
9
337
594
808
873
835
944
1368
1810
1976
1869
1650
1460
1223
1144
1272
1321
1164
792
513
354
110
-117
-254
-181
-146
-194
-359
-547
-608
-612
-441
-136
121
157
77
63
188
375
552
763
854
904
830
789
719
712
689
653
643
493
284
-62
-296
-458
-496
-607
-754
-993
-1321
-1568
-1741
-1757
-1814
-1851
-1988
-2025
-2126
-2158
-2120
-2086
-2075
-1694
-513
199
169
-603
-619
147
943
1415
1722
2135
1819
1268
1240
1809
1994
1625
1423
1586
1469
744
159
-132
-197
-373
-405
-341
-682
-1378
-2014
-1968
-1621
-1308
-1187
-1243
-1304
-1348
-1238
-983
-600
-214
135
374
600
790
835
837
971
1393
1773
1889
1720
1493
1295
1094
1077
1221
1243
1010
611
354
211
-1
-129
-224
-180
-82
-87
-281
-515
-607
-474
-191
140
330
293
168
76
228
473
693
859
877
873
747
659
608
580
585
564
536
393
134
-213
-475
-612
-556
-639
-850
-1110
-1412
-1653
-1811
-1792
-1868
-1852
-1926
-2021
-2085
-2115
-2142
-2119
-1828
-721
155
264
-475
-711
-61
756
1301
1611
2107
1972
1362
1168
1665
1957
1697
1447
1596
1611
939
241
-105
-156
-314
-381
-286
-513
-1167
-1914
-2005
-1666
-1349
-1179
-1189
-1249
-1305
-1269
-1080
-704
-312
63
336
561
748
805
783
870
1282
1719
1880
1760
1534
1327
1097
1039
1189
1289
1068
689
454
375
205
-59
-162
-139
-46
-118
-231
-397
-465
-495
-357
-32
209
215
83
53
158
399
540
726
769
803
717
674
675
603
604
551
570
434
178
-120
-353
-452
-526
-598
-775
-991
-1286
-1526
-1655
-1686
-1732
-1850
-1948
-1978
-2003
-2000
-2087
-2045
-1999
-1065
-122
228
-251
-732
-250
443
1147
1425
1906
1920
1442
1165
1507
1907
1728
1460
1480
1615
1123
485
63
-109
-222
-361
-248
-406
-913
-1663
-1932
-1691
-1398
-1182
-1183
-1231
-1319
-1289
-1128
-801
-448
-117
182
401
638
726
742
783
1092
1511
1758
1741
1533
1348
1148
1056
1174
1270
1131
775
499
328
296
132
-48
-132
-158
-109
-172
-253
-421
-435
-354
-124
137
199
122
33
128
298
510
627
705
688
643
681
653
601
508
478
479
431
267
-13
-244
-440
-540
-600
-693
-890
-1183
-1437
-1574
-1631
-1722
-1835
-1933
-1951
-1972
-1997
-2065
-2056
-2007
-1091
-178
145
-360
-765
-233
447
1076
1319
1834
1859
1389
1158
1537
1902
1694
1422
1489
1623
1115
494
106
-25
-175
-322
-227
-403
-910
-1636
-1859
-1616
-1360
-1190
-1207
-1257
-1328
-1295
-1132
-824
-487
-156
134
341
564
669
692
751
1080
1494
1705
1672
1497
1349
1176
1083
1185
1267
1137
808
579
502
347
64
-131
-154
-53
-28
-138
-316
-498
-544
-456
-149
111
133
34
-22
83
234
402
543
659
684
711
636
617
560
469
495
545
542
280
14
-287
-435
-464
-540
-676
-810
-1096
-1290
-1429
-1555
-1595
-1738
-1700
-1779
-1749
-1811
-1899
-1847
-1909
-1440
-473
95
53
-575
-490
139
785
1130
1455
1776
1542
1137
1203
1612
1674
1403
1264
1495
1310
716
223
-33
-80
-253
-239
-241
-567
-1183
-1663
-1588
-1325
-1113
-1059
-1109
-1152
-1166
-1096
-867
-563
-262
48
257
486
616
650
662
842
1243
1537
1603
1449
1286
1153
1049
1071
1170
1129
972
744
518
304
87
19
7
83
57
-43
-241
-423
-449
-345
-123
64
168
112
34
34
153
313
490
621
684
645
595
521
465
469
533
564
500
293
14
-241
-376
-401
-383
-524
-729
-1029
-1204
-1355
-1429
-1515
-1586
-1590
-1643
-1707
-1791
-1860
-1853
-1807
-1453
-492
37
15
-620
-576
38
700
1112
1344
1680
1471
1094
1104
1530
1659
1431
1286
1450
1341
743
254
14
6
-125
-153
-174
-517
-1100
-1606
-1533
-1247
-1051
-1010
-1094
-1159
-1196
-1120
-918
-597
-292
1
190
375
490
530
575
765
1173
1469
1519
1380
1199
1091
1003
1058
1167
1175
981
749
548
315
124
10
65
115
77
-62
-249
-393
-457
-354
-159
33
123
65
-12
-16
83
257
441
586
642
594
516
498
479
489
524
549
525
315
80
-184
-250
-317
-378
-454
-641
-872
-1087
-1311
-1321
-1373
-1403
-1491
-1561
-1595
-1756
-1733
-1781
-1635
-1570
-1351
-577
-49
4
-517
-509
74
722
1066
1231
1513
1378
1047
1006
1442
1581
1406
1182
1251
1189
659
232
17
30
-110
-205
-280
-565
-1045
-1482
-1432
-1172
-981
-980
-1055
-1139
-1137
-1030
-830
-512
-240
9
164
304
442
525
603
771
1121
1370
1398
1263
1120
1042
1002
1041
1140
1112
906
665
485
349
212
121
98
93
26
-112
-266
-365
-361
-240
-63
59
102
0
-32
31
187
349
478
549
579
550
486
485
480
506
558
560
455
258
48
-124
-211
-210
-329
-443
-644
-847
-1018
-1154
-1199
-1282
-1292
-1449
-1471
-1578
-1589
-1652
-1626
-1559
-1484
-1383
-916
-212
1
-199
-539
-104
468
956
1079
1284
1434
1161
1001
1212
1541
1450
1192
1119
1187
904
401
120
40
-1
-177
-240
-412
-773
-1211
-1386
-1163
-985
-930
-996
-1062
-1074
-996
-835
-599
-330
-108
80
219
378
480
570
683
933
1219
1318
1255
1133
1058
1037
1018
1070
1072
965
785
597
442
306
189
132
153
143
58
-107
-246
-298
-254
-126
-22
67
48
-22
-5
85
229
322
415
474
501
480
442
432
392
467
452
428
296
116
-56
-205
-241
-327
-364
-529
-728
-928
-1056
-1134
-1215
-1275
-1358
-1398
-1476
-1528
-1590
-1574
-1584
-1515
-1430
-799
-195
-33
-348
-619
-155
402
876
1012
1275
1311
1043
916
1202
1481
1365
1169
1146
1215
846
391
129
79
34
-109
-142
-368
-765
-1219
-1318
-1093
-921
-885
-971
-1049
-1085
-1003
-855
-604
-359
-135
43
169
311
386
469
607
888
1179
1260
1173
1044
988
977
996
1058
1075
895
693
610
446
303
158
172
172
189
40
-152
-267
-334
-264
-112
55
67
-8
-101
-84
57
209
336
397
451
432
388
378
401
429
432
492
412
285
107
-69
-153
-209
-203
-325
-452
-682
-856
-1009
-1026
-1083
-1117
-1209
-1286
-1346
-1430
-1418
-1465
-1413
-1363
-1295
-1110
-543
-171
-115
-407
-380
86
567
878
947
1149
1078
916
947
1214
1343
1171
1009
1027
967
613
286
120
94
-6
-123
-240
-497
-826
-1126
-1076
-897
-807
-841
-944
-977
-939
-817
-660
-442
-240
-64
57
179
297
397
496
659
928
1094
1097
1002
921
924
938
969
999
931
834
680
507
339
281
287
261
218
98
-29
-161
-194
-185
-90
-46
-26
-23
-56
-54
-26
66
190
288
348
347
323
300
322
360
415
430
383
244
128
14
-61
-94
-135
-233
-403
-552
-684
-754
-874
-915
-1005
-1042
-1117
-1188
-1218
-1291
-1273
-1298
-1238
-1195
-1113
-661
-296
-169
-354
-396
-55
333
649
786
966
960
832
826
1057
1181
1096
968
963
936
651
391
218
164
73
-27
-106
-326
-615
-883
-914
-792
-720
-730
-803
-857
-849
-763
-640
-453
-286
-133
-19
85
196
284
383
520
747
910
932
868
808
799
828
868
914
873
727
540
472
455
401
372
314
246
130
17
-44
-43
4
2
-13
-9
-30
-50
-41
13
96
166
217
229
234
222
217
271
357
376
352
251
205
98
70
27
-14
-80
-230
-335
-480
-522
-641
-694
-775
-810
-900
-962
-1030
-1080
-1090
-1099
-1052
-1050
-1043
-1055
-1003
-650
-285
-106
-212
-293
-68
217
505
642
794
833
750
722
862
960
900
801
783
787
602
375
173
84
16
-52
-96
-258
-478
-704
-782
-709
-634
-616
-665
-703
-696
-627
-541
-412
-283
-135
-21
81
189
248
312
406
580
728
785
744
695
692
693
694
706
704
661
524
444
437
361
304
236
224
175
104
52
14
44
0
-22
1
28
7
9
27
71
96
112
161
188
217
183
186
209
226
228
201
183
105
21
-48
-88
-120
-189
-259
-377
-441
-559
-597
-656
-682
-743
-819
-845
-896
-904
-934
-927
-938
-903
-897
-849
-753
-441
-206
-150
-217
-64
281
435
437
427
666
794
782
758
838
811
641
578
661
674
439
215
106
68
-53
-181
-241
-327
-440
-559
-564
-546
-574
-612
-593
-502
-427
-381
-367
-289
-169
-31
69
172
266
313
356
433
563
625
621
613
649
650
607
556
545
566
516
419
392
418
369
278
182
171
182
172
139
96
81
44
26
62
89
102
78
86
119
143
155
161
184
197
221
203
197
150
140
73
111
64
-1
-87
-188
-212
-298
-300
-388
-432
-485
-566
-582
-661
-673
-723
-719
-711
-710
-710
-742
-744
-731
-667
-622
-451
-246
-79
-93
-146
-61
105
321
432
524
559
532
498
525
597
617
577
537
500
406
269
143
79
55
22
-30
-137
-256
-372
-433
-409
-350
-315
-338
-374
-377
-344
-278
-197
-101
-11
50
92
139
187
251
327
404
479
514
501
462
449
455
539
588
576
478
405
362
347
379
370
355
269
233
198
172
131
99
100
137
140
97
33
-5
4
42
117
134
96
57
19
57
106
114
91
40
7
-18
-27
-72
-118
-199
-232
-246
-284
-318
-456
-468
-523
-495
-538
-587
-626
-662
-641
-642
-624
-647
-649
-650
-609
-500
-284
-128
-108
-156
-137
30
195
324
379
427
440
422
441
482
498
463
434
433
388
270
155
69
43
37
-4
-73
-188
-281
-343
-340
-301
-274
-287
-319
-322
-280
-230
-177
-116
-39
31
80
116
150
190
249
309
385
407
413
394
375
388
389
452
509
474
413
352
287
289
282
311
312
295
209
113
75
86
106
122
112
95
42
-15
-9
16
88
93
105
65
52
25
44
67
90
96
47
18
-62
-82
-121
-122
-136
-162
-225
-296
-350
-395
-407
-409
-402
-431
-459
-515
-527
-512
-495
-461
-464
-461
-469
-467
-426
-355
-206
-63
-21
-53
-73
23
156
267
330
355
360
340
317
333
348
352
332
306
278
202
106
28
12
22
9
-38
-110
-180
-228
-232
-197
-153
-146
-160
-163
-141
-104
-70
-18
34
91
131
161
184
200
227
255
306
351
360
376
345
379
411
450
446
379
368
330
373
352
377
319
274
226
175
185
153
145
95
100
72
59
29
19
19
24
48
45
40
5
-13
-5
12
27
1
-36
-76
-101
-114
-143
-146
-179
-202
-244
-284
-316
-350
-358
-354
-353
-357
-394
-418
-428
-429
-402
-399
-375
-389
-397
-393
-345
-228
-85
-4
-33
-66
-13
96
196
262
299
308
287
281
282
298
292
282
269
252
208
120
39
1
14
21
-7
-59
-120
-174
-190
-167
-118
-93
-107
-115
-105
-77
-55
-28
34
84
126
135
136
144
163
203
283
316
336
306
297
308
341
370
348
355
323
314
309
298
256
231
186
195
167
143
94
43
55
44
76
41
21
1
-11
13
14
37
32
28
12
5
-13
-26
-34
-43
-24
-54
-74
-141
-148
-189
-186
-205
-209
-230
-270
-300
-338
-306
-317
-280
-318
-307
-340
-348
-351
-349
-310
-301
-280
-282
-270
-252
-215
-153
-77
-11
18
21
24
62
123
183
216
219
223
188
194
168
182
178
163
151
103
70
9
-18
-27
-12
-13
-30
-71
-101
-111
-96
-57
-37
-24
-37
-38
-15
4
41
54
102
144
157
153
159
207
217
244
260
302
317
326
292
267
278
296
318
306
283
223
178
142
147
152
144
114
66
51
20
12
-12
2
13
8
-12
-41
-61
-66
-67
-57
-36
-63
-80
-132
-133
-157
-141
-155
-164
-178
-212
-234
-252
-250
-255
-242
-250
-240
-279
-288
-309
-288
-272
-269
-270
-286
-277
-274
-261
-231
-199
-170
-159
-125
-61
-15
14
15
44
92
137
159
167
158
170
158
170
173
158
140
100
98
83
76
43
10
11
9
9
2
-10
-19
-24
-12
14
40
43
41
42
66
90
129
153
150
177
171
192
190
213
234
265
298
294
283
245
249
257
307
290
265
214
175
178
160
169
132
122
85
74
56
33
26
11
33
23
20
-21
-47
-55
-52
-26
-42
-47
-86
-105
-122
-125
-137
-154
-159
-183
-183
-195
-214
-230
-245
-233
-223
-224
-232
-252
-246
-247
-231
-240
-236
-235
-232
-209
-205
-191
-184
-153
-138
-120
-103
-82
-43
-15
22
45
56
68
82
105
123
140
152
147
145
141
134
135
133
144
146
142
137
118
124
140
159
185
186
191
174
180
199
209
225
241
240
232
238
230
240
235
253
247
235
218
192
192
176
184
159
153
129
115
91
71
47
38
31
20
7
-51
-77
-119
-118
-127
-132
-151
-202
-222
-258
-250
-250
-263
-250
-284
-273
-289
-281
-291
-298
-261
-263
-236
-269
-275
-274
-261
-216
-214
-212
-209
-205
-186
-164
-144
-137
-131
-115
-80
-56
-49
-57
-68
-45
-8
36
36
21
2
14
31
52
55
48
47
46
56
54
50
45
56
75
101
110
100
90
91
127
165
188
205
194
200
205
241
265
281
282
276
278
265
274
277
270
279
278
265
239
212
197
199
201
191
172
141
117
90
79
63
61
38
23
0
-24
-49
-85
-97
-110
-97
-118
-139
-159
-189
-187
-195
-185
-186
-190
-196
-199
-190
-182
-177
-184
-185
-182
-186
-179
-178
-172
-171
-171
-162
-177
-161
-165
-148
-147
-152
-138
-123
-106
-101
-101
-96
-70
-65
-46
-45
-28
-22
-11
1
8
17
19
31
42
54
45
42
37
42
55
56
58
52
42
47
47
63
72
83
83
81
85
103
116
133
147
155
159
163
168
186
205
221
214
217
222
210
216
219
226
226
215
214
208
213
214
198
185
161
164
149
140
111
88
76
57
46
25
10
-12
-28
-37
-41
-55
-64
-84
-109
-113
-115
-125
-127
-136
-136
-134
-132
-120
-128
-122
-127
-122
-110
-131
-123
-144
-133
-113
-105
-107
-132
-136
-123
-114
-102
-101
-117
-101
-116
-95
-103
-95
-91
-88
-68
-67
-60
-68
-46
-37
-19
-22
-16
-2
15
35
39
34
26
33
43
51
54
46
48
43
35
41
43
40
43
44
50
47
39
44
49
64
67
86
75
74
79
80
110
115
138
139
133
139
132
152
149
154
156
159
162
152
152
154
154
151
149
134
138
113
110
102
102
95
68
57
36
34
15
7
-11
-23
-34
-58
-76
-91
-96
-102
-113
-133
-135
-129
-125
-120
-126
-124
-129
-139
-128
-126
-106
-101
-80
-82
-106
-118
-114
-101
-83
-92
-98
-95
-110
-98
-119
-114
-110
-95
-76
-82
-91
-96
-97
-84
-61
-53
-43
-63
-67
-64
-47
-13
-13
9
-4
8
6
12
22
20
46
36
52
29
21
12
23
29
34
32
12
4
-15
2
7
20
14
19
20
13
25
25
42
52
67
72
76
74
71
74
86
103
111
120
103
99
89
98
108
110
110
96
97
91
94
84
75
68
65
66
46
29
18
11
7
-6
-19
-32
-44
-63
-67
-58
-49
-66
-55
-67
-51
-39
-65
-61
-82
-51
-46
-35
-41
-66
-65
-76
-44
-47
-34
-48
-46
-63
-55
-58
-64
-56
-58
-34
-48
-45
-78
-68
-60
-38
-26
-37
-33
-48
-38
-26
-15
3
8
9
3
2
10
23
41
53
61
47
30
18
34
59
77
56
51
25
13
17
18
28
28
32
22
26
16
8
12
26
36
41
36
26
20
23
48
44
54
47
43
47
36
52
48
62
60
62
55
47
40
39
46
40
46
34
33
11
2
5
2
24
-11
-24
-37
-44
-31
-42
-29
-42
-28
-33
-24
-40
-46
-40
-28
-5
-5
-5
-32
-33
-37
-15
-3
-5
-12
-21
-23
-27
-14
-14
-9
-14
-22
-18
-30
-26
-12
-1
15
-4
-4
-37
-41
-28
-18
10
3
-13
-12
-14
-3
2
4
15
14
20
3
-2
-4
1
16
12
14
7
1
3
1
10
17
20
9
5
-16
-13
-8
5
5
-10
-21
-31
-18
-17
-1
-12
-1
-11
-23
-20
-30
-22
-15
-7
-13
-21
-33
-34
-49
-40
-46
-27
-21
-24
-28
-43
-37
-27
-11
-12
-14
-21
2
-12
-4
-18
-19
-11
-22
-16
-53
-37
-52
-34
-28
-31
-21
-38
-37
-49
-36
-27
-8
-19
-11
-24
-27
-34
-45
-16
-16
1
-7
-21
-20
-21
-8
0
4
8
9
0
-5
-15
-11
-10
-1
3
-11
-17
-32
-26
-10
0
-1
-6
-12
-27
-41
-22
-6
8
11
5
-8
-32
-16
-17
11
26
12
13
-14
-17
-10
-6
14
13
9
-2
-16
-15
-16
-4
-1
-4
-12
-29
-40
-43
-29
-12
-10
-13
-32
-44
-39
-22
-4
4
3
-3
-12
-4
-8
7
7
27
35
20
12
-11
1
10
20
20
10
-5
-7
-14
-11
-5
-5
2
-11
-7
-24
-27
-34
-15
1
8
0
-8
-11
-7
12
11
16
8
11
9
9
7
5
4
9
13
13
14
11
4
13
28
41
38
20
15
7
12
13
16
17
11
4
-11
-2
-3
-1
10
12
18
13
10
5
13
32
43
40
25
8
9
14
26
36
37
32
22
6
12
9
21
32
38
43
25
21
8
15
26
38
34
29
13
13
14
14
18
16
18
5
14
-5
-9
-3
-3
13
22
25
23
15
18
19
25
32
31
26
16
14
14
14
11
7
11
18
21
7
1
2
11
17
23
21
19
11
4
10
13
20
15
13
8
10
6
-1
-3
2
8
13
12
5
10
5
10
16
21
21
20
22
26
19
17
23
22
33
33
28
17
16
18
21
27
24
22
17
14
19
24
37
31
21
20
22
34
27
21
20
21
33
31
20
15
17
21
25
24
26
19
17
7
11
18
23
27
19
12
5
-4
-5
-2
-3
4
-3
-6
-17
-15
-21
-19
-14
-5
-1
-13
-13
-13
-13
-21
-18
-15
-14
-14
-20
-16
-18
-15
-13
-11
-15
-19
-21
-23
-17
-13
-5
-5
-6
-12
-24
-26
-17
-7
4
10
3
-7
-18
-25
-13
-9
6
13
7
11
-1
-1
-8
4
11
4
-6
-9
1
-10
-13
-6
-10
1
2
5
4
5
15
17
23
24
22
19
19
20
22
21
23
20
20
25
21
18
14
20
20
20
26
26
25
23
18
19
17
21
23
25
21
14
5
2
4
13
18
19
17
11
7
-1
11
16
19
18
9
3
-4
-7
-10
2
10
8
6
-1
-7
-18
-14
1
13
8
-5
-27
-32
-21
-9
4
-1
-1
-9
-14
-16
-14
-6
5
8
7
-10
-23
-24
-20
-4
2
3
-1
-10
-14
-13
-10
-3
-1
8
10
-2
-12
0
1
2
2
-2
-6
-11
-8
-6
6
7
11
7
1
-1
-4
-4
2
8
7
9
-2
-2
-1
2
16
18
16
12
15
7
9
7
8
8
2
8
6
3
4
12
20
19
17
15
11
13
11
10
19
20
17
12
1
-3
2
9
9
7
-1
-3
-4
-3
0
-5
-3
-7
-5
-8
-6
-10
-13
-9
-5
-4
-12
-15
-15
-4
-3
-1
-9
-14
-17
-16
-11
-4
-7
-9
-13
-21
-21
-20
-14
-14
-8
-10
-11
-20
-21
-20
-18
-12
-11
-19
-23
-26
-28
-20
-17
-9
-8
-9
-8
-15
-14
-14
-11
-4
-3
-6
-14
-10
-5
-5
-2
-3
-3
0
-6
-10
-15
-16
-16
-14
-11
-20
-17
-17
-18
-14
-16
-13
-12
-14
-8
-14
-10
-15
-13
-3
-4
-2
0
-1
5
3
-9
-1
-1
-3
-3
-1
-2
-6
-3
-7
-11
-13
-10
-8
-5
-13
-17
-23
-25
-18
-16
-13
-12
-17
-20
-25
-20
-19
-15
-11
-13
-16
-22
-19
-14
-10
1
5
4
1
-6
-5
-5
0
5
10
8
-2
-4
1
1
5
3
3
-5
-7
-2
-7
-6
-5
1
2
3
5
2
10
11
12
13
12
11
5
1
1
5
8
6
5
8
1
2
-2
0
4
9
12
6
7
1
0
5
9
17
16
13
10
5
3
0
2
3
7
14
14
10
11
10
19
23
28
33
18
14
10
15
25
25
26
18
17
15
13
15
13
15
12
11
9
7
4
6
12
13
14
16
11
5
6
7
15
16
16
17
8
3
7
8
16
18
20
25
19
18
14
19
20
28
34
33
29
19
9
13
31
27
18
12
4
-3
-5
2
12
25
25
14
6
-1
0
7
11
21
20
11
3
-7
0
8
18
24
25
20
14
13
11
17
24
25
22
19
10
8
11
15
22
25
19
6
6
3
3
9
9
6
12
20
12
1
8
15
24
27
21
15
11
16
17
20
19
15
13
12
14
13
7
15
16
18
18
10
11
11
18
23
22
18
11
9
8
11
16
12
12
10
12
12
11
12
13
15
17
18
12
12
15
18
20
17
8
6
18
16
18
17
17
11
4
7
4
7
8
10
9
0
1
0
6
8
7
7
7
6
2
-2
3
10
10
13
8
5
5
6
10
10
17
17
14
5
2
4
6
6
0
-5
-4
-1
-4
-9
-16
-9
-7
-9
0
-4
-15
-11
1
2
2
0
6
7
5
1
5
8
6
6
1
0
0
2
2
2
2
2
2
0
-1
0
-2
-5
-8
-9
-8
-6
-7
-10
-6
-4
-5
-8
-16
-14
-15
-11
-6
-12
-13
-15
-4
-4
-9
-9
-5
-3
-3
8
5
-3
-5
-2
-1
0
1
-3
-2
0
-6
-4
-5
-5
-1
-5
-4
-7
-9
-5
-6
-1
-2
-2
-1
-1
3
4
7
8
11
13
12
10
12
14
16
16
12
13
10
15
19
13
17
11
14
15
17
18
14
17
19
19
17
16
19
17
20
21
22
26
28
28
27
24
25
21
21
27
29
28
26
23
17
18
18
20
25
22
17
17
16
15
14
15
18
19
16
12
10
11
15
21
23
22
19
15
10
9
11
13
18
27
14
14
17
10
12
15
16
11
12
10
11
17
11
10
10
7
9
5
6
6
12
11
10
11
6
6
7
16
19
18
17
11
9
9
6
7
10
13
14
12
10
10
9
12
15
15
12
9
3
1
-2
4
4
4
13
3
-6
-1
1
3
3
4
4
2
1
-1
1
3
5
4
4
4
1
-3
0
4
7
8
7
4
5
5
5
5
9
9
5
9
4
6
4
8
9
7
7
1
7
9
8
11
3
7
6
2
5
9
10
4
6
11
12
14
15
13
15
13
17
13
16
15
16
18
17
19
18
19
20
21
21
22
20
19
19
21
21
23
23
19
18
18
20
19
18
20
18
14
9
10
11
12
9
12
11
16
17
14
9
14
15
12
19
18
21
26
27
21
18
23
20
28
31
23
23
25
22
21
16
14
14
15
16
16
13
13
17
16
15
14
10
11
15
11
11
13
13
15
14
14
13
12
12
12
8
7
12
6
6
12
12
11
4
6
9
-2
1
6
6
0
-2
-3
-7
-6
-4
-2
-3
-2
-3
-2
4
2
2
8
8
10
10
6
5
2
4
3
6
4
5
4
-1
0
1
0
3
1
2
4
-2
3
2
2
2
-2
2
1
2
4
2
8
7
13
14
11
14
12
8
9
6
10
11
14
12
10
12
13
16
14
13
15
11
16
14
14
8
7
9
7
10
10
8
8
8
9
6
8
5
1
6
11
12
20
17
16
15
16
24
24
28
26
30
30
27
29
31
40
28
29
31
17
20
17
13
12
15
16
12
18
13
11
16
17
18
19
17
18
20
23
19
18
23
23
26
23
29
28
30
33
28
29
30
28
28
28
28
29
28
31
26
32
26
21
24
21
23
15
16
18
23
27
23
18
18
26
27
30
29
25
28
26
25
25
26
28
30
30
34
31
29
27
29
31
33
36
31
32
28
30
31
29
30
29
28
29
23
22
20
20
21
23
23
20
19
24
23
25
27
27
23
19
23
20
19
21
16
16
16
15
15
9
10
11
13
9
7
6
9
9
8
9
9
6
7
5
7
7
6
6
4
6
5
3
3
3
1
3
1
4
4
1
2
-2
-3
-3
-5
-3
-7
-6
-10
-8
-5
-11
-10
-12
-14
-19
-10
-10
-11
-3
-6
-9
-9
-9
-9
-9
-9
-10
-10
-8
-10
-10
-13
-5
-3
-6
-2
-3
-5
-4
-4
-2
-6
-8
-10
-10
-9
-11
-8
-4
-5
-6
-9
-8
-9
-9
-10
-14
-12
-12
-11
-13
-14
-6
-6
-8
-8
-12
-8
-19
-14
-1
-8
-12
-15
-12
-9
-8
-7
-10
-7
-7
-6
-5
-8
-7
-7
-8
-5
-7
-11
-13
-13
-15
-15
-13
-16
-11
-12
-16
-16
-17
-12
-13
-14
-10
-14
-13
-13
-12
-7
-8
-14
-13
-12
-9
-18
-15
-8
-7
-6
-8
-5
-10
-9
-6
-13
-16
-20
-17
-17
-18
-18
-21
-17
-20
-17
-17
-20
-18
-20
-18
-20
-22
-23
-24
-24
-24
-27
-25
-21
-23
-18
-19
-19
-18
-19
-21
-18
-16
-20
-15
-16
-17
-18
-18
-18
-20
-21
-21
-25
-26
-26
-23
-15
-13
-22
-23
-23
-23
-27
-26
-28
-28
-28
-27
-21
-21
-24
-25
-20
-22
-21
-19
-20
-18
-21
-20
-22
-21
-16
-17
-15
-15
-13
-14
-14
-14
-16
-17
-15
-17
-16
-14
-13
-12
-14
-8
-9
-9
-10
-10
-2
-9
-13
-15
-16
-7
-13
-4
-2
-14
-14
-9
1
-3
-2
-3
-4
-3
-4
-3
-6
-6
-2
-5
-2
-4
-8
-5
-9
-4
0
-4
-4
-4
-1
0
-4
-2
-2
-4
-2
-2
-2
-3
1
-2
-4
-5
-5
-3
1
-1
0
-2
1
2
-5
-2
-7
-3
-7
-6
-3
-8
-5
-6
-4
-4
-3
-1
-1
-4
-4
-5
-4
-8
-5
-7
-7
-9
-13
-10
-8
-9
-5
-9
-9
-7
-12
-10
-12
-10
-10
-12
-13
-11
-12
-16
-16
-19
-17
-14
-19
-13
-15
-23
-19
-20
-22
-24
-29
-22
-23
-28
-23
-23
-26
-21
-19
-22
-20
-22
-18
-14
-15
-19
-15
-12
-16
-17
-20
-20
-20
-21
-24
-19
-20
-21
-21
-22
-23
-26
-25
-26
-28
-26
-23
-22
-22
-22
-22
-24
-22
-24
-25
-26
-27
-20
-23
-24
-20
-17
-11
-16
-14
-12
-9
-16
-16
-11
-8
-15
-19
-18
-16
-14
-16
-16
-15
-15
-15
-13
-15
-16
-14
-15
-14
-13
-12
-12
-13
-10
-14
-14
-16
-18
-14
-14
-11
-11
-14
-15
-14
-16
-13
-13
-8
-11
-17
-13
-14
-8
-14
-18
-9
-11
-9
-11
-9
-8
-10
-9
-7
-4
-11
-14
-12
-10
-11
-11
-11
-14
-13
-8
-11
-13
-12
-13
-10
-12
-12
-14
-14
-11
-14
-10
-11
-11
-10
-8
-6
-9
-9
-7
-10
-6
-9
-8
-5
-4
-3
-10
-8
-1
-1
-2
-1
-4
-3
-5
0
4
6
11
0
8
5
-3
-3
-2
-4
-3
-1
-4
0
-1
-3
-2
3
5
3
2
1
3
5
2
3
2
2
2
4
8
4
5
8
6
4
4
-2
1
1
6
6
4
6
3
8
10
7
6
7
5
1
4
4
4
14
14
10
1
4
7
6
7
4
5
3
4
2
0
1
0
2
5
6
2
1
-1
1
4
3
0
3
4
4
5
3
6
4
0
5
4
4
6
4
5
4
4
4
1
10
11
4
-1
1
5
0
-2
2
-4
-8
-6
-5
-3
-4
-1
-2
-5
-3
-3
-1
-3
-4
-2
-3
0
1
1
-2
-5
-5
-2
-1
-3
-1
-2
-1
-1
-3
-6
-5
-6
-4
-8
-7
-6
-8
-7
-10
-12
-14
-12
-15
-11
-13
-14
-13
-11
-13
-10
-18
-15
-16
-15
-5
-16
-14
-10
-4
-7
-9
-3
-5
-5
-8
-9
-4
-6
-9
-10
-13
-9
-10
-12
-11
-9
-13
-9
-12
-13
-9
-13
-16
-16
-19
-15
-11
-13
-9
-9
-9
-9
-15
-13
-16
-14
-9
-10
-8
-13
-8
-5
-2
-3
-8
0
-2
-12
-5
3
-2
-9
-5
-6
-7
-7
-8
-7
-4
-3
-6
-4
-2
-4
-5
-3
-2
-1
-2
-1
0
2
2
-2
-3
-3
-4
2
0
0
2
2
2
2
5
3
1
1
-2
-6
-7
-7
0
-2
0
1
-3
1
0
5
-1
2
7
-1
0
-3
0
0
2
5
4
5
4
2
5
1
3
4
4
10
6
4
4
4
3
4
5
3
5
3
4
5
7
7
8
6
5
9
14
15
12
14
14
18
20
16
18
17
17
17
21
18
28
25
19
25
24
17
15
15
13
14
11
15
19
16
10
12
15
13
14
17
18
17
17
17
14
14
17
18
18
18
21
22
26
25
19
17
14
19
18
18
21
19
21
16
15
21
10
8
8
9
6
1
5
0
14
15
1
-1
1
5
7
7
4
2
4
0
-1
0
-1
2
-1
1
5
0
-3
-4
-3
-1
0
-2
-5
-3
-5
-7
-6
-10
-11
-16
-15
-11
-12
-12
-18
-18
-15
-17
-15
-14
-13
-16
-17
-15
-11
-13
-14
-21
-16
-15
-23
-18
-21
-18
-16
-15
-12
-17
-17
-22
-20
-22
-20
-18
-22
-21
-21
-23
-21
-21
-20
-21
-21
-15
-17
-16
-15
-14
-13
-11
-13
-15
-13
-11
-10
-11
-11
-10
-12
-19
-17
-16
-12
-17
-21
-17
-16
-19
-22
-22
-24
-21
-26
-22
-20
-23
-20
-16
-15
-20
-17
-18
-13
-13
-15
-15
-15
-15
-20
-21
-20
-14
-17
-20
-19
-21
-18
-18
-18
-17
-23
-22
-26
-28
-25
-28
-22
-26
-27
-23
-27
-26
-27
-24
-23
-29
-27
-24
-28
-28
-29
-22
-22
-23
-26
-24
-22
-30
-24
-21
-22
-28
-27
-25
-25
-22
-23
-22
-22
-22
-21
-21
-22
-23
-25
-25
-23
-21
-22
-24
-23
-25
-25
-27
-28
-25
-25
-24
-21
-23
-23
-24
-23
-23
-19
-15
-15
-18
-16
-17
-22
-23
-24
-18
-17
-14
-13
-12
-8
-8
-6
-11
-10
-13
-17
-17
-19
-16
-17
-12
-14
-13
-11
-14
-11
-13
-13
-14
-15
-14
-16
-16
-15
-17
-15
-17
-17
-16
-18
-17
-16
-15
-13
-17
-15
-15
-13
-13
-12
-9
-12
-11
-9
-11
-8
-9
-10
-12
-10
-15
-14
-12
-3
-8
-14
-5
-11
-16
-17
-17
-18
-17
-13
-15
-13
-12
-14
-11
-11
-9
-10
-10
-9
-12
-10
-11
-11
-14
-11
-10
-8
-7
-6
-3
-5
-5
-6
-10
-8
-7
-6
-4
-6
-3
-3
-4
-4
-1
-2
-6
-4
-6
-9
-10
-19
-12
-3
-1
-2
-7
-8
-4
-3
-6
-4
-7
-5
-4
-6
-6
-9
-7
-7
-9
-10
-10
-12
-12
-11
-7
-10
-10
-8
-11
-8
-10
-9
-10
-10
-11
-10
-8
-8
-7
-9
-8
-7
-4
-5
-6
-4
0
3
-4
-3
-11
-13
-8
-8
-13
-16
-10
-17
-15
-11
-12
-13
-16
-14
-12
-14
-15
-17
-16
-14
-16
-16
-17
-17
-16
-18
-15
-16
-19
-17
-18
-18
-17
-16
-16
-17
-19
-22
-21
-18
-23
-21
-21
-22
-27
-28
-25
-26
-26
-34
-31
-30
-30
-25
-27
-28
-29
-31
-23
-23
-30
-28
-22
-20
-19
-18
-19
-17
-16
-19
-16
-15
-14
-17
-17
-16
-15
-17
-22
-18
-19
-19
-18
-19
-20
-20
-20
-21
-26
-26
-22
-20
-14
-15
-16
-17
-16
-16
-18
-17
-17
-18
-16
-17
-14
-12
-8
-7
-9
-7
-6
-10
-14
-4
-3
-10
-7
-5
-7
-11
-10
-8
-10
-6
-5
-6
-6
-7
-4
-5
-8
-4
-3
-3
-1
-3
-1
-3
-1
-5
-4
-3
0
2
0
1
-1
-2
0
4
3
6
6
4
-3
-1
6
4
3
4
3
6
3
11
9
6
7
11
8
2
3
0
2
8
4
7
7
6
7
9
9
8
8
8
12
9
8
9
8
5
6
6
4
2
3
4
2
4
5
0
2
2
5
2
5
2
-1
4
4
7
8
3
5
6
5
6
2
10
3
-3
3
3
5
2
-2
-4
-4
-8
-3
-1
-5
-4
-3
-4
-6
-4
-6
-6
-8
-9
-11
-8
-9
-10
-8
-6
-3
-2
-3
-1
-3
-3
-4
-8
-8
-7
-5
-8
-6
-5
-6
-4
-5
-4
-3
-4
-4
-9
-11
-14
-11
4
-2
-6
-6
-2
1
1
2
-1
-1
-1
0
1
-6
1
0
-1
2
2
-1
-5
-4
-5
-3
0
-2
-1
-3
-2
-2
-3
-3
-7
-2
-2
-3
-2
-2
-5
-3
-7
-6
-7
-9
-4
-10
-8
-6
-4
-5
-9
-11
-8
-15
-15
-13
-14
-5
-7
-8
-9
-7
-10
-7
-9
-11
-7
-9
-4
-8
-8
-8
-14
-10
-10
-5
-5
-7
-6
-5
-8
-7
-9
-9
-8
-9
-9
-10
-9
-8
-8
-7
-12
-13
-12
-9
-11
-17
-18
-20
-19
-15
-12
-10
-10
-11
-17
-17
-15
-16
-14
-11
-11
-10
-9
-9
-6
-5
-8
-10
-8
-12
-14
-12
-16
-14
-9
-13
-15
-14
-12
-13
-11
-12
-13
-17
-16
-15
-16
-13
-15
-12
-10
-11
-9
-9
-10
-11
-12
-10
-13
-11
-8
-12
-14
-8
-3
-6
-10
-2
-8
-10
-4
-1
-2
-8
-8
-9
-6
-6
-4
-2
-5
-4
-3
-2
-4
-2
-3
1
0
1
0
-3
-1
0
1
-2
-1
-2
-2
2
1
0
-3
-1
-3
-3
3
0
1
2
0
3
-5
-1
3
-4
-5
-5
5
2
1
3
2
5
5
0
1
-1
-2
1
2
0
-1
4
-1
1
2
-1
2
0
1
4
1
-2
-3
-2
-2
-6
-3
-4
-3
-6
-5
-4
-4
-7
-4
-4
-2
-3
-1
0
1
4
0
4
4
2
2
1
3
3
2
0
10
4
2
3
-5
-4
-4
-5
-9
-8
-6
-9
-5
-3
-8
-5
-6
-5
-6
-8
-6
-7
-5
-7
-8
-6
-8
-1
-5
-3
2
1
1
-2
-1
-1
-2
0
-2
-2
1
-1
4
-1
0
-3
-3
0
-4
-8
-11
-12
-10
-3
-2
-1
-3
-8
-5
-1
-5
-4
-5
-6
-6
-7
-6
-8
-5
-4
-5
-4
-3
-4
-6
-6
-6
-5
-3
-6
-7
-4
-6
-3
-6
-10
-7
-12
-10
-10
-13
-10
-13
-11
-11
-16
-12
-14
-11
-4
-4
-5
-13
-11
-13
-13
-10
-19
-14
-12
-16
-10
-12
-9
-13
-13
-10
-12
-14
-17
-12
-13
-13
-14
-12
-12
-13
-14
-12
-9
-10
-9
-9
-9
-8
-9
-8
-8
-8
-6
-3
-5
-6
-4
-6
-3
-4
-7
-3
-10
-8
-8
-7
-10
-10
-3
-3
-3
-5
-6
-13
-5
1
-3
0
0
6
4
5
8
8
9
6
6
9
8
5
6
4
7
5
8
9
8
9
9
11
9
8
5
3
6
4
6
10
8
12
11
11
8
4
5
7
7
8
7
12
9
8
13
11
18
15
18
7
1
15
13
12
9
9
9
9
12
6
9
11
13
11
12
13
7
8
13
11
13
13
10
11
11
13
10
8
9
9
12
13
13
13
9
11
10
13
16
13
12
11
5
10
15
9
2
3
10
8
13
15
15
14
13
17
8
8
4
5
10
8
9
7
5
8
7
5
7
7
7
6
8
8
2
1
1
3
4
0
4
4
4
4
4
4
4
4
2
3
2
4
6
3
0
1
5
6
0
1
3
1
3
-1
0
8
-2
-6
-4
-8
-3
-5
-11
-15
-16
-13
-8
-11
-11
-12
-12
-11
-12
-12
-13
-12
-11
-14
-14
-14
-15
-14
-15
-14
-11
-9
-10
-11
-14
-15
-17
-17
-16
-16
-18
-17
-15
-14
-15
-20
-16
-17
-17
-15
-19
-21
-25
-27
-17
-13
-16
-22
-24
-19
-16
-14
-18
-20
-19
-19
-20
-21
-18
-21
-21
-22
-24
-21
-23
-23
-22
-23
-19
-24
-24
-19
-21
-20
-22
-21
-22
-22
-20
-23
-24
-26
-29
-25
-27
-25
-25
-28
-22
-29
-21
-18
-24
-22
-28
-30
-29
-27
-30
-32
-29
-32
-31
-31
-33
-30
-31
-33
-33
-31
-34
-32
-32
-32
-31
-30
-29
-31
-30
-31
-30
-33
-27
-32
-29
-27
-30
-27
-29
-27
-28
-32
-25
-26
-29
-27
-31
-30
-31
-31
-30
-30
-29
-34
-35
-33
-27
-28
-33
-27
-28
-30
-30
-30
-30
-28
-25
-25
-23
-24
-21
-14
-19
-16
-17
-13
-18
-16
-15
-16
-17
-18
-18
-17
-16
-15
-13
-14
-15
-18
-15
-19
-19
-18
-16
-12
-13
-13
-10
-13
-10
-11
-14
-10
-12
-9
-8
-8
-6
-8
-2
-3
-1
3
0
-5
-11
-2
0
-7
-8
-5
-6
-3
-7
-6
-1
-2
1
-3
-4
1
-1
-2
0
3
4
4
0
1
-1
0
3
2
1
3
3
6
4
5
4
2
5
5
3
5
6
6
3
4
6
2
0
-2
0
3
2
6
7
7
13
10
7
9
6
6
11
11
9
7
8
8
9
8
9
7
9
11
8
9
7
6
8
8
8
7
9
8
8
7
9
10
8
9
10
7
10
13
10
9
10
14
13
13
14
12
14
14
14
12
13
21
13
20
19
10
10
10
12
7
8
9
11
11
6
10
11
10
11
11
10
7
12
10
9
11
9
13
12
15
14
12
18
15
16
13
10
12
11
12
14
15
16
15
14
16
10
16
16
12
11
5
4
5
12
13
12
10
9
12
11
13
14
9
11
12
14
12
12
14
11
13
13
12
11
10
11
10
9
10
8
8
11
-5
10
16
7
-3
2
12
-3
3
3
2
3
2
0
4
4
4
0
6
4
3
4
-1
5
-6
-4
-2
-8
-6
-5
1
2
3
1
-1
-2
-3
-5
0
-1
-2
-3
-2
-2
-3
-4
-5
-1
2
0
-1
-1
-1
0
-1
-3
-5
-4
-4
-2
-4
-4
-5
-7
-9
-8
-9
-11
-10
-12
-12
-17
-14
-12
-11
-14
-15
-16
-18
-8
-15
-17
-13
-13
-12
-8
-7
-8
-8
-8
-8
-8
-9
-12
-12
-10
-9
-10
-13
-15
-10
-12
-14
-11
-12
-14
-13
-18
-13
-18
-19
-13
-16
-12
-13
-10
-13
-16
-13
-14
-15
-15
-12
-13
-12
-15
-13
-11
-5
-4
-4
-7
-20
-14
-8
-9
-15
-11
-13
-18
-12
-9
-10
-7
-5
-10
-9
-7
-10
-11
-10
-8
-7
-11
-11
-11
-12
-9
-10
-11
-10
-11
-9
-7
-6
-9
-10
-8
-11
-6
-5
-12
-6
-6
-9
-10
-11
-4
-14
-13
-10
-7
-6
-5
-3
-1
-5
1
1
-6
-5
-8
-5
-3
-2
-3
-3
-2
-2
-2
-2
-2
-3
0
3
3
-1
1
-3
-3
-1
2
1
1
2
2
0
2
5
6
6
3
5
3
10
14
11
10
12
18
15
17
17
15
19
18
20
21
22
14
16
26
17
15
15
13
11
16
15
13
17
18
17
18
16
19
16
16
19
16
19
19
20
20
21
27
27
30
29
29
29
26
27
27
26
27
27
26
25
28
29
29
28
26
24
29
25
25
21
15
15
25
33
23
19
21
25
26
26
25
23
27
26
24
23
23
25
25
25
24
23
22
23
23
26
25
23
24
24
24
29
28
27
23
24
25
28
27
25
23
24
24
25
23
23
26
25
29
24
29
28
27
24
26
23
22
26
20
20
22
21
25
21
20
22
21
23
19
20
21
19
19
20
24
19
20
24
23
20
20
20
19
16
19
19
18
19
17
21
17
17
20
16
13
12
10
15
10
12
12
14
11
8
10
5
7
4
5
3
10
8
6
11
14
15
11
11
16
18
14
10
14
14
13
10
7
8
11
8
11
7
11
8
7
8
5
7
3
3
4
3
5
7
10
12
7
7
7
5
7
6
7
7
6
9
6
7
12
14
12
13
16
7
3
16
14
6
6
6
5
5
4
5
8
7
12
7
5
9
6
7
9
9
13
8
8
10
8
7
8
9
7
6
6
8
6
6
6
6
6
12
12
9
11
9
10
11
6
4
2
7
11
10
14
12
17
16
15
14
9
12
9
12
10
12
13
10
12
11
11
13
9
9
7
10
10
9
8
5
6
6
6
9
7
6
9
7
8
8
8
10
10
8
12
17
13
8
12
14
14
10
8
11
9
7
9
8
14
16
11
14
12
5
1
-2
-1
1
-1
3
4
4
3
3
5
1
3
4
3
6
3
1
3
1
1
2
6
4
4
7
5
3
2
-1
2
0
-1
1
1
2
4
4
2
1
0
-3
2
4
-4
-6
-10
-2
-2
2
8
-1
-3
-2
3
2
1
-2
0
-4
-3
-6
-5
-2
-5
-7
-2
-3
-9
-5
-7
-8
-9
-12
-6
-8
-7
-6
-10
-6
-11
-11
-12
-11
-9
-8
-10
-11
-9
-10
-14
-10
-7
-11
-5
-4
-8
-9
-13
-17
-19
-17
-16
-21
-19
-18
-18
-17
-18
-16
-16
-17
-17
-18
-20
-20
-19
-23
-20
-18
-19
-22
-21
-17
-17
-17
-17
-18
-16
-17
-16
-15
-18
-18
-18
-16
-18
-17
-18
-19
-18
-25
-26
-21
-22
-25
-28
-29
-24
-22
-24
-26
-32
-28
-30
-29
-23
-31
-29
-22
-20
-22
-21
-22
-20
-19
-22
-19
-19
-19
-23
-23
-23
-21
-20
-25
-22
-20
-22
-20
-22
-24
-23
-28
-29
-27
-30
-28
-29
-25
-26
-25
-24
-29
-24
-26
-30
-28
-28
-26
-29
-28
-27
-25
-23
-25
-23
-22
-23
-30
-28
-22
-29
-32
-28
-29
-30
-28
-29
-30
-26
-26
-30
-27
-29
-29
-29
-30
-27
-27
-27
-28
-31
-29
-28
-28
-28
-29
-25
-26
-24
-23
-26
-25
-22
-19
-18
-18
-18
-19
-22
-15
-22
-21
-23
-29
-21
-21
-14
-19
-17
-12
-15
-12
-11
-8
-12
-20
-17
-16
-14
-15
-16
-14
-15
-15
-12
-13
-13
-14
-13
-10
-11
-11
-9
-11
-14
-11
-11
-12
-13
-13
-10
-12
-13
-9
-10
-14
-12
-8
-7
-6
-10
-6
-4
-4
-3
-3
-3
-4
-3
-3
0
2
9
9
-8
2
1
-8
-8
-2
-8
-10
-6
-8
-7
-5
-7
-8
-6
-8
-6
-6
-3
-6
-5
-5
-5
-5
-6
-4
-6
-3
-4
-3
0
-1
0
-2
-1
2
1
3
-1
2
2
2
5
2
2
2
-2
-1
-3
-5
-5
-3
4
2
-1
-7
-3
2
0
0
-2
0
2
1
1
-1
-3
-2
-4
2
-2
-4
-2
-4
-2
-2
0
-1
-4
-3
-2
0
-2
0
-1
-5
-2
-5
-3
-2
-8
-1
-2
-6
-1
-4
-2
-6
0
5
-3
-2
-9
-8
-3
-12
-7
-6
-12
-8
-7
-4
-6
-8
-10
-11
-6
-10
-11
-9
-8
-8
-10
-9
-10
-10
-8
-11
-7
-10
-12
-11
-13
-13
-11
-10
-12
-10
-7
-9
-10
-9
-10
-7
-14
-15
-13
-16
-11
-13
-18
-15
-15
-12
-15
-15
-13
-18
-24
-23
-12
-11
-10
-11
-10
-10
-11
-9
-3
-4
-8
-9
-5
-9
-7
-9
-8
-6
-8
-10
-11
-10
-11
-6
-10
-10
-9
-9
-13
-12
-14
-17
-13
-14
-12
-11
-9
-11
-13
-11
-13
-13
-15
-11
-9
-16
-14
-8
-7
-8
-9
-6
-11
-21
-13
-7
-10
-14
-13
-11
-11
-11
-10
-11
-11
-11
-11
-12
-10
-8
-14
-9
-6
-6
-9
-10
-10
-8
-7
-11
-9
-10
-8
-9
-7
-4
-6
-3
-2
-5
-1
-1
-5
1
-4
-4
-3
-6
-2
-10
-9
-8
-5
1
2
5
1
4
10
3
5
-4
-2
3
1
1
-1
2
-1
0
4
-2
1
2
-1
4
3
1
-1
-1
1
0
1
1
-1
2
2
5
1
2
4
1
3
4
8
6
4
7
10
10
10
14
13
10
7
7
5
9
18
17
7
7
7
4
2
3
0
1
1
2
3
2
-1
2
2
2
2
1
2
0
3
1
-1
0
1
2
5
7
7
6
10
10
5
7
2
6
6
2
8
4
7
7
8
9
3
4
1
0
2
-3
0
5
2
11
9
1
0
8
9
9
7
6
8
7
7
3
4
3
3
4
5
2
3
1
1
3
1
1
1
0
5
0
0
-3
1
0
-3
-1
0
2
1
-4
3
0
-3
1
-2
9
6
1
3
0
-1
-3
-2
0
-9
-8
-8
-5
-5
-6
-3
-5
-1
-6
-7
-6
-7
-8
-10
-10
-8
-10
-10
-11
-12
-7
-8
-7
-10
-4
-4
-10
-7
-5
-6
-5
-7
-5
-7
-8
-8
-9
-8
-10
-7
-9
-7
-10
-17
-12
-11
-12
-15
-19
-15
-14
-23
-14
-9
-15
-9
-8
-10
-13
-8
-6
-5
-3
-7
-6
-2
-4
-8
-7
-8
-4
-5
-5
-5
-6
-6
-7
-7
-9
-12
-13
-13
-11
-14
-12
-9
-7
-5
-6
-7
-7
-11
-13
-10
-11
-8
-10
-8
-8
-9
-2
-5
-4
-2
-4
-8
-16
-4
-9
-10
-11
-14
-12
-12
-8
-12
-13
-11
-9
-8
-11
-8
-9
-14
-12
-9
-10
-11
-11
-11
-9
-11
-12
-11
-12
-10
-10
-8
-7
-8
-10
-7
-7
-7
-3
-4
-4
0
-4
-7
-10
-8
-4
-6
-1
-4
0
1
-2
2
1
5
1
-2
-1
-5
-2
0
-4
-2
-1
3
0
1
1
-1
3
1
2
5
2
1
-1
-2
1
-2
-2
1
2
5
3
4
2
4
3
3
7
7
9
4
9
9
7
8
9
8
7
3
3
7
12
21
15
5
11
7
0
2
8
6
1
3
3
5
3
4
2
2
3
5
4
4
8
5
6
5
6
7
8
10
10
11
12
13
11
10
8
9
8
10
9
11
11
11
14
15
14
11
12
12
9
5
5
4
10
16
18
12
9
11
13
15
12
12
10
11
11
9
8
10
11
8
10
12
12
10
13
10
11
13
8
10
7
7
7
7
8
1
0
3
2
4
3
2
4
2
4
2
8
7
4
6
-1
5
4
-4
1
3
2
-5
-2
-5
-5
2
-2
0
-3
-2
-6
-5
-6
-6
-6
-8
-8
-4
-3
-8
-6
-4
-5
-9
-8
-7
-9
-8
-7
-8
-6
-6
-8
-11
-8
-11
-15
-11
-13
-17
-13
-16
-20
-20
-17
-19
-25
-23
-19
-21
-22
-26
-25
-29
-22
-19
-27
-19
-18
-20
-23
-19
-16
-19
-17
-18
-19
-17
-19
-24
-19
-20
-24
-20
-18
-20
-20
-20
-20
-21
-24
-25
-28
-26
-30
-30
-30
-28
-25
-24
-23
-26
-29
-29
-30
-30
-28
-28
-26
-25
-28
-27
-22
-21
-24
-23
-20
-25
-33
-23
-22
-27
-25
-28
-30
-29
-27
-26
-26
-25
-25
-25
-25
-26
-25
-29
-27
-23
-26
-27
-25
-29
-26
-26
-27
-26
-26
-24
-23
-21
-20
-21
-22
-23
-19
-19
-20
-18
-19
-18
-20
-24
-17
-15
-20
-21
-18
-15
-14
-10
-9
-9
-8
-4
-5
-15
-18
-17
-15
-9
-11
-11
-10
-11
-9
-11
-10
-10
-9
-9
-8
-11
-11
-14
-8
-12
-12
-10
-11
-11
-13
-12
-11
-7
-7
-11
-8
-7
-8
-8
-3
-2
-8
-6
-2
-1
-2
-3
-4
-1
-3
-4
-1
9
1
-4
3
-4
-3
-3
-7
-9
-8
-9
-7
-4
-5
-8
-3
-5
-5
-3
-3
-3
-1
-2
-3
-2
-3
-1
1
0
3
4
4
7
4
5
1
0
0
-4
4
1
2
7
4
2
3
1
-1
-5
-5
-6
-6
-4
-2
10
7
-4
-4
-1
4
4
5
2
0
2
0
0
2
1
-1
0
1
2
1
-2
-3
-1
0
1
-1
-1
0
-2
0
-3
-6
-4
-6
-4
-5
-4
-6
-10
-7
-10
-10
-8
-8
-7
-8
-6
-6
-10
-7
-13
-14
-10
-11
-16
-16
-10
-12
-8
-7
-8
-6
-8
-9
-11
-10
-10
-14
-12
-10
-10
-8
-13
-14
-13
-11
-10
-10
-8
-9
-11
-9
-11
-11
-12
-13
-14
-15
-15
-16
-16
-17
-20
-16
-20
-20
-16
-19
-22
-22
-19
-19
-22
-23
-22
-26
-30
-23
-20
-22
-21
-19
-18
-15
-15
-15
-9
-11
-15
-16
-10
-13
-14
-17
-15
-12
-13
-14
-14
-13
-13
-16
-13
-15
-15
-16
-19
-16
-21
-17
-15
-13
-12
-13
-13
-15
-14
-17
-14
-17
-14
-12
-13
-15
-13
-9
-10
-9
-8
-4
-12
-15
-11
-6
-8
-11
-9
-13
-10
-10
-10
-7
-10
-9
-5
-4
-4
-6
-3
-4
-3
0
-5
-3
-3
-3
-4
-5
-3
-2
-2
-2
1
1
-2
-2
0
-1
6
4
3
3
4
3
-1
-4
-4
-2
3
0
2
6
6
7
6
12
9
3
4
3
0
1
6
4
0
4
4
4
6
5
6
2
6
6
3
0
1
-1
2
1
1
-1
-2
0
-1
1
-2
0
1
0
-1
-2
3
6
1
3
4
6
6
2
4
2
4
5
4
10
13
2
-2
6
9
5
1
-1
-5
2
0
-2
1
0
-1
0
0
2
-1
-4
-3
0
-1
1
0
1
-1
1
2
4
3
3
5
0
2
1
2
1
2
2
2
1
0
3
6
1
-1
0
0
-2
-3
-2
-1
2
1
-4
-4
-4
-3
2
1
-1
0
-1
0
-1
1
-1
-1
1
1
5
1
0
0
-2
1
2
4
0
-1
2
0
-1
-1
2
0
-2
-2
-1
-1
1
-3
-4
-2
-6
-6
-2
2
5
-1
0
1
-2
-1
-6
-4
-7
-7
-8
-9
-2
-4
0
-3
-5
-2
-3
-4
-8
-6
-5
-9
-7
-9
-9
-12
-8
-7
-9
-6
-6
-7
-6
-8
-7
-7
-10
-10
-10
-9
-7
-9
-11
-10
-7
-12
-18
-15
-18
-14
-15
-16
-17
-15
-15
-21
-21
-18
-20
-23
-17
-18
-20
-22
-14
-10
-14
-10
-12
-11
-11
-12
-10
-8
-12
-12
-12
-14
-11
-11
-11
-12
-12
-12
-10
-12
-14
-12
-10
-13
-15
-21
-18
-13
-14
-11
-12
-11
-8
-10
-13
-15
-13
-11
-12
-8
-11
-8
-5
-8
-4
-6
-2
-12
-17
-2
-5
-11
-9
-11
-13
-12
-11
-12
-10
-10
-9
-6
-9
-9
-10
-10
-8
-8
-8
-8
-11
-10
-8
-7
-7
-8
-7
-9
-10
-6
-8
-8
-8
-7
-3
-3
-4
-6
-7
-10
-13
-6
-5
-7
-6
-6
-4
-9
-4
-4
0
-4
-5
0
-5
-7
-10
-4
-3
-4
-3
-6
-1
-4
-3
-3
-2
-4
-2
-5
-3
-3
-6
-6
-8
-3
-5
-5
-6
-5
-4
-4
-3
-1
-4
-3
-4
-2
-2
-1
3
4
0
1
5
5
3
5
7
5
6
5
11
15
5
9
11
5
2
-1
1
4
2
4
6
6
3
0
4
5
2
2
0
1
2
0
3
0
3
6
8
6
8
10
8
8
13
9
5
5
5
9
6
7
8
9
8
9
8
4
8
10
4
-1
-2
-4
6
13
7
-1
2
6
5
7
7
4
4
8
3
4
5
6
7
7
7
4
4
3
3
2
5
3
5
5
4
9
5
6
7
0
4
6
5
6
5
3
1
1
1
1
5
3
3
8
4
5
1
0
-3
-1
-3
-8
-2
-4
1
2
-1
0
1
-1
-2
-4
-3
-2
-5
-3
-5
-3
-7
-5
-7
-7
-5
-5
-2
-4
-4
-3
-1
-2
-1
-3
1
-5
-3
-4
-5
-4
-10
-6
-11
-12
-9
-10
-13
-15
-13
-8
-11
-13
-17
-16
-15
-16
-11
-14
-9
-6
-10
-9
-12
-11
-4
-3
-3
-3
-2
-2
-5
-8
-5
-2
-2
-4
-5
-6
-5
-7
-4
-7
-7
-9
-8
-6
-11
-10
-9
-6
-1
0
0
-2
-4
-3
-7
-3
-7
-7
-5
-8
-10
-9
-7
-4
-1
-2
-3
-7
-13
-5
0
-6
-6
-9
-9
-6
-6
-7
-6
-7
-5
-10
-6
-8
-9
-7
-6
-5
-7
-3
-6
-6
-5
-5
-6
-12
-9
-3
-5
-4
-5
-7
-3
-6
-5
-5
-3
-3
-3
-1
-5
-10
-8
-8
-3
-5
2
1
-3
2
0
2
3
-2
-2
0
-3
-4
0
1
-2
1
1
-2
0
1
1
-1
-1
4
0
1
-2
-2
-2
-4
-6
-6
-7
-5
-5
-4
-5
-3
-1
-4
-2
-4
0
1
2
0
-2
5
4
4
7
2
3
3
6
7
7
13
8
7
4
0
1
-1
-3
1
1
-2
0
2
2
-1
2
3
2
2
3
4
5
3
2
5
3
4
4
6
7
8
12
10
5
5
4
4
3
5
8
6
7
4
4
6
2
2
6
4
2
-2
-4
-3
0
2
5
-2
-3
1
2
4
2
-2
1
3
1
1
-2
1
2
1
0
0
-1
-3
-2
-2
-2
-1
-2
-1
-5
-5
-2
-2
-6
-6
-9
-7
-9
-5
-10
-11
-7
-10
-5
-10
-14
-9
-5
-3
-10
-14
-13
-15
-9
-16
-18
-14
-17
-11
-11
-10
-10
-14
-13
-14
-12
-11
-12
-13
-13
-12
-12
-12
-12
-13
-14
-15
-10
-9
-12
-11
-11
-12
-11
-12
-10
-16
-12
-13
-14
-12
-17
-13
-16
-19
-23
-21
-18
-16
-24
-21
-18
-19
-19
-21
-23
-22
-28
-31
-16
-21
-22
-16
-13
-16
-17
-16
-13
-10
-14
-14
-16
-13
-13
-14
-16
-12
-13
-13
-13
-15
-12
-15
-13
-16
-17
-17
-18
-20
-22
-21
-18
-21
-15
-15
-16
-13
-20
-19
-20
-19
-16
-16
-13
-17
-19
-15
-14
-12
-13
-10
-8
-21
-14
-12
-14
-17
-14
-19
-24
-15
-17
-17
-17
-14
-15
-16
-14
-16
-15
-16
-19
-11
-11
-15
-12
-13
-14
-15
-18
-16
-13
-13
-13
-13
-13
-13
-12
-11
-9
-7
-8
-6
-5
-6
-11
-13
-10
-11
-11
-9
-11
-3
-3
-3
0
-3
1
-5
-8
-13
-13
-6
-11
-5
-3
-8
-4
-6
-2
-1
-5
-4
-4
-5
-6
-6
-3
-5
-5
-6
-5
-7
-8
-6
-5
-6
-7
-6
-7
-6
-8
-3
-3
-4
-1
-5
2
0
3
4
1
2
1
2
2
3
11
14
0
2
6
-4
-3
-2
-3
-4
-3
-2
-1
-1
-3
0
0
-2
4
1
2
1
0
1
0
2
3
6
8
7
9
7
9
13
6
10
8
7
10
10
7
10
9
11
9
8
7
7
10
5
5
0
1
-2
4
9
3
1
3
4
7
5
5
4
4
5
2
3
-1
0
1
0
2
2
0
-1
-4
2
2
1
4
0
2
3
3
3
1
-1
0
1
-1
0
-2
-2
2
-1
-5
1
-1
1
1
2
4
-2
-4
-6
-3
-1
-9
-5
-5
-6
-2
-2
-2
-6
-3
-4
-6
-4
-9
-4
-5
-6
-4
-6
-5
-8
-2
-3
-4
0
0
-2
-1
0
1
2
2
1
3
4
1
3
3
5
1
-1
0
2
3
-2
-4
-4
0
1
-3
-5
-3
2
-5
-5
-1
-6
-4
5
5
3
0
0
8
11
8
6
4
5
3
6
4
4
7
5
3
3
2
3
2
3
-1
0
-3
-4
-1
-5
0
-1
-3
-3
-4
-1
-1
-5
-4
-7
-5
-2
-1
1
-2
0
4
5
7
4
5
-1
1
9
2
-3
-1
-2
-4
0
-2
-1
3
2
4
4
3
6
0
6
8
5
9
4
6
6
6
8
6
7
