-2
-2
-2
2
0
4
6
2
-2
-5
-2
0
-6
-3
7
3
3
7
3
2
-4
-2
3
1
1
1
-2
3
5
2
3
-1
0
-4
-7
-8
-7
-5
-7
-3
-3
-5
-4
-4
-6
-7
-6
-7
-9
-12
-8
-11
-11
-9
-6
-2
-8
-7
-8
-7
-4
-4
-2
1
1
0
1
0
6
4
1
9
12
8
9
12
11
13
10
6
14
10
2
9
1
2
2
-3
2
3
2
5
16
12
10
15
10
3
5
11
3
-4
-2
-3
-5
-6
1
1
-5
-7
-2
4
1
-5
-4
-5
-10
-12
-14
-16
-14
-8
-3
-5
-2
-2
-6
-3
-4
-6
-2
0
-6
-5
-1
0
0
0
-1
-4
-5
-5
-2
1
-3
-7
-4
-7
-8
0
-1
2
-2
-1
2
4
5
-3
1
6
1
7
4
5
12
8
9
10
7
3
-1
2
6
7
10
4
5
6
7
14
9
5
4
4
7
2
2
2
-3
-3
-3
0
0
1
7
0
-1
0
-2
3
-3
-6
-6
-7
-8
-3
-4
-4
-4
-5
-1
-7
-6
-7
-9
2
-4
-6
2
4
2
6
3
-5
-7
-11
-13
-8
-4
-11
-10
-6
-3
-3
-7
-6
-3
-7
-8
-1
-7
-7
-4
-6
1
2
3
6
8
9
8
9
9
8
5
6
6
2
6
6
8
9
8
5
12
5
-2
1
6
4
-3
1
4
5
1
1
0
3
3
-4
-4
1
3
1
1
3
2
0
-2
-3
0
3
-3
-2
2
9
7
2
8
9
8
0
-1
-6
-8
-2
-5
-9
-6
-2
-1
-3
-6
-3
-5
-4
-5
-6
-7
-11
-7
-7
-8
-8
-5
-1
-2
1
2
-1
0
3
6
8
8
1
5
4
-4
-2
-8
-8
-7
-8
-3
-1
0
0
4
4
7
12
9
8
2
-3
-2
-3
-6
-7
-1
0
-3
-5
-6
1
3
5
2
6
10
1
3
5
2
6
4
4
1
2
0
-4
1
0
0
3
1
4
3
3
4
6
8
0
-3
2
-5
-5
-5
-8
-2
-3
-5
-5
0
0
-2
-1
-1
-2
-6
-2
1
-4
1
3
6
4
2
4
7
10
10
12
8
8
6
4
1
0
-3
-5
-4
-5
-3
-2
-4
-6
-4
-2
-2
-2
-5
-5
-5
-12
-12
-9
-10
-12
-8
-5
-2
-3
-4
3
4
4
2
6
6
2
7
2
2
3
-1
0
-1
0
-2
-2
5
1
0
3
0
3
3
3
0
-1
-1
-7
-4
-5
-1
3
3
2
4
8
10
9
7
12
9
6
6
6
1
0
4
1
-1
2
2
0
-1
-1
3
-2
-5
-4
-1
-4
-5
-1
-4
-4
-3
-5
-11
-8
-1
-7
-9
1
6
-3
-2
3
1
-5
-7
-8
-8
-7
-9
-4
-8
-9
-2
1
-1
1
5
2
4
2
1
1
-2
0
-5
-2
-1
1
7
7
4
8
8
5
5
0
-2
2
1
0
3
4
4
4
9
11
10
13
6
2
5
3
4
8
6
4
7
6
1
-4
-5
-4
-1
0
-3
-7
-7
-4
-5
-1
-2
-3
2
-3
0
1
-8
-5
-8
-11
-9
-4
-3
-8
-6
-6
-1
-4
-3
-1
-5
-3
-1
1
0
-4
-1
-2
-4
-4
-3
-1
0
-3
-7
-2
-1
-2
1
-1
5
2
-4
-3
-5
0
7
7
3
2
6
-1
2
1
-2
7
5
3
0
5
7
1
3
4
5
4
1
0
-4
-3
1
1
2
5
9
5
7
10
7
7
15
9
1
3
-3
-2
-3
-6
0
-2
-1
3
0
-1
1
4
2
2
4
3
3
-2
-8
-5
-10
-15
-9
-7
-6
-2
-1
2
5
8
6
4
3
2
2
0
-4
-10
-10
-7
-4
-5
-7
-7
-6
-5
1
1
-2
2
-3
-7
-4
-3
-10
-13
-11
-13
-6
-6
-5
-3
-4
0
-2
-1
5
3
2
8
5
0
5
4
2
1
4
9
13
12
8
13
12
1
7
13
9
6
3
2
0
2
-1
4
2
-2
3
5
3
-1
0
2
0
-3
-4
-2
0
2
1
1
1
-3
1
0
-4
0
-1
-1
5
2
-1
3
1
1
5
0
-4
-4
-10
-7
-6
-12
-9
-2
-4
-2
-1
-3
-2
-4
-4
-6
-4
-2
-8
-4
-3
-6
-6
-3
-1
-2
6
9
6
7
0
0
1
-2
2
0
0
2
0
1
-2
2
3
6
6
-2
2
1
0
3
2
3
2
0
0
0
-2
0
0
-1
2
0
-3
2
4
0
-5
-1
0
-3
2
1
1
5
2
3
3
3
3
3
4
5
4
0
1
2
2
-1
-3
-5
-1
-3
-10
-8
-5
-6
-3
-5
-5
1
-3
-5
0
0
-3
-9
-6
-5
-3
-2
-5
1
5
1
0
2
5
5
-2
2
3
-4
-4
-1
0
0
7
6
6
6
3
4
0
3
3
1
7
4
-2
1
-1
-1
3
-1
0
5
7
8
1
5
3
0
4
2
1
4
-3
-5
-8
-9
-3
-7
-4
-4
-4
5
3
1
3
8
1
-5
-1
-5
-5
-5
-5
5
1
-1
1
-1
0
-2
-4
0
0
7
8
5
8
7
1
1
8
6
6
2
-1
-2
-6
0
-2
-2
0
-1
-3
-4
-7
-7
-8
-10
-10
-11
-11
-13
-8
-5
-9
-6
-2
-1
-9
-10
-3
-1
-4
-5
-1
0
1
2
2
1
5
7
4
9
7
3
5
7
4
2
6
8
8
6
3
7
14
11
5
10
7
6
7
3
0
-3
2
0
-1
1
1
-1
2
6
7
6
8
5
1
5
-1
1
3
0
3
0
-1
-2
-4
3
2
-4
1
1
-2
3
-5
-6
-8
-13
-16
-11
-7
-9
-8
-11
-12
-6
-6
-8
-9
-5
-7
-11
-10
-6
-1
-5
-5
-7
-10
-3
-3
-9
-5
3
5
5
6
6
4
2
3
5
6
5
5
2
0
5
3
-3
3
4
-1
1
1
1
3
5
2
5
6
3
3
2
2
3
4
1
2
4
8
10
9
11
10
5
12
9
4
6
4
3
7
8
5
6
2
3
1
0
5
8
5
3
2
5
3
-7
-11
-12
-19
-17
-15
-13
-11
-10
-9
-7
-10
-12
-16
-18
-11
-6
-11
-12
-8
-8
-7
-7
-1
0
0
3
2
7
8
6
11
7
6
5
0
3
-4
-3
3
-3
2
5
2
1
4
5
3
4
0
4
7
2
3
1
3
3
1
6
8
8
7
13
17
8
6
9
8
6
4
1
1
-3
-8
-5
-1
0
-1
0
0
0
-5
-5
-2
-2
-2
-5
-8
-8
-12
-11
-9
-12
-6
-5
-5
1
5
8
7
9
6
-2
-5
-11
-8
-7
-8
-3
-5
-3
-2
-1
7
9
6
1
1
4
1
4
1
-8
-2
-4
-3
-3
-12
-6
-3
0
-4
-3
6
1
4
8
3
2
3
3
8
3
8
10
5
6
4
3
6
7
8
5
5
4
0
0
-1
1
4
1
2
9
6
3
1
-1
5
0
-7
-4
-4
-3
-1
-3
0
-1
-2
1
-3
-5
-8
-11
-5
-6
-9
-5
-2
-4
-8
-6
-7
-6
0
4
5
4
3
3
2
-3
-1
0
-3
-5
-2
-7
-8
-1
-7
-5
-5
-6
-2
-3
0
6
2
-2
-1
2
4
-2
-1
2
2
1
5
8
10
7
10
13
15
16
14
6
3
6
-1
-6
-3
-3
0
0
0
1
1
2
0
2
4
7
3
-2
1
0
-4
-6
-8
-7
-8
-12
-15
-9
-4
-6
-6
-4
-3
-2
-1
-1
-2
1
0
3
5
2
1
4
3
1
-1
-5
1
2
3
8
5
-1
0
6
2
2
1
-2
-1
2
8
6
10
8
-1
1
2
2
3
6
1
-6
1
3
1
1
1
0
-1
0
-6
-7
-8
-7
-6
-6
-3
-2
-4
-6
-6
-5
-4
-6
-2
-3
-4
-2
-5
-7
-2
-1
4
1
-4
-3
-3
-3
-2
-7
-9
-2
0
-3
-2
0
2
0
1
7
8
7
10
10
5
6
5
-2
1
1
-5
3
4
1
-2
-2
5
10
7
10
13
12
14
14
12
9
13
9
1
4
5
1
0
5
5
5
5
5
3
5
0
-8
-14
-13
-9
-18
-18
-17
-15
-9
-8
-5
-8
-11
-11
-15
-16
-15
-20
-14
-7
-9
-5
-6
-7
-2
-2
-2
1
1
2
2
11
10
3
8
6
9
7
9
5
5
15
11
7
8
7
7
6
9
9
2
5
1
-2
-1
-2
-3
-1
2
5
7
5
5
4
3
2
-1
0
-3
-3
-7
-7
-3
-3
1
3
8
7
7
3
-3
-4
-8
-4
0
-7
-6
-7
-9
-9
-14
-12
-12
-13
-10
-15
-5
0
-1
7
4
3
4
5
10
7
1
6
12
7
8
10
12
15
9
7
8
-1
-1
-1
1
5
4
0
-5
0
-2
-6
-5
-4
-7
-6
-3
-7
-8
-14
-16
-7
-8
-2
3
-2
-3
-4
-6
-5
-1
3
2
-1
0
5
0
-4
-3
-1
0
-3
1
7
10
11
13
11
10
11
8
4
2
0
-2
-4
-6
-6
-8
-3
-2
-5
-1
-4
0
2
-2
0
0
0
1
1
-1
-1
1
0
5
6
2
8
7
1
5
5
2
4
0
-1
-1
-8
-3
-5
-9
-6
-9
-5
-2
0
5
9
11
10
13
9
4
6
2
2
-4
-9
-8
-8
-3
-1
1
-1
-2
0
0
-3
-3
-6
-5
-2
-7
-9
-3
-6
-10
-7
-3
-3
-7
4
-4
-6
0
-4
-1
-2
3
5
4
5
3
0
-1
0
5
4
1
3
2
6
7
6
10
7
5
6
8
1
-3
3
2
4
6
4
1
0
6
4
0
1
2
1
-2
-3
-1
4
4
2
3
-2
0
1
-3
-4
-8
-7
-3
-4
-3
-1
-5
-12
-14
-7
-14
-12
-9
-12
-5
-5
-6
-2
1
0
0
3
2
0
1
3
3
0
1
8
4
5
6
6
9
14
11
13
12
3
4
4
-2
-2
-2
-1
2
0
1
2
4
8
11
5
3
4
3
8
3
-2
-5
-6
-4
-2
-4
-4
-4
-8
-10
-11
-5
-5
-7
-1
3
-2
-5
-6
-7
-4
-4
-9
-12
-9
-11
-8
-5
2
4
-2
1
1
0
4
4
2
1
0
1
-1
-3
0
-1
3
4
3
12
7
6
10
6
11
3
2
0
-3
3
2
10
6
6
9
12
11
4
1
3
2
-3
-1
1
3
3
1
1
-3
-2
-4
0
3
-1
1
3
4
2
0
-1
-3
-5
-5
-8
-8
-9
-13
-10
-12
-9
-4
-4
3
0
1
3
-2
-3
-1
0
-5
-5
-2
-6
-2
-3
-5
-4
-5
-8
-7
-5
-8
-10
-8
-4
2
2
1
2
7
8
5
3
4
4
2
2
0
3
6
1
5
9
4
7
5
1
8
1
5
15
8
6
6
8
10
7
6
4
4
4
7
10
7
7
3
4
6
7
3
0
-2
-3
-3
-2
-2
-5
-7
-6
-3
-7
-6
-2
-3
-6
-8
-11
-11
-5
-10
-12
-10
-11
-7
-8
-14
-10
-8
-5
-2
-4
-4
-1
4
0
-11
-18
2
-2
-16
-2
2
-3
-3
-5
-3
9
7
-2
9
12
-1
-3
7
15
-2
-7
12
8
-4
3
16
12
10
10
11
11
5
4
12
15
8
8
9
8
3
2
9
7
0
3
10
2
3
6
6
5
1
-6
-3
-2
-4
-4
-3
-4
-3
3
3
-4
-5
-5
-9
-11
-11
-12
-12
-17
-13
-10
-10
-3
-5
-8
-9
-7
-10
-10
-7
-6
-4
-5
-5
-9
-8
-9
-9
-4
-2
0
5
6
1
3
9
3
2
4
4
8
12
10
6
3
4
-1
-4
-2
-1
3
6
11
13
12
14
13
13
9
10
11
3
-1
1
-4
1
7
6
5
8
10
6
5
7
4
4
5
3
-2
-3
-9
-13
-7
-7
-5
-5
-7
-2
-7
-8
-5
-9
-6
-5
-11
-8
-5
-6
-7
-12
-10
-7
-8
-12
-12
-6
-3
-3
0
-1
2
4
1
-1
-3
-1
0
-1
0
0
2
3
8
12
5
9
9
7
8
5
6
4
-3
-1
-6
-4
1
-3
-1
-8
3
5
0
2
1
9
2
2
9
4
-1
-2
-6
-6
-2
2
8
6
5
10
14
9
4
1
1
1
-8
-9
-7
-9
-3
3
4
7
3
8
15
6
-3
-3
3
1
-6
-7
-7
-7
-7
-7
-9
-6
-3
-1
3
2
4
5
2
0
2
4
-4
-8
-5
-5
-7
-6
-7
-8
-4
-1
1
-3
-2
-4
-7
-3
-1
-7
-9
-6
-4
0
2
0
-3
1
5
2
-1
5
7
4
6
5
6
6
2
5
5
-3
-3
-3
1
1
3
9
10
7
6
10
2
-6
-5
-8
-4
0
2
5
7
7
11
10
7
2
4
1
-4
-2
-3
-1
-3
-1
-1
0
2
-1
1
1
0
-1
-4
-2
-6
-10
-12
-10
-6
-5
-5
-2
-1
2
3
-3
-4
-3
-2
-1
2
-5
-6
-6
-8
-6
-3
-3
-5
0
0
0
5
8
4
-1
5
7
7
1
-1
3
-1
-2
-4
-2
-4
1
2
11
11
6
11
8
5
4
7
0
-3
-2
-6
-2
-3
-1
1
-2
-1
-1
-7
-1
3
5
2
-4
0
0
5
2
0
12
11
4
1
3
7
6
9
7
7
6
2
-2
-3
-5
-10
-9
-2
-3
-2
2
-1
-7
-2
-1
-5
-8
-11
-11
-9
-7
-10
-3
0
0
1
-8
-5
-2
-8
-8
-4
-4
-8
-3
1
3
4
4
3
7
-1
-6
-9
-5
-2
-6
-2
4
3
5
5
9
10
5
9
11
9
5
4
2
-1
-5
-5
3
6
8
13
9
4
4
2
2
4
6
-1
-1
-2
3
5
-2
4
5
-3
2
9
7
7
11
9
2
-1
7
4
0
-6
-13
-11
-7
-4
-5
-6
-8
-10
-10
-9
-9
-7
-13
-11
-9
-10
-7
-12
-11
-9
-8
-6
-9
-8
-9
-5
0
3
0
2
10
5
4
0
1
-2
-4
1
4
11
11
10
12
15
12
10
12
9
9
9
9
4
1
2
3
4
3
10
5
2
3
2
3
4
4
-1
2
1
-6
-11
-10
-12
-10
-5
-5
4
1
0
4
1
-1
0
-3
-4
-4
-3
-2
-9
-12
-8
-10
-7
-3
-9
0
-1
-6
-3
0
4
4
0
-5
-5
-3
0
-4
-4
-4
-1
4
3
7
5
-1
5
2
3
1
-3
1
5
4
1
8
7
8
8
2
3
1
4
0
0
3
0
1
-1
-6
-4
-1
-2
-1
0
-2
3
4
0
5
5
6
9
3
-2
-1
6
-1
4
6
-1
4
7
4
3
2
0
-3
-6
-7
-5
-10
-8
-4
-5
-4
-8
-7
-4
-4
1
0
3
2
-5
0
-5
-9
-9
-11
-7
-7
-5
-1
2
1
-2
1
5
4
0
-3
-8
-6
-4
-8
-9
-4
-1
-4
-2
0
1
2
2
7
14
14
8
7
8
1
-3
3
1
1
2
5
5
8
9
11
13
9
10
10
9
6
-2
0
-1
1
1
-3
-1
2
2
-4
-2
-3
-6
1
4
1
3
-2
-4
-1
-5
-6
-6
-7
-8
-8
-4
2
1
-2
-3
-2
-2
-4
0
0
-4
-2
-1
-5
-4
-7
-7
0
-2
-5
-4
-3
-8
-12
-8
-2
-1
1
2
4
1
-7
-7
2
10
6
4
10
4
0
-2
-4
9
7
8
9
1
0
-2
-1
-7
-3
-5
-7
3
1
3
3
7
8
5
5
1
3
7
3
-1
1
3
3
1
4
6
2
2
7
7
3
5
0
-1
3
-3
-1
-1
-8
-3
-2
-3
-2
1
1
-4
-3
0
3
-4
-2
-2
-6
-2
0
3
-4
-3
0
-6
-3
1
-6
-9
-7
-11
-10
-10
-7
1
-2
1
2
0
4
5
5
1
3
5
-2
2
3
0
1
-1
-1
-5
-5
1
6
5
1
1
2
4
-2
-5
-1
1
6
3
2
7
1
-2
-3
2
3
-2
-1
6
6
1
0
3
6
2
6
8
5
0
2
6
1
3
5
4
-3
-1
3
3
4
-4
-1
-1
-4
0
1
2
1
-2
-5
0
-6
-8
-2
-2
-1
-1
-3
-5
-5
-3
1
-1
-3
-6
-3
-3
-5
-6
-6
-3
-9
-4
-3
-1
-2
-8
-8
-8
-6
-6
0
-3
-4
-2
3
-4
2
9
1
3
2
1
2
-3
-8
-8
-1
-3
-3
0
5
6
6
7
8
11
9
11
14
15
8
3
1
-1
2
4
4
12
11
8
8
9
13
12
6
6
6
-1
-5
-3
-2
-10
-10
-4
-4
-8
0
4
3
6
5
11
5
2
4
5
8
4
-1
-2
-1
-2
4
0
-1
-1
-4
-2
0
-7
-11
-11
-12
-11
-18
-20
-17
-20
-19
-17
-17
-12
-9
-11
-2
-5
-7
-8
-10
-7
-13
-12
-16
-10
-12
-10
-7
-8
1
4
5
1
4
5
5
7
5
8
7
11
6
5
7
12
10
7
15
18
19
22
23
18
15
13
11
13
15
10
2
4
8
8
11
3
11
18
15
17
13
12
8
4
3
0
-2
-5
-8
-8
-8
-3
-4
1
5
2
1
1
4
4
3
1
0
2
5
-4
-2
4
-1
-2
-4
4
0
-7
-4
-3
1
-6
-13
-16
-17
-22
-29
-34
-43
-43
-52
-46
-38
-44
-39
-41
-38
-33
-27
-23
-15
-14
-16
-11
-9
-3
-8
-5
0
6
18
18
24
25
24
25
21
25
26
22
24
24
21
22
24
23
20
17
21
24
26
29
31
32
31
26
30
31
33
32
30
29
25
27
23
18
20
18
12
13
11
8
6
-6
-7
-8
-16
-17
-14
-13
-17
-21
-17
-16
-17
-16
-12
-1
-3
-6
-9
-12
-10
-14
-14
-12
0
1
2
6
5
8
5
10
11
12
8
1
-1
-16
-28
-46
-57
-66
-88
-101
-114
-117
-129
-134
-131
-123
-125
-102
-134
-187
-141
-123
-89
-59
-25
28
87
155
217
350
472
535
624
650
767
924
903
899
836
775
786
663
513
359
210
88
-47
-159
-236
-273
-306
-327
-293
-250
-204
-162
-138
-99
-63
-38
-10
26
81
131
196
263
349
456
511
550
554
539
508
398
253
73
-134
-375
-635
-863
-1094
-1268
-1459
-1648
-1698
-1723
-1685
-1621
-1591
-1441
-1253
-1059
-837
-653
-423
-178
69
313
576
862
1124
1393
1644
1880
2085
2253
2368
2410
2371
2248
2018
1666
1210
662
28
-671
-1408
-2149
-2848
-3477
-4017
-4432
-4694
-4816
-4802
-4644
-4365
-3984
-3528
-3014
-2461
-1880
-1275
-658
-30
608
1240
1872
2495
3097
3648
4125
4519
4814
4989
5031
4947
4741
4424
4016
3529
3010
2472
1937
1441
985
584
249
-31
-252
-425
-569
-679
-773
-849
-907
-961
-993
-991
-954
-873
-748
-570
-352
-117
151
417
653
837
950
973
896
715
436
86
-340
-806
-1282
-1759
-2198
-2593
-2924
-3185
-3381
-3499
-3560
-3564
-3513
-3411
-3263
-3074
-2833
-2527
-2182
-1791
-1344
-865
-371
141
658
1138
1568
1952
2268
2506
2660
2732
2746
2699
2581
2439
2301
2178
2068
1974
1940
1947
1972
1986
1975
1946
1842
1636
1306
871
379
-198
-864
-1551
-2150
-2652
-3096
-3448
-3611
-3565
-3411
-3203
-2908
-2490
-2033
-1641
-1301
-934
-543
-226
42
352
743
1142
1520
1928
2381
2807
3134
3389
3573
3628
3517
3300
2996
2559
2032
1508
1006
460
-86
-482
-736
-981
-1206
-1236
-1073
-946
-892
-726
-435
-261
-294
-340
-290
-314
-556
-793
-819
-778
-818
-829
-620
-270
-9
138
338
568
616
410
98
-201
-613
-1214
-1855
-2366
-2778
-3195
-3558
-3721
-3681
-3583
-3456
-3215
-2830
-2408
-2038
-1669
-1219
-729
-303
86
533
1069
1586
2025
2473
3001
3521
3879
4125
4381
4615
4648
4486
4323
4196
3976
3624
3311
3138
3011
2775
2509
2346
2169
1808
1266
684
53
-741
-1698
-2661
-3514
-4327
-5102
-5715
-6051
-6178
-6180
-5992
-5574
-5016
-4440
-3840
-3169
-2482
-1879
-1339
-786
-213
317
794
1310
1870
2393
2835
3242
3617
3853
3914
3844
3667
3318
2791
2192
1598
979
324
-208
-546
-779
-943
-954
-763
-482
-245
-9
302
556
644
627
624
591
448
277
177
170
176
201
327
540
741
879
1011
1119
1148
1027
794
515
145
-332
-884
-1429
-1931
-2429
-2914
-3285
-3507
-3624
-3682
-3630
-3417
-3120
-2797
-2451
-2023
-1558
-1128
-730
-307
157
583
962
1341
1756
2163
2488
2767
3045
3285
3406
3421
3390
3325
3150
2844
2515
2209
1881
1502
1168
973
859
760
737
875
1060
1153
1160
1149
1051
707
135
-511
-1193
-2020
-2939
-3747
-4341
-4790
-5159
-5309
-5167
-4848
-4517
-4147
-3650
-3108
-2672
-2377
-2046
-1660
-1323
-1048
-695
-159
431
983
1570
2276
2973
3490
3831
4099
4256
4138
3761
3302
2839
2275
1610
1008
633
398
194
104
267
618
906
1133
1423
1758
1914
1812
1636
1473
1189
694
211
-111
-364
-636
-799
-698
-453
-245
-53
253
566
692
596
422
206
-219
-854
-1543
-2126
-2653
-3235
-3745
-4006
-4044
-4041
-3998
-3787
-3403
-3026
-2743
-2424
-2010
-1631
-1369
-1094
-733
-331
18
383
865
1394
1872
2311
2804
3309
3678
3865
4010
4153
4128
3868
3537
3266
2927
2412
1915
1651
1518
1297
1081
1119
1366
1484
1403
1331
1305
1057
424
-351
-1066
-1849
-2860
-3951
-4810
-5391
-5859
-6231
-6312
-6081
-5726
-5354
-4861
-4214
-3580
-3059
-2574
-2045
-1556
-1129
-621
52
750
1379
2059
2893
3751
4415
4925
5403
5758
5786
5486
5068
4607
3966
3137
2303
1608
1041
546
196
57
88
211
395
629
854
998
1032
962
755
412
-34
-503
-925
-1296
-1597
-1771
-1729
-1524
-1237
-889
-437
58
384
506
527
474
198
-361
-1012
-1611
-2208
-2898
-3545
-3939
-4092
-4182
-4211
-4032
-3657
-3249
-2901
-2531
-2116
-1752
-1484
-1239
-953
-659
-356
28
531
1091
1651
2242
2897
3525
3993
4306
4545
4694
4633
4348
3981
3615
3194
2657
2087
1630
1285
988
762
661
681
774
933
1139
1293
1338
1280
1133
799
205
-553
-1335
-2120
-3016
-3945
-4680
-5106
-5328
-5474
-5451
-5151
-4653
-4168
-3742
-3260
-2733
-2256
-1898
-1575
-1192
-766
-311
219
832
1482
2166
2880
3579
4139
4513
4753
4856
4741
4349
3777
3169
2542
1829
1081
470
95
-128
-304
-362
-198
107
366
533
699
856
854
649
338
36
-304
-725
-1103
-1315
-1376
-1348
-1217
-902
-459
-60
250
526
740
720
434
43
-399
-969
-1685
-2359
-2839
-3208
-3554
-3777
-3740
-3543
-3357
-3142
-2799
-2371
-2023
-1777
-1472
-1067
-711
-463
-150
331
864
1339
1836
2445
3096
3640
4047
4394
4631
4682
4569
4340
4009
3577
3099
2666
2252
1821
1436
1137
907
687
509
392
285
214
235
313
281
155
81
33
-237
-812
-1399
-1849
-2410
-3274
-4159
-4714
-4999
-5326
-5694
-5777
-5491
-5083
-4767
-4457
-3972
-3341
-2767
-2320
-1908
-1439
-866
-262
302
839
1443
2181
2963
3597
4033
4438
4872
5155
5073
4728
4365
3996
3478
2771
2087
1600
1289
1018
784
711
836
1085
1298
1373
1382
1387
1283
961
434
-152
-683
-1200
-1710
-2107
-2277
-2216
-1985
-1621
-1137
-569
21
568
930
1061
1023
878
614
131
-517
-1149
-1685
-2180
-2659
-3006
-3128
-3116
-3096
-3036
-2836
-2522
-2255
-2092
-1967
-1817
-1665
-1525
-1355
-1117
-811
-464
-30
510
1110
1729
2327
2869
3308
3625
3831
3936
3917
3776
3547
3238
2891
2537
2168
1798
1430
1096
838
634
481
399
465
666
852
912
869
787
577
87
-612
-1360
-2119
-2976
-3935
-4766
-5271
-5467
-5515
-5466
-5215
-4760
-4190
-3617
-3079
-2551
-2047
-1624
-1315
-1053
-734
-296
194
662
1119
1663
2357
3110
3779
4309
4738
5037
5079
4803
4314
3746
3090
2277
1351
519
-26
-303
-430
-434
-262
82
476
840
1162
1467
1676
1656
1366
871
355
-100
-500
-872
-1153
-1256
-1158
-880
-489
12
540
983
1242
1303
1240
1067
720
145
-600
-1409
-2148
-2799
-3341
-3735
-3963
-4024
-3946
-3720
-3384
-2986
-2620
-2343
-2147
-1993
-1832
-1672
-1523
-1366
-1137
-806
-339
251
918
1600
2215
2764
3265
3705
4012
4140
4085
3899
3634
3319
3019
2719
2363
1917
1458
1102
882
721
531
317
194
244
392
534
586
577
482
215
-264
-831
-1296
-1759
-2404
-3237
-3954
-4298
-4351
-4351
-4371
-4242
-3882
-3426
-3069
-2783
-2454
-2085
-1844
-1810
-1805
-1622
-1183
-621
-41
561
1276
2120
2978
3730
4310
4756
5012
4973
4587
3986
3353
2692
1917
1062
298
-216
-443
-493
-364
-53
406
902
1336
1748
2138
2431
2455
2202
1785
1322
876
460
100
-214
-402
-412
-229
57
374
706
994
1107
954
643
236
-312
-1084
-2032
-2965
-3750
-4386
-4916
-5271
-5386
-5259
-4993
-4652
-4217
-3714
-3220
-2853
-2575
-2317
-2055
-1834
-1649
-1431
-1141
-710
-139
555
1290
1988
2682
3391
4042
4509
4743
4823
4809
4618
4228
3789
3410
3038
2548
2024
1623
1361
1158
985
891
844
777
764
947
1231
1359
1287
1192
1121
861
366
-113
-484
-990
-1825
-2689
-3230
-3512
-3833
-4224
-4441
-4451
-4464
-4535
-4468
-4194
-3908
-3778
-3658
-3370
-2948
-2441
-1826
-1065
-289
416
1190
2090
2907
3448
3815
4119
4234
3982
3533
3189
2890
2393
1752
1287
1114
1043
972
1077
1456
1874
2144
2361
2645
2867
2867
2704
2477
2072
1378
624
90
-288
-742
-1206
-1411
-1329
-1239
-1161
-866
-399
-104
-210
-513
-744
-985
-1469
-2119
-2708
-3198
-3705
-4168
-4322
-4142
-3902
-3758
-3553
-3147
-2673
-2306
-2005
-1669
-1400
-1328
-1324
-1137
-773
-447
-190
157
683
1259
1812
2432
3112
3670
3960
4111
4301
4435
4321
3987
3632
3309
2901
2396
1972
1700
1404
993
629
502
510
416
241
198
396
677
860
976
1127
1236
1106
745
372
42
-468
-1335
-2386
-3270
-3879
-4368
-4844
-5223
-5430
-5498
-5453
-5294
-5003
-4608
-4179
-3780
-3459
-3118
-2595
-1862
-1106
-497
39
713
1537
2315
2907
3401
3926
4365
4565
4552
4498
4493
4371
3986
3425
2944
2694
2567
2356
2084
1949
2023
2112
2070
2040
2147
2222
1982
1463
952
566
135
-426
-976
-1385
-1700
-1957
-2026
-1872
-1619
-1368
-1135
-938
-856
-890
-943
-1045
-1347
-1854
-2351
-2665
-2892
-3189
-3466
-3508
-3352
-3259
-3244
-3081
-2708
-2363
-2290
-2314
-2120
-1777
-1558
-1483
-1344
-1018
-623
-240
248
929
1703
2360
2868
3403
4045
4633
4982
5132
5155
5029
4727
4343
3968
3541
2995
2410
1876
1402
1068
933
872
719
606
783
1140
1308
1197
1094
1031
648
-172
-1002
-1560
-2167
-3226
-4478
-5322
-5669
-5933
-6327
-6516
-6244
-5811
-5548
-5305
-4777
-4046
-3469
-3141
-2814
-2329
-1777
-1235
-648
0
667
1373
2149
2939
3618
4192
4722
5132
5252
5103
4897
4689
4295
3621
2870
2315
1982
1703
1412
1296
1463
1730
1910
2073
2375
2734
2858
2605
2153
1694
1236
684
72
-508
-1015
-1406
-1593
-1536
-1336
-1075
-778
-477
-300
-323
-426
-519
-734
-1259
-2027
-2737
-3213
-3595
-4024
-4382
-4513
-4459
-4389
-4301
-4060
-3649
-3281
-3093
-2975
-2782
-2511
-2282
-2071
-1784
-1401
-956
-452
176
933
1723
2493
3253
3971
4560
4972
5248
5361
5243
4953
4614
4251
3755
3145
2613
2257
1918
1548
1324
1326
1339
1169
1068
1330
1713
1731
1425
1242
1180
797
-29
-818
-1293
-1890
-2995
-4186
-4821
-4985
-5227
-5664
-5857
-5626
-5310
-5166
-4978
-4517
-3977
-3621
-3401
-3090
-2654
-2153
-1559
-850
-133
523
1278
2214
3115
3745
4230
4796
5283
5365
5105
4860
4681
4293
3587
2866
2378
2040
1717
1475
1446
1590
1815
2041
2232
2395
2549
2636
2444
1890
1176
553
-10
-685
-1427
-2008
-2316
-2476
-2536
-2393
-2018
-1550
-1161
-907
-744
-644
-656
-842
-1261
-1859
-2518
-3109
-3592
-4024
-4375
-4555
-4531
-4377
-4156
-3829
-3371
-2908
-2559
-2288
-2000
-1701
-1466
-1286
-1079
-790
-438
-25
522
1223
2012
2790
3501
4164
4807
5366
5733
5864
5785
5576
5264
4843
4353
3844
3304
2742
2212
1762
1445
1235
1065
901
733
638
685
820
849
665
388
96
-311
-928
-1649
-2284
-2905
-3718
-4623
-5256
-5489
-5567
-5730
-5837
-5642
-5231
-4852
-4562
-4197
-3711
-3282
-3011
-2762
-2390
-1900
-1358
-792
-167
518
1289
2145
2994
3727
4322
4845
5250
5406
5280
5016
4697
4251
3627
2933
2372
1971
1645
1391
1305
1422
1664
1932
2191
2440
2612
2627
2444
2071
1534
877
166
-554
-1230
-1782
-2162
-2341
-2313
-2097
-1755
-1343
-929
-598
-406
-387
-552
-903
-1441
-2127
-2884
-3621
-4249
-4743
-5092
-5260
-5197
-4921
-4511
-4041
-3528
-2981
-2496
-2145
-1879
-1627
-1388
-1199
-1010
-732
-294
289
976
1770
2662
3599
4501
5278
5897
6351
6625
6671
6433
5958
5367
4753
4090
3357
2657
2091
1621
1160
719
429
289
140
-78
-287
-439
-592
-730
-785
-806
-915
-1095
-1213
-1297
-1500
-1790
-1976
-2079
-2352
-2875
-3358
-3574
-3694
-3983
-4352
-4541
-4523
-4514
-4598
-4538
-4224
-3828
-3513
-3184
-2707
-2120
-1489
-828
-92
646
1352
2113
2922
3656
4227
4717
5202
5559
5627
5470
5267
5060
4692
4110
3521
3096
2782
2408
2003
1764
1749
1748
1610
1449
1366
1274
990
518
24
-431
-940
-1504
-1988
-2335
-2548
-2650
-2591
-2372
-2096
-1814
-1507
-1198
-995
-971
-1055
-1175
-1406
-1802
-2272
-2680
-2993
-3302
-3623
-3853
-3908
-3865
-3826
-3736
-3520
-3214
-2942
-2691
-2360
-1931
-1482
-1049
-556
38
694
1318
1967
2716
3496
4201
4795
5326
5813
6154
6268
6238
6135
5936
5557
5029
4501
3974
3329
2591
1882
1237
565
-155
-779
-1255
-1670
-2055
-2250
-2172
-2006
-1923
-1806
-1529
-1266
-1236
-1394
-1531
-1678
-2053
-2684
-3309
-3739
-4087
-4463
-4757
-4815
-4658
-4441
-4169
-3747
-3207
-2690
-2262
-1843
-1430
-1083
-776
-403
61
500
934
1511
2253
2996
3643
4287
4944
5418
5572
5514
5380
5088
4495
3743
3051
2411
1745
1173
884
822
786
809
1034
1346
1500
1490
1492
1428
1021
330
-316
-814
-1388
-2073
-2560
-2692
-2676
-2650
-2432
-1934
-1400
-1055
-815
-587
-459
-595
-959
-1391
-1923
-2584
-3300
-3888
-4282
-4596
-4829
-4856
-4636
-4276
-3863
-3344
-2687
-2026
-1486
-1008
-484
28
446
820
1282
1801
2278
2756
3345
4034
4675
5202
5668
6082
6348
6368
6212
5944
5524
4893
4109
3323
2558
1735
878
130
-475
-1016
-1489
-1793
-1908
-1953
-2016
-1987
-1739
-1399
-1148
-985
-816
-711
-794
-1012
-1228
-1424
-1789
-2349
-2896
-3298
-3612
-3898
-4038
-3977
-3831
-3725
-3584
-3304
-2998
-2778
-2651
-2492
-2282
-2093
-1873
-1513
-1002
-413
250
1069
2036
2997
3845
4599
5242
5664
5817
5786
5588
5130
4429
3645
2915
2246
1631
1188
967
887
877
984
1261
1585
1793
1851
1785
1522
1004
331
-369
-1044
-1722
-2362
-2844
-3098
-3134
-2984
-2616
-2091
-1549
-1107
-761
-511
-425
-546
-890
-1403
-2037
-2746
-3439
-4014
-4414
-4652
-4735
-4626
-4298
-3779
-3131
-2416
-1690
-1016
-438
59
493
861
1172
1440
1692
1967
2303
2728
3246
3800
4370
4925
5417
5792
6014
6069
5926
5561
5008
4321
3533
2665
1758
891
106
-613
-1258
-1793
-2205
-2537
-2812
-2980
-3001
-2924
-2814
-2652
-2363
-1979
-1577
-1186
-764
-331
-8
158
247
311
248
10
-349
-727
-1124
-1587
-2058
-2432
-2729
-3050
-3359
-3564
-3640
-3679
-3690
-3600
-3391
-3108
-2765
-2271
-1584
-800
-22
795
1693
2578
3341
3977
4521
4891
4974
4829
4602
4307
3866
3308
2803
2423
2078
1765
1654
1791
1974
2029
2053
2181
2253
2058
1678
1307
852
94
-785
-1465
-1921
-2404
-2891
-3082
-2950
-2750
-2574
-2212
-1663
-1218
-1069
-1044
-991
-1069
-1419
-1934
-2352
-2699
-3090
-3438
-3513
-3290
-3008
-2707
-2245
-1596
-957
-476
-70
328
585
613
576
610
657
649
688
910
1280
1709
2223
2855
3527
4087
4487
4788
4928
4836
4489
3965
3327
2561
1719
888
152
-481
-1017
-1447
-1741
-1910
-1996
-2044
-2093
-2094
-2044
-1983
-1912
-1795
-1575
-1249
-879
-473
10
514
951
1263
1438
1487
1382
1078
574
-48
-722
-1438
-2173
-2859
-3426
-3873
-4210
-4412
-4453
-4350
-4131
-3794
-3358
-2847
-2274
-1633
-935
-223
477
1173
1853
2488
3053
3543
3968
4295
4506
4601
4586
4478
4284
4020
3701
3367
3023
2689
2400
2137
1898
1676
1493
1297
1054
787
501
187
-205
-657
-1103
-1533
-1971
-2378
-2696
-2895
-3004
-3041
-2956
-2765
-2516
-2247
-1967
-1698
-1478
-1331
-1252
-1225
-1259
-1325
-1401
-1470
-1509
-1514
-1468
-1356
-1201
-1023
-836
-643
-448
-280
-152
-52
34
107
184
286
448
663
934
1255
1607
1991
2365
2692
2942
3106
3151
3076
2875
2565
2196
1806
1394
980
622
327
81
-136
-309
-447
-581
-705
-807
-865
-888
-861
-751
-543
-232
160
610
1090
1540
1901
2130
2198
2088
1788
1280
568
-273
-1173
-2115
-3046
-3871
-4557
-5127
-5555
-5795
-5823
-5678
-5407
-4987
-4461
-3882
-3242
-2514
-1735
-939
-126
689
1477
2219
2941
3618
4227
4744
5140
5385
5471
5450
5327
5073
4691
4219
3677
3092
2531
2032
1584
1212
938
685
405
161
-6
-192
-505
-888
-1273
-1724
-2252
-2734
-3058
-3271
-3438
-3489
-3350
-3042
-2622
-2094
-1493
-922
-464
-123
150
336
390
289
57
-231
-545
-860
-1091
-1193
-1234
-1315
-1383
-1319
-1147
-1002
-913
-815
-734
-732
-763
-684
-478
-266
-86
158
533
970
1431
1944
2473
2906
3184
3383
3537
3602
3519
3297
2998
2640
2238
1832
1491
1191
859
481
143
-79
-275
-522
-763
-944
-1109
-1264
-1288
-1121
-864
-622
-325
82
497
853
1150
1366
1359
1083
638
108
-544
-1373
-2284
-3176
-3998
-4766
-5381
-5726
-5844
-5816
-5676
-5351
-4843
-4246
-3650
-3027
-2364
-1741
-1178
-600
76
772
1436
2143
2941
3728
4430
5095
5736
6224
6451
6475
6364
6073
5508
4765
4005
3234
2388
1552
911
437
-7
-393
-568
-575
-646
-792
-836
-839
-1022
-1362
-1614
-1759
-2012
-2358
-2535
-2476
-2398
-2319
-2032
-1546
-1061
-671
-266
205
587
737
737
704
591
286
-172
-572
-907
-1316
-1784
-2092
-2204
-2311
-2441
-2427
-2230
-2045
-1930
-1734
-1418
-1132
-951
-747
-449
-142
100
388
794
1236
1641
2046
2513
3010
3438
3749
3986
4152
4171
4005
3720
3384
2962
2416
1800
1235
730
237
-231
-611
-853
-1043
-1216
-1301
-1272
-1204
-1163
-1109
-982
-827
-759
-758
-739
-729
-856
-1117
-1382
-1638
-1981
-2437
-2839
-3124
-3383
-3657
-3830
-3814
-3697
-3557
-3334
-2966
-2519
-2071
-1598
-1041
-447
123
684
1279
1900
2463
2964
3460
3934
4309
4545
4692
4780
4723
4481
4126
3724
3245
2639
1985
1406
895
386
-78
-375
-520
-632
-741
-746
-644
-586
-651
-714
-723
-820
-1052
-1289
-1403
-1470
-1585
-1629
-1468
-1176
-907
-627
-228
207
479
580
630
618
426
21
-427
-809
-1218
-1694
-2092
-2292
-2382
-2479
-2535
-2423
-2216
-2081
-1996
-1831
-1596
-1432
-1339
-1152
-837
-529
-246
130
646
1213
1720
2257
2882
3458
3874
4180
4443
4583
4493
4217
3885
3495
2959
2344
1796
1318
830
347
-20
-262
-497
-756
-947
-1065
-1219
-1433
-1619
-1699
-1771
-1883
-1909
-1769
-1562
-1380
-1166
-862
-572
-453
-465
-505
-649
-1027
-1562
-2088
-2571
-3104
-3633
-3953
-4037
-4002
-3885
-3555
-2994
-2365
-1763
-1119
-388
296
847
1342
1861
2326
2659
2924
3224
3506
3665
3749
3866
3972
3913
3724
3547
3365
3029
2526
2064
1684
1226
652
171
-109
-356
-669
-889
-883
-803
-825
-846
-698
-504
-480
-547
-488
-364
-389
-504
-502
-372
-331
-403
-372
-224
-158
-253
-322
-299
-352
-575
-833
-981
-1140
-1435
-1759
-1958
-2086
-2294
-2518
-2594
-2549
-2529
-2519
-2384
-2105
-1818
-1562
-1218
-751
-277
144
608
1148
1677
2135
2561
2987
3362
3627
3788
3885
3909
3813
3603
3322
3000
2646
2225
1758
1339
978
598
182
-169
-411
-685
-1048
-1361
-1555
-1757
-2053
-2292
-2330
-2281
-2294
-2228
-1920
-1511
-1227
-989
-628
-270
-180
-299
-384
-492
-838
-1358
-1766
-2034
-2343
-2679
-2805
-2660
-2462
-2287
-1977
-1479
-983
-619
-276
140
518
731
886
1116
1371
1545
1685
1941
2275
2541
2747
3010
3300
3459
3450
3414
3365
3150
2735
2293
1906
1445
882
391
98
-122
-376
-521
-437
-251
-170
-110
77
253
220
34
-104
-226
-512
-920
-1215
-1355
-1520
-1741
-1804
-1653
-1502
-1471
-1398
-1198
-1045
-1082
-1210
-1273
-1341
-1572
-1873
-2046
-2125
-2249
-2382
-2357
-2159
-1940
-1744
-1449
-1019
-603
-280
63
488
875
1139
1390
1721
2040
2255
2453
2724
2975
3097
3154
3233
3278
3175
2963
2772
2566
2259
1884
1559
1299
982
614
313
87
-180
-529
-851
-1102
-1369
-1706
-2001
-2152
-2220
-2288
-2276
-2055
-1703
-1380
-1069
-677
-266
-31
-18
-80
-174
-451
-953
-1467
-1869
-2248
-2652
-2936
-2949
-2806
-2641
-2382
-1951
-1445
-1022
-670
-303
51
282
409
554
741
905
1058
1289
1617
1961
2266
2583
2918
3167
3263
3244
3158
2957
2591
2130
1682
1257
820
427
188
116
126
200
388
680
962
1153
1295
1392
1375
1177
858
516
138
-314
-770
-1119
-1354
-1536
-1665
-1645
-1518
-1378
-1279
-1175
-1074
-1064
-1185
-1381
-1586
-1845
-2168
-2487
-2702
-2819
-2887
-2863
-2674
-2347
-1974
-1567
-1112
-618
-173
174
471
741
941
1056
1144
1271
1417
1552
1719
1955
2232
2482
2694
2890
3050
3098
3019
2872
2648
2334
1926
1466
1013
557
75
-389
-788
-1135
-1443
-1693
-1864
-1939
-1958
-1926
-1826
-1655
-1428
-1191
-936
-657
-368
-112
91
258
405
478
435
332
188
-14
-309
-653
-976
-1272
-1573
-1847
-2019
-2088
-2101
-2071
-1943
-1741
-1531
-1315
-1065
-779
-505
-245
32
346
653
946
1256
1581
1881
2137
2361
2544
2670
2715
2683
2580
2414
2191
1935
1647
1362
1114
907
734
619
611
689
776
862
994
1141
1182
1083
936
759
452
-7
-491
-897
-1295
-1735
-2089
-2244
-2290
-2335
-2302
-2129
-1906
-1764
-1695
-1586
-1497
-1511
-1620
-1712
-1740
-1805
-1879
-1857
-1694
-1495
-1315
-1066
-712
-359
-117
104
355
555
630
647
708
786
839
893
1048
1300
1555
1823
2141
2496
2805
3003
3127
3204
3147
2921
2588
2213
1775
1249
700
218
-183
-574
-917
-1125
-1222
-1290
-1355
-1367
-1309
-1285
-1321
-1364
-1379
-1374
-1405
-1437
-1393
-1260
-1098
-932
-725
-457
-205
-47
40
98
88
-63
-323
-597
-880
-1189
-1502
-1720
-1816
-1856
-1829
-1703
-1484
-1230
-979
-728
-482
-261
-83
50
168
313
463
625
814
1071
1381
1675
1970
2286
2597
2793
2882
2947
2973
2849
2595
2358
2168
1920
1596
1392
1351
1291
1142
1067
1133
1138
949
724
593
369
-86
-599
-967
-1303
-1778
-2257
-2504
-2605
-2789
-2957
-2903
-2695
-2574
-2547
-2378
-2084
-1880
-1812
-1681
-1411
-1191
-1114
-1004
-747
-507
-407
-340
-161
30
92
105
209
367
433
453
557
745
897
991
1134
1369
1575
1699
1826
1996
2132
2150
2108
2072
2017
1858
1612
1387
1189
946
655
407
231
55
-164
-364
-499
-651
-859
-1081
-1250
-1401
-1594
-1760
-1853
-1874
-1882
-1843
-1701
-1489
-1270
-1039
-744
-431
-169
40
242
415
494
489
460
405
265
73
-105
-243
-394
-566
-689
-745
-772
-824
-850
-813
-754
-715
-677
-580
-435
-288
-145
49
290
550
797
1051
1329
1589
1814
1992
2152
2270
2333
2357
2349
2312
2228
2126
2018
1887
1728
1563
1403
1227
1033
834
615
360
81
-221
-548
-918
-1291
-1649
-2006
-2343
-2629
-2838
-2984
-3070
-3085
-3003
-2841
-2628
-2374
-2078
-1750
-1405
-1067
-738
-422
-126
132
337
508
651
744
789
802
793
766
723
674
632
606
583
577
602
641
695
757
823
884
915
934
960
961
927
880
825
770
716
662
636
631
613
583
544
504
444
333
176
-5
-205
-413
-614
-807
-966
-1092
-1186
-1232
-1219
-1154
-1070
-984
-891
-781
-675
-576
-479
-386
-307
-245
-177
-100
-12
81
169
250
306
320
323
325
268
129
-55
-249
-461
-680
-879
-1021
-1120
-1190
-1199
-1117
-933
-682
-413
-127
184
492
796
1083
1339
1546
1671
1744
1802
1847
1847
1806
1749
1680
1596
1508
1448
1400
1323
1201
1055
920
765
544
297
41
-247
-571
-894
-1174
-1426
-1695
-1959
-2136
-2236
-2312
-2335
-2270
-2140
-2000
-1836
-1604
-1316
-1048
-815
-555
-282
-52
150
363
578
757
868
962
1073
1135
1130
1082
1026
959
832
684
566
467
346
214
116
72
32
-21
-46
-27
5
24
58
134
222
279
336
422
511
568
590
609
631
610
539
452
366
254
83
-87
-223
-370
-535
-690
-802
-892
-1004
-1103
-1149
-1180
-1223
-1248
-1209
-1128
-1038
-921
-733
-490
-250
-15
253
530
739
875
973
1036
1014
887
721
549
342
77
-187
-388
-556
-715
-838
-883
-855
-809
-743
-616
-435
-254
-89
97
310
504
646
793
951
1082
1177
1265
1363
1443
1460
1459
1457
1423
1332
1197
1061
887
673
447
240
43
-175
-381
-551
-707
-866
-999
-1103
-1201
-1305
-1390
-1442
-1473
-1494
-1494
-1435
-1360
-1271
-1127
-932
-696
-467
-221
67
350
598
822
1043
1217
1314
1348
1347
1309
1192
1010
799
585
343
75
-169
-379
-568
-744
-877
-943
-958
-945
-907
-813
-668
-522
-368
-179
28
230
396
558
734
874
948
998
1049
1055
988
900
820
710
540
356
200
44
-156
-381
-562
-720
-929
-1147
-1308
-1409
-1508
-1605
-1604
-1496
-1368
-1214
-970
-635
-293
23
376
764
1102
1343
1535
1719
1821
1774
1655
1531
1355
1064
720
418
137
-191
-538
-799
-964
-1122
-1294
-1392
-1382
-1341
-1338
-1290
-1141
-963
-808
-659
-433
-157
75
270
501
763
962
1081
1184
1298
1362
1317
1228
1173
1102
936
739
605
507
354
152
27
-25
-116
-270
-382
-403
-437
-553
-655
-663
-647
-705
-775
-737
-642
-585
-543
-410
-194
-9
133
313
559
763
872
966
1081
1135
1075
968
857
716
492
216
-39
-268
-523
-803
-1025
-1172
-1306
-1433
-1506
-1487
-1420
-1357
-1267
-1100
-882
-683
-479
-218
46
281
490
701
904
1049
1145
1222
1259
1221
1138
1037
895
696
476
264
39
-205
-431
-620
-775
-909
-1010
-1042
-1031
-994
-913
-775
-618
-449
-240
5
252
481
713
954
1165
1325
1460
1572
1627
1588
1481
1344
1153
887
562
239
-100
-483
-853
-1166
-1423
-1664
-1861
-1955
-1960
-1938
-1873
-1708
-1475
-1250
-1031
-766
-463
-203
2
222
462
653
745
831
966
1064
1052
1010
1050
1090
1020
906
893
926
837
675
630
679
619
435
342
374
310
97
-47
-9
-24
-224
-362
-291
-208
-291
-352
-205
-20
-13
-20
161
378
408
358
446
579
544
383
320
317
162
-108
-303
-394
-567
-855
-1080
-1169
-1274
-1465
-1602
-1597
-1557
-1582
-1584
-1448
-1236
-1082
-927
-672
-354
-83
134
398
707
943
1075
1200
1341
1415
1370
1282
1221
1124
930
713
546
387
177
-40
-178
-271
-389
-499
-533
-498
-487
-483
-395
-262
-130
-20
131
332
516
649
767
928
1061
1105
1110
1119
1106
995
805
638
471
226
-87
-374
-592
-825
-1106
-1340
-1456
-1548
-1680
-1745
-1694
-1602
-1551
-1491
-1319
-1100
-942
-812
-623
-394
-217
-87
80
269
412
509
606
743
849
911
974
1056
1134
1153
1171
1212
1222
1214
1179
1148
1128
1056
936
810
697
566
383
193
51
-57
-198
-329
-383
-374
-379
-395
-345
-244
-178
-157
-113
-41
-23
-66
-96
-105
-140
-219
-280
-307
-347
-414
-472
-486
-504
-571
-651
-704
-750
-826
-929
-998
-1038
-1072
-1089
-1056
-965
-854
-705
-513
-292
-52
173
400
610
789
933
1015
1066
1083
1040
960
849
740
616
473
348
258
195
131
88
88
111
129
145
177
209
221
220
226
222
225
232
236
248
261
279
289
291
288
278
240
174
86
-10
-122
-257
-389
-517
-643
-769
-880
-956
-1006
-1041
-1057
-1050
-1024
-970
-906
-836
-754
-670
-584
-498
-412
-317
-220
-126
-21
93
214
348
477
606
746
873
985
1080
1160
1214
1238
1236
1212
1163
1069
956
835
701
550
393
253
131
12
-95
-168
-220
-250
-274
-272
-244
-217
-187
-160
-132
-104
-90
-92
-88
-89
-108
-120
-137
-152
-170
-199
-220
-254
-302
-350
-413
-485
-555
-634
-715
-784
-844
-887
-906
-905
-879
-821
-736
-633
-516
-380
-245
-104
35
169
290
402
485
559
617
652
683
700
713
705
698
684
653
620
570
517
459
389
327
264
198
152
120
93
83
83
91
107
130
152
155
156
148
129
87
38
-13
-78
-140
-204
-265
-319
-369
-413
-451
-480
-501
-525
-551
-568
-586
-606
-626
-648
-664
-673
-665
-641
-606
-549
-472
-379
-266
-142
-12
124
258
383
493
596
687
760
814
850
886
902
909
905
889
869
828
771
697
608
505
398
266
130
4
-126
-246
-341
-413
-463
-492
-493
-472
-431
-374
-309
-240
-172
-115
-74
-48
-45
-57
-83
-132
-180
-237
-296
-340
-377
-409
-431
-436
-431
-419
-403
-387
-380
-376
-361
-360
-364
-355
-343
-314
-273
-213
-137
-41
69
186
314
443
553
648
724
766
787
781
746
691
619
540
462
385
323
264
223
199
188
182
184
184
183
184
169
145
113
74
21
-28
-73
-127
-164
-197
-230
-259
-285
-315
-339
-366
-407
-450
-512
-576
-645
-717
-791
-876
-941
-984
-1000
-1013
-998
-953
-881
-786
-686
-562
-431
-293
-153
-14
127
268
401
517
638
768
888
998
1113
1220
1310
1376
1430
1475
1468
1423
1348
1249
1144
980
774
593
417
223
14
-167
-302
-432
-564
-650
-681
-698
-711
-692
-636
-558
-499
-452
-389
-336
-310
-298
-294
-277
-285
-309
-308
-292
-264
-254
-242
-198
-160
-147
-150
-160
-170
-203
-269
-324
-366
-417
-470
-490
-470
-436
-390
-309
-195
-69
48
164
279
388
460
502
538
541
536
510
477
465
433
406
402
405
408
405
410
416
403
367
325
288
237
162
88
25
-38
-97
-150
-182
-204
-227
-233
-233
-217
-206
-211
-199
-186
-196
-217
-239
-264
-305
-356
-398
-428
-468
-517
-554
-569
-578
-594
-584
-561
-533
-484
-434
-373
-306
-236
-155
-67
28
120
213
319
432
535
634
745
852
943
1012
1075
1117
1131
1118
1088
1036
949
841
711
576
436
290
157
39
-64
-143
-200
-236
-257
-269
-271
-269
-268
-276
-290
-315
-348
-390
-429
-464
-501
-528
-545
-554
-550
-531
-508
-475
-446
-412
-380
-357
-333
-319
-313
-314
-322
-327
-337
-343
-340
-332
-306
-269
-231
-180
-110
-41
31
108
179
245
303
356
401
428
452
469
482
494
502
512
531
554
565
577
581
574
562
527
491
436
363
293
205
115
25
-59
-135
-209
-270
-314
-347
-369
-379
-386
-388
-377
-360
-352
-353
-348
-334
-323
-316
-307
-297
-283
-274
-260
-241
-232
-217
-202
-189
-175
-166
-162
-159
-154
-154
-147
-137
-116
-81
-45
7
64
132
208
288
370
443
514
575
628
670
687
696
691
661
629
585
530
469
398
335
272
206
146
94
44
-5
-52
-100
-145
-188
-237
-286
-333
-380
-414
-446
-471
-485
-498
-496
-482
-465
-443
-413
-382
-355
-328
-300
-282
-267
-251
-240
-227
-215
-202
-184
-163
-133
-95
-68
-36
7
36
61
91
106
121
133
144
152
159
171
185
202
214
241
268
293
321
350
375
398
415
423
423
411
395
365
328
286
235
184
134
78
26
-20
-57
-93
-131
-157
-186
-209
-231
-252
-261
-271
-277
-274
-273
-262
-248
-237
-219
-201
-184
-169
-160
-155
-165
-175
-185
-201
-215
-229
-228
-221
-203
-175
-149
-106
-61
-13
37
78
118
151
169
189
208
215
230
235
247
264
280
300
314
325
337
348
347
335
312
282
250
218
170
124
85
44
7
-32
-60
-84
-105
-116
-126
-137
-145
-155
-171
-191
-207
-219
-230
-239
-245
-250
-244
-224
-205
-190
-174
-148
-127
-109
-93
-78
-67
-63
-55
-53
-46
-36
-26
-17
-13
1
17
30
43
57
67
72
82
84
88
89
83
82
79
74
75
79
83
89
92
93
92
90
90
88
86
77
69
61
49
35
28
28
24
21
24
19
20
18
14
12
6
-1
-3
-11
-23
-27
-37
-47
-56
-63
-70
-87
-94
-98
-105
-108
-111
-114
-112
-111
-106
-107
-109
-99
-93
-89
-78
-66
-59
-50
-40
-26
-10
0
13
32
43
60
77
85
99
117
124
134
143
150
152
155
159
147
150
148
137
135
121
106
94
80
63
48
35
17
-3
-19
-34
-55
-68
-82
-93
-99
-105
-112
-116
-118
-123
-121
-120
-115
-107
-98
-89
-87
-83
-76
-69
-60
-61
-59
-57
-55
-42
-40
-38
-32
-28
-16
-8
-2
0
2
10
12
18
23
24
25
24
27
26
31
34
32
34
39
46
52
56
60
64
68
74
71
69
71
70
65
60
54
51
48
44
41
40
36
32
30
37
40
41
47
43
38
30
13
6
-6
-21
-30
-43
-48
-59
-61
-62
-68
-66
-69
-71
-72
-73
-70
-74
-81
-79
-75
-72
-73
-73
-67
-62
-55
-42
-35
-25
-18
-4
2
9
28
27
32
41
43
45
48
51
52
59
61
54
59
60
56
57
59
57
54
51
50
41
31
22
12
4
-13
-16
-22
-32
-31
-35
-37
-30
-27
-27
-23
-25
-16
-15
-13
-10
-14
-18
-27
-31
-31
-34
-37
-34
-28
-21
-15
-8
-3
-2
5
2
2
6
0
4
2
1
-4
-4
-3
1
12
9
7
16
18
15
24
26
28
37
30
26
20
6
5
3
-5
-9
-9
-9
-4
-1
2
4
14
24
27
29
30
36
31
19
17
15
9
10
8
7
1
-4
-6
-16
-16
-15
-21
-22
-21
-21
-27
-28
-35
-41
-41
-42
-41
-45
-46
-42
-36
-36
-27
-25
-20
-10
-6
2
6
9
8
16
18
21
32
28
28
29
31
29
29
28
26
29
31
28
30
27
24
24
22
22
17
10
2
-2
-6
-10
-14
-18
-16
-19
-19
-14
-16
-16
-11
-11
-14
-15
-14
-15
-19
-22
-13
-16
-24
-14
-13
-14
-14
-18
-15
-14
-9
-9
-9
-4
-2
-2
-2
-2
-6
-5
-7
-6
-6
-3
3
6
13
15
23
29
32
31
23
26
29
25
18
20
19
9
9
13
13
14
9
6
11
13
10
16
12
12
17
11
6
4
7
7
2
0
-11
-15
-13
-12
-15
-17
-16
-13
-16
-21
-19
-25
-27
-33
-34
-32
-34
-35
-32
-31
-28
-26
-27
-18
-8
-7
-7
-6
-5
-6
-1
1
0
3
11
7
11
17
13
21
24
25
28
28
29
28
33
30
28
23
18
19
12
11
9
4
3
0
0
1
5
3
-1
-1
-7
-9
-9
-12
-9
-3
1
-2
-4
1
-2
-3
3
9
3
-4
-3
-3
-8
-12
-12
-17
-21
-21
-20
-20
-18
-26
-25
-18
-18
-4
-10
-10
-4
-4
6
0
5
5
5
11
8
9
6
12
12
11
14
7
9
16
18
14
7
14
17
14
21
12
12
16
15
12
5
9
5
3
4
2
6
-1
0
1
0
-3
-5
-4
-11
-14
-15
-17
-19
-20
-28
-26
-27
-31
-24
-24
-25
-28
-28
-25
-20
-13
-5
-6
-7
1
3
6
9
8
10
2
6
10
8
6
12
19
22
24
26
30
32
28
20
16
16
15
10
8
6
7
9
4
5
6
11
11
4
8
6
-2
3
4
0
-4
-8
-6
-8
-10
-8
-3
-5
-5
-1
-4
-7
-5
-5
-14
-19
-24
-28
-30
-33
-33
-38
-36
-31
-29
-24
-24
-21
-13
-12
-7
-4
0
2
1
3
6
5
7
13
17
19
21
24
24
24
25
24
28
31
29
27
24
26
24
21
22
24
19
18
18
17
13
12
12
9
6
1
-4
-2
-1
-5
-8
-9
-12
-13
-15
-18
-22
-27
-30
-31
-31
-28
-26
-29
-28
-25
-23
-24
-22
-22
-19
-18
-12
-9
-13
-6
-5
-10
-9
-11
-9
-1
2
7
14
15
19
21
21
26
28
29
26
18
12
9
6
4
7
7
8
12
10
14
18
19
21
17
15
10
10
9
4
3
0
1
-4
-4
-2
2
4
6
9
7
6
1
-3
-2
-2
-9
-15
-20
-22
-18
-20
-22
-19
-16
-15
-15
-18
-20
-19
-21
-15
-16
-11
-5
-10
-4
-9
-9
-5
-8
-9
-11
0
4
5
6
13
12
10
19
17
16
13
14
10
7
13
16
14
15
21
12
10
8
7
2
-2
0
0
1
-5
-4
-5
-8
-9
-7
-6
-8
-9
-6
-2
-3
-4
-1
3
3
8
9
6
1
3
2
-6
-8
-2
-3
-4
1
3
-5
-7
-5
-3
-2
-8
-8
-3
-3
-1
-2
-1
6
7
12
9
7
9
6
3
8
10
10
12
11
13
12
9
9
11
12
11
10
3
0
2
-5
-9
-12
-14
-15
-15
-13
-12
-15
-16
-19
-16
-13
-19
-16
-19
-22
-15
-15
-14
-10
-6
-13
-18
-18
-14
-11
-12
-7
-7
-7
-4
4
5
6
11
9
9
9
7
4
1
1
6
8
11
14
17
17
20
22
20
27
36
33
31
32
24
22
17
13
12
8
10
11
11
14
11
7
6
10
9
4
-2
-9
-11
-14
-18
-18
-22
-18
-17
-20
-19
-17
-18
-20
-22
-22
-15
-12
-16
-16
-20
-28
-27
-22
-24
-24
-20
-19
-16
-14
-12
-6
-5
1
3
5
7
10
12
8
10
11
16
16
18
18
17
16
16
23
23
26
26
25
21
16
21
19
14
13
11
5
3
-2
-4
-5
-11
-11
-14
-11
-7
-9
-13
-14
-7
-10
-11
-4
-2
-6
-3
0
-4
-10
-13
-9
-15
-15
-7
-5
-4
-5
-1
4
5
3
1
-1
-4
-5
-9
-16
-17
-6
-5
-7
-2
3
7
5
3
3
2
13
11
6
7
6
10
9
12
13
11
12
16
19
14
16
11
9
15
10
11
7
4
6
-4
-4
-6
-12
-16
-17
-12
-11
-14
-12
-13
-5
-3
-8
-8
-12
-14
-16
-20
-22
-21
-24
-25
-25
-22
-21
-18
-13
-7
-2
1
9
14
16
17
14
14
15
14
15
16
20
19
20
27
30
28
29
32
22
18
21
15
16
14
7
4
2
0
-2
-4
-3
-2
-2
0
4
1
-3
-1
-3
-9
-15
-18
-18
-22
-26
-24
-21
-19
-18
-17
-16
-13
-16
-15
-15
-20
-15
-16
-14
-14
-15
-16
-21
-17
-12
-11
-7
-8
-5
-3
-4
0
1
5
5
8
3
-3
3
2
4
5
3
9
12
15
18
27
34
32
29
24
25
22
22
20
15
17
18
17
13
18
21
22
23
21
16
11
10
6
1
-3
-8
-10
-6
-7
-8
-5
-7
-11
-11
-15
-19
-21
-20
-18
-12
-16
-21
-22
-22
-18
-16
-15
-10
-8
-9
-6
-7
-4
-11
-15
-11
-12
-12
-11
-11
-10
-4
0
-2
-4
-2
-2
2
5
3
9
11
15
20
14
12
12
8
7
7
2
-1
5
1
2
13
17
12
12
14
11
11
3
5
5
2
0
-3
0
-5
-10
-5
-4
-6
-7
-6
-3
-4
-8
-6
-5
-5
-4
-2
-1
-6
-4
-4
-7
-7
-6
-3
0
2
1
1
2
4
8
8
10
6
4
2
-2
0
3
-4
-4
-1
-1
2
0
-1
6
7
3
3
5
10
10
8
8
4
1
-1
3
8
7
5
5
1
-2
0
-4
-2
-1
-1
2
-5
-2
-3
-4
-6
-15
-17
-17
-14
-9
-12
-9
-7
-6
-3
-5
-1
-1
-3
1
1
-3
3
4
4
9
5
4
4
0
3
2
-1
2
7
9
7
5
6
4
3
8
3
4
4
3
8
4
5
2
-1
2
0
-1
0
-1
4
-3
-5
-4
-10
-5
-8
-12
-13
-12
-10
-7
-4
-5
-10
-12
-10
-8
-9
-4
-2
-5
-9
-1
-10
-8
3
-9
-7
-9
-8
0
0
2
8
4
8
11
-3
9
7
2
12
2
9
7
2
11
12
17
21
16
14
22
18
12
14
15
18
12
12
11
6
14
17
8
8
8
5
4
5
0
-2
0
-1
-3
-6
-5
-11
-9
-9
-19
-16
-18
-14
-3
-7
-14
-13
-18
-16
-17
-25
-25
-30
-22
-20
-22
-19
-17
-6
0
-6
-6
-2
0
3
4
2
-4
-4
2
2
2
0
-1
4
5
1
6
7
7
6
7
12
9
8
9
8
6
-2
6
9
2
1
2
7
5
9
13
9
11
12
18
16
10
7
5
4
6
5
4
10
3
1
5
1
7
3
0
5
8
8
5
0
-8
-5
-6
-9
-14
-17
-13
-13
-15
-12
-14
-11
-6
-5
-6
-4
-7
-9
-9
-9
-8
-7
0
-3
-3
0
2
6
4
4
3
4
6
9
9
7
4
3
-1
-4
3
1
4
3
-4
5
6
-4
-1
1
-1
-3
-4
-6
-8
-9
-5
-3
-5
-1
-1
1
-2
-4
2
6
3
2
3
-3
-3
1
-1
1
7
3
2
5
11
13
12
11
16
19
14
3
-4
-5
-4
-7
-10
-7
-9
-8
-5
-6
-5
-1
-2
-6
-7
-5
-2
0
4
1
-1
-2
-10
-5
-7
-5
5
1
2
0
-1
5
8
3
0
1
-2
-1
-2
-8
-4
0
-1
4
6
1
1
3
2
0
-4
-4
-2
-4
-6
-3
-3
-6
-3
1
3
0
1
-1
-7
-9
-3
-5
-6
-4
-4
-3
-2
0
6
9
7
6
10
13
14
11
13
12
5
8
13
10
9
12
12
13
15
12
7
5
6
7
5
4
-1
-4
0
-14
-15
-9
-9
-3
-5
-2
2
1
-3
-4
-10
-16
-14
-19
-18
-17
-14
-10
-19
-16
-12
-10
-8
-8
-4
-4
-4
2
-8
-12
-5
-9
-8
-6
-7
-8
-12
-13
-11
-10
-6
-2
5
9
14
14
10
13
8
11
12
8
10
10
7
9
11
15
18
17
19
19
24
23
14
8
8
6
2
4
7
16
15
10
13
12
10
9
8
3
-1
2
-2
-11
-9
-9
-10
-7
-10
-10
-9
-14
-7
-4
-6
-8
-12
-15
-23
-15
-14
-18
-19
-18
-15
-9
-7
-12
-8
-4
-4
-3
-12
-12
-8
-9
-8
-5
-1
-4
0
1
1
1
0
4
1
1
5
8
5
7
8
8
10
10
11
6
-1
-3
1
6
4
2
6
2
5
9
9
14
15
13
7
5
5
0
-6
-3
-1
-1
-1
5
8
6
7
10
10
15
16
10
11
9
0
1
0
-2
2
-1
2
1
2
8
6
4
3
-3
-3
-5
-10
-6
-11
-18
-12
-12
-10
-10
-8
-11
-14
-10
-10
-6
-8
-7
-10
-15
-12
-11
-13
-14
-14
-16
-10
-10
-10
-1
-2
-3
-4
1
2
4
-3
-2
1
-2
2
-4
1
5
4
7
7
4
6
4
8
9
10
11
14
18
13
10
6
2
-1
-2
-3
3
9
8
8
9
16
20
20
19
13
12
12
11
8
4
5
10
13
10
9
11
5
7
8
5
5
0
-5
-5
-6
-7
-14
-17
-16
-17
-19
-16
-13
-12
-12
-15
-11
-9
-15
-18
-15
-16
-18
-17
-17
-17
-20
-19
-15
-11
-9
-5
2
2
3
5
3
6
6
4
7
6
10
11
7
5
6
1
4
5
4
8
3
2
7
3
5
4
1
7
6
1
2
-1
5
9
6
11
13
15
11
5
11
14
9
9
10
5
7
8
3
-2
-4
-1
5
3
3
0
-3
0
-2
-3
-1
-1
-7
-11
-8
-6
-8
-6
-5
-12
-11
-10
-10
-13
-14
-10
-9
-3
-4
3
3
-1
1
-1
7
3
-2
-4
-6
-7
-9
-6
-6
-4
2
-1
0
4
2
2
0
4
-1
-6
-6
-9
-5
-5
-6
-4
-1
-2
-2
-4
-1
3
1
8
8
8
13
14
14
12
14
13
8
9
5
5
9
7
4
12
9
11
8
7
10
-2
-1
2
-2
1
-1
-5
-4
-6
-4
-3
-3
-5
1
4
3
8
5
4
2
2
5
-3
-3
-3
-3
-2
-5
-6
-5
-9
-11
-6
-6
-7
-13
-11
-14
-17
-15
-17
-18
-19
-19
-17
-15
-12
-4
-10
-8
1
0
2
1
2
-3
-6
-5
-6
-4
-2
-3
-2
3
6
7
12
16
19
17
16
21
20
15
9
11
12
11
13
12
12
9
5
11
10
2
6
8
13
12
10
10
7
4
1
0
4
4
1
1
2
1
1
-2
0
3
2
0
-6
-6
-5
-5
-9
-13
-15
-15
-15
-13
-15
-11
-11
-15
-12
-10
-12
-13
-8
-9
-6
-4
-3
-1
-4
-4
-8
-3
-2
-7
0
4
1
0
3
4
6
0
3
2
0
7
2
4
2
1
4
-2
-5
-2
3
5
3
3
4
-1
-3
1
4
2
-2
5
6
4
0
5
11
6
4
5
5
4
2
-1
2
-1
1
5
6
7
-2
-1
2
-5
-6
-3
-6
-6
0
-3
0
0
-4
-1
0
3
10
8
1
6
0
-2
4
10
11
11
7
5
2
5
4
-1
6
7
3
1
5
1
-1
-5
-9
-9
-13
-12
-9
-8
-4
-8
-10
-3
0
1
-4
-2
-3
-12
-11
-7
-3
-5
-10
-17
-13
-10
-13
-4
-1
2
2
1
4
2
5
1
-2
-3
-7
-4
0
1
-1
1
4
6
5
7
14
10
8
15
11
10
14
14
17
16
13
14
9
9
12
12
15
13
10
10
2
-1
-2
-3
-5
-3
-4
-8
-8
-13
-13
-10
-13
-9
-6
-7
-4
-5
-12
-15
-15
-21
-23
-15
-13
-14
-14
-16
-12
-13
-14
-4
1
1
0
2
-1
-3
-3
-6
-2
5
3
6
6
1
1
5
14
13
15
13
19
16
11
15
10
16
14
7
16
18
13
14
12
6
4
1
1
0
6
3
3
8
5
6
3
-2
-2
-2
-6
-4
1
3
0
-2
-2
-11
-7
-7
-12
-14
-17
-19
-21
-22
-23
-19
-14
-11
-11
-11
-7
-5
-5
-6
-7
-5
-6
-6
-1
-7
-7
-3
-6
-2
0
4
9
11
14
13
13
10
8
15
14
12
7
12
8
1
6
9
5
5
12
10
9
13
12
14
14
10
7
5
-1
-10
-4
-4
-5
-1
-3
-2
-3
-4
-4
-4
-7
-10
-3
-11
-10
-4
-10
-8
-7
-7
-7
-8
-6
-5
-3
-4
-6
-5
-9
-9
-7
-16
-18
-9
-7
-8
-3
0
3
10
7
7
8
8
12
10
3
1
5
6
10
12
7
9
11
8
8
7
6
3
5
5
5
1
-1
1
0
4
0
-3
-8
-11
-4
-5
-1
-2
-4
3
2
3
5
3
6
4
1
-5
-6
-9
0
2
2
4
3
3
-1
3
4
0
-2
0
-2
-4
-6
-6
-4
-8
-8
-4
-3
-1
4
5
2
2
-3
4
4
3
2
-10
-2
0
-6
-10
-10
-5
-5
-6
-4
-4
-7
-3
-4
-2
4
-3
-4
-1
-1
-9
-10
-6
-9
-5
-1
-3
-5
-3
-1
-3
-4
-4
-4
-2
-2
0
5
5
8
11
16
20
14
13
16
10
9
12
13
18
19
10
18
18
11
17
10
7
3
-1
6
7
8
6
8
10
6
2
4
5
1
-1
-1
-4
-1
-1
-4
-4
-7
-12
-13
-14
-8
-9
-17
-10
-12
-14
-14
-14
-14
-15
-11
-14
-16
-18
-16
-16
-21
-19
-24
-26
-19
-18
-10
-12
-13
-11
-16
-12
-5
-1
0
-2
-6
-4
-4
2
-3
-3
5
6
9
13
20
22
32
33
34
40
34
36
28
23
22
18
22
20
20
24
26
24
22
18
18
18
12
16
14
10
7
4
2
3
1
2
-1
-5
-8
-7
-8
-10
-11
-14
-18
-22
-21
-22
-31
-29
-27
-27
-26
-25
-28
-30
-22
-24
-27
-19
-19
-22
-21
-23
-18
-19
-18
-15
-19
-14
-9
-8
-5
0
4
6
6
10
11
9
10
11
14
14
11
12
16
18
18
18
22
24
27
27
24
29
26
20
21
17
20
20
13
8
5
3
2
1
1
0
4
2
-5
1
4
3
5
2
2
3
-8
-9
-5
-16
-17
-14
-17
-13
-8
-7
0
3
-1
-1
-7
-6
-10
-14
-13
-17
-17
-10
-9
-9
-7
-11
-3
3
1
2
4
1
4
2
0
-8
-11
-2
0
-3
-8
-6
-4
-2
-5
-7
-3
-7
-4
-1
-2
-3
1
5
1
3
4
0
3
7
2
1
0
1
0
5
12
5
7
9
1
2
4
2
1
5
4
2
7
1
0
6
-3
2
12
10
15
12
7
6
5
5
7
9
5
2
3
4
-2
2
5
8
8
-3
0
0
-4
-1
-1
-2
-4
-1
2
5
5
0
-2
2
2
3
6
2
-1
-2
1
0
-10
-7
-8
-11
-8
-11
-10
-5
-10
-13
-12
-9
-10
-14
-6
-12
-16
-15
-15
-18
-16
-12
-13
-8
-8
-2
-2
-5
-6
-6
-5
-8
-5
-5
2
-4
-3
8
11
11
8
5
11
14
8
7
8
10
13
11
10
15
15
12
14
13
6
11
15
11
16
23
20
17
16
14
16
17
15
13
12
12
9
9
12
3
-4
-2
-5
-7
-5
-4
-2
-6
-11
-7
-8
-17
-17
-17
-18
-16
-11
-10
-17
-19
-15
-17
-23
-18
-17
-18
-12
-18
-19
-15
-17
-14
-10
-15
-11
-16
-14
-10
-18
-12
-8
-7
-3
-4
-1
2
3
1
0
2
8
8
10
16
12
15
15
15
17
19
15
16
16
16
23
21
21
25
26
24
26
19
21
25
19
24
25
21
20
15
19
14
8
7
2
1
1
-1
-2
-4
-10
-10
-13
-16
-18
-25
-23
-26
-25
-19
-19
-16
-14
-16
-13
-16
-22
-19
-18
-20
-20
-23
-20
-22
-23
-16
-15
-20
-18
-13
-12
-15
-10
-6
-6
-7
-8
-4
-12
-10
-7
-5
6
1
8
12
9
15
19
19
23
24
20
17
19
21
17
17
22
18
19
20
23
25
20
26
27
27
24
21
21
16
12
9
6
3
6
7
9
3
1
3
6
4
-1
-5
-7
-8
-14
-19
-20
-20
-18
-17
-17
-14
-17
-16
-10
-16
-12
-13
-15
-9
-14
-13
-14
-12
-15
-16
-12
-16
-15
-12
-13
-17
-15
-12
-13
-8
-12
-15
-14
-16
-11
-10
-7
-9
-5
-1
-3
4
2
3
7
1
10
14
12
12
17
23
23
21
20
24
20
18
18
18
19
23
27
28
26
24
28
23
16
11
12
4
-2
-1
-1
-2
2
3
3
0
-5
-8
-10
-7
-11
-11
-11
-11
-9
-8
-7
-13
-15
-5
-6
-7
-3
4
2
1
-4
-7
-7
-8
-8
-11
-10
-16
-13
-14
-15
-13
-12
-16
-18
-17
-17
-15
-17
-21
-10
-6
-13
-10
-5
-9
-11
-8
-5
-3
5
10
17
15
17
19
12
14
17
15
14
21
20
18
16
16
23
18
15
9
8
14
12
10
10
11
7
3
-7
-9
-7
-8
-7
-8
-7
-3
0
-1
-2
0
-1
0
-5
-9
-2
2
3
9
11
6
2
0
-1
-1
-6
-6
-4
-10
-11
-8
-7
-7
-8
-9
-9
-10
-10
-8
-10
-5
-6
-3
-4
-10
-6
-6
-8
-7
-3
0
2
3
-2
2
6
6
3
5
9
2
2
6
6
3
4
3
1
1
0
2
0
3
4
2
7
7
8
9
3
0
-4
-3
1
-4
-6
-10
-5
0
0
4
5
4
8
4
5
7
-1
0
1
-2
-2
1
3
4
7
10
11
11
8
6
6
3
1
-2
0
-2
-4
-5
-9
-10
-8
-9
-6
-7
-2
-1
-1
1
-4
-4
-9
-7
-5
-7
-7
-6
-5
-4
2
-1
-3
1
3
2
6
3
3
0
0
4
-2
0
-1
-5
-1
-1
-2
-3
-2
1
3
2
-3
2
5
3
2
-2
0
-5
-10
-10
-9
-6
-1
1
2
6
7
11
11
14
13
8
10
8
3
-1
-2
-4
-5
-4
-2
0
-1
2
1
-3
-5
-5
-5
-6
-4
-3
-2
-3
3
3
-3
1
3
0
-3
0
7
3
3
8
9
7
3
4
3
6
9
6
4
4
6
7
8
9
4
4
4
0
-3
-11
-14
-11
-11
-13
-10
-6
-7
-9
-11
-8
-4
-9
-7
-5
-10
-6
-8
-6
-5
-9
-10
-13
-12
-9
-6
-5
-2
4
-1
-2
1
5
10
10
12
12
14
11
8
8
11
10
10
8
7
11
11
16
16
11
13
10
0
2
4
2
0
-8
-6
0
-2
0
3
6
4
-2
-1
1
1
3
-4
-3
2
-3
-8
-12
-14
-13
-13
-13
-12
-15
-10
-6
-4
-3
-3
-1
-7
-5
-6
-10
-9
-9
-5
0
-1
0
3
2
1
5
-3
-5
1
-1
2
1
3
7
6
8
4
10
12
8
13
12
9
10
10
5
12
15
9
15
12
8
6
3
4
2
3
5
0
1
0
-1
-4
-7
-6
-11
-7
-6
-6
-7
-2
4
2
-5
-1
3
-7
-10
-16
-17
-12
-14
-11
-6
-6
-9
-9
-3
-4
-6
-3
-3
-8
-10
-6
-5
-11
-9
-5
-1
2
1
2
3
2
0
5
8
10
10
6
6
-2
-4
-4
-2
2
4
2
2
8
12
15
17
16
19
20
15
14
9
4
7
6
5
5
6
0
-2
5
4
7
9
3
6
4
-2
-4
-5
-5
-7
-9
-7
-6
-4
-6
-8
-2
0
-5
-4
-6
-11
-9
-11
-11
-5
-11
-7
-7
-13
-10
-9
-7
-9
-3
-5
-5
0
2
2
2
2
-1
-2
-1
-5
-6
-9
-11
-4
-7
-8
-2
2
3
5
7
8
9
3
6
8
1
3
1
-3
1
1
-1
6
7
9
14
18
18
12
5
6
9
4
6
5
2
2
0
-2
-4
-3
4
7
1
5
6
12
7
4
8
-5
-7
-6
-6
-6
-8
-6
-9
-10
-9
-8
-5
-5
-3
-2
1
-1
-6
-3
-3
-6
-7
-6
-7
-7
-5
-8
-2
-1
0
7
8
7
1
-2
0
-1
-2
-2
0
-5
-3
0
0
-1
-3
1
-3
-3
4
6
5
2
-2
-3
-6
-4
-2
-2
0
2
3
7
7
4
9
4
3
7
3
-1
-4
0
5
5
7
4
5
0
-8
-4
-4
1
5
-1
1
6
5
0
-2
-1
-1
-2
-3
2
3
7
5
2
4
3
3
2
0
-6
-3
-5
-4
1
0
2
-2
-3
-3
-1
3
1
4
5
4
1
1
-2
-10
-5
-12
-8
-5
-14
-12
-10
-16
-11
-6
-8
-1
-6
-3
-5
-10
-6
-2
2
-1
-1
1
5
5
-1
3
5
1
1
7
4
0
3
2
0
2
4
4
6
13
19
18
14
11
7
4
4
2
7
7
9
12
14
14
5
10
8
5
7
7
7
5
5
4
2
-4
-5
-2
-6
-7
-5
-2
-2
-8
-7
-10
-13
-13
-12
-21
-18
-18
-21
-21
-24
-22
-18
-17
-13
-9
-10
-6
-9
-4
0
-6
-8
-7
-5
-3
2
5
3
-1
1
7
4
4
11
11
13
19
11
14
15
11
11
4
7
4
3
5
0
3
12
12
18
21
19
23
22
21
12
10
8
0
0
-2
-2
-2
-1
0
0
0
0
6
5
0
1
0
-2
-2
-4
-6
-10
-15
-15
-16
-21
-18
-18
-18
-14
-13
-13
-19
-20
-17
-17
-14
-14
-12
-10
-12
-14
-10
-9
-7
-2
1
7
5
9
13
7
9
10
13
17
14
12
13
11
9
6
9
14
12
11
16
17
17
8
5
9
1
1
1
3
1
-1
7
5
3
6
0
2
0
1
0
1
6
4
0
-5
-6
-6
-9
-11
-10
-8
-7
-8
-6
0
-4
-8
-8
-7
-7
-10
-13
-14
-16
-11
-8
-9
-5
-8
-8
-5
-9
-6
-12
-9
-7
-4
-3
-8
-5
-1
3
3
5
4
8
15
12
10
18
21
18
19
17
14
18
12
9
12
12
12
11
12
12
5
1
-2
0
-1
-1
2
-2
-8
-6
-3
-7
-2
-2
-4
2
-1
-6
-2
-2
-2
-2
-6
-6
-5
-8
-7
-6
-7
-7
-13
-9
-3
-8
-6
-5
-12
-14
-9
-4
-2
-2
-1
0
-1
-2
-5
-7
-3
-4
-3
1
-1
-1
0
1
1
0
3
3
0
1
5
7
5
4
9
10
8
12
12
7
6
6
4
8
10
6
7
6
5
-1
-3
2
2
2
1
-2
-4
2
0
1
7
3
1
0
-3
-4
-7
-5
-2
-4
0
1
2
4
2
2
4
-11
-9
-5
-9
-5
-3
-4
-4
0
1
1
-2
0
2
-1
-4
-6
-6
-7
-5
-3
-8
-7
-8
-7
-10
-12
-11
-7
-5
-2
6
5
2
8
6
6
6
-2
1
4
4
9
12
16
18
14
12
16
12
12
7
1
0
3
1
-2
-3
-5
2
6
-3
-2
1
-6
-10
-13
-10
-6
-2
-8
-7
-3
-7
-6
-12
-11
-4
-5
-2
-1
-2
0
-2
-5
