6
4
8
6
5
5
5
5
3
1
3
4
6
6
6
7
5
8
4
6
3
4
4
3
4
3
3
2
0
-1
0
0
-2
-3
-4
-4
-1
1
-1
-7
-8
-11
-9
2
-5
-4
-5
-1
0
-1
-2
0
0
2
1
1
0
-3
0
-1
-1
0
1
0
-3
-1
0
1
1
-2
2
-4
-2
-4
-4
2
1
-1
-1
0
2
0
-1
-2
-3
-1
-3
2
0
-3
1
2
8
7
8
7
-4
4
6
2
-1
3
3
2
4
3
3
4
6
4
2
5
2
3
5
3
3
1
4
4
5
4
1
3
0
3
6
3
3
6
4
4
4
4
4
3
6
8
3
-3
-4
-2
3
1
-1
0
4
6
8
5
5
10
8
1
1
1
3
5
6
8
4
8
5
5
6
3
4
7
7
3
2
3
3
2
3
3
4
5
5
6
4
4
6
3
6
6
7
8
10
9
7
12
8
12
10
7
9
5
5
9
7
15
11
8
13
11
1
0
0
-4
-2
0
2
1
1
-3
1
-1
-1
-1
0
0
0
1
0
-2
-3
-1
-2
3
2
6
6
6
7
0
4
2
-1
5
2
4
4
5
6
1
4
4
3
5
2
-2
-5
-12
-6
1
3
1
-5
-3
-4
-4
-4
-1
-4
-3
-3
-4
-4
-5
-3
-6
-6
-3
-2
-3
-7
-6
-4
-5
0
-4
-1
1
-1
2
-6
-7
-7
-5
-7
-4
-4
-8
-6
-9
-10
-9
-6
-2
-8
-6
-7
-6
-8
-13
-11
-9
-12
-17
-13
-13
-16
-12
-14
-10
-11
-12
-9
-12
-12
-13
-12
-12
-11
-13
-9
-11
-12
-13
-9
-9
-12
-9
-11
-12
-10
-11
-9
-12
-13
-10
-14
-13
-12
-14
-12
-14
-19
-15
-14
-12
-18
-18
-19
-17
-17
-17
-22
-23
-14
-22
-17
-13
-26
-24
-13
-11
-12
-14
-14
-9
-12
-13
-8
-7
-11
-14
-10
-10
-13
-10
-12
-10
-12
-12
-10
-8
-9
-13
-13
-10
-12
-12
-13
-13
-9
-10
-11
-12
-13
-8
-13
-10
-11
-11
-7
-8
-7
-13
-6
-3
0
1
0
-4
-14
-7
-1
-7
-9
-8
-8
-8
-8
-4
-8
-5
-4
-5
-1
-5
-6
-7
-3
-2
-1
-4
-4
-1
-3
-3
-5
-3
-5
-1
-3
-2
2
1
-2
-3
-2
0
1
1
1
-2
-4
-4
5
0
0
0
3
6
1
8
9
9
10
12
10
5
4
3
6
11
12
13
12
8
13
11
13
11
8
8
13
14
9
7
11
9
9
11
12
11
10
10
9
9
8
9
10
12
12
12
11
14
12
12
16
18
16
14
12
17
14
14
12
14
13
9
17
13
6
5
5
0
3
2
5
8
6
4
6
8
4
6
5
7
6
7
6
9
7
8
11
10
13
13
15
16
12
14
9
12
13
8
12
10
11
12
11
11
10
10
7
11
12
7
6
4
4
8
11
11
4
6
13
12
13
10
8
12
12
11
9
9
9
9
8
9
11
8
5
5
8
9
8
8
11
11
10
8
7
6
5
8
5
6
7
0
4
2
5
5
5
8
6
10
4
4
7
-1
0
2
-1
-6
-1
2
-3
-2
-1
-4
-3
-2
-4
-4
-4
-2
-3
-2
-5
-3
-4
-4
-5
-3
-3
1
2
0
3
2
4
0
2
5
2
0
0
3
0
3
3
0
-6
-2
-1
-1
-4
-6
-3
-6
-2
-5
-8
-8
-8
-12
-4
1
-10
-8
-3
2
3
3
0
3
4
4
6
1
3
4
3
3
-1
4
2
3
0
0
0
-2
-2
0
-4
-3
-3
-6
-3
0
2
4
3
1
1
3
2
-1
3
-1
2
2
-2
3
3
7
8
7
14
3
1
11
6
4
4
7
3
4
3
4
6
3
6
3
5
7
4
4
4
7
9
6
5
7
9
9
8
6
6
9
9
9
11
10
8
10
11
14
13
13
15
10
8
8
8
10
9
15
12
10
15
13
16
15
20
17
12
16
14
14
11
13
13
14
15
16
15
11
14
10
14
12
15
16
12
10
12
11
10
11
10
9
10
9
10
14
13
12
10
11
12
16
15
14
17
15
13
16
13
13
12
9
15
17
15
21
13
8
16
14
9
6
7
4
5
6
3
5
4
0
3
-2
1
-1
0
1
-2
-2
-2
1
-5
-4
2
3
2
6
4
7
4
4
5
0
3
2
3
5
4
6
1
2
5
4
3
-1
-4
-2
-2
-1
3
5
12
5
0
1
5
5
8
8
3
6
4
4
5
6
2
3
5
4
2
2
1
1
2
3
0
0
3
3
4
2
4
-1
-4
1
-2
-2
2
-1
1
-1
-5
-2
-3
-1
2
0
2
3
3
-2
-5
1
-5
-3
-3
-3
0
-4
1
1
-3
-4
-3
-4
-2
-2
2
-2
-1
2
1
2
0
2
2
4
6
5
7
5
5
8
6
7
5
6
5
6
9
6
8
4
0
3
4
-1
0
2
1
3
2
3
-2
-2
-1
-6
2
0
-4
-4
3
2
-1
3
4
0
2
4
3
5
1
3
1
-1
1
-2
0
1
0
0
-2
-2
-4
-4
-8
-7
-3
-9
-7
-6
-2
2
0
-2
-2
-3
-3
-6
-6
-4
-5
0
-5
-3
0
-1
4
0
4
-3
-11
2
5
-3
-5
-2
-4
-4
-3
-4
-6
-1
-2
-2
-1
0
2
-5
-2
-1
1
-2
1
2
0
0
1
-2
-2
1
1
3
2
1
-1
2
2
1
2
2
3
5
3
-1
-5
-3
-1
0
2
4
5
8
6
6
9
6
3
0
-4
-1
1
0
3
1
0
1
0
2
1
1
0
4
5
2
1
1
0
-2
-3
-2
0
0
0
1
1
2
2
0
1
0
-2
-1
0
3
2
6
8
8
10
5
4
4
4
4
5
10
7
2
7
7
3
0
-5
-3
-7
-6
-4
-4
-4
-5
-3
-5
-4
-2
-2
-3
-3
-5
-3
-8
-6
-5
-4
-3
-3
0
2
1
2
-1
-1
-2
-2
1
1
4
1
0
-1
0
3
0
2
1
-3
-5
-9
-5
-5
5
5
-4
0
0
4
2
1
4
2
2
0
2
-3
3
1
-1
0
-2
1
-2
-4
-3
1
-1
-3
-2
-3
-3
-4
-2
-5
-8
-7
-6
-7
-5
-5
-7
-10
-9
-6
-9
-8
-8
-6
-2
-10
-7
-9
-9
-12
-10
-14
-13
-9
-12
-8
-9
-10
-9
-8
-10
-11
-8
-10
-12
-11
-13
-14
-11
-12
-13
-10
-11
-9
-8
-10
-11
-9
-6
-10
-8
-8
-10
-12
-10
-11
-11
-10
-14
-11
-14
-15
-19
-18
-12
-14
-18
-22
-16
-17
-24
-23
-23
-22
-24
-21
-21
-20
-18
-17
-11
-15
-14
-14
-11
-10
-12
-12
-12
-11
-15
-15
-15
-16
-16
-19
-17
-18
-16
-14
-17
-15
-20
-20
-20
-22
-22
-20
-16
-15
-15
-16
-17
-16
-17
-22
-20
-20
-19
-19
-18
-17
-19
-16
-14
-14
-11
-6
-10
-20
-15
-11
-17
-20
-15
-16
-13
-15
-16
-14
-15
-15
-12
-10
-11
-12
-12
-9
-10
-11
-10
-11
-10
-9
-11
-12
-13
-15
-15
-11
-8
-8
-7
-10
-11
-8
-7
-8
-7
-11
-11
-16
-8
-7
-12
-8
-10
-6
-4
-5
-1
-6
-2
1
-6
-6
-5
-7
-8
-7
-1
-5
-3
-2
-3
0
-2
0
-2
-2
-2
0
-3
-7
-8
-9
-9
-5
-6
-6
-9
-8
-6
-6
-6
-9
-6
-4
-6
-7
-2
-2
-7
-8
-4
0
-2
0
1
-4
-5
-4
-1
-1
7
2
-4
1
-9
-13
-6
-10
-12
-10
-11
-10
-10
-13
-12
-8
-9
-10
-11
-10
-9
-6
-9
-10
-7
-8
-3
-4
0
2
-1
2
1
2
1
-1
1
-2
-1
3
0
2
7
1
-1
-1
2
-1
1
-1
-5
-4
-9
1
1
3
-2
-10
-4
-1
1
1
-3
-2
1
1
1
-3
1
-2
2
4
2
3
0
-1
3
2
-2
-2
-2
0
1
2
-3
-2
-2
-5
-2
-1
-2
-2
-3
-1
-5
-6
-5
-2
0
-3
0
-2
2
-2
-8
-6
-8
-8
-6
-8
-3
-2
-3
1
0
-4
-3
-2
-4
-3
-2
0
-1
-4
1
-3
-4
-2
-2
0
3
0
-2
-1
0
2
2
0
-1
2
-1
0
2
1
-1
-1
-5
-5
-5
-8
-7
-9
-9
-9
-9
-5
-6
-13
-10
-13
-17
-9
-11
-9
-3
-2
-8
-6
-4
-5
-4
-6
-5
-1
-3
-4
-6
-4
-2
-9
-5
-7
-8
-5
-6
-5
-5
-6
-7
-10
-7
-11
-10
-7
-6
-3
-5
-8
-4
-7
-5
-6
-6
-5
-8
-3
-5
-1
-4
-4
-1
-2
1
9
-3
-6
2
0
-5
-5
0
-2
-1
-2
-2
0
0
2
2
0
1
3
1
-1
1
1
1
2
1
3
-2
-1
0
0
0
2
4
1
0
-1
0
-1
6
2
2
6
1
3
-1
2
5
2
5
2
7
7
10
12
12
12
10
9
7
5
7
6
4
6
4
2
4
6
8
7
8
3
5
4
3
3
1
4
2
1
4
0
2
4
1
2
1
1
3
1
3
6
4
6
4
9
8
9
12
11
12
11
10
13
13
14
22
11
14
15
6
9
8
8
2
4
4
5
7
7
4
7
7
10
10
6
6
5
10
6
4
8
7
9
11
13
13
12
18
13
11
11
8
13
10
15
11
10
15
11
13
11
11
11
11
12
10
7
1
5
21
11
6
4
6
11
8
8
6
8
9
8
8
8
10
8
8
11
10
10
7
7
9
9
4
7
7
7
10
8
6
8
6
4
8
5
6
2
3
6
3
3
4
3
4
10
4
5
7
2
-1
6
3
-5
4
1
2
5
4
7
5
3
1
-1
0
-1
-1
2
-2
1
1
1
1
1
5
2
3
4
3
4
1
2
3
3
2
3
2
2
0
0
-1
-2
-5
-7
-6
-5
-2
-5
-8
-5
-2
-5
-6
-11
-13
-15
-18
-7
-10
-8
-8
-7
-7
-7
-6
-4
-3
-4
-8
-6
-6
-10
-6
-9
-8
-10
-9
-7
-10
-10
-9
-11
-9
-12
-14
-13
-14
-18
-21
-17
-15
-16
-13
-16
-16
-20
-20
-16
-20
-18
-14
-13
-13
-16
-14
-9
-8
-11
-9
-6
-16
-17
-6
-9
-13
-16
-14
-15
-13
-15
-16
-15
-14
-11
-12
-10
-13
-11
-14
-11
-10
-13
-16
-14
-13
-12
-10
-13
-13
-15
-12
-12
-12
-10
-12
-8
-8
-9
-7
-10
-7
-8
-9
-15
-16
-11
-6
-11
-15
-9
-10
-5
-7
-6
-2
-2
-2
-3
-4
-11
-8
-2
-3
-3
-5
-2
-2
-5
-4
-3
-3
-1
-5
-3
-1
-2
-2
-3
-3
0
-3
-2
-1
-3
-1
-1
-3
-1
-1
-2
-3
-2
2
4
1
-1
6
6
4
4
5
4
5
6
4
5
13
3
1
3
0
-2
-3
-2
-3
-5
-2
-1
2
-4
-4
-1
-3
-2
-3
-2
1
-2
-2
-2
-1
1
-1
6
7
5
7
8
12
7
5
8
4
7
5
6
12
9
12
9
6
6
4
5
7
2
5
-1
-3
2
3
3
0
1
5
7
3
2
-1
2
1
1
0
0
0
1
0
2
2
-2
2
0
1
4
2
3
3
2
4
2
1
-1
-1
-3
0
0
0
1
-1
1
-1
-3
-1
-2
-5
1
-3
-6
-2
-6
-8
-10
-10
-8
-9
-11
-8
-7
-5
-6
-4
-6
-7
-7
-6
-8
-10
-6
-9
-7
-5
-8
-6
-8
-6
-2
-4
-3
-4
-6
-5
-6
-5
-6
-5
-4
-7
-6
-6
-8
-7
-9
-12
-10
-10
-11
-10
-13
-15
-13
-8
-8
-14
-13
-11
-13
-13
-11
-15
-15
-9
-5
-4
-5
-5
-7
-6
-3
-7
-7
-5
-7
-7
-6
-4
-3
-5
-3
-3
-6
-1
-4
-3
-4
-7
-6
-8
-10
-7
-5
-4
-3
-2
-5
-4
-6
-7
-4
-6
-6
-2
-2
-1
-1
-2
2
2
8
7
4
0
-3
5
4
-1
-2
-2
-1
2
1
2
0
0
2
-1
3
1
-1
0
1
3
0
1
-2
1
0
0
1
-1
4
4
1
6
5
5
5
3
8
5
5
5
-2
2
3
7
10
4
6
3
7
12
14
15
11
15
17
16
9
7
11
11
14
16
12
15
16
16
18
16
17
15
17
19
15
16
13
15
16
16
16
14
16
15
14
14
13
16
14
14
13
16
16
17
18
16
19
19
22
20
20
18
21
23
22
23
26
25
18
25
22
17
12
12
14
13
13
10
15
13
10
15
13
13
13
15
12
9
13
13
12
9
9
12
15
19
18
15
19
17
16
14
14
13
10
14
17
17
22
15
18
17
17
18
14
13
11
9
8
2
13
15
13
14
9
14
17
12
14
13
12
12
9
13
10
12
9
8
13
9
5
9
11
8
7
6
6
7
9
8
8
4
8
2
3
7
4
5
4
3
5
5
0
4
7
6
4
2
3
1
-1
-3
3
-3
-6
-1
-5
-5
-8
-3
-4
-3
-3
-5
0
-6
-4
-3
-4
-2
-3
-2
-4
-4
-3
-1
1
2
-1
-2
0
0
0
1
-1
-2
-1
2
0
1
0
0
0
-5
-3
-5
-6
-6
-7
-7
-9
-10
-9
-8
-11
-9
-17
-15
-8
-15
-12
-4
-1
-2
-2
-3
0
-4
-6
-5
-2
-2
-1
-3
-4
-3
-6
-3
-9
-7
-5
-7
-2
-6
-8
-9
-10
-9
-9
-10
-6
-6
-4
-4
-5
-7
-10
-7
-10
-8
-6
-9
-4
-6
-9
-5
-4
-1
-4
-1
-1
-9
-6
-2
-3
-6
-5
-6
-9
-5
-6
-7
-5
-3
-6
-4
-3
-7
-4
-4
-1
1
-1
-5
-6
-3
-3
-6
-4
-3
-3
-3
-5
-2
-2
-4
-4
-5
0
0
-3
2
-1
-4
-7
-6
1
-1
-3
-2
-3
3
-1
4
10
3
6
4
1
0
-1
0
0
-1
1
1
1
1
2
0
0
3
0
1
1
-1
0
-1
-1
-1
-1
-1
-7
-4
-3
-3
-4
-5
-2
-4
-2
0
0
1
0
-4
2
4
4
5
3
2
1
4
5
3
6
6
0
7
3
2
-1
-6
-4
-9
-7
-9
-5
-4
-8
-4
-7
-7
1
0
-2
-3
-2
0
0
-2
-2
3
5
3
8
7
8
7
3
6
3
0
2
3
5
4
5
5
5
5
4
5
0
-3
-3
-6
-4
-1
-1
6
1
-8
-4
3
2
2
-2
-3
-1
-3
3
2
0
1
0
-1
-2
-4
0
-1
0
-2
1
2
-2
-1
-4
-2
-3
-3
-5
-5
-3
-4
-3
-3
-5
-3
-4
-6
-10
-5
-3
-3
-4
-14
-5
-5
-8
-7
-9
-12
-9
-8
-9
-9
-9
-5
-9
-10
-8
-10
-10
-9
-9
-8
-12
-13
-11
-11
-10
-14
-12
-10
-8
-5
-6
-8
-9
-8
-7
-7
-8
-8
-5
-8
-10
-10
-8
-7
-10
-12
-13
-8
-8
-13
-16
-13
-11
-11
-14
-18
-22
-17
-17
-14
-9
-15
-13
-15
-13
-10
-7
-7
-12
-7
-5
-9
-4
-8
-11
-9
-11
-8
-9
-8
-8
-11
-9
-12
-9
-9
-14
-14
-19
-15
-19
-16
-13
-15
-11
-13
-14
-11
-16
-16
-17
-18
-15
-19
-15
-17
-19
-11
-11
-9
-11
-8
-7
-23
-15
-7
-13
-18
-16
-17
-17
-16
-14
-12
-12
-9
-10
-12
-10
-11
-12
-10
-10
-9
-9
-11
-12
-9
-9
-11
-8
-8
-7
-6
-5
-6
-6
-8
-7
0
-2
-2
-3
-5
-1
-7
-9
-5
-8
-3
-5
1
-1
2
4
3
3
4
6
4
0
-2
-2
0
0
2
3
1
1
2
1
3
4
3
4
3
4
4
1
1
-3
1
0
0
3
0
4
3
2
2
-1
2
3
5
6
7
4
6
8
5
11
10
8
10
8
9
12
10
15
15
7
17
12
5
7
7
4
-1
4
4
3
3
2
3
7
5
6
5
3
6
6
6
7
6
6
7
11
8
9
13
12
13
9
6
10
9
11
13
9
13
12
10
10
12
8
7
11
10
7
8
4
1
8
10
12
5
6
8
11
12
10
12
10
12
11
7
9
12
11
11
11
9
10
9
9
10
8
10
9
10
10
7
8
11
8
7
6
7
8
8
2
8
5
2
3
5
9
4
7
5
8
6
-1
1
-1
0
-3
-6
-3
-1
3
2
2
1
3
2
0
-1
1
-1
-2
-5
0
-1
-3
-2
1
0
-2
1
1
-2
-1
-2
-1
2
-1
-2
-1
-6
-4
-4
-2
-2
-7
-8
-6
-4
-4
-7
-12
-8
-6
-6
-11
-10
-9
-6
-10
-8
-2
-10
-10
-6
1
2
-2
0
2
2
2
4
4
4
1
3
2
-1
0
1
2
1
1
2
3
3
-1
-4
0
-5
-6
-7
-3
4
1
2
-1
-2
1
-4
-3
-4
-4
-1
-2
1
-2
-2
1
0
3
7
2
-5
3
9
-1
-3
-1
-2
0
3
0
0
0
3
3
5
3
8
6
5
11
12
10
9
7
10
9
9
11
9
12
10
11
16
13
14
15
12
14
15
13
10
9
16
16
18
15
15
18
15
21
18
19
19
19
18
19
19
11
11
13
15
17
16
16
16
15
16
15
14
14
13
14
15
14
16
15
11
12
10
10
11
9
11
13
12
8
11
10
10
13
9
11
15
15
14
12
18
17
14
13
13
14
16
14
16
24
19
15
17
20
15
14
16
7
6
7
11
12
11
11
10
12
10
11
10
12
14
11
10
12
10
14
18
15
18
18
18
18
15
14
13
15
14
16
19
16
20
19
17
19
15
16
15
15
15
11
9
8
8
17
18
14
9
13
17
15
13
9
10
13
9
10
9
10
11
9
12
11
10
7
7
9
10
11
9
12
9
10
11
11
10
5
6
10
9
10
11
10
12
8
8
8
6
11
9
10
12
11
8
6
8
9
5
3
1
5
4
7
8
4
8
6
5
7
0
5
5
3
5
3
2
2
0
0
5
3
3
4
6
6
4
7
1
1
2
2
2
2
5
5
1
1
-2
-3
-6
-2
2
-5
-5
-4
-1
-7
-10
-4
-5
-12
-7
-4
-3
1
3
4
0
5
4
3
7
4
2
4
4
2
0
1
0
-1
-2
0
0
-2
1
0
-1
1
-3
-4
-1
-7
-7
-5
-3
1
-2
-1
-5
-1
-5
-5
-4
-5
-2
-1
-5
-6
-3
-1
1
0
5
-3
-6
2
4
-3
-1
-1
-7
-3
-3
-3
0
1
4
1
-2
-1
-3
0
1
2
4
2
-2
1
0
0
-3
-1
1
3
2
3
6
1
3
3
1
5
0
1
3
0
0
-7
-6
0
0
-3
0
3
7
7
12
5
6
10
1
0
2
2
2
5
3
4
5
4
5
4
2
0
4
2
5
4
2
1
1
2
4
3
2
4
2
3
4
4
3
1
1
4
1
4
10
4
2
9
11
10
8
11
11
7
6
9
12
16
12
8
10
6
1
3
3
-1
-1
2
0
5
2
-2
2
-1
2
1
0
4
-2
0
1
-1
0
2
5
3
3
2
4
8
5
3
4
0
5
3
4
6
6
9
4
6
7
0
3
1
4
5
-1
-2
-1
6
3
0
0
3
8
5
4
5
3
6
5
6
4
6
5
3
6
2
1
3
2
4
3
4
4
2
8
8
6
8
6
4
-1
4
6
4
6
5
3
4
5
3
2
-1
8
12
8
7
4
2
2
6
3
-1
0
-3
2
1
5
2
3
4
4
2
-1
2
2
1
-1
1
1
1
0
-2
4
0
1
1
0
3
1
3
3
2
1
3
1
2
-2
-1
-2
-3
-7
-7
-6
-4
-4
-10
-10
-5
-6
-10
-12
-16
-13
-21
-12
-11
-10
-7
-11
-10
-6
-7
-4
-7
-9
-8
-8
-6
-9
-9
-10
-10
-9
-10
-6
-8
-10
-7
-8
-7
-7
-13
-13
-15
-14
-13
-15
-15
-13
-11
-8
-8
-9
-11
-14
-16
-13
-12
-11
-9
-11
-11
-10
-10
-4
-5
-1
-8
-18
-7
-6
-15
-17
-14
-16
-17
-13
-14
-12
-14
-12
-10
-14
-13
-16
-15
-14
-13
-14
-12
-13
-12
-10
-11
-9
-12
-11
-10
-8
-8
-7
-5
-7
-8
-8
-3
-6
-6
-7
-6
-4
-10
-14
-7
-6
-6
-10
-8
-5
-1
-1
0
-2
3
1
-8
-5
-6
-1
-5
-6
-3
-7
-3
-2
-1
-4
-3
1
0
2
-2
-1
-2
-3
-3
-5
-8
-5
-3
-5
-3
-3
-2
-4
-2
-3
-4
-1
-2
-3
-2
-3
0
2
-1
-1
-2
-1
-3
-6
-3
0
6
-2
-3
-3
-7
-6
-6
-7
-14
-11
-6
-4
-7
-7
-10
-7
-8
-8
-4
-6
-2
-4
-8
-6
-8
-11
-9
-6
-2
-5
-2
1
2
1
-3
-2
-4
-7
-2
-6
-2
1
-4
-2
-1
-2
-4
-6
0
-5
-8
-13
-11
-4
-2
-1
-9
-13
-6
-1
-2
-6
-7
-8
-2
-3
-6
-4
-6
-3
-2
0
0
0
-5
-5
-3
0
-1
0
0
-1
1
2
1
-3
-3
-4
-4
-6
-3
-3
-6
-4
-8
-4
-6
-4
-4
0
4
0
-2
-2
-7
-8
-6
-8
-11
-7
-7
-6
-4
-5
-4
-6
-9
-7
-6
-7
-6
-6
-8
-7
-7
-5
-10
-9
-8
-8
-8
-5
-6
-8
-7
-7
-8
-6
-8
-8
-7
-8
-6
-12
-9
-8
-14
-8
-13
-13
-9
-13
-13
-15
-11
-12
-17
-16
-13
-15
-19
-12
-10
-16
-13
-9
-11
-10
-10
-9
-5
-7
-7
-7
-8
-12
-9
-8
-10
-5
-3
-4
-1
-6
-3
-1
-4
-2
-6
-6
-5
-8
-7
-8
-5
-4
-3
-4
-5
-3
-4
-6
-6
-7
-4
-2
-4
-2
-4
0
3
3
4
3
-5
-5
6
1
-4
1
-3
-4
-2
-2
0
-2
3
2
-1
3
1
3
2
6
3
4
5
5
4
5
6
2
1
0
5
3
6
6
5
9
9
10
12
10
11
9
10
7
6
6
2
7
6
9
12
13
14
13
9
13
17
12
8
10
11
13
13
12
11
11
14
13
11
9
6
11
10
9
11
10
8
8
8
7
9
9
9
11
10
9
7
9
8
7
8
5
9
10
7
6
10
13
12
9
8
9
10
12
11
11
17
10
9
10
8
5
4
3
2
0
-1
4
6
2
1
1
-1
1
2
4
1
0
0
-2
1
3
2
3
3
7
3
7
8
5
3
1
4
3
2
4
4
6
8
5
6
5
7
6
-1
1
-4
0
-4
1
7
3
-4
-5
3
6
5
3
2
3
3
3
3
3
1
5
3
3
5
2
4
3
4
5
1
0
3
6
7
4
5
6
3
2
4
4
4
2
1
0
-1
-3
1
-1
2
3
1
4
3
3
-1
2
-2
-6
-3
-5
-2
0
-2
-1
-1
-3
-1
1
-3
-3
-2
-3
-3
1
0
-1
-3
-1
0
3
4
4
4
5
4
3
5
4
2
4
1
2
6
3
2
1
0
-5
-4
1
1
-4
-5
-2
1
-1
-1
-5
0
-7
-9
0
-1
3
2
8
7
9
10
6
7
8
7
7
4
7
2
5
4
3
6
2
4
5
6
9
7
3
6
1
3
0
0
3
3
6
3
4
0
-3
0
-3
-2
-2
-1
1
-2
-4
0
3
4
6
9
7
-4
-4
3
1
-2
-5
2
-2
0
2
1
1
1
1
2
0
1
-1
-1
4
3
5
1
3
2
3
4
1
1
2
2
2
5
8
3
5
4
2
9
10
8
8
9
4
3
3
5
8
11
11
12
11
11
15
11
18
13
8
8
10
9
12
13
11
12
13
14
13
14
11
11
11
16
15
11
12
12
13
12
11
13
12
13
12
14
17
13
13
14
13
14
16
16
19
16
21
21
21
24
23
24
24
23
22
21
26
27
19
26
23
19
19
15
16
15
14
18
15
17
13
14
17
12
17
17
18
18
15
16
16
17
18
19
23
21
22
23
22
25
19
21
16
16
19
17
20
23
25
20
18
22
23
15
17
14
16
17
13
18
10
16
14
10
7
14
19
17
18
18
19
20
16
18
17
15
17
18
17
15
13
12
14
15
14
14
12
13
16
19
17
12
14
10
12
14
15
14
13
8
11
9
10
12
10
14
16
14
12
13
13
12
7
8
4
4
3
1
7
6
6
6
5
6
4
5
5
2
3
-1
5
3
4
0
-4
0
1
6
4
1
4
3
0
3
1
2
3
2
2
-1
-2
-1
-3
-7
-4
-5
-1
-2
-7
-7
-6
-7
-7
-12
-12
-11
-13
-12
-2
-7
-13
-7
-5
-3
0
-2
-2
-1
-2
-4
-3
-2
-4
-6
-6
-7
-9
-8
-5
-11
-7
-3
-8
-8
-12
-11
-11
-11
-11
-16
-12
-9
-9
-9
-12
-12
-14
-15
-12
-17
-15
-13
-10
-12
-15
-6
-6
-8
-4
-6
-7
-17
-9
-5
-10
-11
-14
-14
-16
-15
-14
-11
-11
-10
-12
-9
-9
-13
-15
-11
-10
-10
-11
-10
-9
-10
-10
-9
-9
-11
-10
-9
-8
-4
-4
-4
-6
-7
-4
-8
-4
-5
-6
-2
-9
-11
-14
-8
-3
-6
-6
-6
-1
-5
-4
-2
-2
1
-7
-7
-8
-9
-7
-7
-5
-4
-6
-5
-6
-7
-8
-9
-7
-10
-6
-8
-8
-9
-9
-6
-8
-11
-10
-12
-12
-9
-10
-5
-6
-7
-6
-6
-5
-5
-8
-4
-2
-3
2
3
2
-1
1
-3
-2
3
7
9
-1
4
6
1
2
-5
-6
-3
-6
-5
-2
-5
-4
-5
-5
-6
-4
1
0
-2
-1
0
-1
-4
-1
0
4
4
3
6
4
6
6
-1
1
1
2
5
1
3
4
3
3
2
4
2
-1
-1
-3
0
-6
-2
0
3
4
-4
-2
4
4
3
5
2
2
5
4
2
3
1
4
3
3
6
2
1
1
3
2
2
1
0
8
7
5
4
2
-1
1
1
0
-1
-1
0
-2
0
-2
-3
-1
-2
-1
0
-2
1
-7
-7
-6
-7
-11
-10
-12
-12
-10
-12
-12
-10
-11
-11
-12
-15
-12
-10
-15
-15
-14
-13
-16
-16
-18
-16
-16
-16
-13
-14
-14
-14
-12
-12
-13
-15
-13
-12
-13
-10
-15
-12
-15
-16
-17
-17
-19
-20
-21
-21
-20
-19
-20
-19
-22
-21
-23
-25
-17
-22
-20
-18
-14
-12
-11
-15
-15
-11
-13
-11
-13
-12
-12
-15
-12
-13
-15
-12
-15
-14
-13
-13
-14
-15
-17
-19
-19
-20
-21
-19
-19
-14
-15
-17
-16
-18
-18
-18
-20
-18
-17
-17
-15
-14
-15
-17
-11
-12
-10
-12
-12
-21
-20
-5
-12
-15
-14
-16
-13
-12
-13
-11
-11
-9
-12
-12
-12
-14
-11
-13
-9
-7
-9
-10
-10
-10
-9
-10
-12
-10
-8
-9
-8
-7
-6
-8
-10
-8
-8
-7
-6
-5
-5
-7
-12
-13
-13
-12
-9
-9
-9
-10
-5
-2
-6
-3
-2
-9
-10
-8
-12
-9
-8
-8
-10
-10
-10
-12
-10
-9
-8
-9
-9
-6
-9
-6
-9
-9
-8
-10
-9
-10
-11
-10
-11
-6
-8
-10
-11
-13
-9
-11
-6
-8
-5
-2
-4
-2
0
-2
-3
-3
1
2
2
1
7
7
-2
-1
7
2
-1
-1
-7
-9
-7
-3
-1
1
-3
-1
-3
0
0
-2
1
-3
-1
-5
-1
-1
-1
1
-2
1
1
4
6
1
1
0
-2
2
-2
1
3
3
4
2
7
3
0
0
0
2
-3
-7
-5
-6
5
4
-3
-5
-4
2
4
1
-1
-1
1
-1
-3
-5
-4
-4
-6
-2
-4
-7
-5
-9
-8
-4
-6
-4
-5
-5
-7
-3
-4
-5
-6
-12
-9
-9
-7
-8
-14
-11
-11
-9
-13
-11
-10
-12
-10
-7
-11
-11
-10
-13
-11
-14
-17
-15
-16
-16
-11
-13
-15
-13
-13
-16
-14
-15
-14
-11
-11
-10
-13
-12
-10
-11
-10
-8
-9
-7
-7
-7
-7
-7
-5
-7
-11
-9
-11
-8
-9
-9
-8
-6
-8
-15
-10
-9
-11
-12
-13
-14
-9
-8
-10
-11
-14
-16
-17
-13
-9
-14
-12
-12
-10
-6
-2
-4
-8
-2
-5
-5
-1
-4
-3
-7
-6
-7
-9
-5
-8
-6
-5
-6
-5
-6
-8
-9
-10
-11
-15
-14
-9
-10
-7
-7
-6
-8
-10
-7
-14
-12
-7
-11
-9
-8
-9
-4
-7
-2
-2
-3
-6
-16
-9
-4
-8
-13
-10
-12
-11
-6
-11
-9
-7
-10
-10
-11
-12
-11
-10
-11
-12
-12
-11
-12
-12
-12
-11
-12
-14
-15
-11
-10
-11
-8
-12
-10
-9
-10
-8
-7
-8
-8
-9
-12
-14
-18
-17
-13
-16
-14
-12
-10
-8
-9
-11
-6
-7
-8
-11
-11
-11
-12
-9
-11
-10
-8
-9
-9
-7
-10
-9
-9
-7
-3
-7
-5
-7
-10
-10
-6
-5
-8
-7
-5
-5
-6
-4
-4
-3
-2
2
2
0
-1
2
2
5
8
8
7
7
6
6
5
11
10
14
11
7
14
8
5
3
5
3
4
3
3
8
8
6
5
6
4
7
7
8
4
6
6
4
6
4
7
7
4
9
8
14
13
5
5
3
4
5
5
10
9
9
8
4
8
4
6
4
0
-3
-4
-1
0
5
6
2
-5
-5
1
5
3
0
1
3
3
-2
-2
1
2
-2
0
1
-3
-5
-3
-2
2
0
-2
-2
-2
1
-1
1
4
0
-4
-1
0
0
1
0
1
2
0
-1
-4
-1
6
6
7
2
-1
0
1
2
-5
-3
-1
-5
-3
0
0
1
0
3
2
2
0
-3
0
-2
0
3
2
1
1
2
1
3
1
4
4
4
3
3
4
1
3
4
5
5
6
2
2
-2
-2
2
0
2
-1
-1
-4
-3
0
-4
-6
-10
-4
-11
-7
-1
-6
2
0
-1
-3
2
3
2
2
4
-1
1
3
-2
1
-5
-3
-2
-1
0
-4
-1
-3
-1
-4
-8
-7
-9
-9
-12
-11
-8
-7
-5
-8
-9
-6
-8
-8
-7
-11
-7
-10
-7
-7
-10
-7
-5
-1
0
-2
-4
-15
-6
0
-7
-7
-6
-9
-9
-6
-7
-6
-4
-4
-4
-4
-3
-5
-5
-2
-2
0
-3
-3
-2
-2
-5
-3
-5
-6
-4
-4
-3
-2
-4
-3
-4
0
3
1
1
0
3
0
-6
-4
-3
0
-1
1
4
4
6
7
7
6
9
6
6
1
3
2
3
5
5
5
6
5
6
9
9
6
5
8
6
5
6
4
3
6
4
8
6
6
6
6
9
8
7
8
10
10
8
11
12
13
10
15
16
13
11
11
12
12
13
14
20
16
8
15
11
5
7
8
6
4
3
5
2
2
4
4
3
5
4
1
4
1
-1
3
1
-4
-1
2
2
0
1
3
2
1
0
-2
0
-2
1
0
-1
1
0
0
-2
2
-1
-4
-6
-4
-4
-4
-5
-7
1
0
-5
-7
-3
-2
-1
1
-2
-1
0
0
-1
-1
1
-1
-2
1
5
0
1
0
1
1
0
0
0
0
0
3
-1
1
2
-1
-1
1
1
-1
0
0
-5
-1
-4
-8
-6
-2
2
0
-2
1
-7
-6
-3
-7
-6
-7
-7
-4
-4
-3
-5
-7
-10
-6
-6
-7
-4
-7
-7
-4
-4
-4
-6
-8
-7
-7
-5
-3
-1
-3
-6
-2
-3
-5
-4
-5
-5
-6
-3
-6
-5
-4
-6
-9
-6
-10
-7
-7
-12
-12
-10
-7
-10
-12
-16
-18
-24
-18
-13
-12
-11
-12
-11
-10
-8
-12
-9
-10
-11
-8
-9
-11
-14
-15
-12
-15
-12
-16
-14
-17
-16
-12
-17
-16
-17
-16
-17
-17
-20
-21
-17
-16
-16
-15
-18
-18
-18
-20
-19
-18
-18
-11
-14
-17
-16
-15
-10
-11
-9
-9
-14
-20
-16
-10
-15
-17
-17
-17
-13
-10
-11
-10
-12
-12
-9
-9
-12
-9
-12
-11
-5
-9
-8
-6
-6
-7
-9
-8
-10
-5
-6
-4
-3
-1
1
1
-1
-2
3
1
3
4
4
-1
-3
-2
3
2
-3
-1
6
6
12
7
10
11
5
4
2
3
1
3
5
5
2
4
4
2
5
6
7
5
7
8
7
4
3
1
0
3
2
0
3
-2
0
2
-1
-1
-2
-3
-3
-2
4
4
-2
2
4
2
6
5
5
3
0
6
5
6
12
3
-2
1
2
-1
-2
1
-5
-6
-8
-4
1
-4
-2
-4
-3
-2
-5
1
-2
-2
-3
-3
-3
-6
-3
-3
-2
0
0
4
4
-1
1
-3
1
1
-1
1
2
4
5
6
7
3
6
5
3
4
0
-4
-4
1
5
6
1
-1
2
6
6
8
4
6
7
5
5
2
5
3
3
5
4
6
2
-2
4
3
3
3
2
1
5
3
3
3
2
2
2
4
1
3
2
1
0
2
4
1
5
5
7
3
-1
1
-2
-4
-3
-4
-5
-8
-8
-2
-5
-3
-6
-7
-8
-10
-10
-13
-9
-13
-10
-10
-12
-8
-11
-13
-12
-13
-12
-12
-13
-12
-11
-14
-13
-13
-12
-12
-12
-13
-12
-14
-15
-16
-18
-21
-22
-19
-19
-22
-22
-28
-25
-21
-27
-31
-30
-26
-33
-28
-28
-24
-21
-25
-24
-20
-16
-23
-19
-16
-20
-20
-17
-22
-20
-22
-22
-20
-22
-20
-20
-19
-19
-19
-18
-23
-23
-25
-28
-26
-28
-24
-23
-22
-19
-22
-18
-23
-22
-22
-25
-22
-26
-21
-21
-25
-23
-20
-17
-13
-13
-11
-21
-27
-19
-18
-22
-24
-21
-24
-21
-21
-22
-22
-17
-19
-17
-17
-18
-20
-20
-17
-15
-14
-19
-17
-16
-15
-16
-16
-16
-14
-15
-15
-14
-13
-12
-13
-13
-15
-13
-15
-13
-12
-10
-18
-19
-18
-15
-13
-16
-12
-12
-8
-10
-7
-10
-6
-7
-11
-13
-16
-13
-11
-9
-8
-9
-10
-12
-12
-11
-13
-13
-12
-14
-9
-12
-12
-13
-14
-14
-14
-11
-16
-17
-14
-17
-13
-14
-15
-14
-14
-15
-14
-11
-10
-10
-13
-11
-8
-7
-10
-9
-6
-8
-11
-9
-8
0
-1
-9
-2
-6
-13
-13
-16
-13
-12
-11
-11
-11
-13
-14
-13
-16
-10
-7
-12
-9
-12
-11
-10
-13
-13
-13
-6
-9
-6
-8
-8
-3
-10
-8
-8
-12
-5
-8
-8
-8
-6
0
-6
-4
-5
-3
-5
-11
-9
-7
-8
-11
-8
-1
-2
-8
-10
-9
-2
-2
-2
-2
-4
-2
-6
-4
-4
-5
-3
-4
-5
-5
-4
-4
-6
-5
-2
-4
-5
-4
-3
-2
-5
-4
-9
-8
-9
-6
-5
-4
-8
-10
-7
-10
-11
-12
-10
-12
-6
-6
-11
-9
-14
-14
-16
-13
-15
-14
-13
-18
-12
-11
-15
-16
-15
-14
-15
-16
-15
-15
-14
-19
-18
-16
-16
-15
-16
-17
-16
-11
-11
-11
-12
-13
-13
-14
-12
-14
-14
-14
-14
-14
-14
-14
-18
-20
-18
-20
-18
-24
-24
-23
-22
-20
-18
-18
-23
-25
-25
-27
-21
-21
-24
-13
-19
-18
-13
-17
-15
-15
-14
-11
-13
-14
-19
-16
-20
-18
-17
-20
-17
-16
-17
-17
-17
-17
-21
-22
-22
-23
-22
-24
-23
-21
-22
-17
-18
-22
-19
-22
-23
-22
-22
-19
-19
-20
-21
-21
-18
-16
-14
-15
-15
-24
-27
-17
-14
-17
-20
-19
-21
-19
-20
-22
-18
-20
-18
-18
-19
-13
-18
-15
-15
-16
-13
-15
-15
-15
-11
-15
-18
-17
-16
-15
-14
-13
-11
-11
-10
-8
-6
-7
-8
-6
-7
-9
-15
-12
-9
-6
-8
-15
-8
-9
-6
-7
-8
-7
-2
0
-8
-10
-11
-9
-5
-3
-4
-7
-7
-6
-5
-6
-6
-7
-8
-3
-4
-6
-8
-7
-8
-4
-4
-6
-6
-10
-6
-7
-7
-7
-9
-9
-6
-4
-7
-7
-2
-1
0
2
2
1
-1
0
0
0
1
4
-3
5
0
2
8
1
-1
-5
-3
-5
-5
-9
-2
-5
-5
-3
-4
-6
-3
-1
-2
-4
-4
-1
-2
-6
0
-3
-4
1
2
4
5
6
2
1
2
-3
-3
1
-2
1
2
1
0
-1
2
1
-8
-6
-7
-5
-9
-8
-1
-3
1
-10
-11
-5
-4
-3
-3
-6
-7
-6
-6
-6
-7
-6
-7
-3
-3
-5
-9
-10
-9
-10
-7
-11
-11
-12
-12
-7
-8
-9
-12
-13
-9
-11
-11
-11
-13
-13
-14
-16
-12
-14
-10
-7
-8
-7
-15
-11
-9
-13
-13
-15
-15
-16
-19
-14
-16
-15
-10
-12
-12
-14
-13
-16
-14
-14
-15
-15
-12
-12
-13
-11
-14
-12
-11
-6
-11
-7
-6
-8
-6
-5
-4
-4
-8
-8
-5
-6
-10
-7
-8
-13
-12
-8
-8
-6
-14
-14
-10
-9
-5
-9
-3
-10
0
-18
22
-16
283
405
329
123
35
204
291
380
399
476
305
215
174
244
251
122
157
140
144
100
-5
-109
-151
116
401
449
250
-19
-193
-172
22
167
259
127
4
-116
-148
-160
-177
-154
-100
-37
1
-46
-217
-311
-354
-274
-94
56
47
-91
-227
-229
-172
-82
24
255
448
356
19
-252
-191
7
241
310
293
92
-194
-367
-351
-213
-163
-125
-139
-180
-335
-529
-630
-598
-447
-325
-229
-239
-380
-601
-726
-590
-416
-246
-220
-193
-273
-352
-422
-372
-120
68
228
227
236
162
85
76
194
402
490
504
406
316
164
64
109
207
281
238
182
75
-30
-109
-113
27
190
303
369
339
280
233
269
419
630
750
759
685
577
491
448
515
568
572
499
366
220
75
-49
-97
-89
-91
-122
-218
-393
-490
-589
-485
-440
-407
-498
-623
-703
-714
-722
-675
-603
-589
-537
-633
-671
-707
-707
-608
-541
-425
-434
-465
-558
-548
-549
-460
-427
-332
-49
27
33
-95
-78
0
94
211
420
527
409
291
211
285
264
231
323
339
275
107
-11
-88
-163
-212
-149
-69
-111
-210
-352
-372
-361
-311
-196
-87
-31
-26
-38
-24
36
84
197
310
408
464
427
414
440
452
519
643
708
737
605
715
751
677
601
561
666
701
674
582
564
410
357
358
410
442
310
264
189
136
115
55
47
69
65
-23
-40
-83
-188
-265
-209
-151
-176
-249
-417
-509
-582
-653
-730
-739
-888
-1068
-1230
-1320
-1304
-1313
-1325
-1404
-1371
-1383
-1323
-1268
-1083
-899
-621
-57
228
262
56
195
584
926
1117
1289
1411
1216
998
925
1077
990
732
655
615
451
45
-283
-484
-629
-755
-732
-665
-801
-1062
-1282
-1223
-1059
-886
-717
-550
-411
-317
-194
-41
161
322
540
770
969
1077
1016
948
932
1013
1099
1140
1066
930
711
534
501
402
342
165
199
209
51
-150
-275
-255
-214
-73
6
124
52
-20
25
138
352
427
539
600
614
586
573
569
614
646
613
638
556
399
183
58
61
50
-45
-133
-281
-503
-692
-824
-843
-896
-962
-1044
-1121
-1217
-1416
-1518
-1609
-1505
-1500
-1348
-1401
-1418
-1470
-1421
-1254
-1025
-688
-132
371
410
191
104
485
915
1140
1348
1590
1517
1161
909
979
1020
799
663
725
602
173
-341
-588
-700
-828
-838
-722
-745
-1034
-1332
-1396
-1205
-1017
-819
-577
-374
-244
-205
-114
71
292
530
809
1072
1212
1166
1022
991
1103
1198
1344
1362
1276
992
752
741
656
595
467
417
347
242
29
-98
-150
-221
-103
-17
76
10
-96
-117
-74
113
244
338
372
425
387
386
459
450
495
495
533
540
428
146
5
-130
-153
-195
-373
-547
-899
-1194
-1378
-1479
-1576
-1710
-1838
-1890
-1914
-2074
-2078
-2112
-1990
-1833
-1661
-1358
-1093
-503
42
278
146
185
670
1220
1552
1636
1907
1873
1602
1404
1510
1623
1325
1032
942
830
346
-183
-492
-640
-827
-1026
-1013
-1109
-1434
-1768
-1805
-1589
-1372
-1229
-1034
-814
-675
-516
-319
-17
290
555
862
1138
1340
1377
1348
1363
1517
1639
1679
1719
1559
1349
990
948
949
821
578
372
311
121
-57
-297
-291
-346
-339
-269
-191
-189
-303
-288
-169
66
209
339
369
468
493
530
617
709
800
743
730
683
630
444
262
72
-55
-93
-411
-666
-1115
-1405
-1672
-1717
-1704
-1911
-2099
-2518
-2551
-2584
-2396
-2354
-2273
-2122
-2066
-1780
-1425
-399
194
318
35
216
1007
1507
1730
1871
2315
2190
1851
1743
1981
1902
1299
1116
1195
1081
363
-288
-577
-788
-1102
-1280
-1146
-1343
-1801
-2204
-2085
-1793
-1673
-1568
-1331
-988
-795
-579
-355
-8
255
551
987
1372
1613
1570
1519
1574
1758
1907
1934
1873
1769
1503
1159
1002
1006
846
558
324
212
88
-153
-382
-461
-446
-458
-383
-272
-239
-341
-337
-150
98
309
435
502
590
689
737
841
943
1009
971
931
927
736
485
295
163
2
-217
-610
-914
-1202
-1466
-1610
-1888
-1910
-2122
-2315
-2536
-2662
-2647
-2621
-2450
-2439
-2160
-2141
-1939
-1706
-1179
-63
465
620
227
500
1143
1712
1900
2167
2575
2273
1905
1712
1989
1815
1233
1076
1138
921
146
-467
-801
-1003
-1363
-1428
-1247
-1449
-1922
-2330
-2181
-1883
-1687
-1511
-1157
-852
-669
-464
-220
182
435
785
1218
1623
1818
1754
1668
1693
1882
1994
2074
1998
1826
1502
1105
985
955
789
510
289
166
17
-239
-427
-464
-472
-443
-342
-215
-191
-283
-268
-60
194
435
577
645
753
785
842
972
1081
1149
1047
1017
879
764
426
273
-77
-231
-610
-831
-1174
-1359
-1642
-1916
-2010
-2395
-2355
-2741
-2680
-2850
-2701
-2665
-2587
-2441
-2416
-2098
-1894
-1318
-250
527
704
172
326
1029
1826
2094
2338
2750
2536
2069
1750
2113
2061
1537
1228
1322
1165
337
-458
-839
-1003
-1322
-1417
-1294
-1428
-2032
-2558
-2500
-2117
-1824
-1669
-1313
-1028
-824
-698
-424
3
354
757
1194
1650
1851
1811
1691
1731
1968
2156
2270
2169
1981
1624
1266
1046
970
971
708
501
252
5
-315
-506
-540
-484
-380
-349
-288
-346
-405
-413
-188
163
432
600
660
695
734
844
990
1160
1253
1209
1113
945
753
421
250
19
-279
-579
-835
-1022
-1359
-1745
-2121
-2240
-2386
-2495
-2698
-2818
-2921
-3045
-2948
-2820
-2615
-2519
-2276
-1997
-1332
-134
453
474
-48
302
1206
2007
2271
2500
2782
2447
2022
1940
2408
2233
1594
1361
1427
1175
240
-482
-805
-993
-1320
-1399
-1296
-1652
-2345
-2825
-2554
-2116
-1880
-1747
-1482
-1240
-1071
-817
-447
39
359
771
1248
1680
1863
1778
1721
1848
2151
2373
2427
2263
1982
1615
1314
1187
1127
1015
699
459
256
-2
-324
-538
-582
-530
-413
-357
-346
-450
-536
-442
-151
215
484
573
650
707
844
980
1125
1216
1262
1262
1176
1061
713
420
52
-84
-284
-508
-745
-1209
-1712
-2066
-2242
-2369
-2459
-2788
-2997
-3114
-3216
-3153
-3027
-2940
-2825
-2715
-2352
-1782
-519
305
422
-122
31
1007
1890
2338
2501
2920
2751
2294
2112
2518
2552
1933
1600
1693
1576
637
-272
-683
-879
-1155
-1362
-1281
-1569
-2321
-2940
-2825
-2355
-2093
-1986
-1757
-1453
-1286
-1059
-708
-235
161
597
1141
1624
1884
1825
1780
1882
2237
2527
2643
2490
2199
1833
1503
1407
1321
1115
812
625
424
138
-328
-629
-678
-577
-460
-376
-407
-573
-724
-609
-280
119
376
533
583
727
839
934
1112
1293
1409
1421
1416
1251
988
666
413
241
33
-268
-575
-918
-1334
-1754
-2032
-2144
-2373
-2538
-2861
-2967
-3115
-3197
-3301
-3204
-2962
-2731
-2485
-2307
-1959
-1022
66
498
303
164
856
1721
2223
2438
2880
2941
2481
2138
2424
2679
2166
1601
1551
1508
864
-29
-512
-767
-1157
-1514
-1486
-1519
-2089
-2740
-2888
-2492
-2186
-2057
-1821
-1512
-1307
-1118
-756
-247
204
547
986
1473
1831
1937
1918
1978
2205
2447
2578
2528
2307
1985
1629
1421
1360
1201
936
634
350
117
-211
-448
-544
-538
-542
-480
-460
-510
-581
-555
-315
23
341
530
609
698
821
939
1131
1330
1410
1408
1328
1201
1083
702
439
112
-130
-213
-590
-806
-1383
-1785
-2177
-2353
-2434
-2683
-2824
-3194
-3145
-3288
-3222
-3255
-3173
-2901
-2672
-2243
-1796
-516
260
361
-138
56
1199
2022
2386
2553
3039
2844
2292
2138
2629
2704
2018
1702
1757
1572
527
-316
-623
-766
-1119
-1429
-1332
-1710
-2434
-3053
-2854
-2359
-2139
-2047
-1831
-1523
-1407
-1163
-788
-210
220
656
1163
1585
1833
1791
1819
2002
2395
2647
2693
2529
2263
1981
1607
1452
1382
1338
1051
751
407
1
-376
-624
-550
-460
-383
-497
-614
-733
-772
-627
-314
100
356
528
575
660
742
882
1126
1376
1564
1489
1360
1082
802
538
311
187
37
-149
-566
-1121
-1598
-2021
-2138
-2356
-2431
-2629
-2927
-3181
-3354
-3313
-3304
-3152
-3026
-2765
-2532
-2258
-1758
-514
295
406
-52
276
1307
2099
2318
2530
3025
2801
2323
2229
2720
2651
1908
1604
1697
1449
492
-288
-559
-802
-1210
-1497
-1418
-1755
-2463
-2945
-2757
-2295
-2143
-2065
-1822
-1519
-1341
-1070
-669
-131
279
671
1148
1578
1823
1838
1869
2038
2397
2576
2605
2445
2176
1867
1580
1513
1463
1292
977
691
387
35
-313
-450
-433
-427
-447
-468
-540
-666
-695
-553
-219
130
375
491
555
664
755
921
1175
1388
1432
1374
1259
1037
794
495
263
188
64
-281
-696
-1245
-1640
-1976
-2074
-2213
-2442
-2691
-3097
-3272
-3367
-3350
-3257
-3131
-2908
-2881
-2576
-2420
-1593
-280
357
316
-159
468
1375
2094
2250
2718
3089
2701
2311
2341
2816
2472
1811
1718
1833
1382
367
-282
-576
-863
-1322
-1403
-1360
-1838
-2581
-2965
-2676
-2331
-2214
-2099
-1749
-1518
-1345
-1074
-655
-144
227
702
1200
1631
1800
1802
1837
2064
2426
2574
2631
2449
2189
1850
1642
1575
1429
1197
925
729
408
32
-327
-450
-469
-499
-476
-483
-588
-716
-724
-534
-228
93
302
428
550
677
783
936
1183
1336
1390
1382
1248
1069
727
417
276
147
83
-377
-747
-1313
-1637
-1899
-2189
-2298
-2631
-2696
-3068
-3171
-3344
-3373
-3255
-3288
-2990
-2910
-2479
-2347
-1417
-155
328
164
-319
553
1495
2208
2296
2806
3082
2549
2171
2358
2899
2449
1838
1755
1833
1217
184
-332
-577
-816
-1316
-1329
-1394
-1966
-2741
-3024
-2610
-2279
-2132
-2054
-1726
-1582
-1398
-1097
-617
-73
304
794
1233
1633
1736
1753
1823
2123
2504
2624
2602
2394
2109
1754
1546
1540
1477
1131
783
636
397
37
-372
-517
-469
-436
-426
-455
-544
-711
-702
-492
-101
220
344
451
532
738
854
1020
1217
1392
1444
1386
1373
1113
837
487
301
165
41
-243
-665
-1132
-1551
-1832
-2061
-2258
-2489
-2738
-2911
-3041
-3215
-3268
-3322
-3188
-3012
-2815
-2530
-2257
-1711
-480
310
357
-113
242
1244
2066
2310
2630
3086
2727
2236
2224
2752
2672
1992
1714
1795
1426
488
-187
-489
-727
-1155
-1362
-1282
-1705
-2455
-2916
-2719
-2290
-2096
-1987
-1748
-1532
-1415
-1125
-687
-157
268
684
1124
1529
1741
1786
1823
1995
2383
2586
2572
2420
2168
1841
1550
1445
1408
1241
880
564
373
118
-222
-469
-501
-488
-418
-396
-468
-563
-606
-497
-217
187
410
489
570
740
884
1047
1224
1406
1484
1492
1429
1251
1086
777
580
372
157
-163
-537
-900
-1253
-1577
-1847
-2028
-2330
-2595
-2842
-3027
-3116
-3240
-3245
-3083
-2946
-2929
-2838
-2536
-2154
-1292
-50
530
380
-92
474
1439
2183
2455
2843
3080
2666
2214
2316
2699
2398
1835
1748
1791
1280
277
-379
-696
-957
-1237
-1262
-1285
-1853
-2605
-2949
-2642
-2267
-2065
-1874
-1619
-1440
-1271
-987
-592
-98
345
857
1309
1689
1817
1770
1785
2019
2420
2610
2572
2344
2068
1693
1419
1368
1349
1114
753
528
275
-45
-420
-587
-539
-446
-405
-426
-509
-635
-665
-449
-77
288
465
517
570
723
898
1074
1281
1448
1514
1432
1391
1214
1002
743
597
389
190
-231
-720
-1080
-1353
-1564
-1754
-2013
-2346
-2635
-2876
-3041
-3086
-3096
-3098
-2971
-2952
-2785
-2724
-2364
-2060
-905
235
610
223
-46
739
1582
2204
2480
3025
3022
2439
2123
2386
2665
2162
1753
1794
1744
998
50
-445
-751
-1022
-1277
-1157
-1293
-1985
-2712
-2870
-2501
-2174
-1957
-1747
-1460
-1354
-1185
-905
-467
16
470
981
1428
1763
1786
1722
1753
2078
2452
2583
2512
2258
1934
1552
1320
1276
1192
1051
827
560
116
-278
-541
-565
-445
-390
-332
-411
-534
-661
-563
-323
47
378
567
638
674
784
885
1101
1380
1541
1580
1513
1368
1122
938
796
665
521
158
-247
-753
-966
-1468
-1588
-1864
-1927
-2142
-2472
-2726
-3074
-3047
-3157
-2904
-2762
-2688
-2628
-2637
-2307
-2062
-1070
209
698
499
47
679
1429
2135
2324
2842
3033
2571
2196
2243
2535
2107
1646
1663
1753
1147
184
-438
-758
-1025
-1277
-1177
-1217
-1766
-2502
-2738
-2493
-2162
-1938
-1725
-1380
-1226
-1043
-812
-485
-53
387
915
1392
1779
1817
1720
1690
1926
2306
2464
2460
2232
1926
1560
1290
1167
1114
863
732
608
295
-174
-578
-653
-538
-338
-284
-233
-375
-536
-537
-299
108
381
582
715
806
869
934
1038
1233
1483
1533
1550
1424
1223
887
708
631
513
339
-121
-595
-1122
-1305
-1629
-1688
-1914
-2143
-2417
-2735
-2877
-3108
-3032
-3082
-2837
-2750
-2637
-2560
-2416
-2084
-1447
-65
625
626
107
445
1304
1969
2342
2704
3089
2646
2209
2187
2532
2320
1716
1631
1676
1316
354
-290
-677
-962
-1258
-1276
-1154
-1635
-2329
-2777
-2563
-2235
-1964
-1749
-1473
-1268
-1161
-893
-581
-122
294
788
1253
1643
1809
1732
1686
1831
2220
2433
2452
2279
1992
1637
1286
1175
1115
945
647
417
148
-93
-387
-568
-596
-494
-411
-372
-380
-456
-452
-343
-34
289
526
639
715
826
935
1058
1227
1399
1462
1443
1402
1256
1047
798
640
464
319
-61
-465
-1010
-1315
-1518
-1703
-1842
-2212
-2374
-2753
-2796
-2994
-2939
-3029
-2939
-2845
-2639
-2508
-2459
-2158
-1800
-724
388
784
498
155
791
1565
2270
2479
2934
2898
2347
2022
2181
2452
1991
1559
1499
1474
784
-79
-581
-922
-1144
-1375
-1210
-1335
-1940
-2607
-2753
-2410
-2033
-1749
-1542
-1287
-1198
-1007
-717
-289
156
586
1049
1464
1778
1775
1710
1703
1961
2320
2437
2378
2117
1802
1405
1171
1099
1081
858
549
325
-10
-268
-565
-594
-521
-395
-368
-375
-439
-522
-434
-221
154
439
609
646
736
815
945
1100
1311
1477
1456
1384
1254
1064
893
673
571
436
80
-285
-820
-1124
-1469
-1659
-1841
-1997
-2203
-2514
-2676
-2949
-2997
-3029
-2901
-2721
-2652
-2574
-2512
-2202
-1927
-1151
85
677
616
134
585
1349
2039
2324
2682
2955
2542
2099
2081
2384
2106
1600
1495
1560
1078
178
-445
-786
-1021
-1283
-1257
-1243
-1693
-2361
-2687
-2459
-2111
-1844
-1627
-1352
-1182
-1037
-801
-449
7
433
901
1313
1674
1761
1691
1671
1852
2204
2371
2384
2226
1930
1518
1198
1119
1092
917
603
440
197
-171
-539
-688
-635
-522
-409
-345
-354
-523
-591
-410
-14
363
570
664
740
801
857
986
1187
1403
1460
1417
1339
1182
907
658
520
499
277
-39
-522
-1020
-1431
-1713
-1680
-1755
-1893
-2423
-2700
-2912
-2967
-2906
-2931
-2743
-2651
-2545
-2507
-2353
-2021
-1648
-417
446
825
400
288
927
1623
2197
2450
2958
2767
2274
1945
2169
2252
1768
1492
1502
1336
569
-209
-689
-972
-1244
-1374
-1226
-1408
-1989
-2585
-2638
-2329
-1984
-1724
-1438
-1198
-1112
-929
-674
-220
203
640
1084
1481
1735
1703
1640
1658
1940
2212
2331
2301
2037
1653
1227
1047
1045
967
689
473
267
-74
-438
-683
-666
-591
-503
-455
-416
-487
-589
-490
-237
168
437
611
691
760
811
891
1088
1286
1465
1405
1345
1224
1007
761
618
555
491
177
-284
-766
-1186
-1423
-1558
-1683
-1875
-2170
-2545
-2700
-2827
-2860
-2905
-2868
-2704
-2563
-2425
-2381
-2133
-1902
-1293
-44
684
831
279
441
1166
1908
2283
2591
2926
2570
2089
1907
2240
2119
1583
1375
1412
1124
261
-427
-828
-1060
-1327
-1344
-1206
-1542
-2197
-2661
-2522
-2135
-1814
-1588
-1309
-1144
-1019
-797
-464
-2
371
800
1213
1607
1766
1699
1629
1714
2044
2269
2338
2182
1867
1485
1163
1065
1026
872
611
389
84
-221
-500
-651
-633
-593
-525
-474
-437
-525
-527
-388
-90
240
487
632
703
782
837
950
1122
1341
1399
1337
1286
1094
904
745
620
487
291
25
-432
-805
-1221
-1372
-1521
-1630
-1944
-2127
-2470
-2623
-2667
-2725
-2697
-2677
-2576
-2461
-2352
-2272
-1934
-1584
-691
300
706
447
195
719
1509
2102
2302
2692
2722
2217
1899
1996
2244
1905
1486
1415
1350
721
-81
-553
-822
-1002
-1241
-1162
-1252
-1791
-2388
-2530
-2218
-1870
-1622
-1432
-1188
-1093
-950
-658
-258
165
567
966
1337
1615
1632
1600
1611
1853
2171
2274
2201
1962
1653
1313
1124
1071
1007
738
509
298
-50
-387
-631
-650
-554
-421
-440
-463
-581
-674
-581
-313
62
360
552
618
664
715
838
986
1213
1401
1423
1342
1209
959
757
640
648
553
324
-74
-479
-923
-1170
-1481
-1566
-1622
-1836
-2144
-2424
-2531
-2687
-2654
-2725
-2488
-2402
-2262
-2202
-2115
-1863
-1549
-773
248
819
672
345
659
1302
1966
2203
2518
2667
2292
1872
1827
2013
1782
1375
1230
1251
762
-3
-569
-898
-1100
-1251
-1220
-1227
-1595
-2171
-2409
-2223
-1858
-1563
-1348
-1096
-918
-781
-578
-228
152
539
924
1314
1637
1671
1592
1560
1717
1986
2134
2098
1899
1593
1256
1019
926
845
642
342
176
31
-264
-530
-667
-629
-511
-418
-367
-380
-449
-452
-228
104
419
584
639
723
796
904
996
1141
1245
1293
1225
1134
997
731
592
491
425
216
-52
-482
-821
-1085
-1352
-1435
-1631
-1729
-2019
-2220
-2444
-2523
-2535
-2532
-2446
-2375
-2251
-2182
-2079
-1800
-1541
-866
186
688
600
245
546
1240
1845
2104
2407
2578
2189
1777
1744
1990
1812
1356
1243
1223
792
27
-505
-790
-979
-1174
-1176
-1132
-1521
-2090
-2349
-2141
-1781
-1515
-1309
-1068
-938
-819
-593
-259
132
498
862
1219
1525
1581
1510
1477
1630
1930
2059
2033
1830
1534
1218
993
938
890
702
400
168
-45
-252
-492
-595
-573
-486
-409
-381
-400
-460
-402
-215
118
451
611
670
694
776
880
1031
1209
1307
1316
1241
1163
1009
845
674
612
508
347
79
-237
-563
-959
-1193
-1430
-1468
-1673
-1810
-2025
-2153
-2320
-2435
-2390
-2272
-2166
-2108
-2046
-1962
-1842
-1696
-1322
-838
111
756
845
473
398
1000
1626
2051
2194
2446
2216
1702
1461
1604
1677
1299
1073
1025
813
128
-549
-867
-1013
-1090
-1172
-1087
-1274
-1778
-2183
-2105
-1724
-1387
-1156
-931
-737
-665
-531
-263
124
484
849
1191
1453
1551
1457
1389
1450
1704
1903
1891
1724
1439
1130
859
758
777
652
417
160
-22
-247
-405
-488
-469
-400
-340
-265
-265
-276
-229
-48
205
479
663
727
756
794
899
1007
1123
1195
1189
1097
1037
965
794
638
480
378
228
78
-242
-598
-862
-1103
-1259
-1430
-1580
-1749
-1926
-2024
-2104
-2144
-2217
-2218
-2117
-1998
-1899
-1864
-1758
-1633
-1355
-970
-252
603
823
584
273
737
1391
1860
1996
2188
2218
1750
1412
1457
1631
1370
1010
946
870
374
-334
-743
-913
-973
-1083
-1051
-1098
-1491
-1956
-2049
-1694
-1338
-1111
-962
-760
-628
-531
-309
32
379
676
994
1280
1460
1415
1326
1328
1510
1741
1790
1688
1439
1157
892
754
759
684
468
211
55
-119
-302
-405
-389
-295
-237
-189
-195
-225
-222
-103
109
370
591
684
690
729
826
918
1043
1142
1198
1142
1071
935
798
650
525
448
354
143
-148
-501
-786
-956
-1116
-1255
-1450
-1619
-1815
-2037
-2100
-2137
-2133
-2150
-2114
-2055
-2022
-1949
-1907
-1730
-1472
-1082
-576
280
715
649
298
447
1159
1753
2051
2121
2235
1913
1491
1422
1659
1635
1236
1013
939
618
-57
-577
-802
-871
-963
-1040
-1047
-1342
-1797
-2068
-1835
-1429
-1162
-1014
-871
-715
-622
-430
-117
253
567
872
1149
1370
1417
1331
1318
1447
1697
1817
1752
1550
1259
1012
816
796
802
645
377
134
-36
-212
-289
-314
-264
-232
-205
-202
-215
-209
-135
86
358
601
683
674
659
719
833
985
1117
1170
1094
967
884
769
673
560
489
346
156
-77
-413
-659
-908
-1067
-1204
-1315
-1543
-1693
-1870
-1980
-2013
-2033
-1992
-1957
-1878
-1970
-1836
-1769
-1603
-1464
-1188
-856
-399
367
756
695
360
561
1171
1692
1931
1966
2045
1690
1328
1269
1498
1419
1023
800
716
432
-196
-638
-822
-875
-987
-1032
-1016
-1265
-1693
-1903
-1624
-1246
-993
-856
-695
-568
-477
-278
27
374
645
920
1148
1332
1354
1276
1273
1377
1568
1643
1587
1369
1149
904
772
725
647
484
292
173
28
-110
-255
-280
-242
-149
-70
-67
-98
-121
-51
145
377
557
649
647
675
710
793
871
960
1003
938
878
766
674
494
368
249
136
-14
-279
-518
-849
-1050
-1295
-1389
-1449
-1544
-1765
-1931
-2028
-2068
-2075
-2110
-2077
-2016
-1890
-1809
-1660
-1594
-1363
-1022
-233
534
704
422
231
699
1326
1780
1921
2103
2017
1570
1366
1502
1617
1298
970
910
821
314
-306
-657
-847
-941
-1026
-957
-1050
-1473
-1917
-1929
-1583
-1265
-1070
-930
-755
-648
-529
-281
54
361
644
944
1224
1384
1317
1245
1288
1468
1668
1703
1608
1368
1116
861
800
791
674
453
248
138
-30
-205
-338
-308
-259
-178
-129
-96
-129
-170
-76
143
410
554
597
608
639
715
769
859
946
961
907
859
787
609
440
319
271
155
-71
-333
-630
-833
-1113
-1193
-1363
-1404
-1592
-1761
-1899
-2110
-2127
-2198
-1989
-2008
-1855
-1943
-1835
-1788
-1625
-1261
-604
382
623
495
99
424
1061
1584
1903
2072
2224
1775
1454
1425
1648
1468
1133
1094
1054
663
-103
-533
-779
-851
-963
-902
-902
-1308
-1813
-2043
-1751
-1441
-1192
-1024
-829
-707
-651
-476
-191
169
477
833
1145
1356
1337
1213
1238
1395
1663
1766
1746
1544
1266
1007
839
855
764
628
424
282
118
-124
-296
-327
-246
-209
-162
-134
-183
-232
-195
-16
249
459
523
533
576
615
678
784
916
970
944
891
810
723
545
368
287
213
90
-123
-418
-760
-1066
-1257
-1319
-1298
-1484
-1726
-1991
-2080
-2074
-2100
-2089
-2104
-1987
-1997
-1843
-1817
-1614
-1370
-812
191
623
525
51
340
973
1569
1837
2058
2242
1801
1432
1424
1723
1571
1174
1033
1067
727
-2
-456
-711
-827
-998
-954
-908
-1239
-1800
-2074
-1819
-1486
-1216
-1074
-889
-774
-711
-522
-199
150
441
754
1047
1320
1343
1248
1224
1361
1616
1742
1718
1544
1279
986
802
825
791
608
339
177
34
-153
-328
-378
-350
-271
-211
-166
-166
-243
-225
-54
241
487
597
578
577
620
712
816
964
1002
981
912
822
711
546
422
353
267
140
-120
-398
-717
-992
-1144
-1241
-1374
-1488
-1595
-1886
-1962
-2096
-2115
-2115
-2049
-1986
-1908
-1781
-1851
-1766
-1560
-1142
-264
514
685
311
71
559
1209
1711
1929
2129
2024
1608
1361
1473
1582
1285
994
1019
935
400
-271
-687
-873
-962
-989
-887
-1020
-1488
-1948
-1999
-1670
-1341
-1124
-954
-790
-692
-585
-360
-53
242
573
908
1222
1364
1295
1190
1202
1424
1645
1720
1631
1391
1094
875
798
769
648
433
263
139
12
-196
-347
-391
-337
-224
-165
-141
-220
-225
-119
110
354
527
559
567
628
704
788
862
941
934
929
861
785
660
454
328
238
162
-6
-267
-591
-845
-1077
-1227
-1384
-1454
-1618
-1748
-1890
-2007
-2075
-2190
-2138
-2096
-1960
-1892
-1797
-1769
-1554
-1229
-333
434
543
217
102
683
1256
1683
1861
2134
2013
1580
1452
1631
1694
1296
1027
1059
965
386
-214
-557
-768
-925
-1019
-902
-1055
-1520
-1953
-1930
-1614
-1356
-1169
-1020
-834
-726
-596
-340
-19
270
561
879
1196
1370
1319
1251
1284
1492
1675
1714
1628
1419
1153
885
779
784
707
466
210
58
-76
-237
-318
-353
-321
-276
-242
-210
-208
-205
-126
109
371
537
565
587
612
700
816
899
1001
984
941
823
784
657
460
395
241
173
-58
-325
-644
-904
-1095
-1286
-1412
-1527
-1689
-1919
-2011
-2062
-2067
-2159
-2211
-2134
-2017
-1886
-1846
-1699
-1429
-1041
-96
470
564
188
236
857
1435
1825
1966
2175
1933
1558
1455
1680
1660
1266
1005
995
811
190
-342
-677
-830
-997
-1045
-978
-1219
-1679
-2040
-1913
-1588
-1307
-1136
-980
-835
-726
-541
-250
86
390
698
976
1266
1385
1330
1277
1352
1576
1716
1708
1582
1330
1057
834
789
737
575
346
162
28
-160
-342
-433
-442
-382
-312
-247
-236
-298
-329
-175
92
395
564
608
624
652
714
821
941
1030
1021
949
871
782
616
450
338
236
158
-13
-359
-674
-1023
-1157
-1254
-1381
-1523
-1787
-1942
-2088
-2092
-2202
-2150
-2225
-2141
-2036
-1949
-1882
-1773
-1502
-950
111
528
478
83
270
944
1504
1872
2072
2228
1845
1505
1483
1740
1620
1177
1049
1047
753
70
-421
-740
-894
-1065
-1021
-949
-1296
-1808
-2126
-1925
-1573
-1294
-1128
-955
-825
-736
-528
-222
142
444
742
1053
1351
1423
1330
1282
1389
1634
1755
1739
1581
1315
1007
785
759
737
565
280
85
-46
-199
-371
-472
-478
-415
-319
-229
-160
-236
-252
-150
146
439
604
638
637
689
733
863
937
1023
966
938
881
783
650
395
291
156
82
-118
-373
-655
-991
-1225
-1393
-1451
-1540
-1691
-1892
-2024
-2058
-2083
-2146
-2119
-2044
-1932
-1777
-1696
-1577
-1355
-802
141
594
564
213
433
1000
1526
1817
2022
2170
1802
1465
1469
1676
1501
1116
950
945
636
24
-420
-732
-900
-1076
-1039
-982
-1259
-1718
-1983
-1788
-1487
-1208
-1029
-862
-726
-618
-417
-107
215
501
780
1060
1336
1406
1344
1293
1379
1575
1680
1666
1503
1273
974
750
708
674
519
269
78
-56
-216
-373
-402
-362
-297
-267
-233
-215
-226
-190
-47
244
477
600
600
624
653
728
848
955
1041
983
897
789
719
566
424
284
209
31
-165
-439
-720
-992
-1224
-1302
-1381
-1454
-1665
-1905
-2078
-2080
-2069
-2040
-2019
-2003
-1959
-1856
-1764
-1572
-1252
-560
267
544
376
133
527
1066
1569
1830
2099
2124
1683
1412
1474
1632
1413
1120
1042
959
501
-129
-505
-738
-889
-1022
-952
-990
-1355
-1827
-1970
-1734
-1447
-1183
-986
-808
-717
-640
-435
-108
235
552
853
1128
1325
1332
1261
1270
1409
1608
1687
1658
1477
1219
897
718
716
642
509
263
108
-82
-266
-411
-423
-338
-313
-249
-234
-213
-248
-198
-33
220
440
534
579
595
651
670
769
876
959
956
869
786
634
470
317
265
192
32
-243
-536
-812
-1007
-1180
-1285
-1397
-1581
-1747
-1919
-1962
-2024
-2053
-2056
-2059
-1981
-1924
-1753
-1710
-1467
-1118
-251
414
485
219
157
754
1250
1690
1869
2119
1923
1493
1402
1581
1642
1266
1041
993
840
279
-253
-560
-769
-920
-999
-896
-1075
-1509
-1915
-1875
-1574
-1299
-1088
-938
-785
-725
-572
-310
44
350
629
909
1177
1333
1293
1254
1298
1480
1636
1664
1579
1379
1116
831
745
733
631
402
179
46
-109
-256
-373
-379
-361
-309
-276
-229
-212
-228
-125
62
334
478
559
554
597
685
743
859
915
950
838
790
714
593
413
248
146
79
-83
-375
-653
-967
-1163
-1305
-1376
-1501
-1670
-1822
-1992
-2001
-2047
-2035
-2048
-2032
-1940
-1784
-1647
-1505
-1263
-437
349
511
259
125
679
1175
1580
1804
2118
2027
1547
1370
1575
1690
1345
1044
1019
921
369
-177
-486
-690
-880
-1039
-916
-1003
-1405
-1856
-1902
-1605
-1350
-1142
-975
-795
-712
-624
-385
-30
297
570
824
1117
1326
1305
1245
1269
1445
1603
1649
1608
1456
1172
865
755
731
674
480
269
115
-46
-243
-384
-389
-385
-332
-276
-196
-188
-244
-232
-74
185
401
509
525
578
592
631
723
833
892
876
832
702
582
423
286
199
87
-89
-339
-580
-814
-1039
-1241
-1357
-1444
-1563
-1667
-1869
-1916
-1982
-2020
-2009
-1962
-1814
-1781
-1662
-1552
-1251
-702
58
409
338
152
420
960
1425
1703
1834
1935
1646
1409
1437
1562
1427
1084
946
875
568
30
-379
-630
-786
-916
-928
-956
-1223
-1613
-1812
-1625
-1362
-1141
-989
-855
-707
-603
-403
-128
181
458
713
975
1193
1268
1217
1212
1318
1486
1570
1544
1408
1203
925
753
743
673
515
276
127
2
-166
-298
-339
-303
-307
-282
-258
-220
-250
-249
-133
101
331
481
547
563
624
628
705
803
912
935
870
757
622
486
325
234
151
39
-208
-464
-738
-935
-1103
-1292
-1396
-1541
-1621
-1771
-1838
-1948
-1994
-2031
-2003
-1894
-1790
-1676
-1655
-1432
-1083
-155
380
424
105
147
766
1242
1627
1765
2005
1761
1421
1374
1586
1580
1175
974
957
814
240
-239
-548
-710
-870
-941
-849
-1058
-1474
-1844
-1744
-1449
-1203
-1049
-928
-773
-686
-522
-265
56
328
586
844
1124
1275
1226
1183
1240
1443
1583
1592
1498
1318
1045
803
755
743
622
375
196
97
-45
-232
-365
-364
-343
-291
-228
-173
-191
-248
-196
8
241
411
462
517
548
593
643
730
842
837
841
752
677
543
434
275
183
66
-136
-293
-544
-745
-1016
-1162
-1279
-1365
-1437
-1612
-1688
-1772
-1807
-1833
-1850
-1766
-1722
-1630
-1506
-1404
-1200
-771
54
458
443
131
303
835
1293
1549
1717
1882
1588
1279
1236
1450
1358
1018
862
836
612
67
-347
-585
-708
-857
-875
-832
-1036
-1434
-1688
-1550
-1268
-1028
-894
-755
-639
-543
-398
-156
152
413
655
882
1110
1190
1135
1103
1180
1357
1460
1454
1366
1158
883
684
672
649
535
314
174
79
-45
-191
-304
-332
-328
-249
-153
-73
-127
-168
-114
79
291
454
487
524
551
572
607
700
766
745
710
648
600
447
329
167
68
-35
-161
-356
-604
-851
-1111
-1200
-1298
-1319
-1455
-1528
-1710
-1644
-1602
-1659
-1704
-1801
-1625
-1510
-1298
-1204
-1006
-405
194
411
218
110
488
934
1312
1484
1687
1633
1277
1060
1222
1341
1161
876
776
678
283
-128
-414
-545
-685
-810
-784
-846
-1111
-1462
-1532
-1308
-1058
-870
-754
-660
-576
-505
-309
-20
260
508
656
852
1008
1044
1008
1014
1158
1269
1316
1264
1145
942
700
623
622
583
416
216
85
12
-61
-136
-201
-263
-263
-209
-95
-53
-73
-100
-15
148
319
430
460
467
478
523
593
685
682
615
565
526
504
353
258
107
30
-102
-266
-410
-613
-812
-1014
-1066
-1120
-1173
-1375
-1457
-1554
-1500
-1498
-1509
-1511
-1531
-1459
-1409
-1223
-1114
-991
-822
-148
408
561
255
135
534
951
1293
1380
1597
1434
1069
908
1061
1166
899
665
605
533
151
-240
-506
-617
-715
-765
-686
-749
-1007
-1336
-1332
-1095
-822
-640
-565
-471
-402
-298
-126
130
373
554
703
886
1017
988
916
902
1038
1154
1220
1167
978
772
579
517
520
496
400
247
147
43
-94
-178
-208
-160
-75
-11
4
-49
-100
-100
34
265
420
465
452
424
419
471
556
636
667
627
547
433
357
258
171
84
38
-90
-283
-496
-697
-828
-904
-955
-1043
-1123
-1265
-1353
-1369
-1376
-1372
-1370
-1329
-1282
-1214
-1171
-1089
-1024
-895
-733
-283
340
576
445
133
332
704
1073
1228
1329
1354
1061
825
804
929
814
590
488
487
266
-133
-448
-617
-632
-665
-594
-607
-773
-1054
-1198
-1024
-772
-546
-454
-376
-290
-207
-105
68
277
472
635
773
910
911
828
759
834
983
1092
1057
882
696
560
452
422
397
352
281
214
154
39
-109
-200
-162
-21
104
120
62
-21
-35
40
227
393
456
435
396
380
402
427
464
474
477
458
402
286
145
2
-71
-86
-127
-240
-417
-662
-837
-935
-947
-931
-1028
-1130
-1241
-1268
-1288
-1250
-1257
-1229
-1201
-1123
-1051
-973
-955
-916
-683
-63
430
513
226
99
348
694
1011
1155
1306
1145
845
718
812
833
646
501
490
441
140
-198
-456
-579
-631
-593
-491
-539
-767
-1061
-1087
-897
-650
-483
-400
-329
-274
-205
-87
104
286
437
571
742
840
806
694
680
766
922
987
927
760
573
483
402
429
365
335
260
222
118
-58
-127
-166
-53
41
117
74
-1
-73
-57
85
256
363
366
355
307
331
346
392
431
424
462
401
351
202
71
4
0
38
-99
-192
-423
-549
-697
-706
-719
-742
-800
-950
-974
-1062
-988
-1041
-965
-924
-895
-842
-877
-812
-821
-705
-650
-508
-352
57
358
393
210
92
353
583
844
899
976
850
591
505
547
609
492
393
343
265
24
-219
-376
-418
-407
-411
-362
-430
-570
-752
-742
-580
-397
-250
-211
-148
-117
-66
12
157
320
445
535
618
668
611
562
580
692
743
748
679
655
541
399
344
394
574
479
359
153
86
51
89
158
177
213
98
59
48
85
71
147
248
314
316
222
190
143
221
259
324
360
261
149
30
30
4
-8
-39
-144
-249
-390
-466
-536
-557
-595
-657
-685
-755
-830
-888
-894
-855
-810
-772
-765
-785
-780
-787
-713
-631
-522
-443
-132
193
306
190
47
207
427
676
775
869
806
603
479
512
600
539
442
368
323
143
-62
-225
-305
-312
-331
-299
-326
-433
-614
-675
-571
-400
-261
-209
-172
-155
-120
-56
71
217
344
418
491
545
561
533
513
589
666
773
738
644
538
474
506
492
479
389
307
245
198
169
122
85
56
65
77
80
32
17
3
55
120
173
184
158
129
149
192
229
246
212
187
162
128
105
60
-19
-56
-136
-164
-254
-302
-396
-464
-525
-568
-577
-632
-660
-716
-729
-748
-705
-712
-689
-679
-678
-630
-615
-551
-537
-484
-414
-245
36
217
224
118
116
265
433
573
639
647
562
450
417
441
421
342
282
251
182
45
-120
-237
-270
-273
-252
-247
-302
-398
-486
-457
-348
-226
-155
-124
-93
-55
-7
66
157
258
326
419
485
492
449
402
451
526
651
617
655
582
472
398
337
402
390
423
324
259
185
97
51
70
115
125
128
71
38
-35
-3
9
100
166
131
121
55
72
36
86
107
117
116
47
-18
-96
-154
-187
-180
-204
-230
-343
-433
-526
-566
-553
-551
-538
-578
-622
-640
-660
-629
-610
-576
-545
-537
-503
-516
-476
-452
-359
-217
55
188
166
66
48
197
343
491
525
551
460
358
321
334
343
286
257
218
165
23
-110
-202
-209
-179
-169
-154
-210
-282
-358
-329
-221
-116
-50
-36
2
21
57
108
197
289
344
393
393
409
372
379
448
475
500
528
518
454
378
304
310
355
386
326
265
199
122
101
105
131
148
138
118
75
56
34
22
90
130
161
161
134
93
52
73
84
131
136
77
-2
-89
-123
-150
-137
-160
-195
-271
-344
-394
-414
-424
-427
-415
-420
-434
-445
-486
-457
-455
-410
-368
-350
-325
-343
-167
-74
23
-31
-132
-153
-100
52
148
213
190
116
73
78
101
135
141
159
166
131
74
-29
-57
-49
3
68
68
13
-90
-130
-111
-40
35
68
55
38
19
21
58
94
135
168
214
234
223
188
167
187
235
288
305
274
237
191
202
256
328
355
330
259
213
199
226
254
258
264
241
207
160
131
114
125
154
183
166
131
62
21
28
47
83
81
48
-26
-82
-114
-131
-141
-155
-185
-223
-273
-326
-360
-374
-369
-368
-351
-369
-376
-407
-395
-376
-338
-321
-325
-301
-301
-283
-287
-274
-258
-241
-200
-184
-162
-164
-168
-149
-114
-71
-43
-25
-8
7
32
67
76
83
99
106
137
134
137
114
107
113
112
131
117
121
115
119
123
134
145
157
161
182
206
213
226
222
232
244
266
275
275
273
256
256
257
257
256
247
237
237
233
217
206
190
189
192
187
177
161
143
134
131
136
128
120
90
75
67
46
24
-8
-34
-54
-87
-123
-154
-199
-236
-279
-268
-301
-306
-345
-372
-374
-375
-366
-388
-347
-354
-325
-335
-328
-312
-290
-251
-226
-181
-181
-179
-173
-142
-100
-76
-56
-60
-31
-29
-18
-8
9
18
20
48
48
63
41
33
32
50
52
48
53
41
40
38
56
53
56
61
81
106
132
138
139
168
197
225
249
269
270
278
290
303
308
306
306
306
306
298
281
266
256
251
243
237
220
200
192
182
184
181
169
153
145
145
137
125
116
109
98
101
97
97
73
57
38
26
14
-11
-26
-57
-76
-112
-140
-164
-181
-199
-216
-224
-257
-253
-284
-271
-270
-275
-268
-291
-266
-283
-253
-246
-228
-207
-194
-182
-175
-160
-139
-114
-93
-69
-65
-42
-53
-24
-20
-3
6
10
25
11
13
6
7
12
19
26
15
5
-6
-15
-4
7
12
8
4
3
8
8
22
31
48
58
78
90
96
108
115
145
170
194
201
200
198
198
210
220
229
229
229
217
208
198
197
202
201
203
191
181
168
162
156
155
148
139
131
119
108
99
86
70
56
55
44
33
18
0
-12
-24
-34
-56
-66
-79
-96
-121
-134
-146
-158
-164
-173
-194
-210
-196
-215
-188
-212
-193
-201
-197
-191
-204
-176
-185
-155
-165
-149
-164
-159
-156
-145
-128
-122
-116
-119
-103
-104
-90
-90
-71
-55
-43
-36
-38
-34
-27
-14
-7
1
3
9
9
13
12
17
18
11
8
4
5
-12
-3
-1
-3
2
5
9
20
33
44
54
64
81
93
112
118
129
133
137
147
159
166
165
167
157
162
161
159
158
155
157
149
148
146
139
130
128
125
121
117
107
102
97
79
65
57
47
43
32
24
14
8
2
-8
-8
-16
-30
-51
-65
-62
-62
-70
-84
-97
-108
-109
-110
-101
-117
-119
-127
-132
-120
-134
-123
-131
-120
-120
-121
-107
-113
-94
-97
-82
-73
-67
-59
-48
-42
-39
-42
-50
-34
-34
-15
-11
-5
-8
-18
-8
-18
-2
-5
6
1
17
20
3
12
7
13
10
25
18
17
5
4
7
10
16
15
13
10
9
16
23
29
33
35
50
54
66
65
69
75
84
93
95
97
91
91
94
98
95
93
88
93
94
90
81
77
71
65
62
62
56
47
42
39
45
42
27
12
11
16
11
6
-2
-5
-11
-9
-26
-32
-40
-42
-44
-46
-51
-60
-63
-64
-58
-64
-64
-77
-67
-66
-54
-57
-58
-58
-59
-35
-40
-30
-47
-44
-37
-20
-8
-9
-11
-31
-35
-33
-16
-5
-5
-5
-11
-18
-19
-22
-18
-7
3
0
5
-2
-5
-14
-7
3
13
15
4
7
-2
8
-1
12
10
13
15
8
18
10
19
14
29
29
33
21
15
13
12
23
22
22
15
12
5
3
7
9
9
8
7
2
3
-2
-1
-4
-3
0
-16
-10
-14
-14
-12
-2
-8
-10
-9
-12
-4
-7
0
-9
-7
-10
-8
-16
-14
-18
-22
-16
-20
-12
-26
-17
-27
-24
-22
-23
-29
-28
-30
-27
-18
-18
-14
-21
-7
-19
-12
-17
-20
-11
-13
-6
-15
-14
-15
-11
-8
-2
-5
-5
-12
-14
-1
10
5
-1
3
3
12
11
11
11
12
16
17
13
5
0
6
14
12
15
10
8
2
14
13
11
10
7
11
8
10
2
5
4
2
-1
-1
-6
-5
-1
7
7
0
-5
-2
5
7
8
7
6
1
0
1
6
5
-5
-6
-8
-11
-6
-6
-5
-9
-14
-7
-8
-6
-14
-16
-16
-7
-3
1
0
-6
-8
-4
3
5
7
-1
7
10
16
6
9
7
13
21
14
17
10
13
12
18
20
13
4
2
2
4
5
15
15
25
21
19
45
28
19
0
10
30
37
45
30
19
10
12
23
32
31
26
16
24
21
12
5
12
28
32
33
24
16
8
17
29
32
24
8
-3
-1
10
12
11
11
16
18
17
12
10
12
16
26
30
17
8
10
22
27
24
13
8
11
13
14
8
9
10
15
19
18
9
0
0
13
21
19
10
5
9
15
22
22
15
12
11
12
14
10
8
2
12
17
10
10
4
11
20
17
16
14
12
15
21
22
18
18
19
22
23
10
-1
4
5
16
22
19
12
2
3
6
10
16
17
16
16
15
14
13
11
14
17
17
20
15
18
17
23
21
20
21
13
18
16
15
12
12
9
5
0
-2
1
-1
-4
-8
-7
-6
-5
-6
-9
-10
-12
-6
-13
-8
-6
-12
1
4
2
3
2
3
6
5
4
-2
-1
-6
-6
-4
-10
-9
-12
-9
-6
-7
-11
-14
-13
-17
-17
-18
-17
-17
-21
-18
-15
-18
-15
-13
-10
-9
-10
-6
-4
1
1
6
2
-1
3
9
15
15
14
11
3
-5
11
14
11
10
8
7
4
3
3
5
8
12
7
3
-3
-4
0
11
13
13
7
4
9
15
15
16
21
21
24
24
25
26
24
21
30
32
33
29
22
24
22
20
19
23
15
17
17
18
14
15
16
17
18
14
14
11
11
10
16
17
22
15
15
20
22
19
14
15
13
14
14
11
8
5
10
13
10
8
2
0
3
9
13
10
9
10
8
7
12
9
13
13
11
15
9
6
10
14
19
18
14
9
9
17
27
25
20
22
19
26
25
19
20
17
20
23
25
21
14
15
16
19
22
19
20
17
17
22
18
21
20
25
27
25
29
28
31
34
31
31
26
31
33
37
39
41
40
43
44
48
44
39
40
36
41
40
36
37
46
42
34
33
35
37
32
31
30
33
34
36
33
30
27
29
33
35
35
31
28
25
26
24
29
27
30
28
23
21
20
20
19
20
25
25
20
19
20
21
24
24
24
25
22
21
22
25
25
26
23
19
24
20
22
24
24
29
31
30
29
31
31
34
36
35
32
34
35
34
35
36
39
39
40
39
36
36
36
37
38
36
29
30
28
30
29
31
35
34
37
39
37
34
38
34
40
40
33
32
32
34
25
21
23
21
18
26
26
27
27
26
33
35
33
29
29
28
28
25
27
23
18
18
16
18
15
14
13
12
14
13
11
9
2
5
6
5
3
3
4
7
7
7
4
4
5
4
6
5
7
6
9
7
11
15
13
13
13
14
7
5
14
20
11
9
12
11
16
14
12
16
19
20
18
23
21
26
29
30
32
32
31
27
28
32
30
31
28
29
27
25
28
28
27
29
30
30
32
30
33
33
36
32
30
29
32
37
35
38
37
40
42
36
36
43
40
40
38
35
35
34
31
34
29
29
31
33
35
31
31
27
29
27
27
29
23
21
15
14
14
13
16
13
16
11
12
11
11
11
10
15
17
14
9
12
11
13
14
13
15
13
12
15
14
17
27
20
21
18
13
12
8
10
6
9
8
12
7
7
8
8
8
8
8
10
10
11
11
16
15
11
13
12
16
17
17
17
19
13
10
9
8
9
9
13
13
13
12
10
11
11
15
13
7
6
4
7
7
16
13
13
13
6
10
14
17
15
13
13
14
13
10
11
10
11
10
12
11
6
6
2
1
3
3
2
4
1
2
1
0
0
-4
-4
-3
-2
-2
-5
-5
-5
-3
-3
-8
-9
-1
1
3
-3
-2
0
-5
-2
-4
-9
-3
-9
-4
-1
4
4
-3
0
0
1
0
0
-2
0
-2
4
4
1
0
1
8
11
11
11
10
8
10
9
12
10
11
8
10
11
6
7
6
8
3
-1
1
2
2
3
0
-2
-1
-6
-4
-3
-2
-2
-7
-2
-5
2
3
2
5
3
6
6
7
7
6
6
5
2
2
0
-1
-3
-1
-2
-2
0
-3
-2
-4
-6
-11
-11
-10
-12
-13
-14
-14
-11
-11
-12
-13
-10
-11
-14
-15
-17
-16
-11
-13
-17
-15
-14
-13
-12
-13
-8
-20
-20
-6
-13
-15
-16
-15
-15
-13
-12
-11
-12
-12
-11
-15
-14
-14
-14
-13
-9
-9
-11
-10
-10
-9
-10
-8
-8
-7
-8
-6
-7
-7
-3
-7
-8
-7
-2
-4
-5
-2
-3
-1
-7
-11
-9
-5
-3
-7
-4
0
-2
0
2
-3
3
3
-3
-2
-5
0
0
4
2
0
4
5
6
7
9
7
6
8
8
6
8
4
4
2
0
2
2
2
3
2
1
2
1
1
2
1
0
6
6
3
4
6
11
6
6
7
4
6
8
8
5
11
4
6
9
1
2
1
-1
-1
-2
3
0
8
2
0
2
3
6
0
2
3
4
8
5
5
4
7
9
7
12
10
12
14
10
8
8
7
12
10
16
12
13
17
13
15
13
15
15
14
13
4
8
6
10
19
13
7
9
13
11
12
14
14
15
14
13
13
13
12
15
16
16
17
16
16
17
15
18
18
14
17
14
15
15
15
14
13
11
11
13
11
10
10
10
7
8
9
6
3
10
15
12
7
5
4
6
5
1
5
3
3
6
4
7
5
4
8
3
3
0
3
5
2
3
4
5
7
5
6
7
6
7
9
10
5
4
5
6
5
3
3
0
-2
0
1
-2
-7
-8
-10
-7
-6
-7
-8
-13
-9
-9
-11
-12
-9
-6
-14
-11
-10
-10
-9
-11
-7
-2
0
0
-3
-3
-3
-6
-3
-3
-2
-6
-5
-5
-6
-5
-2
-3
-2
-1
-1
-4
-4
-5
-5
-6
-7
-1
-5
-1
-2
-4
1
1
0
-3
-3
-2
1
2
1
-1
2
5
4
3
4
3
-5
-6
2
2
-4
-6
-3
-5
-3
-3
0
1
1
1
2
6
4
2
5
5
7
6
3
6
5
7
7
8
4
6
6
7
8
7
4
6
9
4
7
6
9
8
5
1
-1
-2
0
1
-2
4
0
6
7
5
8
9
6
5
4
-1
3
5
6
6
7
5
6
10
10
6
4
4
2
4
1
4
0
1
0
-1
0
-1
-1
0
0
-1
0
-2
-3
2
6
4
8
7
8
6
11
14
10
10
8
6
7
9
7
10
17
13
14
9
4
7
5
1
1
-4
-4
-2
-4
-5
-6
-6
-7
-7
-6
-5
-5
-5
-4
-4
-6
0
-2
1
2
1
4
3
6
4
3
0
-1
-1
-1
2
0
2
4
-3
-1
-5
-6
-2
-3
-11
-10
-15
-16
-12
-11
-3
-13
-13
-9
-7
-7
-7
-11
-7
-9
-9
-6
-6
-7
-8
-7
-6
-6
-9
-8
-7
-7
-4
-8
-5
-7
-6
-2
-4
-5
-6
-7
-8
-8
-6
-9
-9
-5
-4
-7
-9
-3
-4
-5
-4
0
-3
-2
-3
-6
-3
-3
-9
-8
-10
-9
-8
-5
-6
-8
-8
-12
-8
-16
-14
-13
-15
-13
-16
-17
-18
-19
-19
-18
-17
-20
-21
-16
-17
-17
-16
-19
-20
-19
-16
-20
-21
-18
-20
-19
-16
-19
-21
-21
-22
-21
-26
-26
-26
-24
-22
-21
-26
-23
-27
-35
-28
-31
-31
-30
-29
-27
-25
-27
-26
-22
-22
-24
-21
-20
-22
-20
-19
-20
-17
-19
-18
-17
-18
-15
-18
-17
-17
-17
-20
-22
-21
-23
-23
-21
-21
-22
-21
-22
-24
-24
-23
-24
-24
-21
-21
-21
-18
-19
-16
-17
-13
-11
-9
-21
-18
-9
-16
-19
-17
-15
-14
-12
-11
-10
-12
-10
-11
-11
-11
-16
-12
-11
-12
-9
-11
-13
-16
-15
-13
-15
-14
-15
-11
-11
-14
-11
-12
-11
-10
-11
-8
-6
-5
-8
-6
2
-7
-8
-6
-1
-5
-5
-5
-4
-2
1
0
-4
-2
0
-4
-9
-14
-10
-7
-6
-8
-9
-7
-10
-6
-9
-9
-8
-9
-9
-8
-7
-6
-8
-10
-6
-5
-3
-4
-6
-1
-3
-3
-6
-3
-5
-4
-1
-2
4
2
0
2
6
6
6
4
3
3
6
4
2
8
13
8
12
10
9
5
2
3
2
5
4
5
7
4
3
7
7
7
5
8
4
4
5
3
1
-1
-1
3
4
4
3
3
4
1
0
-2
-2
-3
-2
-1
0
1
0
2
0
3
4
3
-2
1
-3
-5
-3
3
9
0
-5
-1
1
0
2
-1
-2
-1
-2
-3
-5
-7
-8
-6
-5
-4
-6
-6
-10
-8
-4
-7
-5
-5
-2
-3
-3
-1
0
1
0
2
4
2
5
3
5
4
3
7
3
3
5
11
8
4
4
3
-1
3
1
2
4
2
1
3
5
6
7
5
5
5
5
6
9
9
7
11
9
7
6
5
8
9
12
9
11
9
9
11
8
10
5
6
7
5
5
4
0
0
-5
-4
-1
-1
-4
-9
-8
-9
-9
-7
-6
-9
-2
-10
-10
-6
-8
-3
-4
3
-1
2
4
-3
0
2
0
2
1
-4
-5
-6
-6
-8
-9
-10
-8
-9
-10
-8
-9
-13
-13
-13
-14
-15
-16
-12
-12
-11
-12
-9
-12
-12
-10
-10
-13
-12
-9
-7
-9
-13
-7
-3
-3
-5
-1
-7
-13
-16
-7
-9
-15
-12
-14
-14
-13
-14
-12
-11
-10
-10
-8
-6
-9
-9
-8
-5
-8
-5
-7
-6
-6
-5
-7
-8
-7
-5
-3
-2
-1
-4
-2
-2
-4
0
2
-1
2
0
-2
-10
-7
-2
-4
-8
-8
-6
-3
2
1
0
3
8
0
-1
-2
0
2
0
3
5
3
4
3
3
7
5
6
7
6
7
3
3
4
5
4
3
2
1
1
1
0
0
5
4
3
0
7
6
9
7
8
12
13
15
13
14
10
18
16
16
15
18
23
14
20
20
17
12
6
6
6
4
3
7
10
8
9
6
5
8
6
9
5
6
8
7
11
9
8
13
13
13
16
19
19
16
12
10
13
11
12
11
11
11
10
11
9
9
12
3
1
-1
-2
0
7
4
4
3
-3
-3
-1
0
-1
2
0
2
1
2
1
3
5
3
5
6
6
2
4
8
6
3
4
3
3
3
0
3
3
-2
-4
-3
-3
-3
1
-2
-7
-3
-7
-5
-5
-3
3
0
-2
-6
-8
-5
-7
-7
-3
-9
-12
-9
-7
-7
-6
-9
-8
-6
-8
-6
-11
-10
-9
-12
-13
-10
-11
-13
-16
-14
-11
-14
-13
-12
-12
-13
-15
-13
-11
-17
-11
-14
-14
-13
-11
-12
-13
-17
-21
-17
-17
-16
-18
-20
-18
-20
-20
-20
-17
-20
-22
-26
-26
-22
-31
-24
-21
-22
-21
-21
-20
-19
-19
-21
-21
-19
-21
-25
-22
-23
-24
-24
-20
-21
-23
-23
-23
-23
-27
-27
-29
-29
-33
-34
-33
-34
-32
-31
-32
-36
-33
-37
-36
-37
-40
-36
-38
-36
-32
-36
-36
-33
-30
-27
-23
-28
-40
-29
-27
-33
-32
-32
-33
-31
-28
-29
-32
-32
-27
-26
-28
-29
-28
-28
-25
-24
-24
-24
-26
-26
-26
-25
-26
-26
-21
-24
-22
-21
-21
-24
-27
-21
-22
-18
-19
-19
-19
-17
-20
-24
-22
-20
-18
-18
-13
-15
-16
-11
-10
-11
-10
-9
-6
-11
-15
-13
-12
-12
-9
-11
-8
-8
-11
-10
-10
-10
-12
-12
-11
-9
-11
-10
-9
-9
-8
-10
-12
-12
-13
-11
-10
-9
-9
-9
-12
-9
-8
-7
-2
-3
-4
-4
-1
-2
-3
-2
-4
-3
-2
1
0
4
3
-2
-1
0
-4
-1
-5
-8
-7
-10
-5
-3
0
-6
-5
-2
-4
-3
-2
-2
0
-2
-1
1
-1
1
1
5
4
6
5
6
5
3
1
2
4
3
3
4
5
2
3
4
5
7
6
7
4
-2
1
-4
-1
12
10
3
-2
-2
4
7
8
4
4
7
5
3
1
3
3
3
5
7
2
-2
-1
-1
0
2
0
1
-1
1
-1
0
2
-3
-4
-3
2
1
-4
-6
-4
-5
-6
-5
-2
-3
0
-4
-3
-3
-2
-8
-9
-5
-10
-15
-12
-9
-7
-4
-2
-9
-10
-5
-6
-4
-9
-9
-8
-9
-9
-8
-7
-9
-9
-6
-7
-8
-8
-6
-5
-6
-7
-6
-6
-6
-5
-3
-3
-7
-4
-4
-6
-8
-13
-9
-4
-5
-10
-11
-10
-10
-9
-11
-11
-13
-7
-9
-16
-14
-15
-9
-5
-10
-11
-7
-8
-4
-3
-6
-8
-5
-4
-10
-9
-7
-9
-9
-9
-6
-10
-8
-6
-8
-9
-10
-12
-13
-14
-18
-17
-15
-13
-12
-12
-17
-13
-14
-16
-19
-18
-15
-14
-15
-16
-15
-16
-13
-15
-11
-10
-12
-25
-17
-8
-13
-15
-16
-16
-17
-12
-14
-11
-14
-14
-16
-14
-10
-12
-15
-14
-13
-14
-11
-13
-15
-15
-15
-14
-11
-12
-11
-11
-10
-8
-9
-9
-9
-7
-5
-1
1
-3
-1
-6
-10
-6
-6
-5
-5
-1
1
2
4
1
1
4
2
1
-3
-5
-4
-3
-3
-4
-2
-4
-1
-3
-1
1
-2
-4
-3
-2
-4
-2
-3
-3
-3
-4
-2
-3
-6
-4
-4
-5
-9
-7
-6
-4
-5
-2
-6
0
0
-5
0
0
5
1
1
1
1
-3
0
-2
4
3
-5
1
-5
-5
-9
-10
-10
-7
-9
-9
-4
-5
-3
-5
-4
-3
-3
-1
-1
-1
-2
-1
-1
-1
0
-1
0
3
0
4
4
-2
0
-3
-4
-4
-5
-3
1
-1
-1
-4
1
-1
0
-1
-2
-6
-10
-10
-7
-1
-4
4
3
-6
-5
-1
1
-1
-1
-1
-2
-3
-1
-2
-3
-3
-1
-2
-2
-3
-3
-3
-4
-5
-4
-5
-7
-5
-7
-5
-5
-5
-7
-8
-3
-2
-4
-3
-5
-2
-6
-5
-6
-7
-1
-3
-1
-6
-6
-3
-10
-14
-9
-7
-13
-11
-12
-12
-12
-10
-11
-12
-13
-13
-16
-15
-15
-16
-16
-15
-14
-13
-14
-17
-15
-16
-14
-14
-11
-13
-14
-13
-14
-13
-15
-16
-15
-15
-16
-17
-18
-19
-22
-21
-24
-19
-24
-27
-27
-32
-29
-26
-27
-30
-31
-30
-38
-35
-29
-27
-22
-27
-22
-24
-23
-21
-22
-20
-22
-21
-23
-23
-23
-28
-25
-24
-25
-26
-27
-28
-29
-29
-28
-29
-32
-37
-37
-35
-37
-35
-35
-32
-31
-32
-34
-34
-30
-32
-33
-30
-31
-32
-30
-31
-31
-26
-25
-25
-24
-19
-27
-29
-21
-25
-23
-29
-27
-30
-27
-25
-27
-29
-27
-26
-28
-24
-22
-25
-26
-20
-20
-20
-23
-23
-19
-20
-16
-20
-18
-17
-17
-16
-16
-13
-15
-18
-12
-14
-12
-12
-12
-13
-9
-13
-17
-13
-14
-14
-14
-10
-11
-9
-8
-6
-5
-6
-4
-7
-8
-12
-9
-9
-8
-9
-8
-7
-8
-9
-6
-9
-7
-6
-8
-6
-9
-9
-12
-8
-9
-11
-12
-9
-11
-12
-12
-14
-13
-15
-17
-15
-13
-13
-13
-14
-11
-13
-7
-5
-4
-4
-6
-6
-7
-8
-5
-6
2
-6
-8
0
-4
-8
-11
-10
-13
-11
-11
-11
-9
-12
-15
-11
-8
-10
-13
-12
-8
-12
-10
-10
-10
-11
-11
-9
-11
-9
-7
-6
-4
-5
-6
-5
-8
-1
-4
-1
0
0
3
1
1
1
0
0
-1
-3
-7
-7
-4
-1
6
2
-6
-7
-2
1
5
5
3
1
3
3
3
2
5
6
4
5
6
7
7
7
8
11
9
10
10
10
12
15
11
8
9
4
8
6
6
7
4
10
8
1
1
6
7
8
9
6
6
6
3
0
2
0
-3
-2
-3
1
0
2
-2
0
-1
0
-1
-3
-1
-3
-1
-4
-1
-2
-4
-3
0
2
-1
-2
-1
-3
-6
-3
-4
-3
-5
-4
-4
-4
-4
-3
-6
-5
-5
-5
-6
-11
-3
-6
-11
-11
-9
-6
-9
-12
-12
-12
-16
-15
-11
-14
-7
-8
-11
-5
-6
-5
-5
-1
-3
-4
-1
-7
-4
-5
-6
-6
-7
-7
-6
-6
-7
-7
-3
-6
-8
-6
-11
-8
-11
-9
-5
-4
-2
-6
-6
-3
-2
-4
-6
-7
-6
-5
-4
-7
-7
-1
-3
-2
-3
0
-2
-16
-2
0
-6
-8
-8
-9
-6
-5
-9
-8
-4
-3
-4
-3
-4
-3
-2
1
2
3
-1
-2
0
-1
-2
-3
-2
-3
-6
-1
2
1
-1
-1
0
-4
2
4
1
4
3
-5
-3
-5
-8
-3
-2
3
1
-2
5
4
6
6
4
2
-1
-3
-2
-2
2
-1
0
0
1
3
3
5
2
-1
3
4
4
1
2
2
-2
5
5
5
5
7
6
4
5
8
8
7
9
5
13
10
10
11
15
19
14
16
14
16
16
18
21
21
25
20
16
23
19
12
13
12
11
9
11
12
12
13
10
13
13
13
15
15
20
14
12
16
13
13
13
16
19
20
17
19
22
21
17
16
14
15
16
15
16
17
14
15
15
15
13
13
16
12
11
9
7
10
18
17
10
7
11
14
13
16
14
12
13
11
9
7
8
9
7
7
7
3
6
5
3
8
9
4
4
4
5
3
3
0
-4
-4
-3
1
0
-1
-2
-1
-4
-2
-2
-3
-5
-4
3
3
1
-3
-3
-6
-1
-2
-8
-8
-7
-4
-6
-2
-3
-4
-7
-8
-10
-8
-6
-8
-9
-10
-8
-8
-10
-9
-6
-8
-6
-6
-9
-9
-7
-9
-8
-11
-8
-10
-8
-12
-12
-10
-12
-10
-15
-16
-15
-17
-17
-16
-17
-21
-17
-17
-17
-21
-18
-20
-23
-14
-16
-15
-14
-12
-12
-13
-11
-8
-6
-9
-8
-9
-8
-8
-10
-11
-8
-12
-9
-11
-11
-11
-9
-11
-15
-13
-17
-15
-17
-21
-20
-18
-16
-16
-16
-14
-16
-15
-15
-18
-20
-20
-18
-14
-14
-20
-14
-13
-14
-15
-14
-10
-16
-19
-18
-12
-17
-22
-19
-23
-20
-21
-23
-20
-17
-20
-19
-19
-21
-20
-22
-16
-18
-15
-18
-18
-16
-16
-16
-17
-18
-19
-16
-18
-15
-15
-15
-14
-16
-14
-13
-11
-10
-13
-11
-13
-16
-15
-18
-18
-17
-13
-10
-7
-5
-9
-7
-4
-1
-6
-10
-10
-9
-5
-7
-4
-5
-7
-5
-2
-2
-2
-3
-4
1
0
-3
-3
-5
-1
-1
0
1
2
0
-1
4
5
5
5
4
3
3
7
9
11
7
12
17
20
17
14
16
16
18
18
16
19
27
15
18
24
20
16
11
15
12
9
8
12
13
9
11
11
13
13
14
11
12
11
8
7
9
7
9
11
9
14
12
13
12
11
10
9
8
6
12
10
11
13
12
9
8
7
10
9
4
0
2
3
0
11
14
8
0
0
5
7
6
4
3
3
6
6
4
3
3
3
6
6
5
4
3
3
1
1
4
2
1
3
6
6
2
1
1
1
4
5
4
2
2
3
-2
2
-1
-3
-4
2
7
5
3
-3
-6
-4
-5
-9
-7
-7
-9
-5
-5
-7
-6
-9
-7
-6
-9
-9
-7
-7
-9
-8
-6
-8
-11
-10
-9
-7
-10
-6
-7
-6
-7
-7
-9
-6
-6
-11
-9
-9
-11
-10
-12
-12
-16
-18
-17
-20
-15
-21
-24
-27
-24
-22
-24
-25
-23
-24
-31
-28
-27
-24
-21
-24
-23
-20
-21
-19
-17
-17
-21
-19
-17
-24
-23
-22
-20
-22
-23
-20
-23
-22
-22
-25
-21
-24
-26
-26
-25
-29
-28
-24
-25
-22
-24
-24
-24
-27
-27
-26
-28
-25
-25
-22
-21
-24
-22
-18
-18
-18
-19
-17
-23
-25
-16
-17
-20
-19
-17
-17
-16
-16
-17
-15
-16
-14
-15
-15
-14
-18
-17
-13
-12
-10
-13
-11
-12
-12
-11
-11
-10
-9
-6
-7
-5
-6
-5
-6
-4
-4
0
-3
-3
1
0
-2
-9
-8
-7
0
-1
0
2
3
1
5
6
6
8
6
3
0
1
2
4
4
9
5
7
8
9
12
7
8
9
8
11
11
10
9
11
10
10
6
7
10
8
12
11
8
9
13
14
14
19
17
15
14
19
24
22
23
20
23
24
27
25
26
36
26
26
24
24
21
21
21
16
15
20
19
20
19
20
22
23
22
19
24
22
22
20
21
22
20
21
24
23
25
27
28
31
24
24
23
25
26
25
27
27
30
26
24
26
25
19
18
19
16
18
14
17
20
28
22
16
16
17
24
20
23
21
20
20
20
20
17
18
19
18
18
17
16
18
18
18
17
18
19
17
18
20
18
20
18
15
12
16
17
17
13
12
16
13
11
15
12
8
15
17
19
17
11
10
9
10
5
4
8
8
9
9
6
6
6
7
3
5
7
5
5
3
4
6
3
5
3
2
5
4
5
6
6
5
3
4
4
4
6
3
3
2
3
1
1
-2
-2
-4
-5
1
1
-6
-8
-6
-1
-4
-8
-7
-12
-16
-6
0
-6
-5
-5
-3
-4
-1
-1
-1
-4
-5
-2
-4
-6
-7
-4
-2
-6
-5
-4
-5
-5
-6
-3
-2
-5
-8
-11
-9
-9
-12
-8
-7
-8
-4
-8
-6
-9
-11
-11
-11
-9
-11
-6
-10
-14
-11
-6
-8
-8
-4
-3
-10
-13
-5
-3
-13
-10
-6
-8
-7
-7
-7
-6
-6
-5
-2
-4
-3
-4
-3
-3
-5
0
-6
-5
-1
-4
-3
-5
-4
-3
0
0
1
0
0
-1
-2
1
1
1
2
7
1
-5
-5
0
4
-1
2
1
6
7
11
7
9
14
8
4
6
5
5
6
3
5
5
8
9
6
9
9
9
7
9
11
10
7
7
10
10
11
8
9
9
11
11
12
11
12
11
13
13
12
19
22
17
17
17
24
23
21
22
18
23
22
23
27
29
21
21
24
20
18
17
11
13
13
14
19
16
15
17
20
17
18
16
16
18
17
19
20
19
18
17
21
22
22
22
24
25
21
21
20
22
21
21
23
22
24
27
25
27
25
24
26
25
21
20
14
16
22
17
19
17
17
19
25
22
20
20
19
19
20
18
17
20
16
18
17
14
14
12
11
10
11
11
9
9
8
10
10
10
8
4
6
7
7
8
5
3
3
6
3
7
8
1
6
6
9
4
4
5
2
-1
-4
0
-2
-3
-2
0
-2
-3
-3
-2
-1
-4
-1
-1
-4
-5
-5
-3
-3
-6
-4
-6
-5
-4
-3
-3
-1
-3
-3
-1
-3
-4
-5
-3
-7
-1
-3
-5
-5
-8
-9
-10
-9
-9
-9
-14
-15
-12
-11
-13
-11
-10
-16
-20
-16
-15
-16
-14
-12
-11
-7
-10
-9
-8
-9
-11
-10
-11
-18
-17
-15
-18
-18
-17
-18
-18
-20
-16
-17
-21
-21
-23
-21
-24
-24
-27
-24
-22
-23
-21
-22
-24
-25
-23
-28
-27
-25
-24
-25
-22
-25
-21
-21
-20
-20
-18
-15
-30
-24
-16
-21
-20
-20
-24
-25
-22
-22
-23
-22
-21
-20
-19
-20
-25
-21
-21
-20
-21
-22
-22
-22
-20
-14
-19
-20
-19
-20
-16
-15
-17
-20
-17
-17
-18
-13
-12
-13
-14
-10
-12
-16
-10
-15
-21
-18
-15
-13
-15
-12
-7
-4
-6
-3
-6
-3
-6
-10
-8
-5
-5
-6
-3
-6
-3
-4
-1
-3
-2
-2
-1
0
0
1
-1
1
-1
2
4
5
3
3
4
4
5
6
4
5
7
7
12
8
6
8
13
14
11
12
10
12
15
14
9
15
19
10
17
15
15
10
6
7
5
9
7
6
10
11
9
9
9
9
8
11
7
7
10
8
11
9
9
15
13
11
13
12
13
11
6
9
8
10
11
12
13
12
10
14
12
12
9
7
5
3
2
0
0
10
14
0
-3
1
5
4
10
7
2
6
9
6
7
4
6
5
3
8
8
6
4
6
4
3
4
1
3
3
7
1
3
4
-1
-1
-3
1
0
-6
-5
-6
-6
-7
-4
0
-4
-4
0
-1
-1
-3
-8
-7
-8
-9
-8
-10
-9
-10
-9
-12
-13
-13
-13
-13
-12
-12
-9
-11
-16
-13
-14
-14
-18
-19
-15
-17
-18
-17
-18
-17
-20
-18
-17
-18
-19
-18
-18
-21
-20
-20
-19
-21
-24
-25
-24
-24
-27
-32
-31
-31
-30
-29
-26
-28
-28
-34
-36
-30
-34
-37
-34
-26
-28
-28
-27
-30
-26
-26
-26
-25
-27
-30
-30
-30
-28
-33
-29
-31
-33
-33
-34
-33
-34
-36
-36
-37
-37
-39
-42
-39
-38
-34
-35
-34
-36
-39
-37
-39
-41
-38
-40
-37
-36
-36
-35
-31
-29
-33
-27
-30
-38
-36
-30
-31
-34
-34
-37
-35
-36
-37
-36
-36
-33
-33
-33
-32
-32
-34
-28
-28
-30
-28
-30
-32
-30
-30
-35
-31
-27
-28
-28
-25
-24
-26
-27
-28
-28
-21
-25
-24
-21
-22
-24
-27
-25
-30
-25
-23
-20
-20
-18
-13
-17
-15
-8
-13
-17
-17
-17
-18
-12
-13
-13
-15
-12
-12
-13
-11
-12
-13
-14
-15
-12
-11
-13
-13
-15
-12
-10
-10
-10
-12
-11
-11
-13
-11
-10
-9
-7
-8
-7
-4
-3
-1
-4
-5
0
-1
-2
0
-4
-4
0
0
0
2
-1
-8
0
5
-3
-6
-10
-11
-7
-9
-4
-3
-5
-6
-3
-3
-4
-1
-3
0
-3
-3
-1
-1
0
1
2
6
3
4
5
10
11
6
6
5
6
6
9
6
9
9
8
11
9
11
8
7
6
4
8
4
7
7
9
11
4
6
6
11
9
8
7
7
8
5
4
3
5
7
4
4
6
2
0
3
1
2
3
0
1
3
3
3
1
-2
-4
-4
0
-1
0
-1
-2
-1
-5
-5
-4
-3
-4
-1
1
0
-6
-5
-6
-7
-10
-10
-10
-14
-9
-9
-8
-7
-9
-10
-9
-10
-12
-8
-10
-9
-10
-11
-12
-13
-13
-14
-13
-13
-14
-13
-12
-11
-13
-14
-13
-15
-14
-16
-19
-19
-18
-17
-19
-22
-22
-21
-22
-19
-26
-26
-23
-23
-24
-25
-26
-24
-24
-30
-27
-21
-29
-27
-23
-23
-18
-22
-21
-17
-17
-22
-23
-18
-25
-24
-20
-22
-21
-23
-22
-25
-26
-26
-24
-20
-23
-24
-26
-27
-26
-26
-24
-21
-20
-19
-18
-20
-19
-19
-22
-22
-21
-20
-20
-18
-17
-18
-15
-12
-13
-12
-8
-12
-19
-13
-7
-14
-14
-12
-12
-14
-11
-14
-13
-10
-11
-9
-8
-12
-8
-6
-11
-9
-10
-8
-13
-9
-9
-11
-9
-9
-7
-10
-14
-10
-7
-9
-10
-9
-11
-8
-10
-11
-7
-7
-14
-15
-10
-7
-9
-11
-7
-7
-7
-2
-3
-3
-3
0
-3
-7
-11
-9
-8
-5
-3
-1
-2
-1
-3
-1
-1
-6
1
0
0
0
-1
-3
-1
1
-2
3
1
-1
1
2
2
5
5
4
4
3
6
6
12
11
15
13
14
18
15
14
15
17
15
19
17
27
24
19
26
17
18
19
15
12
13
15
16
19
21
22
22
22
20
21
20
22
24
23
23
24
24
26
26
28
31
31
31
32
32
33
30
29
30
29
28
30
30
32
31
31
30
28
29
29
26
23
20
20
20
31
30
18
20
22
25
24
24
25
25
23
22
21
19
20
22
21
22
23
22
19
16
17
15
17
17
20
16
16
14
13
11
9
10
10
10
10
8
7
11
6
5
3
6
7
4
7
6
9
6
1
4
4
-1
-1
-2
-3
-2
-2
-1
-6
0
0
-6
-4
-5
-3
0
-2
0
0
-1
-1
-3
-3
-1
3
0
1
-1
-1
-1
0
0
-3
-5
-2
-3
-4
-6
-5
-4
-6
-12
-9
-9
-10
-10
-15
-15
-13
-14
-15
-20
-22
-19
-24
-20
-16
-19
-19
-16
-15
-16
-16
-19
-15
-17
-17
-20
-19
-19
-21
-21
-21
-22
-22
-23
-25
-22
-26
-22
-26
-27
-26
-30
-31
-34
-34
-31
-29
-29
-26
-25
-28
-30
-27
-28
-29
-28
-30
-31
-28
-28
-28
-24
-19
-23
-21
-17
-20
-27
-23
-15
-23
-25
-27
-25
-22
-24
-25
-23
-19
-22
-18
-18
-20
-20
-20
-18
-16
-15
-17
-16
-18
-15
-17
-16
-17
-15
-13
-16
-14
-11
-10
-11
-11
-12
-7
-8
-8
-8
-7
-7
-5
-8
-16
-16
-10
-6
-9
-4
-2
-1
-3
2
8
2
0
-4
-1
0
1
4
0
6
4
2
5
1
3
4
6
8
6
6
5
3
4
7
6
8
7
8
6
9
9
7
9
8
9
11
11
14
15
13
16
16
14
18
15
13
15
15
20
20
25
20
15
22
19
14
12
14
13
9
10
10
13
16
11
14
13
16
16
16
12
13
14
14
16
13
15
17
17
16
16
19
21
19
18
14
16
13
15
15
19
19
19
16
19
19
19
18
15
14
18
15
10
18
15
23
20
8
12
18
19
13
13
13
14
14
13
14
12
12
14
16
13
12
12
9
9
9
8
8
11
9
9
10
9
4
4
4
4
4
4
6
1
4
4
-3
5
3
2
0
3
4
0
-5
-4
-7
-6
-13
-9
-9
-14
-8
-13
-9
-10
-8
-11
-9
-10
-12
-10
-14
-14
-13
-9
-11
-15
-14
-12
-10
-9
-9
-11
-11
-13
-13
-12
-14
-17
-16
-17
-18
-19
-17
-18
-20
-20
-22
-23
-21
-23
-28
-28
-29
-26
-23
-24
-25
-27
-31
-43
-33
-25
-26
-22
-27
-24
-23
-25
-21
-21
-22
-21
-23
-24
-24
-25
-28
-27
-30
-31
-29
-31
-28
-24
-28
-28
-30
-30
-29
-30
-33
-35
-35
-31
-28
-27
-31
-28
-32
-32
-32
-33
-33
-34
-34
-33
-31
-33
-26
-27
-26
-28
-26
-31
-39
-23
-24
-30
-32
-31
-31
-31
-29
-28
-28
-29
-28
-25
-23
-25
-25
-23
-23
-23
-22
-22
-21
-20
-19
-21
-23
-19
-17
-20
-19
-14
-17
-19
-15
-18
-18
-13
-14
-14
-16
-13
-12
-21
-20
-16
-13
-14
-13
-13
-12
-8
-7
-3
-7
-6
-8
-11
-12
-13
-7
-11
-8
-11
-11
-8
-7
-7
-7
-10
-8
-7
-4
-2
-6
-4
-7
-3
-4
-6
-3
-9
-5
-5
-7
-4
-6
-6
-2
-2
-2
-2
-1
1
3
3
8
6
5
2
6
6
5
7
11
19
7
3
9
6
4
3
4
-1
5
3
3
5
3
3
4
5
4
3
4
8
6
8
9
7
7
7
12
10
12
17
14
17
18
17
13
11
12
15
16
13
17
17
17
21
19
17
16
13
15
9
11
12
17
23
15
10
12
18
20
18
17
19
19
19
19
21
21
19
20
18
19
19
18
19
15
16
14
14
13
15
15
16
15
13
13
10
11
8
12
13
9
7
10
10
12
6
8
4
7
16
13
11
8
10
5
5
2
3
1
2
3
4
4
1
1
0
4
1
-1
-1
0
1
-2
1
0
-1
-5
-3
-3
-1
-1
-3
-2
0
-1
-2
-1
-2
-4
-8
-6
-6
-6
-6
-5
-12
-13
-14
-13
-11
-14
-17
-13
-12
-14
-15
-21
-17
-16
-28
-14
-11
-15
-14
-11
-11
-14
-11
-10
-7
-11
-11
-13
-9
-9
-10
-12
-10
-12
-12
-13
-12
-18
-16
-17
-18
-18
-22
-19
-18
-21
-27
-21
-17
-20
-19
-19
-21
-22
-21
-25
-25
-24
-22
-20
-21
-23
-23
-17
-19
-21
-18
-15
-22
-29
-19
-15
-22
-25
-23
-25
-22
-21
-23
-21
-19
-18
-19
-15
-21
-20
-16
-18
-12
-16
-18
-16
-16
-15
-19
-19
-17
-18
-14
-15
-14
-11
-14
-12
-16
-13
-8
-9
-10
-12
-12
-12
-7
-4
-8
-10
-8
-5
-6
-2
1
-1
1
3
1
0
-5
-9
-3
-1
-1
0
-2
0
0
0
0
2
2
3
5
3
4
2
1
2
-1
2
1
2
2
2
2
1
3
3
3
1
4
4
5
7
10
6
9
13
12
10
12
10
8
11
9
15
20
14
16
18
8
6
6
8
8
8
6
7
9
9
6
9
11
10
11
11
12
13
12
11
11
13
13
13
16
13
18
20
22
20
16
16
16
16
16
19
19
19
21
17
18
19
18
17
15
9
11
7
12
13
9
20
15
9
12
17
16
16
13
14
15
12
15
15
13
13
14
15
13
13
13
10
11
13
9
8
11
9
13
9
11
9
6
6
10
8
7
6
7
7
4
3
5
8
6
8
6
3
3
0
-3
4
-2
-4
1
-2
-2
-1
1
0
-3
-2
3
0
-2
-2
-1
-1
-2
-1
1
3
-1
0
3
4
6
2
3
2
2
3
1
1
3
2
2
2
2
2
2
-3
-5
-6
-3
-3
-4
-4
-8
-7
-5
-5
-4
-8
-10
-11
-18
-5
-6
-3
-2
-7
-2
-1
-1
-1
2
-1
-5
0
-1
-5
-3
-5
-3
-1
-6
-3
-6
-5
-6
-6
-3
-7
-9
-9
-9
-9
-11
-11
-8
-6
-7
-9
-9
-8
-10
-12
-15
-11
-10
-9
-8
-12
-10
-9
-8
-5
-5
-3
-16
-11
-6
-9
-11
-13
-12
-16
-10
-13
-14
-12
-13
-10
-14
-11
-10
-11
-12
-12
-9
-9
-11
-13
-11
-9
-13
-14
-11
-10
-9
-9
-8
-8
-11
-9
-8
-6
-5
-6
-4
-5
-8
-11
-7
-2
0
-5
-7
-5
-5
-1
1
-1
-1
6
2
-5
-5
0
0
-2
-2
-4
-2
2
0
2
1
2
3
0
2
1
1
1
-1
2
0
-1
0
0
-1
2
2
2
5
1
3
3
4
5
7
8
2
6
8
11
8
10
9
10
6
8
10
11
21
9
13
9
7
2
1
-1
-3
1
0
1
3
1
3
5
4
6
5
7
4
5
4
4
5
4
5
5
8
7
8
9
10
9
6
8
6
4
8
10
8
9
9
8
6
4
9
4
3
2
2
2
2
7
11
0
-2
-3
5
5
2
1
1
6
1
3
2
-1
2
0
1
3
2
1
-1
-4
0
-2
-3
-2
-1
-3
-3
-2
-4
-1
-5
-5
-1
-4
-1
-5
-7
-4
-6
-6
-3
-1
0
-3
-5
-5
-2
-4
-11
-12
-7
-13
-17
-13
-13
-8
-8
-12
-10
-10
-9
-10
-11
-9
-13
-9
-11
-7
-6
-11
-11
-11
-8
-4
-7
-8
-7
-8
-6
-7
-7
-10
-8
-6
-8
-7
-7
-6
-10
-7
-11
-9
-13
-12
-11
-14
-17
-17
-13
-14
-15
-23
-20
-25
-28
-19
-18
-16
-15
-17
-15
-13
-13
-14
-13
-12
-15
-13
-13
-15
-16
-19
-19
-16
-18
-17
-17
-19
-20
-15
-16
-19
-21
-21
-25
-23
-21
-21
-18
-16
-17
-19
-20
-22
-22
-24
-25
-25
-23
-22
-20
-24
-19
-19
-19
-16
-16
-12
-21
-22
-12
-14
-18
-20
-18
-18
-14
-15
-16
-13
-15
-13
-12
-12
-15
-12
-14
-14
-13
-12
-8
-13
-14
-11
-9
-13
-13
-11
-8
-7
-5
-6
-7
-4
-5
-3
-1
-4
0
0
1
-7
-9
-8
-7
-2
-4
-3
-2
-1
2
-3
3
8
4
4
-2
-4
-3
0
-1
1
-1
-1
-1
-2
1
-3
-2
0
0
-2
-3
0
-2
-5
-2
-3
-2
-1
-7
-3
-5
-3
-6
-2
-4
-5
1
4
6
1
1
0
4
6
4
5
9
8
2
2
6
10
12
7
8
11
5
0
2
0
3
1
1
3
6
4
-1
2
4
5
2
6
5
5
6
6
6
5
7
9
10
9
12
12
15
14
9
7
5
8
9
10
9
9
9
10
10
8
5
7
5
1
1
3
5
2
7
10
0
-2
5
4
3
2
1
6
5
1
4
2
7
5
3
3
3
1
-1
3
2
6
5
2
2
4
5
5
3
3
1
1
3
3
4
0
0
1
0
-1
-2
5
7
6
-1
-2
3
2
-2
-6
1
-2
-7
-4
-3
-1
0
0
-5
-2
-2
-3
-4
-2
-1
-3
-5
0
-1
-3
-5
-3
-1
2
3
0
-1
-2
-1
-2
-3
-3
-4
-5
-4
-1
-2
-4
-3
-5
-8
-6
-9
-9
-3
-6
-10
-9
-8
-12
-15
-10
-12
-15
-16
-6
-11
-10
-13
-16
-7
-6
-3
-6
-5
-8
-5
-6
-7
-5
-10
-8
-7
-9
-7
-6
-7
-8
-9
-9
-9
-11
-12
-11
-14
-14
-13
-11
-8
-7
-6
-8
-7
-9
-12
-14
-11
-9
-15
-11
-10
-13
-10
-5
-2
-8
-4
-7
-16
-11
-11
-13
-15
-13
-13
-16
-14
-14
-14
-12
-10
-12
-16
-13
-12
-12
-13
-14
-12
-11
-12
-12
-10
-12
-10
-12
-10
-12
-13
-10
-11
-9
-13
-8
-9
-7
-9
-10
-15
-14
-14
-14
-9
-13
-11
-12
-9
-7
-7
-6
-5
-8
-7
-6
-6
-9
-11
-10
-14
-10
-10
-10
-12
-11
-13
-11
-8
-7
-8
-12
-11
-14
-11
-17
-13
-17
-17
-18
-19
-16
-18
-19
-14
-17
-18
-15
-14
-15
-15
-12
-13
-10
-16
-11
-11
-9
-8
-8
-8
-7
-10
-8
-6
0
0
-9
-5
-4
-7
-9
-12
-14
-14
-16
-12
-8
-10
-10
-11
-10
-10
-7
-7
-8
-8
-8
-6
-5
-10
-6
-3
-4
-3
-4
-4
-1
0
-5
-4
-7
-4
-2
-2
-1
1
3
3
6
5
5
0
1
-2
-4
-2
-3
-3
6
3
-2
-4
-8
-2
0
2
0
-3
-1
0
0
-1
-1
-3
-1
0
-1
-1
-1
-6
-5
0
-2
-1
-4
-1
-2
1
-1
-2
-3
-6
-3
-6
-5
-3
-4
-3
-5
-2
-5
-2
2
-5
-2
-3
-2
1
-6
-6
-4
-5
-10
-9
-8
-6
-4
-8
-3
-5
-5
-6
-4
-7
-8
-9
-11
-8
-7
-6
-4
-5
-4
-4
-7
-5
-4
-4
-5
-4
-5
-5
-5
-3
-5
-7
-5
-2
-6
-3
-6
-11
-9
-7
-6
-10
-12
-13
-10
-11
-11
-15
-18
-16
-18
-15
-8
-17
-12
-12
-12
-8
-6
-6
-5
-4
-7
-7
-6
-5
-6
-6
-7
-6
-8
-7
-7
-6
-7
-6
-6
-10
-6
-11
-13
-11
-14
-13
-11
-7
-5
-4
-5
-5
-6
-10
-9
-12
-9
-8
-9
-10
-9
-3
-4
-3
-5
-3
-2
-14
-10
3
-3
-9
-11
-9
-6
-7
-6
-8
-7
-8
-5
-7
-9
-8
-6
-5
-3
-4
-5
-5
-5
-4
-4
-6
-7
-4
-4
-3
-5
-3
-2
-4
-5
-5
-3
-4
-3
-1
0
-6
-4
-3
-3
-8
-1
4
0
2
0
4
7
2
5
2
0
-1
-4
-4
-3
0
0
-2
-4
-3
-4
-1
-3
-1
-2
-3
-3
-2
-6
-7
-2
-4
-5
-5
-3
-5
-5
-4
-6
-3
-3
-4
-3
-5
0
-3
-2
0
0
3
5
5
3
2
4
2
3
6
8
6
4
5
4
4
-2
0
-1
-3
-4
-4
5
6
-3
-1
-1
-2
-1
-3
-5
-4
2
-1
-2
-2
-4
-1
3
1
2
4
3
4
0
-3
-2
-1
0
0
-2
0
2
1
0
-1
-1
-4
1
-2
-7
-7
-8
-8
1
6
-4
-5
-4
1
-2
-2
-1
-3
0
-2
-1
-5
-5
-6
-6
-1
-4
-3
-2
-4
0
-2
-3
-4
-2
-4
-2
-2
-5
-2
-4
-6
-3
-3
-6
-5
-5
-7
-8
-9
-5
-8
1
-1
-7
-10
-5
-3
-9
-9
-10
-10
-13
-11
-11
-9
-9
-8
-8
-6
-8
-9
-11
-9
-8
-9
-10
-11
-10
-10
-10
-12
-6
-11
-8
-8
-9
-8
-10
-5
-9
-6
-8
-6
-5
-5
-6
-3
-5
-6
-2
-7
-7
-5
-3
-6
-11
-7
-6
-5
-7
-6
-7
-10
-16
-9
-3
-7
-1
0
0
-3
4
6
3
5
7
7
6
4
2
3
1
6
2
3
4
1
2
3
5
1
-1
-2
-2
-1
-4
0
1
6
7
3
3
2
2
1
4
4
0
2
3
7
6
8
13
12
10
13
13
7
8
13
10
6
7
5
6
6
6
7
5
7
6
6
6
5
7
8
10
9
6
4
6
7
7
6
6
7
6
8
8
10
12
9
10
10
10
9
10
12
10
11
