4
6
-4
-4
-3
-4
2
-3
-1
-3
-5
1
-2
-3
-1
1
-5
-2
2
0
1
3
5
9
15
10
6
7
-4
-2
-2
-5
0
0
0
1
4
3
7
1
-6
-2
-5
-8
-12
-6
-2
-6
-7
-8
-10
-11
-8
-5
-3
-3
-7
-1
3
3
2
0
3
-7
-2
-3
-10
-4
-4
0
-1
-4
-1
3
1
2
7
9
4
4
8
8
4
0
-5
-3
1
-9
0
9
7
9
5
9
7
5
5
5
6
4
6
2
1
11
16
11
6
7
10
7
4
1
1
1
2
7
5
4
-1
-1
-3
-2
-3
-6
-6
-6
-7
-15
-9
-6
-5
-7
-9
-10
-11
-13
-14
-10
-13
-8
-14
-17
-10
-10
-9
-6
-10
-16
-9
-8
-7
-8
-5
4
2
2
-2
-1
2
0
4
5
-1
0
3
15
12
13
13
9
12
9
16
16
11
14
15
12
9
6
12
15
8
7
12
8
6
2
1
8
7
9
7
6
10
8
1
5
11
2
0
1
1
3
0
5
2
1
0
-1
-2
-9
-8
-11
-13
-19
-24
-21
-18
-23
-19
-13
-19
-25
-18
-14
-17
-11
-13
-24
-20
-18
-20
-19
-19
-13
-9
-8
-5
-2
7
12
4
3
9
8
9
13
11
9
3
11
11
7
14
14
13
14
15
16
13
8
9
13
12
11
11
10
15
12
12
16
12
11
14
11
12
15
13
15
14
11
13
8
10
14
6
3
0
-7
-7
-8
-14
-15
-7
-10
-14
-13
-16
-19
-17
-17
-17
-21
-28
-24
-27
-30
-25
-19
-23
-18
-14
-18
-18
-17
-12
-12
-8
-10
-9
-5
-2
-1
1
3
3
6
11
13
17
19
15
16
19
15
18
16
11
14
10
14
16
12
10
8
9
9
12
14
16
13
12
14
13
10
13
6
-1
-3
-6
-1
-2
3
4
-3
4
3
-3
-2
-2
-4
-5
-12
-16
-12
-12
-16
-18
-21
-16
-14
-14
-10
-5
-4
-6
-2
4
0
-3
-2
-7
-10
-8
-8
-5
-1
-3
-3
-3
-5
-5
-5
-1
7
3
0
-1
1
1
1
2
3
6
5
3
0
4
12
11
4
10
11
7
7
2
0
5
1
-4
7
6
8
10
4
4
9
15
17
12
1
7
3
-2
2
2
-5
-12
-6
-7
1
-2
-14
-8
-1
-5
-6
-2
-8
-9
-2
-9
-5
-2
-11
-4
-1
-2
-2
0
-1
-3
1
-6
-4
-2
-7
-7
-3
-2
-3
-10
-10
-7
-11
-7
-6
-2
1
5
8
11
10
10
7
3
11
9
7
10
7
4
11
14
14
12
10
11
10
5
1
1
0
0
0
-2
-3
3
5
-2
-8
-9
-3
-9
-10
-10
-4
-2
-8
-7
-10
-12
-12
-12
-13
-8
1
1
-2
0
-1
-3
-6
-8
-5
1
0
8
8
3
14
9
4
8
1
-7
2
1
-6
-3
-7
-5
-2
-10
-7
-2
-2
0
1
4
7
5
6
8
8
7
12
8
3
1
-1
4
3
3
7
4
5
7
6
12
6
1
10
4
2
0
-2
3
1
-1
0
0
-3
3
3
2
3
2
2
-7
-6
-1
-5
-3
-4
-8
-5
-9
-9
-3
-2
-4
0
2
-5
0
-6
-7
-2
-8
-7
-7
-9
-15
-17
-16
-16
-8
-6
-3
-1
1
4
-5
-5
-4
-8
-2
-2
-5
-5
1
5
10
12
10
15
12
10
13
12
18
14
6
6
4
5
7
-2
-7
-2
-6
-11
-12
-3
-4
-3
3
2
5
4
2
4
2
-1
1
2
1
2
6
6
14
12
12
20
14
16
14
10
16
11
1
1
-7
-9
-12
-10
-2
-1
-2
-3
2
3
-3
-4
-4
-8
-13
-11
-16
-17
-15
-16
-11
-11
-5
1
1
-3
-1
4
4
4
2
-1
-1
-3
-7
-6
-3
-2
-5
-5
-5
-10
-6
-1
-2
-9
-11
-8
-15
-8
-3
-9
-5
-6
-6
-3
-7
-4
-1
-2
-4
1
-2
5
13
9
15
16
11
14
15
14
12
14
22
22
15
13
15
13
12
11
12
12
8
0
1
0
-9
-9
-6
2
4
-3
-3
-3
-1
1
3
4
3
4
-1
-2
-6
-5
2
-2
0
1
3
1
2
8
7
4
4
2
-5
-2
-3
-10
-6
-5
-4
-1
-4
-5
-10
-22
-22
-19
-20
-14
-13
-14
-19
-22
-22
-17
-15
-13
-9
-13
-11
-10
-11
-6
-4
0
3
7
7
6
3
1
4
0
0
2
4
7
10
6
8
13
11
7
9
7
5
10
10
8
11
14
14
13
16
19
22
17
17
20
14
13
16
19
17
15
11
7
13
11
10
13
8
12
10
5
9
7
2
-7
-7
-5
-7
-6
-1
0
-7
-10
-8
-8
-10
-13
-17
-15
-23
-25
-22
-22
-21
-26
-19
-17
-28
-25
-22
-23
-25
-25
-26
-30
-29
-25
-24
-29
-27
-21
-23
-16
-7
-9
-5
3
7
11
12
12
13
11
8
10
14
15
15
22
22
22
23
29
38
33
38
39
37
41
36
37
31
28
20
17
12
8
8
5
13
14
15
15
18
16
19
24
11
10
13
6
4
4
2
4
-2
-6
-6
-9
-12
-14
-18
-18
-21
-23
-27
-31
-27
-33
-38
-40
-47
-46
-46
-42
-40
-39
-36
-33
-29
-27
-23
-23
-22
-24
-26
-23
-20
-14
-11
-11
-10
1
0
5
12
11
17
19
18
22
19
20
26
20
23
25
21
25
19
17
18
14
16
13
11
16
25
24
21
21
22
21
19
19
24
24
23
32
33
27
27
34
32
28
26
23
22
17
11
5
8
5
0
-3
-6
-7
-5
-10
-17
-18
-19
-25
-27
-24
-27
-33
-41
-42
-41
-45
-43
-38
-44
-37
-30
-31
-23
-28
-28
-21
-23
-22
-21
-25
-22
-16
-13
-13
-9
-8
-7
-10
-1
8
5
0
2
8
9
6
10
10
9
12
13
11
7
15
14
13
18
24
30
25
25
28
27
27
21
24
24
24
24
23
19
18
22
17
21
22
18
20
26
21
15
13
9
6
2
2
2
-4
-1
-4
-11
-11
-8
-7
-17
-10
-9
-14
-13
-14
-19
-18
-17
-16
-17
-20
-20
-16
-16
-19
-15
-16
-11
-9
-10
-9
-10
-15
-18
-9
-8
-11
-12
-14
-15
-12
-9
-9
-4
0
-2
1
0
-3
-2
-1
-1
-3
-4
-3
4
4
-1
3
4
7
5
7
8
3
3
4
7
12
15
8
13
14
14
19
14
11
11
9
14
6
5
12
9
14
13
7
7
9
2
3
11
8
4
5
6
-2
-4
-4
-1
-4
-7
-1
1
1
0
-5
-5
0
0
-3
-6
-7
-6
-5
-5
-5
-2
-1
-4
-7
-5
-3
-2
-1
1
2
0
1
-5
-9
-5
-8
-6
0
-1
3
-1
-12
-6
-9
-9
-2
-5
-5
-8
-6
-4
-6
-8
-17
-15
-12
-10
-7
-9
-7
-8
-1
3
5
5
5
4
0
2
0
-3
0
-1
0
-3
1
3
4
8
3
8
13
9
9
12
8
6
11
6
3
11
9
11
14
14
15
19
22
18
14
15
12
14
13
7
6
0
1
5
1
-1
2
2
3
4
0
4
6
3
4
0
0
-3
-11
-13
-20
-22
-19
-16
-14
-15
-13
-14
-18
-14
-17
-15
-18
-23
-24
-20
-18
-17
-15
-13
-12
-11
-9
-12
-12
-11
-2
0
-4
-4
-6
-3
-3
0
-5
-1
-3
-2
2
1
5
8
15
20
19
22
22
20
22
17
18
14
13
21
17
18
20
18
17
14
13
17
15
17
12
12
12
9
11
6
5
8
2
4
1
1
1
1
4
0
1
-4
-4
-11
-12
-5
-14
-15
-14
-18
-16
-17
-17
-12
-15
-9
-4
-6
-7
-11
-13
-18
-14
-11
-15
-18
-10
-4
-5
-7
-6
-9
-6
-2
-8
-8
-9
-13
-10
-12
-17
-10
-8
-6
-6
-6
0
-1
-2
5
6
3
11
16
13
14
12
8
7
8
9
12
14
17
16
10
14
18
13
11
10
8
9
9
9
8
7
12
11
7
9
5
5
2
3
5
4
6
10
3
0
3
-1
-1
-2
-1
3
-9
-9
-3
-11
-9
-9
-8
-2
1
3
-1
0
-2
-13
-8
-10
-8
-9
-13
-8
-10
-12
-12
-10
-10
-13
-16
-24
-11
-8
-9
1
-2
2
-3
3
7
0
-2
-5
-2
-2
2
9
14
7
5
11
13
11
6
4
5
1
5
7
6
6
0
-1
1
1
-6
-5
-5
-5
0
-1
-3
0
3
1
-3
-1
0
-7
-7
0
-6
-14
-6
0
3
5
4
4
5
5
7
12
10
7
1
0
3
0
3
0
-4
0
-2
-3
0
2
2
1
3
6
4
4
-1
-3
5
3
2
-1
2
5
0
7
8
6
7
13
13
14
14
7
3
-3
3
0
-5
-2
-3
-5
-1
-1
0
1
1
1
-5
-12
-9
-9
-10
-10
-10
-11
-15
-11
-14
-18
-22
-13
-15
-15
-8
-10
-7
-10
-9
-11
-13
-10
-12
-12
-10
-13
-8
-6
-1
3
9
12
10
11
8
11
11
10
14
14
15
15
13
11
13
12
9
12
13
15
11
11
13
9
10
8
7
5
2
3
1
3
5
5
11
12
10
14
14
13
15
14
14
7
6
1
-4
-4
-5
-5
-2
-1
-1
0
0
-4
-4
-5
-8
-16
-17
-14
-21
-24
-28
-29
-23
-24
-24
-22
-25
-25
-21
-22
-24
-26
-22
-21
-23
-25
-23
-11
-14
-16
-8
-4
-5
3
7
11
18
15
16
14
20
16
11
18
16
18
17
17
20
17
19
22
20
22
25
26
23
20
17
10
6
9
11
9
14
14
9
15
11
8
16
17
15
9
9
6
5
11
5
0
0
-2
0
-3
-5
-1
-5
0
-3
-6
-3
-1
-7
-16
-14
-23
-25
-25
-27
-32
-39
-34
-34
-33
-30
-28
-23
-23
-17
-21
-30
-29
-25
-25
-25
-22
-15
-13
-11
-9
-2
4
3
12
13
13
22
18
12
14
14
16
18
14
15
17
15
18
17
14
15
19
23
25
31
31
22
23
25
21
18
14
18
16
16
18
14
13
15
17
10
4
1
-4
0
8
6
5
6
4
2
1
-4
-8
-10
-6
-6
-19
-22
-19
-17
-20
-27
-28
-22
-25
-27
-24
-26
-26
-25
-25
-29
-24
-15
-17
-20
-14
-4
-5
0
2
1
9
11
12
9
5
10
8
7
3
-4
1
-1
-4
4
-2
-2
6
3
5
5
2
2
4
2
-2
1
-3
-2
-3
-6
2
3
3
4
7
16
14
15
17
17
20
17
20
12
12
12
11
14
15
17
11
14
17
19
14
14
13
11
12
3
-1
-6
-10
-9
-12
-14
-12
-15
-21
-16
-17
-14
-10
-14
-8
-7
-11
-6
-6
-13
-12
-10
-13
-11
-7
-9
0
-1
-5
-6
-5
0
2
-1
1
3
-1
0
-5
-3
0
-3
-3
-4
0
-1
-3
-3
-5
-8
-4
-5
-10
-4
0
0
-3
-5
-5
-6
-1
0
-5
0
2
-3
1
5
3
7
9
8
10
8
4
8
7
-2
3
8
5
10
13
14
14
6
9
13
19
18
9
12
9
0
1
1
6
7
5
6
9
14
15
14
16
11
15
16
1
-7
-8
-5
-3
-6
-10
-5
-5
-11
-12
-7
-9
-10
-14
-13
-11
-23
-21
-16
-24
-22
-17
-19
-20
-19
-17
-11
-11
-9
-4
-7
-4
-6
-4
-6
-10
-7
-7
-8
-5
0
-5
0
3
5
6
5
5
7
11
9
8
5
1
3
4
4
5
7
10
15
14
13
13
10
10
8
10
7
11
12
13
15
8
4
13
20
13
17
13
12
19
15
14
9
7
7
4
-3
-3
0
0
-2
-3
-3
-3
-3
-4
-6
-8
-11
-11
-20
-21
-16
-15
-15
-20
-20
-18
-15
-15
-12
-9
-11
-11
-11
-9
-6
-7
-9
-8
-3
-5
-9
-10
-5
-1
-4
-4
-4
1
0
3
3
5
4
-3
-3
-3
-4
-8
-7
-4
-3
1
6
10
13
17
17
11
12
17
11
16
20
19
20
19
19
13
18
22
17
14
9
9
6
3
5
1
-3
4
3
-2
-4
-2
-1
-3
-2
-1
-2
-10
-13
-9
-12
-15
-15
-15
-17
-15
-9
-8
-4
-6
-5
-1
-10
-11
-7
-6
-3
-5
-5
-9
-13
-8
-9
-9
-5
-5
-4
-2
4
2
-1
-1
0
2
-3
0
2
5
6
5
6
6
5
8
12
6
3
11
18
11
8
7
9
2
-7
-3
-2
-3
-2
5
6
5
10
13
9
7
3
2
1
-2
3
7
5
0
-2
-7
-6
-2
-1
3
3
10
10
1
-2
-5
-4
-8
-15
-16
-8
-6
-7
-4
-9
-10
-6
-5
-1
-6
-9
-10
-10
-9
-13
-12
0
1
1
2
2
0
5
11
10
9
9
5
4
4
0
-2
-2
-2
-3
1
3
7
12
10
5
4
8
0
6
5
-1
1
-3
-4
-5
-10
-6
-5
-7
-4
-3
-3
-1
2
5
6
7
10
12
13
9
7
5
5
0
-1
2
-3
-1
-4
-3
1
9
10
1
2
2
1
-6
-13
-13
-20
-19
-12
-16
-13
-6
-6
-1
0
1
6
8
6
0
-2
-2
1
3
2
-1
6
0
-3
-1
-3
-1
0
3
2
2
2
2
-5
-9
-7
-9
-6
1
2
3
-3
-4
1
3
-3
-1
-1
2
2
5
9
9
8
6
9
11
8
4
5
2
2
5
6
10
12
10
6
3
8
3
1
6
-2
1
3
-2
-8
-8
-9
-6
-7
-3
0
-3
-7
-9
-11
-17
-12
-6
-8
-4
4
3
4
5
-4
-9
-4
-10
-10
-4
-9
-14
-1
5
3
0
-1
7
9
11
10
13
9
3
0
4
4
2
6
4
-2
1
-2
-5
-1
-2
-3
-6
-7
-6
-7
-11
-7
-5
-6
-3
-2
-2
-4
-6
-5
3
0
2
3
1
4
7
11
15
14
6
3
3
0
6
11
12
16
13
11
4
5
2
-2
5
5
2
4
4
-2
-2
0
-4
-7
-5
-11
-9
-6
-6
-3
-4
-9
-6
-6
-12
-10
-11
-15
-4
0
7
5
-7
1
12
18
11
-7
-19
-23
-17
-15
-2
10
13
1
-15
-12
-4
1
-1
-5
-1
2
7
3
-4
-8
-13
-8
-2
9
8
8
6
5
5
3
7
15
29
23
13
0
-6
-3
-11
3
16
21
16
8
-5
-3
9
7
2
2
9
9
8
-2
-3
-6
-8
-4
-11
-14
-16
-13
-6
1
9
16
9
-6
-10
-10
-3
4
0
1
-2
-11
-6
-12
-11
-11
-12
-5
-8
-1
5
-1
-2
-4
-5
1
0
-4
-10
-10
-6
-14
-7
0
-6
4
9
2
-2
-10
-6
-2
-3
5
3
5
5
2
7
3
4
4
1
8
11
11
17
19
17
15
15
13
13
10
12
13
4
8
7
5
5
3
-2
1
4
-2
1
3
0
-4
-12
-14
-14
-12
-9
-12
-13
-10
-2
-3
-5
-1
-4
0
1
-5
-2
-4
-7
-7
-11
-6
1
-4
2
3
-3
2
8
7
4
4
-1
-5
-11
-14
-14
-13
-8
-2
-6
-2
0
-3
-1
-3
0
2
-3
-4
2
-1
-3
-4
-8
-8
-9
-9
2
3
0
2
6
10
14
17
12
8
6
5
10
12
15
17
13
13
14
13
14
19
16
16
17
11
8
8
8
6
-1
-1
6
1
0
-11
-14
-10
-17
-12
-11
-11
-6
2
-2
-7
-10
-13
-13
-21
-14
-7
-14
-12
-4
-7
-16
-7
-2
-6
-11
-9
-9
-9
-8
-12
-5
2
0
-2
0
-2
-2
1
-4
-8
0
3
6
6
1
7
6
1
9
12
7
8
11
10
9
11
14
12
11
12
7
7
7
4
4
1
0
5
3
-6
-3
-2
-6
-1
-1
-3
-8
-4
-1
0
-3
-2
0
0
5
4
4
-1
2
4
7
2
-4
0
4
2
-5
-3
0
-2
-4
-2
-2
1
-2
-2
1
2
3
0
-2
-1
2
4
4
-2
1
2
-2
-4
-3
-3
-4
-11
-11
-10
-13
-11
-12
-8
-9
-3
3
-4
4
4
3
0
0
0
-8
-4
-3
-2
1
1
0
-2
2
1
1
-4
0
7
5
3
2
12
9
0
-2
-4
-4
-4
-1
5
5
3
5
5
8
11
12
18
15
13
10
3
5
8
3
7
7
5
6
-2
-5
-1
-1
1
2
1
2
0
-3
-7
-13
-16
-18
-17
-11
-7
-6
0
-6
-6
-8
-10
-1
-2
-3
-7
-8
-4
-3
-6
-6
-8
-4
-4
-8
-5
-8
-2
1
3
3
-3
1
7
6
-1
0
-1
4
-5
-1
2
-4
6
9
9
11
6
7
1
2
10
13
18
12
12
9
6
14
10
7
6
7
9
8
11
16
12
7
11
9
7
2
-10
-10
-12
-11
-9
-9
-10
-11
-7
-5
-2
2
-3
-7
-8
-11
-14
-16
-18
-16
-13
-15
-16
-14
-4
-3
-3
0
-9
-7
-7
-9
-12
-10
-9
-9
-3
-2
0
5
4
2
-2
-3
5
0
1
5
1
3
3
5
4
8
8
1
5
7
8
10
12
14
11
17
15
11
9
7
9
10
9
10
5
8
11
8
15
10
3
3
7
14
13
7
3
-1
-7
2
6
-4
-5
-2
-1
-3
-7
-4
-4
-6
-8
-9
-7
-6
-6
-4
-9
-14
-10
-8
-11
-12
-10
-9
-12
-14
-9
-6
-2
-3
-10
-11
-17
-17
-14
-19
-12
-11
-9
-9
-5
-2
-3
-2
-6
-2
2
1
-2
5
5
1
5
4
4
2
8
8
4
10
12
19
11
16
19
20
24
19
21
13
6
9
8
6
8
7
7
4
0
5
2
0
2
-5
-4
-3
-4
-4
-4
-4
-8
-8
-11
-5
-3
-3
4
0
-4
-2
-6
-3
-4
-4
-4
-10
-3
2
1
-2
-4
0
0
2
6
5
0
-3
0
-4
-1
2
1
5
-1
-2
-6
-7
-5
-3
-1
-7
-11
-14
-11
-9
-10
-4
-7
-2
4
2
8
2
2
3
0
-2
-3
-3
-3
2
-1
-4
-1
2
4
3
6
7
9
8
10
8
2
3
0
-1
-1
0
0
-2
1
-3
-3
1
-2
0
1
0
6
2
-3
0
1
4
3
1
0
0
1
-2
-2
1
7
4
3
5
1
0
3
-1
-3
0
1
-1
0
-3
1
3
4
9
5
5
9
3
1
5
-1
-4
-2
-5
-4
-5
-2
0
-3
-3
-4
-3
3
0
-4
0
-2
-3
-3
-2
-2
-6
-7
-9
-7
-5
-4
0
0
-1
-1
-3
-8
-5
-3
-1
-2
-1
-1
-3
1
-3
-3
-7
-5
0
-4
7
9
0
2
4
4
3
5
1
1
4
1
5
8
5
8
14
13
13
13
16
10
9
12
10
5
-5
-2
-4
-11
-6
-7
-9
-7
-7
-7
-4
-1
2
-1
-1
-1
-4
-5
-4
-7
-4
-4
-1
-3
-6
-2
-4
-4
-3
-1
-3
-1
1
-2
3
3
4
2
1
-1
-4
-2
-4
-6
-7
-8
-7
-8
-8
-5
-5
-5
1
2
-5
-5
-3
-2
0
0
2
-4
-1
13
12
9
13
13
14
12
5
5
5
8
8
9
10
12
7
1
4
0
6
10
11
8
4
7
0
-4
-1
-1
-14
-12
-3
2
-1
-7
-5
-4
-7
-9
-5
-6
-12
-9
-11
-9
-2
-6
1
-1
-3
3
0
-6
-9
-3
-6
-1
8
3
0
0
-1
-2
-3
-7
3
3
3
4
0
2
2
6
5
10
7
0
-5
-6
-9
-8
-3
-4
-1
0
0
-2
-1
-4
-5
-10
-5
0
-4
-7
-6
-3
-1
1
3
5
6
4
4
6
0
5
9
5
8
11
8
4
5
13
6
2
11
9
6
11
10
8
0
-2
0
-4
4
8
3
6
6
3
2
-5
-6
-6
-10
-5
-4
-8
-8
-5
-7
-10
-8
-3
-5
-3
3
1
1
1
-8
-3
-6
-7
-3
-5
-4
-6
-3
0
2
-2
-2
2
-1
-1
-2
-1
7
0
-3
-3
-3
1
-3
-5
-3
-4
-5
-2
-4
-4
-3
-4
4
10
7
5
0
-2
0
-4
-6
-3
-3
-3
-1
-6
-9
-1
0
0
3
5
6
5
7
7
3
3
-2
-4
2
4
3
1
7
15
13
13
11
12
9
6
4
4
2
2
-2
-5
-2
1
3
4
9
8
5
4
3
5
3
1
7
7
2
4
3
-3
-8
-7
-5
-9
-10
-9
-8
-7
-11
-15
-9
-5
-8
-5
0
-7
-14
-11
-13
-17
-11
-10
-8
-6
-6
-2
-1
2
9
9
5
1
0
-6
-9
-15
-12
-4
-6
-4
-5
0
4
3
6
3
11
15
11
16
12
4
2
-2
-3
-4
-6
3
2
8
11
11
11
7
8
7
8
2
-2
1
8
8
8
10
13
13
6
7
9
10
5
3
0
-3
-3
-4
-1
-6
-6
-1
-3
-3
-2
-7
-3
-5
-5
2
0
0
-4
-8
-9
-8
-7
-9
-11
-4
-1
-5
-4
-8
-6
-4
-3
-1
-7
-5
-3
-5
-10
-11
-10
-7
-7
-9
-9
-8
-6
-9
-6
0
0
1
3
2
5
1
-3
-2
-1
2
3
9
11
2
7
6
6
8
10
5
10
14
5
9
5
5
10
9
8
6
7
14
12
7
13
11
7
3
4
4
0
2
7
2
-2
0
-2
-2
-3
-6
-3
2
-4
-3
2
-5
-7
-6
-8
-4
-5
-8
-12
-11
-8
-8
-5
-9
-11
-6
-14
-13
-12
-13
-12
-9
-4
-6
-9
-6
-2
-6
-3
-3
0
2
-3
-5
-2
2
5
3
3
9
6
4
7
8
7
8
10
6
5
8
13
9
6
9
8
7
7
10
14
12
8
6
8
9
0
2
1
1
-1
-3
3
-2
-3
-1
-2
-4
-3
-4
1
5
1
-2
-5
-4
-7
-6
-10
-11
-14
-13
-8
-11
-4
-7
-5
-9
-6
-4
-8
-8
-5
6
2
3
1
-1
-1
-1
0
-2
0
6
10
8
9
9
10
4
4
5
0
2
-3
-3
0
-5
-4
-2
4
1
4
10
11
3
-1
11
1
5
-3
-10
-5
-10
-6
-13
-8
-2
-8
-1
2
6
6
1
9
4
-6
0
0
-2
-1
-5
-4
0
1
3
5
5
4
6
6
7
6
-1
3
2
0
1
-3
-3
-7
-9
0
6
-4
3
2
0
1
-6
2
-5
-12
0
-3
-7
-3
-4
-2
-5
0
0
-5
2
3
10
13
6
8
0
3
1
-3
-5
-5
-1
-11
-13
0
2
4
5
-1
3
4
5
4
6
4
-4
-5
-4
-10
-1
4
2
4
4
5
3
1
1
10
3
-1
-4
-6
-6
-11
-6
-6
-2
4
3
-2
-5
0
0
0
0
3
2
-1
-1
-4
-6
-4
0
1
2
9
5
-3
0
2
4
1
2
7
4
5
5
0
2
2
8
9
3
2
-2
-1
1
2
7
6
7
5
-2
-8
-10
-6
-7
-4
-4
-1
2
3
-1
0
1
0
3
2
0
-1
-3
-8
-11
-11
-14
-9
-2
-5
-11
-7
-8
-9
-7
-4
-2
-5
-9
-8
-3
-4
-2
-6
1
5
-2
5
9
7
7
7
12
14
10
21
17
10
9
8
7
2
-1
2
5
6
-2
-1
3
5
6
3
9
5
-3
-1
1
-2
0
0
-5
-5
0
0
-2
1
6
6
0
-2
-5
-6
-6
-9
-5
-7
-6
-5
-2
-1
-14
-10
-2
-5
-2
-3
-2
-6
-7
-2
-5
-3
-4
-2
-1
0
2
0
-1
-3
0
-6
-6
-6
-10
-6
-4
0
0
-1
5
4
2
9
13
3
10
10
6
2
-2
6
3
2
1
4
8
2
4
5
8
7
4
6
5
2
-3
-4
-5
-6
-3
-2
-1
-4
-4
-4
-2
3
2
-4
1
4
1
-1
2
1
-2
2
8
10
10
3
5
7
3
2
5
6
3
5
2
-5
-4
-1
-3
-7
-8
-6
-8
-9
-3
-3
-5
0
1
-4
-5
-6
2
1
-28
-27
4
-9
-24
7
4
-13
-2
-8
-6
5
6
6
5
1
-3
-12
6
21
-13
-7
11
-8
-5
3
11
23
5
10
17
1
3
3
3
12
2
-1
7
-8
-4
7
8
3
3
10
8
-1
2
8
-4
3
5
-3
3
-7
-6
4
-4
-1
1
-3
-1
-3
2
6
-2
0
5
0
-2
0
-2
-8
-7
-5
-10
-13
-10
-6
-3
-2
1
3
4
6
3
5
3
1
3
0
0
3
4
0
-3
-4
2
1
-5
3
2
-1
-2
-4
-1
-4
-6
-2
-8
-11
-4
0
-8
-9
-5
-3
-1
-2
0
-3
-2
2
-3
1
-1
1
11
9
2
3
5
4
5
5
3
-1
3
5
7
9
6
12
14
12
10
6
8
7
2
3
6
8
4
0
1
1
-2
-7
-6
-14
-18
-9
-13
-10
-8
-8
-10
-17
-14
-6
0
1
2
0
3
-3
-7
-7
-5
-2
-4
1
9
0
3
8
5
3
1
0
-3
-9
-4
1
-5
-6
-6
5
8
4
9
7
7
5
3
7
8
4
0
6
1
-2
1
-1
4
6
5
2
1
3
2
2
6
2
-5
1
0
0
3
2
0
-3
1
2
3
2
-5
-3
1
-2
-3
-7
-8
-8
-8
-4
-3
-2
0
-3
-5
-2
-1
-8
-14
-8
-5
-8
-10
-4
-4
-4
1
-1
2
10
9
2
3
6
6
5
5
10
9
5
7
6
1
13
12
11
12
8
11
8
4
2
-3
0
-3
-8
-8
-10
-13
-10
-10
-6
-8
-6
-2
-1
-5
-4
1
-4
-3
-3
-9
-11
-7
-9
-9
0
8
7
5
6
9
14
10
11
16
5
-1
-1
-6
-9
-12
-5
-8
-9
-5
-4
0
5
6
4
11
8
4
-1
-5
-8
-12
-8
-7
-3
-4
-3
3
5
5
7
13
11
11
8
7
6
4
4
-2
8
8
5
2
0
8
2
-4
4
6
4
-3
-2
2
-2
-5
-6
-9
-8
-7
-7
-13
-6
-1
-3
4
5
2
-5
0
6
-2
1
3
4
6
-2
-3
0
2
4
3
3
3
2
0
-2
-3
-2
-1
1
0
-2
-10
-18
-13
-12
-15
-17
-12
-9
-8
-10
-5
-5
-7
2
1
-2
-5
-1
0
-4
2
3
3
6
8
14
16
19
29
29
27
21
15
9
6
2
0
1
-6
-8
-5
-2
0
-2
-2
2
0
1
-3
-4
-2
-10
-4
-3
-4
-4
-7
-6
-7
-1
3
8
6
8
11
8
8
6
4
2
0
-7
-2
-3
-7
-6
-8
-6
-6
-6
1
4
6
5
4
1
-2
-6
-7
-1
-2
-2
-3
-3
3
5
5
5
10
1
-5
-3
1
0
2
7
11
7
6
4
1
-2
-10
-9
-7
-8
-3
-3
-6
-10
-8
-5
-10
-7
-10
-18
-20
-14
-15
-18
-21
-14
-6
-10
-5
-8
-12
-12
-14
-14
-7
-1
0
-1
-1
0
3
5
9
11
4
9
10
7
13
15
13
13
14
19
19
21
23
20
25
24
22
29
24
28
31
25
20
18
18
20
13
8
6
-3
-8
-9
-5
-8
-10
-8
-8
-14
-16
-8
-6
-1
0
1
-2
-3
0
-1
0
-4
-5
-5
-9
-11
-11
-8
-3
-2
-5
-5
-2
-7
-5
-5
-7
-8
-10
-11
-16
-15
-16
-17
-21
-24
-22
-24
-29
-25
-20
-30
-34
-34
-41
-34
-38
-36
-20
-21
-13
-8
-5
-4
6
15
17
15
14
23
19
14
9
5
6
1
-1
-3
-1
-4
-5
1
-3
-1
7
10
19
20
23
29
37
47
52
51
57
67
62
58
52
54
55
51
50
48
52
45
38
38
31
21
11
12
11
3
-2
-6
-13
-19
-21
-19
-27
-30
-24
-29
-28
-25
-32
-32
-36
-41
-39
-46
-51
-47
-48
-53
-52
-48
-43
-46
-41
-31
-32
-33
-31
-19
-17
-17
-8
-3
-2
-4
-4
0
-1
0
7
7
1
5
3
4
3
4
14
10
-4
-11
-15
-29
-43
-52
-55
-61
-73
-77
-72
-60
-55
-52
-30
-10
0
12
19
31
47
53
60
69
75
92
94
98
119
137
147
147
146
142
127
94
74
62
34
5
-19
-27
-39
-44
-42
-31
-19
-15
-4
12
31
29
26
30
24
19
14
12
11
9
16
10
7
1
-6
-25
-56
-73
-118
-156
-227
-330
-377
-437
-463
-491
-598
-597
-561
-525
-460
-468
-429
-347
-299
-236
-216
-192
-139
-107
-71
-37
12
74
128
195
263
383
486
522
571
599
653
671
596
544
508
464
407
345
352
407
411
410
460
542
556
439
301
224
94
-183
-533
-766
-938
-1149
-1405
-1539
-1428
-1377
-1365
-1240
-938
-569
-352
-180
103
426
613
693
819
1004
1147
1230
1321
1516
1755
1937
2067
2183
2292
2301
2156
1892
1566
1178
735
240
-213
-576
-860
-1060
-1164
-1137
-1008
-814
-620
-396
-165
24
122
156
170
129
26
-110
-198
-243
-294
-331
-285
-190
-121
-116
-120
-123
-215
-438
-731
-1027
-1351
-1736
-2135
-2453
-2663
-2801
-2909
-2879
-2714
-2475
-2209
-1920
-1545
-1157
-842
-562
-254
40
287
495
744
998
1210
1433
1685
1916
2069
2193
2336
2412
2381
2279
2213
2117
1893
1674
1512
1407
1231
1035
951
966
959
882
873
970
1049
1047
986
988
998
891
637
352
130
-169
-580
-1048
-1377
-1659
-1996
-2340
-2554
-2604
-2687
-2757
-2756
-2627
-2490
-2401
-2229
-2003
-1756
-1501
-1212
-851
-507
-141
262
675
1049
1369
1692
1941
2101
2151
2152
2076
1887
1633
1332
1053
755
460
228
66
-21
-92
-87
-37
47
130
179
253
285
301
260
219
181
130
121
106
143
211
318
446
549
666
736
772
722
590
397
110
-228
-629
-1033
-1432
-1808
-2127
-2385
-2546
-2625
-2592
-2476
-2310
-2065
-1770
-1439
-1121
-826
-515
-228
23
246
465
686
881
1070
1266
1459
1632
1784
1911
1996
2047
2043
2002
1920
1787
1619
1452
1288
1086
909
770
669
558
491
480
506
512
517
555
526
449
316
177
-107
-455
-797
-1142
-1575
-2055
-2343
-2603
-2867
-3112
-3137
-3077
-3079
-3005
-2813
-2561
-2380
-2159
-1864
-1548
-1270
-922
-523
-138
260
740
1232
1630
2026
2434
2765
2898
2988
3046
2977
2730
2452
2209
1873
1497
1165
952
717
513
418
384
337
299
339
327
279
238
217
127
-12
-80
-125
-204
-272
-226
-120
-31
88
257
432
566
630
638
554
404
160
-192
-611
-1036
-1440
-1867
-2257
-2535
-2712
-2833
-2877
-2811
-2665
-2489
-2277
-2038
-1776
-1514
-1244
-985
-736
-445
-153
144
434
750
1094
1386
1681
1932
2195
2332
2444
2522
2523
2452
2278
2205
2012
1811
1554
1439
1314
1115
973
940
956
799
694
676
702
455
223
48
-68
-490
-991
-1292
-1577
-1993
-2583
-2792
-2936
-3099
-3421
-3420
-3206
-3083
-3044
-2892
-2485
-2200
-1974
-1767
-1370
-1003
-651
-340
62
521
1010
1433
1798
2242
2671
2978
3046
3202
3283
3226
2915
2685
2515
2150
1710
1349
1201
861
567
397
397
288
156
211
279
279
160
227
205
104
-53
-85
-149
-300
-357
-333
-279
-287
-153
2
118
166
266
298
184
-17
-221
-542
-997
-1430
-1814
-2203
-2632
-2892
-3026
-3101
-3122
-2961
-2680
-2427
-2155
-1796
-1399
-1102
-875
-559
-271
-29
139
435
741
985
1246
1512
1854
2020
2256
2354
2504
2521
2514
2442
2293
2225
2039
1911
1634
1588
1425
1274
1078
1027
987
769
640
573
535
227
30
-135
-292
-756
-1113
-1375
-1677
-2147
-2575
-2726
-2959
-3165
-3401
-3292
-3220
-3092
-2969
-2682
-2330
-2041
-1699
-1388
-966
-637
-239
80
461
833
1241
1581
1863
2209
2505
2707
2773
2873
2911
2786
2540
2344
2111
1758
1350
1085
854
580
340
263
255
184
174
245
334
297
291
291
244
83
-56
-132
-258
-388
-443
-357
-282
-175
5
241
430
545
623
605
467
221
-80
-501
-996
-1457
-1856
-2295
-2699
-2905
-2983
-3055
-3078
-2880
-2588
-2353
-2132
-1764
-1378
-1126
-893
-585
-248
-62
139
423
744
964
1156
1478
1771
1993
2119
2334
2490
2538
2511
2468
2423
2254
2087
1881
1699
1475
1286
1113
931
820
720
674
563
529
508
410
251
78
-86
-445
-851
-1233
-1567
-2037
-2542
-2821
-2994
-3194
-3418
-3341
-3121
-2986
-2868
-2574
-2175
-1950
-1755
-1466
-1132
-899
-668
-318
57
403
802
1260
1678
2046
2416
2725
2873
2957
2973
2882
2609
2331
2071
1723
1329
981
782
555
372
279
308
333
345
400
465
516
469
413
329
223
79
-73
-201
-275
-288
-265
-189
-50
139
335
497
618
713
706
583
342
50
-323
-787
-1278
-1739
-2139
-2510
-2787
-2959
-2993
-2953
-2844
-2632
-2353
-2049
-1767
-1453
-1146
-848
-598
-352
-89
163
411
649
927
1184
1433
1661
1865
2046
2167
2235
2242
2228
2144
2021
1864
1701
1526
1315
1145
955
805
637
537
427
343
288
225
205
112
67
-70
-196
-436
-689
-994
-1341
-1704
-2122
-2406
-2696
-2871
-3066
-3086
-3003
-2863
-2710
-2491
-2175
-1915
-1655
-1443
-1115
-842
-560
-283
83
472
859
1271
1673
2094
2419
2735
2919
3058
3046
2988
2817
2556
2249
1916
1629
1295
1035
778
698
617
567
564
665
794
772
780
799
818
625
404
263
93
-147
-423
-511
-550
-579
-553
-418
-183
-3
188
325
409
400
263
1
-387
-807
-1289
-1818
-2336
-2758
-3042
-3267
-3392
-3337
-3159
-2925
-2666
-2299
-1915
-1585
-1293
-1001
-718
-519
-330
-110
147
356
599
876
1187
1470
1710
1984
2149
2313
2338
2353
2268
2117
2009
1795
1628
1356
1240
1088
905
764
626
658
528
493
456
557
600
500
518
453
473
172
-98
-354
-676
-1060
-1619
-1904
-2225
-2493
-2813
-2973
-2910
-2936
-2890
-2844
-2611
-2369
-2229
-2010
-1752
-1381
-1078
-780
-348
116
652
1071
1546
2086
2534
2881
3054
3277
3364
3258
3041
2804
2609
2225
1850
1606
1449
1271
1034
1037
1107
1095
1029
1019
1118
989
796
607
479
253
-116
-347
-545
-667
-887
-991
-940
-885
-786
-730
-537
-394
-298
-297
-381
-440
-662
-954
-1354
-1720
-2038
-2440
-2794
-3058
-3141
-3216
-3290
-3210
-3010
-2776
-2628
-2418
-2083
-1782
-1546
-1309
-958
-582
-291
31
423
843
1212
1529
1885
2214
2485
2679
2823
2960
3003
3037
2980
2885
2785
2644
2477
2204
1967
1774
1542
1238
971
865
742
557
441
473
571
482
422
472
524
399
100
-67
-274
-608
-1136
-1580
-1895
-2284
-2724
-3129
-3267
-3334
-3428
-3480
-3338
-3059
-2820
-2628
-2346
-1941
-1553
-1249
-944
-513
-54
349
667
1082
1536
1891
2103
2292
2539
2639
2556
2443
2442
2321
2034
1810
1773
1674
1384
1206
1279
1274
1001
815
900
884
518
193
185
136
-260
-638
-664
-641
-877
-1114
-1006
-775
-709
-687
-472
-157
24
96
150
209
213
75
-209
-515
-718
-953
-1359
-1762
-1884
-1909
-2164
-2420
-2325
-2095
-2150
-2257
-2036
-1666
-1571
-1577
-1264
-814
-564
-429
-51
445
780
1005
1345
1751
2029
2245
2426
2632
2750
2848
2890
2830
2741
2655
2533
2223
1912
1641
1424
1060
702
526
385
263
42
89
151
82
12
-56
9
-311
-676
-963
-1298
-1788
-2505
-2855
-3160
-3526
-3925
-4093
-3890
-3812
-3712
-3498
-2997
-2507
-2240
-1898
-1483
-983
-667
-411
-58
339
758
1054
1373
1760
2186
2512
2658
2870
3097
3204
3053
2893
2888
2724
2342
1990
1912
1757
1400
1157
1261
1368
1199
1102
1330
1545
1376
1131
1120
1118
738
201
-90
-241
-583
-1026
-1205
-1085
-1010
-1048
-951
-637
-327
-265
-289
-274
-242
-429
-856
-1243
-1477
-1747
-2231
-2652
-2769
-2776
-2945
-3116
-2984
-2683
-2592
-2586
-2369
-2001
-1788
-1756
-1535
-1157
-852
-688
-412
73
502
846
1195
1700
2161
2453
2711
2960
3202
3223
3167
3099
2984
2793
2487
2261
1987
1734
1474
1226
1028
817
739
601
483
390
358
342
143
15
-73
-182
-499
-856
-1047
-1303
-1673
-2141
-2372
-2520
-2774
-3032
-3144
-3009
-2979
-2947
-2831
-2577
-2281
-2118
-1875
-1625
-1289
-971
-720
-394
-45
435
804
1129
1555
2018
2431
2585
2816
3082
3208
3101
2946
2959
2786
2516
2243
2153
1985
1753
1676
1609
1540
1332
1349
1249
1002
743
554
373
-133
-487
-762
-950
-1312
-1585
-1561
-1591
-1557
-1558
-1326
-1131
-978
-792
-700
-566
-556
-525
-617
-818
-929
-1114
-1352
-1679
-1883
-2009
-2287
-2500
-2613
-2564
-2638
-2710
-2546
-2374
-2199
-2104
-1777
-1411
-1130
-821
-448
92
497
937
1441
1962
2438
2774
3141
3417
3570
3666
3637
3587
3423
3262
3120
2826
2656
2394
2244
1947
1614
1442
1069
866
414
205
-89
-418
-549
-878
-898
-1177
-1209
-1335
-1604
-1703
-1986
-2053
-2477
-2741
-2873
-3074
-3198
-3467
-3309
-3182
-3065
-2873
-2624
-2152
-1906
-1590
-1264
-912
-522
-294
48
331
695
1056
1333
1728
2082
2457
2714
2923
3169
3276
3277
3216
3113
2947
2661
2425
2211
1934
1727
1506
1413
1211
1071
1037
905
798
542
462
210
-119
-420
-700
-893
-1315
-1524
-1654
-1690
-1755
-1730
-1465
-1316
-1137
-980
-690
-520
-496
-419
-475
-594
-864
-1055
-1293
-1632
-1891
-2191
-2397
-2651
-2735
-2723
-2755
-2651
-2526
-2279
-2113
-1851
-1471
-1159
-811
-494
-3
407
787
1257
1732
2204
2491
2894
3230
3489
3655
3731
3872
3781
3707
3553
3377
3160
2803
2555
2170
1789
1363
966
619
148
-165
-489
-750
-1003
-1206
-1245
-1407
-1460
-1487
-1456
-1546
-1717
-1723
-1834
-1992
-2299
-2424
-2496
-2698
-2869
-2982
-2830
-2803
-2769
-2637
-2381
-2062
-1903
-1614
-1340
-988
-683
-409
-43
249
687
1056
1443
1825
2218
2688
2912
3153
3385
3577
3561
3397
3406
3267
2954
2577
2415
2287
1890
1586
1490
1500
1262
992
974
927
703
300
67
-132
-542
-1009
-1407
-1617
-1894
-2163
-2280
-2242
-2091
-1987
-1791
-1521
-1228
-1005
-899
-793
-748
-782
-946
-1189
-1395
-1617
-1877
-2191
-2400
-2475
-2576
-2690
-2723
-2563
-2393
-2326
-2174
-1839
-1460
-1216
-934
-462
65
496
885
1432
2039
2521
2897
3317
3765
4044
4189
4271
4350
4311
4093
3862
3576
3265
2879
2450
2058
1617
1219
803
391
11
-383
-685
-992
-1245
-1450
-1598
-1597
-1657
-1615
-1564
-1441
-1307
-1386
-1350
-1426
-1446
-1676
-2000
-2121
-2354
-2488
-2806
-2898
-2832
-2816
-2739
-2702
-2396
-2157
-1935
-1725
-1455
-1039
-785
-480
-152
296
754
1104
1548
1998
2498
2840
3125
3452
3653
3742
3630
3566
3437
3158
2815
2493
2268
1990
1723
1504
1386
1265
1146
1000
857
705
474
216
-155
-481
-828
-1191
-1574
-1889
-2019
-2177
-2252
-2255
-2099
-1874
-1732
-1498
-1263
-1028
-928
-908
-862
-941
-1076
-1344
-1583
-1819
-2114
-2327
-2588
-2724
-2782
-2769
-2692
-2590
-2293
-1983
-1638
-1254
-797
-277
166
647
1164
1682
2138
2556
3031
3430
3747
4007
4228
4405
4407
4356
4240
4050
3791
3403
3072
2647
2209
1738
1259
842
316
-103
-575
-974
-1395
-1817
-2062
-2338
-2469
-2612
-2543
-2356
-2209
-1958
-1710
-1314
-1086
-981
-863
-834
-851
-1139
-1389
-1584
-1820
-2068
-2377
-2397
-2390
-2381
-2350
-2247
-1957
-1835
-1679
-1523
-1275
-990
-842
-516
-147
320
758
1204
1816
2340
2821
3179
3545
3868
3935
3903
3807
3718
3465
3048
2713
2467
2226
1852
1554
1457
1420
1280
1061
975
955
781
391
12
-270
-626
-1192
-1775
-2156
-2420
-2747
-3093
-3176
-3004
-2816
-2713
-2489
-2032
-1617
-1413
-1288
-1067
-865
-933
-1167
-1285
-1335
-1495
-1784
-1932
-1855
-1770
-1757
-1691
-1384
-1010
-752
-545
-203
222
548
758
1037
1415
1742
1974
2203
2561
2876
3093
3252
3458
3645
3688
3610
3521
3409
3175
2787
2395
2012
1610
1093
603
199
-195
-599
-1023
-1228
-1486
-1657
-1902
-1893
-1868
-1887
-1839
-1750
-1403
-1359
-1180
-1080
-761
-674
-778
-755
-798
-815
-1224
-1446
-1625
-1818
-2178
-2525
-2579
-2621
-2731
-2856
-2735
-2457
-2270
-2140
-1835
-1386
-911
-582
-128
456
1078
1601
2030
2623
3115
3510
3648
3827
3976
3917
3686
3366
3227
2954
2605
2231
2089
2028
1860
1681
1617
1694
1587
1354
1091
912
588
62
-521
-977
-1391
-1919
-2424
-2749
-2865
-2969
-3048
-2983
-2701
-2400
-2177
-1959
-1643
-1348
-1210
-1172
-1101
-1012
-1064
-1187
-1264
-1229
-1245
-1300
-1273
-1127
-961
-869
-714
-497
-244
-74
71
280
515
716
867
1072
1346
1621
1824
2054
2337
2623
2792
2880
2977
3049
2989
2763
2543
2322
2042
1589
1153
835
515
105
-331
-568
-737
-1001
-1310
-1490
-1501
-1641
-1857
-1964
-1880
-1801
-1894
-1788
-1512
-1128
-941
-683
-217
212
450
445
628
673
482
-4
-394
-706
-1216
-1826
-2361
-2541
-2754
-2980
-3103
-2893
-2560
-2329
-2073
-1634
-1064
-626
-282
130
668
1108
1435
1734
2169
2539
2804
3002
3252
3520
3613
3659
3659
3730
3625
3462
3275
3102
2878
2514
2211
1850
1514
1032
603
197
-249
-681
-1150
-1505
-1905
-2255
-2593
-2835
-3033
-3221
-3297
-3321
-3253
-3150
-2957
-2677
-2363
-2036
-1666
-1284
-926
-629
-368
-159
-10
63
66
60
-12
-86
-184
-263
-315
-359
-354
-321
-242
-163
-56
100
257
417
599
804
1023
1223
1416
1630
1820
1972
2095
2187
2266
2232
2168
2078
1937
1764
1487
1308
1070
866
610
406
283
54
-96
-346
-428
-620
-784
-948
-1071
-1085
-1193
-1145
-1125
-917
-743
-543
-329
-83
190
293
289
216
129
-128
-585
-1095
-1489
-1934
-2469
-3023
-3267
-3350
-3455
-3530
-3361
-2883
-2515
-2182
-1796
-1140
-574
-218
151
644
1179
1476
1719
2077
2538
2819
2996
3209
3533
3744
3764
3734
3753
3762
3526
3198
2853
2613
2238
1716
1208
851
560
89
-379
-702
-853
-1154
-1563
-1866
-1971
-2120
-2449
-2704
-2715
-2635
-2706
-2737
-2526
-2135
-1856
-1646
-1280
-737
-333
-139
78
418
651
572
456
456
426
126
-223
-346
-411
-644
-940
-980
-856
-875
-986
-892
-609
-457
-455
-320
3
255
322
470
785
1073
1217
1373
1662
1935
2071
2163
2296
2402
2372
2268
2163
1993
1758
1467
1210
930
650
387
140
-79
-290
-403
-518
-630
-710
-711
-684
-729
-722
-641
-544
-557
-589
-486
-420
-531
-778
-886
-954
-1257
-1717
-2037
-2153
-2436
-2905
-3183
-3111
-3006
-3095
-3082
-2703
-2195
-1879
-1641
-1141
-460
35
305
662
1226
1715
1954
2148
2543
2962
3144
3171
3292
3490
3498
3290
3087
2973
2754
2350
1953
1654
1355
969
609
364
116
-154
-397
-577
-778
-1006
-1169
-1287
-1433
-1616
-1712
-1712
-1711
-1740
-1675
-1474
-1268
-1103
-889
-586
-290
-85
89
279
436
493
453
419
366
232
15
-195
-342
-527
-785
-1026
-1120
-1180
-1327
-1458
-1419
-1263
-1194
-1169
-1010
-715
-468
-296
-89
251
606
875
1101
1381
1726
1995
2170
2289
2478
2621
2627
2514
2437
2362
2170
1862
1529
1289
1013
674
282
28
-178
-426
-721
-912
-999
-1172
-1355
-1494
-1511
-1608
-1679
-1664
-1577
-1540
-1515
-1380
-1241
-1185
-1242
-1211
-1195
-1288
-1537
-1696
-1746
-1863
-2078
-2202
-2071
-1936
-1846
-1726
-1360
-939
-614
-342
47
527
875
1122
1375
1731
2021
2194
2322
2541
2749
2844
2851
2864
2908
2840
2658
2410
2209
1953
1624
1253
941
677
393
126
-69
-169
-277
-367
-431
-431
-453
-515
-599
-637
-684
-808
-909
-983
-994
-1041
-1068
-1036
-927
-841
-756
-635
-504
-409
-382
-351
-372
-430
-556
-682
-817
-959
-1100
-1214
-1272
-1321
-1326
-1289
-1202
-1119
-1017
-900
-746
-590
-460
-278
-87
126
346
581
859
1140
1414
1703
2004
2277
2503
2674
2816
2877
2824
2699
2502
2238
1873
1458
1048
648
226
-161
-460
-684
-889
-1073
-1210
-1286
-1355
-1498
-1617
-1710
-1787
-1918
-2037
-2057
-1998
-1913
-1827
-1642
-1383
-1077
-849
-669
-481
-326
-267
-344
-443
-533
-632
-790
-937
-987
-950
-894
-802
-631
-360
-76
169
414
661
900
1062
1162
1232
1305
1339
1349
1353
1387
1451
1482
1533
1599
1681
1736
1751
1734
1688
1596
1450
1273
1044
802
553
335
142
-17
-135
-191
-196
-174
-109
-33
42
56
43
-4
-90
-241
-432
-618
-813
-1004
-1194
-1314
-1367
-1377
-1367
-1313
-1207
-1078
-983
-908
-832
-778
-771
-832
-876
-904
-943
-1002
-1023
-1002
-939
-847
-753
-587
-415
-238
-47
166
397
611
814
998
1199
1371
1514
1655
1748
1793
1828
1817
1772
1708
1559
1400
1223
1049
864
626
407
205
28
-170
-359
-521
-667
-801
-962
-1081
-1153
-1214
-1289
-1355
-1370
-1326
-1265
-1229
-1136
-1008
-842
-680
-531
-331
-146
7
114
219
322
358
332
272
231
166
51
-71
-140
-174
-246
-321
-345
-304
-257
-261
-230
-155
-90
-64
-55
18
99
142
162
241
351
417
472
557
675
712
704
730
784
782
711
699
716
699
628
592
635
642
595
558
594
600
534
462
413
355
202
26
-128
-266
-438
-630
-759
-865
-952
-1037
-1066
-1033
-1002
-952
-892
-798
-702
-627
-551
-477
-401
-353
-314
-266
-211
-173
-150
-117
-62
-4
26
69
131
196
241
273
323
377
424
451
474
516
556
577
597
618
640
660
658
638
615
594
544
460
364
278
178
50
-87
-207
-308
-432
-559
-664
-709
-752
-810
-831
-824
-800
-788
-774
-735
-672
-630
-612
-560
-458
-331
-252
-170
-1
195
320
390
497
642
718
663
592
584
539
374
157
24
-42
-165
-340
-443
-435
-429
-473
-490
-431
-342
-304
-287
-226
-129
-54
0
107
248
358
485
661
848
984
1084
1238
1393
1446
1432
1439
1479
1413
1222
1078
1022
936
721
496
410
360
196
-27
-171
-240
-384
-638
-866
-1019
-1166
-1404
-1642
-1770
-1830
-1866
-1896
-1851
-1706
-1505
-1301
-1093
-845
-579
-330
-134
28
172
282
342
347
334
318
285
249
207
176
174
186
191
202
240
284
325
341
373
417
446
465
483
520
550
565
580
590
600
589
569
546
487
420
366
282
179
65
-25
-102
-228
-346
-401
-416
-470
-558
-551
-483
-470
-523
-542
-465
-427
-497
-528
-450
-352
-318
-295
-127
116
250
315
435
619
698
581
469
433
320
46
-290
-464
-577
-804
-1043
-1140
-1070
-1042
-1081
-1001
-786
-576
-483
-385
-169
57
185
276
443
666
819
913
1085
1304
1457
1531
1612
1750
1783
1697
1614
1565
1469
1215
955
809
643
370
84
-65
-157
-354
-568
-668
-689
-780
-948
-1058
-1085
-1149
-1306
-1409
-1423
-1425
-1465
-1468
-1352
-1175
-992
-814
-559
-246
16
245
445
630
744
754
706
623
516
347
165
17
-102
-188
-248
-235
-173
-92
-16
58
163
228
240
215
195
169
100
39
16
57
97
113
198
361
517
602
684
789
850
798
655
534
403
200
-59
-288
-415
-533
-660
-748
-724
-642
-616
-595
-535
-434
-417
-454
-458
-443
-437
-479
-457
-367
-260
-165
-35
179
360
478
563
633
646
543
399
236
41
-210
-463
-621
-735
-858
-932
-879
-759
-662
-544
-334
-84
90
202
356
550
679
741
833
982
1099
1155
1246
1412
1561
1644
1695
1757
1777
1695
1580
1422
1193
872
502
157
-171
-499
-816
-1074
-1270
-1398
-1499
-1540
-1514
-1485
-1451
-1403
-1345
-1279
-1243
-1200
-1122
-1041
-954
-842
-680
-469
-252
-32
188
411
613
778
897
954
989
959
850
714
565
431
266
71
-79
-185
-277
-382
-446
-437
-420
-424
-413
-335
-222
-135
-72
12
124
214
267
312
371
441
462
451
457
473
479
431
379
357
319
256
169
97
48
-23
-117
-192
-226
-264
-330
-384
-408
-408
-424
-456
-455
-435
-432
-444
-428
-376
-334
-286
-222
-132
-24
61
135
205
267
293
282
248
204
146
64
-22
-88
-125
-154
-168
-148
-93
-23
41
114
194
267
321
346
368
392
396
382
376
380
393
409
426
466
511
532
539
547
535
495
415
314
187
30
-139
-306
-459
-593
-701
-786
-828
-832
-829
-796
-735
-655
-566
-480
-394
-320
-255
-205
-167
-130
-83
-13
68
152
248
344
429
498
551
591
603
587
537
447
333
200
68
-63
-173
-253
-314
-346
-366
-368
-354
-338
-318
-289
-251
-206
-161
-126
-82
-40
-1
40
74
123
175
226
256
275
302
309
312
280
250
231
184
135
65
24
-11
-79
-121
-144
-135
-165
-193
-177
-167
-158
-180
-153
-113
-105
-100
-86
-24
-16
-16
6
41
89
68
80
115
139
129
92
106
99
74
28
-6
7
-25
-60
-88
-76
-65
-92
-95
-87
-40
-44
-59
-54
-36
-11
-38
-25
-23
0
26
29
65
81
131
155
165
160
173
207
156
111
61
56
12
-93
-132
-157
-161
-244
-273
-234
-208
-188
-198
-101
-22
23
56
115
217
232
243
264
317
314
260
269
260
262
206
168
171
131
91
24
-4
-41
-113
-163
-207
-229
-286
-324
-314
-297
-291
-292
-249
-191
-147
-124
-97
-44
-10
5
1
25
59
60
58
63
97
107
96
93
99
109
78
48
37
18
-17
-70
-103
-127
-154
-182
-192
-180
-167
-157
-141
-106
-75
-46
-15
15
44
61
87
115
132
147
164
204
221
233
252
259
256
213
180
146
99
37
-45
-97
-133
-169
-208
-223
-204
-181
-167
-148
-107
-69
-49
-32
-20
-5
-3
-14
-8
11
31
45
65
101
150
189
206
232
255
262
244
210
170
111
51
-21
-90
-143
-198
-227
-242
-243
-235
-223
-190
-137
-89
-57
-24
16
58
91
99
105
123
134
133
121
117
118
106
84
76
59
23
-14
-53
-78
-113
-167
-209
-229
-246
-264
-274
-270
-248
-221
-195
-158
-113
-64
-18
20
63
100
133
159
183
205
217
219
219
220
209
201
183
170
160
136
107
75
52
16
-23
-56
-90
-126
-169
-188
-201
-212
-208
-192
-169
-139
-98
-62
-17
31
74
115
157
202
233
261
275
272
263
244
213
168
115
53
-15
-76
-136
-191
-231
-266
-282
-307
-325
-330
-333
-314
-300
-285
-260
-241
-206
-172
-130
-93
-50
8
64
125
176
234
285
323
357
382
398
392
377
347
313
273
224
175
118
71
24
-15
-42
-73
-85
-97
-97
-93
-86
-69
-65
-50
-45
-40
-30
-31
-29
-36
-32
-30
-35
-30
-37
-29
-31
-33
-28
-47
-49
-68
-83
-102
-120
-124
-143
-138
-142
-135
-121
-107
-84
-73
-43
-26
-12
11
23
36
35
44
41
34
41
37
46
46
52
56
54
60
62
65
65
67
59
49
35
19
-2
-21
-42
-65
-76
-78
-72
-64
-47
-21
5
38
76
111
139
162
176
180
172
163
151
124
95
64
29
-1
-31
-58
-81
-105
-121
-136
-144
-157
-180
-191
-204
-214
-221
-218
-201
-197
-180
-155
-123
-81
-39
8
50
101
142
179
211
233
253
262
267
265
253
238
224
206
185
161
141
120
95
72
46
9
-11
-35
-63
-75
-99
-108
-119
-126
-124
-128
-112
-111
-101
-88
-80
-64
-58
-46
-39
-39
-41
-42
-40
-47
-53
-55
-59
-66
-61
-55
-52
-41
-39
-36
-38
-39
-37
-52
-59
-62
-66
-67
-68
-60
-50
-38
-21
-2
16
36
50
63
70
81
90
91
93
87
80
89
89
80
72
73
72
63
57
52
49
47
45
41
34
24
17
17
12
11
19
27
37
42
42
48
50
45
43
30
19
4
-16
-30
-49
-67
-88
-109
-132
-150
-165
-184
-201
-207
-215
-214
-213
-212
-203
-195
-180
-158
-132
-103
-67
-29
17
67
107
152
193
233
266
286
302
315
319
310
290
278
263
235
205
170
137
101
65
37
9
-19
-42
-68
-95
-104
-115
-126
-127
-130
-120
-106
-99
-85
-65
-44
-29
-16
-5
4
10
13
12
6
3
-9
-17
-28
-43
-54
-68
-84
-97
-106
-118
-133
-146
-154
-159
-163
-170
-166
-163
-160
-147
-128
-109
-92
-65
-40
-18
9
33
58
86
108
122
128
132
137
135
137
128
115
103
95
86
72
70
66
60
54
54
52
45
51
49
47
54
63
63
61
62
55
41
28
11
-6
-23
-44
-68
-81
-92
-113
-125
-133
-146
-158
-157
-156
-162
-154
-139
-128
-117
-96
-81
-62
-43
-13
12
31
66
89
110
139
162
170
186
202
203
206
211
210
204
201
198
181
167
153
124
101
81
52
21
-3
-29
-56
-76
-87
-103
-116
-125
-126
-124
-116
-112
-113
-108
-104
-105
-105
-103
-101
-108
-112
-112
-115
-113
-121
-123
-121
-119
-111
-111
-102
-95
-86
-75
-71
-58
-53
-48
-42
-37
-28
-19
-12
1
16
33
43
56
68
79
97
106
117
121
123
124
124
128
127
124
126
125
120
117
120
116
110
109
106
105
101
97
96
88
77
68
56
48
38
25
17
7
-9
-25
-35
-50
-63
-77
-87
-99
-114
-126
-141
-150
-157
-162
-172
-178
-178
-179
-180
-168
-162
-154
-138
-123
-109
-90
-71
-57
-38
-16
0
18
33
51
64
72
89
107
120
135
150
157
166
173
177
170
165
160
148
135
123
106
92
75
61
52
37
23
15
9
0
-14
-18
-18
-29
-43
-51
-59
-68
-74
-81
-85
-84
-85
-86
-85
-85
-81
-79
-80
-78
-77
-68
-72
-71
-66
-73
-73
-70
-69
-66
-65
-66
-60
-52
-50
-38
-33
-28
-12
-5
2
12
19
26
42
54
63
77
82
90
93
97
103
108
115
114
112
109
107
105
102
94
87
84
79
73
65
59
57
51
39
25
24
16
-6
-17
-34
-43
-55
-75
-83
-94
-102
-115
-117
-118
-127
-129
-132
-131
-129
-133
-132
-129
-127
-118
-104
-90
-78
-63
-53
-45
-20
-1
13
31
41
58
68
73
84
97
108
116
128
130
131
135
131
132
130
124
120
114
104
91
84
74
58
40
28
15
2
-11
-19
-27
-38
-43
-51
-50
-52
-54
-51
-62
-61
-63
-67
-65
-66
-64
-63
-60
-60
-56
-54
-56
-59
-58
-57
-56
-60
-59
-56
-55
-53
-54
-45
-47
-39
-38
-32
-19
-22
-16
-10
-4
-6
9
11
23
25
31
42
42
58
58
67
72
80
86
87
87
85
85
77
72
68
68
63
63
61
57
50
40
33
16
10
3
-5
-12
-15
-20
-27
-28
-31
-33
-42
-38
-41
-45
-46
-47
-46
-46
-46
-56
-49
-55
-58
-46
-54
-48
-47
-43
-33
-32
-36
-25
-9
-11
-3
-8
-3
7
10
20
25
29
24
35
41
41
43
49
48
48
54
54
61
51
48
47
38
34
39
33
18
14
0
-1
-5
-14
-11
-7
-11
-14
-11
-23
-19
-22
-23
-14
-26
-33
-32
-38
-43
-46
-44
-42
-37
-40
-38
-36
-43
-44
-42
-44
-39
-39
-36
-26
-26
-18
-10
0
3
9
16
23
29
26
27
33
36
38
45
48
48
55
55
57
58
58
60
54
48
43
43
36
29
21
12
14
6
-3
-2
-9
-16
-23
-26
-20
-24
-22
-21
-23
-23
-25
-25
-28
-34
-35
-38
-39
-40
-37
-29
-26
-15
-15
-18
-13
-11
-11
-11
-11
-11
-10
-10
-9
-8
-12
-10
-5
-5
5
9
11
14
12
21
24
26
28
29
34
33
32
32
34
33
35
35
30
33
32
29
28
25
21
16
11
4
3
3
-2
-7
-12
-17
-15
-12
-14
-17
-15
-21
-23
-20
-21
-20
-21
-19
-25
-24
-19
-26
-26
-25
-27
-27
-22
-22
-23
-16
-18
-21
-16
-13
-13
-15
-19
-21
-17
-14
-12
-3
-2
3
7
7
19
20
24
32
32
38
35
29
29
28
27
26
27
26
28
31
24
24
27
21
20
16
8
7
3
0
0
3
1
-4
-6
-1
1
1
-2
-10
-7
-6
-8
-4
-2
-5
-11
-19
-18
-15
-12
-12
-17
-12
-17
-18
-11
-14
-16
-13
-17
-14
-19
-18
-15
-15
-17
-22
-17
-14
-7
-1
-2
4
11
13
19
16
15
20
24
27
20
20
19
23
22
15
18
19
16
12
10
5
5
2
2
-1
-3
-5
-11
-12
-15
-13
-13
-16
-14
-17
-16
-12
-13
-10
-9
-8
-10
-9
-9
-5
-2
-4
-6
-5
-5
-5
1
0
-4
-4
-7
-5
-4
-9
-3
2
2
6
11
12
12
7
15
13
3
7
6
4
5
9
12
13
11
8
7
6
8
6
8
14
12
9
5
-1
-2
-9
-10
-12
-17
-14
-10
-11
-6
0
8
17
19
18
14
11
12
4
0
0
-6
-1
-2
-5
0
-5
-12
-5
0
-3
-5
-10
-11
-14
-18
-21
-23
-19
-21
-24
-19
-15
-10
-5
0
5
4
8
8
9
12
13
20
22
18
18
16
19
16
16
12
8
12
13
7
9
10
5
3
-1
-6
-5
-4
-12
-15
-17
-17
-12
-13
-15
-16
-16
-18
-19
-10
-7
-9
-6
-4
-5
-12
-10
-7
-4
-5
-3
3
7
14
15
15
19
17
13
10
15
9
-2
2
3
2
-3
-6
-2
-6
-7
-5
-4
1
6
14
12
5
8
11
7
6
3
3
-2
-5
0
0
-2
1
5
5
6
7
7
7
1
-8
0
1
-4
6
5
5
3
1
3
3
5
1
1
3
-2
-2
-4
-8
-10
-12
-12
-19
-21
-17
-21
-23
-21
-19
-20
-21
-16
-18
-18
-13
-14
-11
-9
-3
4
4
7
10
8
13
20
21
27
26
23
27
24
21
25
22
22
16
11
15
9
9
8
7
9
12
16
16
12
12
5
-1
-7
-17
-15
-11
-17
-13
-7
-10
-4
-3
-4
3
1
-5
-2
0
-5
-8
-12
-13
-8
-11
-14
-12
-14
-13
-13
-12
-11
-13
-15
-14
-10
-13
-17
-19
-15
-15
-18
-12
-15
-14
-10
-11
-4
3
1
0
-3
6
7
4
9
12
13
16
18
24
25
23
26
25
24
27
22
21
24
20
26
23
23
25
17
20
12
12
11
9
5
-1
-2
-5
-9
-8
-8
-13
-10
-17
-21
-24
-23
-18
-20
-25
-24
-22
-20
-19
-20
-23
-23
-23
-21
-16
-11
-7
-8
-9
-5
-4
0
2
4
7
8
6
5
4
4
11
13
17
15
16
23
18
21
22
20
26
27
23
19
11
8
7
4
8
6
4
4
-1
5
5
1
-2
-9
-11
-7
-12
-10
-3
-10
-13
-10
-14
-16
-20
-21
-18
-21
-21
-21
-18
-15
-13
-13
-9
-6
-6
-1
-1
-5
-5
-6
-8
-9
-7
-5
1
-1
-4
4
1
-1
6
1
5
12
16
18
18
14
14
15
15
14
16
17
12
16
21
19
23
20
12
8
13
20
16
14
15
14
17
10
5
4
-4
-7
-10
-11
-9
-15
-22
-24
-26
-25
-20
-25
-25
-23
-24
-19
-21
-22
-18
-13
-10
-14
-9
-5
-4
1
6
13
8
12
14
12
14
12
17
17
15
13
15
13
8
5
3
4
7
4
3
6
1
-1
-4
-2
3
3
6
1
-4
-11
-10
-10
-15
-11
-8
-3
-4
2
7
5
4
5
5
4
-3
-7
-7
-10
-13
-13
-11
-12
-5
-5
-2
3
5
4
1
-3
-3
-2
-9
-11
-10
-9
-8
-8
-2
-4
-3
-1
1
5
9
12
14
12
10
9
11
13
11
11
10
9
15
17
14
8
6
10
14
13
15
16
6
6
1
-6
-11
-14
-10
-13
-15
-15
-16
-12
-13
-13
-9
-11
-6
-3
-4
-4
-4
-7
-10
-8
-8
-1
0
2
5
3
3
5
7
3
7
6
-2
-2
-2
-5
-3
5
4
6
4
3
5
1
2
0
1
0
2
0
-1
3
4
2
2
2
5
8
11
8
7
5
7
10
9
8
9
2
1
4
2
0
-3
0
-8
-11
-6
-15
-17
-17
-15
-13
-19
-19
-19
-15
-15
-10
-7
-7
-11
-12
-11
-7
-8
-9
-3
-4
-8
-7
-4
2
1
5
14
18
19
20
17
18
17
11
15
15
13
12
8
9
9
12
12
9
9
14
11
8
0
-5
0
4
1
-5
1
-7
-10
-1
0
-2
3
1
-5
0
-4
-4
-2
0
6
-5
-8
-2
-5
0
-2
1
6
-2
-3
0
-2
-6
-6
-1
-1
-11
-11
-7
-15
-14
-10
-10
-10
-12
-7
-5
-10
-4
0
3
6
4
8
6
9
12
6
2
4
3
3
9
2
1
-2
-2
1
1
2
6
9
8
9
9
7
12
8
5
6
-4
-7
-5
-3
-4
-3
-3
-2
-1
-2
0
-4
-7
-11
-13
-12
-9
-11
-5
-6
-10
-2
0
1
5
8
6
-1
0
-2
1
2
0
2
1
0
-7
-1
2
1
2
3
5
6
3
-2
-6
-7
-4
-4
-5
-3
-4
0
0
-3
1
1
1
7
11
7
8
15
11
3
5
8
7
3
-2
1
3
7
14
11
9
7
11
16
13
11
11
4
2
0
-3
-3
-7
-6
-11
-13
-12
-10
-9
-8
-8
-8
-4
-4
-5
-10
-14
-14
-11
-9
-5
-3
-7
-2
2
-2
3
7
4
7
9
8
5
4
1
-2
-3
-4
-5
0
2
1
-3
-7
-8
-6
-1
-6
-6
-5
-14
-13
-7
-7
-6
-4
-7
-8
-6
-2
-2
-5
-2
-1
1
3
9
10
10
9
4
5
9
8
3
5
3
5
4
7
10
7
17
17
10
13
11
1
0
0
-5
-4
-3
-2
0
1
4
4
3
7
11
9
8
2
1
1
5
9
6
2
0
4
5
8
8
2
0
-2
-2
1
-2
-3
-2
-7
-7
-8
-9
-11
-13
-12
-15
-15
-13
-9
-11
-9
-5
-11
-14
-14
-16
-17
-13
-7
-11
-8
-4
-6
-4
-4
-4
-2
-5
-2
-4
2
7
6
11
11
10
11
17
16
13
15
13
10
7
5
0
6
4
0
3
1
4
6
5
4
5
3
3
7
12
10
8
7
2
2
0
-4
-5
-3
-4
3
2
-1
-5
-3
1
0
3
-3
-5
-3
-8
-5
-5
-4
-3
-10
-8
-10
-6
1
3
6
0
-2
-6
-8
-9
-9
-9
-11
-17
-16
-9
-8
-8
-6
-4
0
3
9
6
2
2
-1
-8
-3
5
9
8
8
9
6
14
15
15
19
17
14
18
20
11
12
14
8
3
8
6
4
5
-1
3
3
1
0
-2
-2
-6
-10
-11
-15
-19
-13
-15
-16
-6
-4
-11
-8
-11
-12
-10
-10
-9
-12
-11
-12
-10
-7
-2
-5
-10
-4
-3
-1
6
8
12
9
5
6
-2
-1
3
-1
2
4
2
6
5
6
9
5
10
9
5
4
3
5
7
7
8
7
5
6
4
2
0
0
4
8
-2
4
11
6
5
2
2
4
1
1
-4
-11
-10
-8
-9
-11
-11
-12
-9
-5
0
2
-2
-7
-10
-8
-8
-8
-12
-15
-17
-11
-8
-4
-7
-4
4
1
4
0
0
5
2
5
7
6
10
7
1
5
7
8
3
12
16
12
18
17
18
15
7
12
12
6
9
8
4
6
7
6
0
5
3
-5
-3
-7
-3
-4
-5
-5
-7
-8
-12
-14
-10
-15
-20
-18
-22
-16
-11
-10
-10
-14
-11
-11
-16
-19
-15
-12
-9
-7
-7
-2
0
0
0
-4
1
8
11
14
15
13
13
15
8
8
12
13
12
12
14
13
12
8
14
13
11
12
5
10
10
3
4
5
9
4
4
7
1
7
7
0
0
2
0
-5
-5
-4
-10
-13
-8
-9
-10
-11
-12
-18
-15
-15
-20
-17
-18
-15
-10
-13
-15
-16
-16
-11
-11
-12
-6
-5
-7
-4
-3
-1
6
6
4
5
3
2
0
6
11
9
17
18
16
19
14
11
15
18
14
13
15
22
25
17
15
13
11
8
6
7
6
-1
-1
1
3
-1
-5
-6
-13
-11
-7
-12
-10
-4
-5
-2
-7
-9
-9
-13
-9
-11
-12
-11
-13
-5
-12
-11
-3
-6
-4
-5
2
2
1
7
0
2
7
4
0
0
-5
-3
4
4
4
1
-1
-1
-4
-2
-2
-2
-3
-5
-4
-4
-7
-6
-5
-7
-6
-6
-5
-4
2
3
-3
2
2
0
6
7
5
2
4
2
-1
0
-1
0
3
7
7
3
5
7
6
4
3
1
5
9
7
11
7
8
10
7
11
8
5
10
11
8
9
9
8
5
8
10
9
4
5
4
-2
2
-2
-1
3
-1
2
3
1
-4
-8
-8
-10
-11
-7
-13
-18
-13
-15
-15
-13
-17
-18
-22
-23
-21
-23
-20
-18
-23
-19
-13
-13
-11
-7
-3
-2
-2
-2
2
0
6
6
0
9
8
9
9
7
11
6
4
8
8
6
7
9
16
16
16
20
23
24
21
22
19
12
15
14
8
14
10
7
12
7
8
10
9
10
8
8
3
2
-4
-11
-12
-13
-8
-12
-14
-9
-5
-8
-12
-10
-13
-15
-18
-16
-15
-16
-14
-12
-13
-13
-13
-16
-17
-14
-17
-17
-10
-6
-7
-8
-4
-1
-3
1
3
0
2
3
0
3
4
5
2
2
8
12
11
8
10
11
9
6
6
7
6
8
17
15
13
14
13
12
8
12
13
8
13
6
0
4
0
2
1
-1
3
3
-3
-5
-6
0
3
-2
0
1
-4
-10
-11
-9
-10
-10
-9
-4
-8
-9
-3
2
-1
-6
-2
-2
1
0
-8
-4
-3
-6
-9
-7
-5
-4
-5
-3
0
-2
0
5
3
5
8
2
-1
-2
-8
-8
-4
-6
-10
-6
-3
-2
2
5
8
9
5
-1
-2
-4
-9
0
6
5
4
4
5
4
4
7
6
2
7
5
0
2
7
4
2
4
-2
-3
-1
-4
0
-3
-1
1
0
-3
-5
-2
-1
-2
-1
5
3
-2
2
4
4
6
7
2
-1
3
6
4
0
1
0
-1
1
4
6
5
4
6
7
8
8
6
2
0
-4
-6
-3
-6
-7
-4
-6
-6
0
-3
-7
0
-1
-6
-7
-5
-11
-9
-4
-8
-9
-8
-6
-9
-4
-7
-8
-5
-2
-1
-3
-1
0
-4
-8
-6
-3
-7
-7
-4
-3
-1
-4
-3
1
-1
-3
6
12
8
12
13
11
6
7
11
11
5
6
5
6
9
7
14
12
12
18
13
8
6
2
0
1
2
5
4
1
4
2
0
6
8
5
-5
-4
-5
-7
-9
-14
-10
-12
-14
-11
-13
-4
-6
-10
-2
-1
-4
-9
-7
-6
-7
-3
-3
-2
-3
-8
-12
-9
-7
-6
-6
-2
2
-1
1
-6
-2
4
2
2
1
1
0
-3
-5
-6
-1
-2
0
-3
-1
4
5
8
6
8
15
16
19
15
9
14
9
2
8
12
9
16
16
13
14
13
1
2
3
-2
2
-2
-7
-9
-7
-12
-12
-10
-15
-11
-8
-8
-10
-10
-7
-1
-1
-6
-4
-8
-8
-1
-3
-2
1
-3
-2
-2
-1
-1
0
8
2
-1
4
-3
-5
-2
-2
3
-4
-4
-1
-3
-5
-5
-2
-7
0
-1
-8
5
6
-4
-2
2
0
-2
2
0
-6
-1
-4
-2
5
11
15
15
17
17
16
12
5
3
2
0
0
3
7
9
7
5
6
-3
-5
1
-6
-5
-1
-5
-2
0
2
-1
2
4
5
0
1
2
-7
-7
-3
0
3
5
4
1
1
0
-4
-1
4
2
0
-6
-1
-2
-6
-9
-5
-6
-5
-1
-15
-13
-6
-12
-14
-16
-16
-10
-9
-9
-8
-7
-11
-15
-10
-13
-10
-5
-4
-2
-2
0
3
7
10
8
8
10
11
10
13
14
9
16
20
15
16
15
18
23
21
18
18
18
16
12
4
5
1
-1
3
0
-4
0
2
-2
-3
-6
-7
-7
-11
-11
-9
-15
-12
-7
-8
-14
-10
-10
-11
-8
-9
-6
-4
3
3
2
-3
-4
-2
-4
-10
-9
-6
-9
-15
-8
-6
-6
-2
-4
-6
0
5
4
0
-3
-2
2
3
-3
-3
8
8
7
9
9
11
13
15
15
15
16
11
11
13
8
7
5
5
2
-2
-2
0
3
1
1
3
2
-2
-8
-9
-11
-14
-13
-16
-12
-10
-13
-9
-9
-10
-8
-7
-7
-7
-7
-7
-3
-6
-8
0
1
-5
-5
-1
-4
1
4
5
11
13
13
9
10
9
7
4
4
6
0
0
-1
-2
7
9
5
5
5
7
7
2
1
-3
0
1
2
2
1
2
3
3
2
3
3
4
7
4
5
8
7
6
10
10
7
3
-7
-9
-7
-6
-7
-7
-11
-10
-3
-5
-4
-3
-5
-5
-11
-13
-13
-13
-18
-16
-14
-15
-11
-12
-14
-8
-10
-8
2
2
0
0
3
1
-1
1
0
0
3
3
8
13
16
17
17
20
20
18
15
15
7
7
10
8
7
4
3
3
0
1
-5
-6
0
-2
-3
-1
-5
-9
-7
-7
-9
-7
-7
-9
-7
-2
-6
-8
-2
-7
-4
-3
-10
-9
-4
0
-3
-4
-5
-6
-1
2
2
-3
-3
-1
-4
-1
3
6
6
8
6
4
2
1
1
5
1
1
5
7
9
8
11
7
11
10
9
8
6
9
6
8
7
9
8
6
6
8
7
1
-2
0
8
1
4
5
-4
-2
-6
-8
-7
-11
-10
-11
-13
-11
-10
-15
-12
-11
-14
-14
-11
-16
-20
-11
-12
-16
-15
-13
-9
-12
-14
-12
-8
-8
-6
1
-4
-5
0
0
5
9
9
14
13
12
15
11
7
8
4
6
8
11
16
12
16
17
8
5
6
8
5
3
11
12
9
14
12
9
6
1
-1
5
4
7
14
16
16
11
15
10
5
0
-6
2
-5
-4
3
-7
-5
-7
-14
-12
-18
-19
-18
-17
-14
-14
-12
-11
-8
-13
-15
-13
-14
-14
-17
-16
-14
-12
-11
-9
0
-4
-3
-3
-8
-4
-4
-6
-3
-1
4
7
9
7
5
8
9
16
15
13
14
6
7
8
5
3
-3
-5
-4
1
3
-4
2
9
4
6
11
10
10
10
6
9
8
3
12
11
11
13
8
9
9
8
3
4
8
10
4
7
11
3
2
0
-1
-1
-7
-6
-5
-6
-13
-9
-6
-7
-7
-8
-11
-13
-14
-21
-20
-18
-14
-16
-16
-10
-11
-13
-10
-11
-16
-14
-13
-8
-3
-8
-2
-3
-7
-3
-6
-5
1
4
3
3
3
9
11
11
14
12
13
15
13
8
6
8
7
1
1
7
9
13
16
14
14
15
14
13
9
12
8
8
10
4
4
6
5
4
4
6
8
5
3
3
2
5
3
-1
-5
-11
-8
-8
-8
-6
-7
-7
-5
-6
-14
-14
-13
-19
-7
-8
-17
-21
-16
-15
-16
-12
-12
-12
-17
-17
-12
-10
-8
-8
-8
-6
-3
2
2
4
7
0
-2
0
1
6
7
9
9
11
12
10
9
12
15
11
7
7
8
7
2
10
11
7
9
8
15
10
10
10
7
12
13
9
3
0
-3
-9
-1
8
5
1
0
2
-3
-4
-1
-2
-1
-6
-5
-6
-13
-9
-12
-16
-10
-7
-1
0
-4
0
2
-6
-7
-5
-4
-2
-5
-6
-8
-10
-5
-7
-6
-3
-5
-6
-3
-3
-2
0
2
4
10
5
1
1
-3
-2
-2
0
0
6
11
5
10
8
9
8
2
6
1
-1
-2
-1
4
4
3
4
0
-2
2
0
3
4
7
3
4
8
4
4
0
0
-4
-1
-1
-2
1
-3
-3
-2
-1
0
-2
0
0
-8
-4
-2
-4
3
4
5
5
8
7
4
2
-2
-1
-3
-2
-2
-2
-7
-7
-1
-2
-4
-9
-11
-6
-2
-3
-4
2
-1
-2
2
2
1
1
6
2
3
0
1
4
2
5
9
6
2
2
0
1
0
-4
-3
-6
-6
-4
-6
-3
-2
-1
-1
0
3
1
-3
0
-3
-10
-10
-6
-9
-9
-11
-14
-5
-2
5
8
8
13
13
13
9
6
3
6
7
5
7
5
7
5
5
10
8
9
5
6
5
0
0
-3
1
0
-3
2
3
0
-1
1
-1
-1
1
3
1
-3
-2
-2
-5
-11
-8
-4
-7
-6
-4
-3
0
3
3
0
-1
-3
-9
-7
-4
-6
-5
-8
-8
-11
-10
-6
-8
-4
0
-3
-9
-8
0
0
-6
1
-4
1
4
-2
-2
-1
-3
-4
-2
-5
-2
2
9
14
8
18
17
14
20
15
7
6
8
6
5
5
3
3
7
6
1
0
1
1
4
7
6
2
2
2
3
-2
-7
-5
-6
0
0
-1
-4
-10
-7
-2
-2
-6
-6
-9
-11
-7
-5
-9
-7
-7
-9
-8
-5
-9
-5
-1
-3
-2
1
0
-2
2
3
-3
3
7
1
4
3
-1
-1
-7
-2
5
3
4
5
8
5
-1
-5
-8
-11
-9
0
1
1
4
5
5
1
3
5
2
7
10
10
9
9
7
8
7
-2
8
13
8
8
7
6
7
4
0
-1
2
0
-3
-4
-8
-6
-6
-8
-3
-5
-4
-5
-10
-10
-10
-8
-3
3
0
2
-1
-5
-3
-9
-3
-3
-7
-6
-5
-4
-5
-5
-8
-6
-2
-3
-2
-4
-2
-7
-6
0
-5
-3
1
-1
-1
0
-2
-3
-3
-1
-5
-3
9
11
9
8
10
10
6
10
11
6
11
9
6
8
7
13
10
8
15
11
9
6
5
0
3
9
7
7
6
2
0
3
-9
-10
-4
-4
-1
1
5
5
0
-2
-1
-5
-7
-12
-19
-19
-17
-13
-17
-13
-12
-14
-14
-17
-16
-19
-15
-12
-13
-8
-4
-4
-5
-10
-9
-4
-3
2
2
7
4
2
10
6
9
12
7
7
6
6
5
8
10
9
15
16
20
17
14
18
19
21
23
20
21
13
11
13
7
7
5
-3
-3
-3
-6
-1
3
0
0
1
2
-1
-3
-3
-10
-10
-7
-9
-8
-8
-7
-11
-19
-16
-10
-12
-16
-15
-7
-16
-23
-19
-22
-16
-11
-15
-17
-11
-8
-9
-8
-1
-1
-5
1
2
0
6
9
5
8
6
3
6
7
12
14
11
14
16
17
20
15
4
8
4
3
3
-5
0
-2
-7
2
3
1
3
3
9
6
10
4
0
11
6
4
7
2
-3
-3
0
0
1
-2
-3
4
2
1
3
4
10
5
9
7
-1
-2
-4
-7
-7
-8
-2
1
0
-2
-7
-4
-7
-2
-5
-3
-1
