-11
-12
-11
-12
-12
-15
-14
-11
-14
-16
-16
-15
-16
-13
-11
-11
-12
-12
-10
-10
-12
-13
-11
-13
-12
-7
-8
-7
-10
-12
-10
-15
-15
-13
-12
-13
-13
-12
-13
-13
-14
-13
-11
-13
-12
-10
-12
-14
-12
-11
-13
-14
-12
-11
-10
-9
-10
-8
-8
-5
-6
-5
-3
-8
-6
-8
-7
-8
-5
-5
-7
-6
-6
-7
-4
-7
-6
-6
-6
-5
-8
-10
-10
-10
-11
-11
-13
-10
-11
-12
-13
-11
-11
-10
-11
-10
-8
-9
-7
-9
-8
-9
-9
-9
-7
-10
-14
-10
-11
-10
-8
-10
-9
-8
-9
-7
-6
-7
0
-4
-2
-3
-4
-3
-4
-4
-2
-5
-4
-8
-1
-2
-8
-2
-7
-3
-6
-6
-9
-8
-5
-7
-4
-5
-8
-8
-3
-8
-3
-2
-7
-5
-3
-5
-4
-2
-2
-1
-1
2
-3
-2
-2
0
1
1
-1
-3
0
-2
-3
0
0
-5
-2
-2
-4
-2
-1
-3
-2
-2
-3
1
-2
-7
-8
-5
-5
-5
-3
-2
-4
-6
-3
-4
-1
-3
-2
0
1
-2
-4
-3
-4
-3
1
-1
-1
-1
-1
1
0
-3
-2
-4
-4
-2
-5
-4
-4
-4
-4
-6
-7
-7
-6
-8
-8
-7
-7
-8
-8
-11
-14
-12
-12
-13
-14
-12
-13
-18
-11
-12
-14
-14
-13
-13
-13
-16
-15
-18
-19
-16
-17
-17
-16
-16
-14
-16
-20
-21
-21
-21
-20
-22
-21
-20
-18
-18
-20
-19
-20
-22
-22
-21
-23
-23
-26
-24
-27
-27
-24
-25
-25
-24
-24
-27
-28
-26
-32
-30
-25
-25
-23
-21
-20
-21
-21
-20
-21
-24
-23
-23
-22
-25
-28
-25
-26
-23
-24
-25
-26
-26
-28
-28
-29
-27
-28
-31
-30
-29
-26
-28
-28
-26
-32
-29
-30
-30
-33
-33
-30
-28
-26
-28
-27
-28
-27
-29
-30
-31
-29
-29
-25
-28
-26
-24
-28
-26
-29
-32
-34
-31
-30
-29
-26
-28
-28
-29
-32
-27
-26
-25
-26
-27
-26
-27
-26
-28
-25
-26
-26
-20
-24
-25
-26
-25
-26
-24
-21
-23
-23
-22
-24
-20
-22
-25
-23
-21
-24
-24
-23
-22
-21
-20
-20
-20
-20
-20
-22
-22
-21
-26
-25
-23
-23
-21
-23
-24
-21
-23
-24
-23
-25
-22
-25
-21
-23
-23
-23
-23
-23
-24
-23
-23
-23
-25
-23
-26
-23
-22
-23
-21
-21
-22
-17
-17
-18
-15
-18
-17
-18
-19
-21
-21
-19
-21
-16
-17
-12
-18
-20
-16
-22
-19
-21
-21
-17
-19
-21
-15
-15
-22
-21
-18
-18
-18
-19
-20
-19
-19
-17
-18
-16
-13
-15
-11
-11
-12
-11
-14
-12
-12
-14
-12
-11
-10
-10
-10
-9
-11
-12
-14
-12
-16
-13
-11
-10
-13
-12
-13
-14
-9
-17
-21
-13
-13
-15
-12
-12
-9
-12
-10
-10
-13
-12
-14
-13
-11
-10
-12
-13
-10
-10
-10
-13
-14
-11
-12
-13
-11
-15
-15
-14
-18
-16
-15
-14
-14
-16
-19
-18
-19
-19
-17
-17
-16
-18
-15
-19
-19
-19
-17
-17
-18
-17
-19
-19
-20
-18
-20
-19
-18
-21
-21
-22
-18
-21
-23
-22
-22
-24
-26
-24
-24
-24
-24
-23
-25
-26
-25
-25
-27
-22
-23
-26
-23
-25
-25
-26
-23
-24
-29
-25
-29
-29
-28
-31
-30
-32
-28
-25
-25
-24
-23
-28
-30
-35
-39
-47
-45
-46
-50
-44
-50
-46
-47
-46
-50
-48
-48
-51
-52
-53
-53
-50
-49
-49
-46
-47
-45
-43
-42
-44
-44
-40
-42
-44
-44
-40
-42
-40
-37
-40
-37
-37
-38
-40
-40
-43
-42
-39
-39
-36
-39
-36
-39
-40
-40
-40
-42
-40
-42
-41
-38
-41
-44
-45
-43
-45
-44
-45
-45
-43
-43
-42
-40
-43
-45
-44
-41
-40
-43
-41
-43
-43
-43
-40
-42
-43
-41
-43
-44
-43
-41
-41
-41
-38
-41
-42
-37
-39
-36
-38
-36
-38
-42
-42
-42
-40
-39
-39
-39
-35
-36
-37
-36
-38
-37
-36
-40
-37
-37
-39
-38
-36
-36
-36
-34
-35
-33
-34
-32
-33
-33
-33
-35
-36
-33
-35
-34
-35
-33
-33
-35
-34
-36
-36
-33
-36
-36
-32
-32
-31
-29
-29
-26
-25
-29
-27
-24
-23
-27
-27
-26
-25
-25
-26
-26
-17
-23
-25
-23
-26
-27
-28
-26
-31
-28
-30
-25
-27
-28
-25
-28
-24
-25
-24
-22
-23
-24
-24
-24
-23
-24
-20
-21
-18
-18
-20
-16
-15
-15
-18
-20
-16
-16
-17
-17
-18
-19
-20
-21
-20
-21
-19
-20
-19
-19
-18
-16
-21
-16
-21
-25
-23
-19
-19
-19
-18
-17
-17
-15
-15
-17
-18
-17
-18
-19
-17
-22
-16
-17
-18
-19
-18
-18
-17
-17
-14
-12
-19
-18
-16
-16
-15
-18
-18
-18
-17
-18
-19
-22
-22
-19
-20
-18
-20
-19
-19
-20
-19
-22
-23
-23
-22
-25
-25
-23
-23
-25
-23
-23
-26
-24
-21
-23
-24
-23
-23
-25
-26
-25
-23
-22
-22
-22
-23
-21
-24
-22
-22
-22
-21
-23
-22
-24
-22
-23
-23
-22
-22
-24
-23
-26
-23
-26
-26
-28
-27
-28
-29
-29
-28
-27
-30
-26
-26
-30
-36
-29
-29
-28
-23
-22
-25
-24
-22
-24
-22
-26
-27
-24
-23
-26
-27
-27
-27
-23
-24
-24
-23
-25
-26
-28
-28
-26
-30
-31
-30
-29
-29
-28
-25
-27
-27
-28
-29
-32
-33
-32
-30
-31
-30
-29
-25
-26
-29
-26
-27
-25
-27
-28
-22
-24
-23
-23
-26
-28
-26
-28
-29
-29
-27
-27
-26
-25
-23
-28
-29
-26
-25
-22
-24
-23
-24
-26
-23
-26
-23
-22
-21
-19
-19
-22
-19
-20
-18
-19
-20
-19
-19
-17
-19
-19
-22
-20
-21
-20
-19
-20
-20
-19
-17
-18
-19
-17
-15
-17
-21
-20
-17
-19
-19
-17
-21
-18
-18
-16
-16
-19
-18
-19
-17
-19
-19
-19
-17
-16
-17
-17
-16
-15
-17
-14
-14
-13
-16
-17
-17
-16
-14
-13
-13
-15
-9
-8
-6
-7
-8
-11
-10
-9
-10
-11
-17
-12
-13
-9
-4
-11
-11
-8
-10
-11
-15
-14
-13
-13
-8
-11
-11
-10
-10
-9
-10
-7
-8
-7
-8
-10
-8
-8
-7
-5
-5
-2
-2
-5
-2
-2
-3
-3
-2
-4
-2
-2
-1
0
1
2
0
-3
-5
-3
-2
-4
-4
-5
-3
-5
0
-3
-8
-6
-3
-4
-3
0
-1
0
-1
-1
0
-2
-2
-2
-1
-1
-2
0
-1
-1
-2
-2
0
2
2
4
5
2
1
-1
0
3
-2
-1
0
0
-4
-4
-3
-4
-7
-1
-1
-2
-2
-2
1
-4
-2
-2
-4
-5
-5
-5
-5
-4
-1
0
1
-2
-5
-3
0
-1
0
-3
0
-2
-4
-4
-2
-3
-2
0
0
-2
-3
2
-3
-2
-2
-3
-3
-4
-2
-2
-3
-3
-4
-2
-2
-5
-7
-6
-8
-8
-8
-9
-7
-7
-4
-3
-4
-7
-5
-10
-13
-7
-12
-11
-7
-7
-7
-4
-2
-2
-4
-3
-2
-3
-3
-8
-9
-7
-9
-9
-5
-9
-8
-11
-12
-10
-8
-12
-12
-11
-12
-9
-12
-11
-11
-11
-12
-11
-12
-13
-10
-9
-8
-8
-6
-7
-9
-10
-9
-9
-11
-9
-10
-8
-1
-3
-4
-5
-6
-5
-3
-8
-7
-4
-3
-6
-5
-1
-6
-7
-3
-2
-3
-1
-1
-2
-6
-4
-3
-3
-3
-5
-4
-1
0
-4
-1
0
1
-1
1
0
3
2
1
-1
0
1
0
-1
-3
-2
-4
3
2
4
2
2
2
2
4
2
3
-1
1
1
2
1
-1
2
0
2
1
1
2
1
2
1
1
2
5
5
4
1
3
1
3
3
2
3
1
3
7
7
3
11
10
14
13
14
13
10
14
13
9
10
8
11
11
13
17
10
15
12
10
10
8
9
7
9
12
9
9
9
10
12
14
11
10
10
10
12
13
12
10
12
13
15
14
11
10
13
13
11
7
10
10
9
8
13
11
12
11
9
14
10
8
11
11
8
8
12
13
14
7
3
6
8
4
10
11
10
12
10
9
10
8
11
12
9
9
11
12
12
13
13
14
12
13
13
14
12
11
9
7
10
7
11
11
11
9
6
9
10
8
10
11
11
10
11
9
7
8
9
5
8
8
6
5
7
7
8
5
5
4
5
7
6
8
10
8
8
6
6
6
6
7
9
11
5
5
6
6
8
7
6
8
6
6
7
7
6
3
5
9
7
5
2
0
1
2
5
6
4
6
4
5
2
5
-1
-1
8
2
8
5
8
11
9
10
9
11
11
12
13
12
10
11
11
11
13
14
13
13
10
9
7
9
7
8
9
10
10
7
11
8
8
7
8
7
7
4
5
9
8
9
8
9
8
6
7
8
9
7
10
10
11
12
10
11
7
7
7
7
7
6
7
7
6
5
4
7
8
5
5
6
6
6
7
5
7
4
5
7
9
6
8
9
9
10
7
10
10
9
8
9
8
9
9
9
8
8
8
10
9
10
10
10
8
10
10
8
7
7
9
5
7
11
8
7
7
10
10
8
9
8
8
8
9
7
8
10
9
6
7
11
10
11
8
10
7
8
12
12
9
8
15
13
16
15
14
16
15
12
11
12
13
12
15
13
21
17
12
17
11
13
12
6
8
8
3
11
8
6
3
6
5
3
5
1
0
0
2
1
2
3
5
5
4
8
5
3
1
2
-1
0
2
2
2
2
3
4
1
-2
1
-3
0
-3
0
-3
-3
-2
-2
0
-4
-7
-5
-3
-7
-5
-4
-4
-6
-3
-4
-4
-4
-6
-2
-2
-4
-9
-8
-3
-5
-8
-1
-6
-7
-3
-4
-4
-7
-7
-8
-9
-7
-11
-11
-6
-9
-8
-11
-10
-11
-14
-10
-11
-10
-13
-14
-14
-14
-15
-16
-18
-19
-18
-20
-21
-19
-19
-19
-19
-20
-21
-21
-19
-20
-20
-23
-24
-23
-21
-21
-21
-21
-22
-21
-23
-24
-23
-23
-24
-22
-24
-23
-24
-23
-25
-24
-23
-26
-23
-26
-22
-25
-27
-29
-29
-30
-30
-28
-27
-28
-28
-28
-24
-27
-26
-33
-33
-29
-30
-27
-24
-25
-25
-22
-22
-24
-23
-22
-25
-23
-25
-26
-25
-23
-26
-25
-25
-26
-27
-28
-27
-25
-27
-27
-27
-28
-30
-27
-28
-27
-26
-26
-25
-29
-28
-32
-30
-28
-27
-27
-24
-27
-26
-28
-30
-28
-28
-30
-30
-29
-25
-27
-32
-31
-30
-30
-32
-33
-32
-32
-31
-33
-32
-32
-31
-33
-32
-30
-32
-32
-32
-33
-33
-34
-34
-34
-31
-30
-31
-31
-29
-28
-29
-29
-28
-29
-27
-28
-28
-23
-27
-28
-28
-27
-24
-25
-27
-23
-29
-27
-26
-23
-23
-24
-26
-24
-26
-26
-25
-27
-28
-27
-25
-25
-27
-23
-26
-27
-28
-27
-25
-27
-25
-24
-26
-26
-24
-26
-23
-25
-23
-25
-23
-20
-23
-22
-20
-20
-20
-20
-24
-19
-19
-20
-14
-17
-17
-18
-18
-20
-18
-18
-21
-19
-19
-14
-14
-18
-12
-18
-17
-16
-17
-18
-18
-17
-15
-15
-18
-16
-15
-15
-15
-16
-18
-17
-19
-16
-14
-14
-11
-8
-9
-10
-9
-10
-10
-10
-11
-9
-9
-7
-8
-7
-5
-4
-3
-5
-10
-10
-10
-11
-16
-13
-18
-17
-16
-19
-16
-20
-23
-27
-19
-22
-24
-22
-22
-21
-18
-24
-29
-32
-32
-35
-36
-32
-31
-35
-43
-41
-38
-33
-38
-41
-42
-40
-39
-42
-47
-48
-46
-46
-48
-47
-39
-40
-41
-39
-39
-38
-37
-35
-35
-34
-30
-28
-27
-27
-27
-27
-25
-22
-24
-23
-18
-15
-17
-16
-12
-11
-14
-9
-8
-8
-4
-4
-7
-5
-1
0
1
4
5
4
5
7
10
11
14
10
10
10
12
13
14
14
15
14
14
13
14
12
12
14
10
6
11
10
9
11
7
9
10
10
6
1
5
9
7
6
6
8
7
8
6
3
3
3
0
1
-3
-6
-5
-6
-4
-8
-9
-5
-7
-9
-9
-14
-13
-13
-14
-14
-16
-12
-15
-16
-15
-14
-14
-16
-20
-19
-18
-19
-17
-21
-18
-17
-21
-19
-21
-22
-20
-23
-22
-18
-15
-17
-19
-18
-19
-22
-23
-21
-20
-20
-20
-19
-20
-18
-21
-20
-18
-21
-20
-22
-21
-20
-21
-23
-23
-22
-24
-21
-22
-21
-20
-20
-19
-19
-18
-20
-16
-17
-15
-17
-17
-16
-17
-15
-18
-16
-16
-12
-13
-11
-14
-13
-11
-10
-9
-15
-13
-13
-14
-14
-12
-14
-13
-11
-14
-13
-9
-7
-10
-11
-8
-9
-9
-6
-10
-8
-10
-10
-9
-8
-9
-8
-7
-7
-5
-7
-7
-5
-5
-6
0
1
0
2
0
1
2
0
-1
-3
1
1
3
7
5
14
9
9
7
4
6
1
4
5
5
4
7
9
5
3
5
7
8
7
5
5
7
6
9
4
10
11
9
15
13
13
12
11
11
13
12
11
10
13
15
18
13
12
12
12
10
14
12
11
10
10
9
13
14
7
4
11
11
12
16
15
16
14
15
16
15
11
14
14
17
15
14
15
12
15
15
18
18
15
16
19
18
17
18
18
19
20
20
18
18
16
14
17
14
13
12
12
13
14
14
12
11
12
12
7
8
9
9
10
12
11
11
13
10
11
8
14
13
11
12
9
12
11
13
11
12
11
12
17
13
15
13
13
14
16
16
15
12
12
16
14
14
13
13
13
13
10
8
8
7
6
7
8
6
7
9
6
9
11
5
2
10
11
7
11
10
13
12
16
15
13
14
12
13
16
11
11
14
13
15
16
17
15
16
15
12
12
10
10
9
13
11
13
16
14
13
15
14
12
11
15
17
14
16
16
19
17
19
18
17
18
16
15
13
22
22
19
16
17
16
16
17
16
18
18
19
20
21
21
21
21
18
20
20
24
23
27
26
22
24
25
25
26
28
27
27
27
28
28
29
31
30
33
33
34
32
32
31
33
31
34
35
34
34
36
37
38
38
37
36
34
34
36
34
35
38
38
35
36
36
37
35
38
36
33
34
35
35
34
34
35
37
35
37
34
35
35
36
37
35
36
36
38
38
36
38
38
39
39
42
41
38
38
39
39
38
37
38
38
40
45
39
37
37
35
37
38
37
34
37
39
40
41
36
35
40
39
38
38
38
39
37
41
39
42
41
41
40
40
43
40
39
40
40
40
41
40
41
41
41
41
42
37
38
35
37
37
36
38
36
36
33
35
37
31
31
35
37
36
41
40
40
47
48
49
47
48
52
50
51
49
50
49
47
49
48
49
47
49
47
44
42
41
36
34
32
31
31
30
31
30
31
26
27
24
27
30
30
37
34
39
37
38
41
43
45
44
46
47
51
51
50
50
52
50
48
50
49
47
46
47
44
39
40
40
37
36
30
31
28
27
24
25
27
24
24
27
29
26
30
32
33
37
37
38
38
39
43
39
41
41
39
44
43
47
46
45
45
43
40
34
40
38
34
34
33
33
32
29
31
25
25
28
27
26
24
26
29
31
35
39
38
38
40
41
42
44
43
42
43
48
48
49
48
47
47
45
44
40
37
37
37
37
31
30
30
29
23
26
22
23
21
14
23
28
33
31
32
34
37
38
41
44
44
49
50
55
55
56
55
56
54
54
54
53
50
46
42
38
35
31
29
31
27
23
22
20
20
22
19
19
27
27
30
32
34
37
41
45
49
51
52
57
58
60
61
63
65
66
59
59
61
60
56
50
48
46
38
34
26
22
19
12
8
3
2
0
0
-2
-1
1
4
9
16
22
25
31
38
45
50
56
63
69
75
78
82
89
91
98
101
101
105
101
101
98
94
87
76
70
63
53
30
20
6
-10
-24
-40
-48
-56
-60
-57
-58
-56
-50
-40
-28
-17
-4
8
19
34
49
59
72
88
96
107
115
124
133
141
146
155
157
159
164
160
157
151
141
124
104
79
55
30
4
-23
-49
-77
-98
-118
-134
-137
-150
-156
-153
-143
-131
-117
-93
-77
-54
-29
-7
19
40
61
84
107
128
145
164
186
199
217
232
243
257
261
262
261
253
240
220
196
166
132
93
56
15
-28
-69
-111
-148
-179
-203
-226
-243
-252
-259
-256
-255
-249
-232
-215
-190
-168
-137
-106
-77
-42
-2
36
73
112
151
189
226
268
303
338
367
394
418
430
444
445
444
435
411
385
351
310
262
209
149
87
17
-47
-113
-180
-236
-298
-345
-392
-438
-472
-500
-522
-545
-551
-550
-537
-522
-499
-456
-417
-368
-306
-257
-182
-108
-36
41
109
184
246
303
350
387
421
446
469
480
485
481
469
472
461
453
448
439
440
438
446
457
468
477
471
470
453
423
383
315
241
138
19
-105
-246
-383
-531
-675
-810
-936
-1036
-1101
-1137
-1147
-1119
-1083
-996
-880
-761
-613
-470
-321
-178
-59
59
160
258
322
364
393
410
438
450
463
478
485
507
527
554
591
606
633
641
637
618
583
546
476
396
291
177
73
-39
-143
-246
-331
-391
-437
-451
-444
-412
-363
-302
-224
-103
7
119
250
320
439
501
540
599
565
554
488
370
292
135
21
-149
-321
-466
-639
-703
-809
-834
-851
-885
-795
-755
-644
-512
-438
-271
-193
-100
-10
34
130
125
138
116
94
107
69
85
78
80
127
145
229
302
367
464
511
578
617
644
667
644
600
522
437
348
257
150
43
-49
-128
-189
-221
-235
-226
-195
-152
-98
-12
93
190
299
373
442
516
554
584
580
538
492
392
277
151
2
-144
-332
-516
-696
-860
-978
-1072
-1114
-1142
-1139
-1079
-996
-868
-734
-591
-423
-281
-143
-30
74
173
242
277
281
278
278
274
267
260
270
284
313
364
419
487
556
612
666
700
718
725
706
657
575
470
366
253
133
6
-117
-217
-297
-353
-383
-390
-365
-316
-237
-127
-17
139
276
400
533
606
688
740
746
741
653
555
433
260
84
-139
-334
-547
-774
-966
-1157
-1242
-1303
-1334
-1289
-1261
-1149
-1005
-864
-654
-494
-315
-152
-47
69
137
226
266
257
242
197
202
200
200
222
224
283
341
417
527
601
697
770
810
845
838
827
781
687
566
413
275
139
-4
-142
-274
-365
-433
-467
-466
-441
-351
-244
-148
27
186
346
538
632
754
831
863
902
840
763
649
478
308
74
-139
-370
-629
-843
-1082
-1255
-1430
-1495
-1501
-1520
-1454
-1395
-1246
-1053
-904
-698
-520
-344
-173
-89
34
105
196
233
216
218
205
241
255
278
324
356
433
520
604
722
786
870
932
960
962
924
882
800
679
514
352
203
58
-102
-248
-378
-451
-506
-530
-513
-446
-350
-223
-63
82
287
442
603
746
823
910
938
927
895
767
654
484
298
96
-169
-381
-650
-872
-1119
-1371
-1508
-1615
-1651
-1652
-1651
-1547
-1423
-1254
-1057
-871
-650
-462
-280
-150
-30
107
208
281
285
278
299
321
354
384
404
450
508
587
683
771
856
938
990
1020
1025
1004
971
890
765
595
430
272
112
-52
-231
-366
-470
-541
-566
-570
-516
-414
-307
-146
28
214
438
608
772
896
991
1079
1098
1083
1003
879
753
553
358
114
-132
-371
-654
-898
-1168
-1404
-1585
-1725
-1781
-1829
-1815
-1747
-1645
-1482
-1318
-1115
-900
-702
-491
-343
-192
-35
99
214
254
293
336
396
450
484
541
601
666
742
821
918
1007
1079
1125
1149
1157
1135
1088
1012
889
730
553
379
211
35
-144
-297
-413
-497
-556
-574
-515
-421
-299
-152
26
245
455
657
830
968
1094
1168
1200
1174
1105
1000
833
636
401
155
-106
-399
-688
-993
-1283
-1524
-1750
-1911
-2052
-2107
-2098
-2042
-1933
-1813
-1604
-1382
-1159
-931
-723
-481
-275
-115
44
163
308
386
451
511
561
630
675
747
818
882
959
1027
1116
1187
1212
1246
1252
1236
1167
1064
958
813
642
434
231
38
-142
-318
-468
-582
-654
-695
-648
-581
-469
-310
-140
115
323
559
789
965
1159
1268
1339
1391
1352
1323
1180
1002
799
556
331
14
-270
-592
-924
-1216
-1521
-1771
-1992
-2223
-2350
-2394
-2407
-2334
-2256
-2107
-1881
-1685
-1456
-1198
-934
-637
-425
-234
-30
158
373
483
600
679
772
878
934
1032
1090
1144
1232
1263
1329
1372
1384
1419
1364
1318
1221
1118
1009
835
657
428
224
29
-166
-341
-518
-642
-702
-752
-726
-666
-556
-392
-207
10
244
502
737
968
1145
1293
1403
1480
1496
1458
1340
1191
1011
788
537
239
-86
-408
-776
-1121
-1435
-1761
-2003
-2279
-2496
-2614
-2656
-2634
-2555
-2440
-2277
-2061
-1810
-1546
-1235
-953
-669
-408
-192
45
252
475
635
744
826
931
1039
1135
1210
1261
1314
1376
1418
1464
1503
1503
1502
1440
1363
1262
1149
1009
836
627
391
173
-31
-215
-402
-582
-721
-794
-837
-787
-729
-601
-422
-242
17
253
528
791
1021
1240
1383
1509
1599
1614
1597
1456
1318
1116
873
611
273
-69
-444
-837
-1212
-1572
-1905
-2195
-2467
-2681
-2781
-2788
-2768
-2637
-2521
-2327
-2077
-1831
-1519
-1215
-913
-617
-387
-156
65
291
502
620
734
805
940
1049
1142
1238
1290
1373
1436
1486
1568
1599
1623
1601
1531
1453
1336
1214
1049
854
621
373
160
-47
-242
-431
-610
-718
-793
-798
-762
-679
-528
-383
-164
70
329
609
844
1084
1257
1403
1536
1589
1625
1552
1431
1275
1046
817
517
183
-189
-605
-1003
-1391
-1759
-2079
-2389
-2652
-2817
-2854
-2858
-2757
-2645
-2490
-2229
-1990
-1679
-1357
-1037
-696
-438
-208
20
234
475
597
704
756
857
973
1045
1147
1200
1274
1358
1411
1497
1553
1589
1622
1578
1528
1423
1327
1196
1012
789
526
297
82
-128
-334
-539
-690
-777
-832
-829
-779
-649
-499
-313
-75
170
465
729
981
1194
1366
1531
1627
1674
1655
1554
1441
1231
1008
727
401
50
-362
-756
-1172
-1564
-1899
-2219
-2472
-2711
-2827
-2811
-2805
-2667
-2584
-2389
-2108
-1865
-1545
-1256
-959
-624
-411
-167
30
267
493
589
724
776
911
1021
1099
1195
1234
1308
1405
1456
1552
1567
1601
1610
1551
1489
1368
1271
1129
937
722
477
270
75
-136
-320
-511
-627
-685
-709
-661
-602
-451
-276
-78
165
395
661
917
1123
1307
1433
1556
1623
1607
1541
1398
1243
1014
749
440
73
-304
-730
-1124
-1490
-1865
-2128
-2431
-2639
-2789
-2851
-2820
-2761
-2636
-2497
-2274
-2003
-1728
-1399
-1099
-782
-475
-261
9
220
479
647
759
862
958
1070
1165
1229
1292
1328
1385
1426
1468
1521
1515
1534
1486
1428
1348
1254
1151
998
808
598
389
212
14
-173
-361
-500
-586
-646
-638
-600
-487
-335
-176
54
284
550
808
1032
1235
1394
1543
1636
1662
1630
1520
1379
1166
901
594
229
-171
-603
-1038
-1438
-1799
-2125
-2384
-2626
-2824
-2922
-2913
-2872
-2754
-2641
-2444
-2176
-1901
-1578
-1264
-940
-608
-351
-104
142
387
633
765
881
956
1086
1195
1283
1350
1377
1419
1474
1502
1549
1544
1548
1537
1463
1393
1296
1216
1102
939
744
537
358
189
11
-168
-334
-440
-517
-542
-530
-454
-331
-168
12
233
468
745
990
1219
1402
1566
1694
1771
1782
1716
1593
1414
1171
867
510
104
-326
-787
-1218
-1628
-1974
-2270
-2533
-2758
-2926
-2982
-2943
-2879
-2725
-2598
-2363
-2083
-1797
-1447
-1135
-798
-460
-206
76
313
581
814
941
1066
1135
1266
1364
1443
1499
1509
1550
1597
1606
1647
1619
1627
1591
1515
1445
1346
1265
1141
970
790
587
421
248
65
-121
-277
-366
-451
-446
-447
-383
-233
-85
127
351
592
879
1104
1350
1517
1689
1820
1870
1858
1754
1608
1403
1115
776
349
-88
-560
-1038
-1444
-1860
-2180
-2466
-2733
-2932
-3096
-3112
-3066
-2988
-2817
-2705
-2450
-2171
-1879
-1513
-1223
-880
-553
-295
-1
220
506
720
844
973
1034
1181
1277
1344
1389
1378
1422
1450
1451
1476
1416
1415
1355
1289
1220
1113
1031
898
726
544
331
178
7
-170
-336
-495
-575
-637
-665
-643
-590
-457
-294
-106
141
377
652
900
1128
1325
1490
1619
1690
1673
1593
1425
1229
931
579
152
-316
-773
-1244
-1647
-2009
-2330
-2574
-2826
-3021
-3175
-3255
-3191
-3167
-3019
-2897
-2735
-2445
-2185
-1836
-1523
-1230
-847
-566
-241
30
300
609
763
930
1020
1146
1292
1343
1401
1384
1385
1425
1385
1395
1326
1283
1246
1149
1087
986
896
811
662
515
323
170
38
-139
-312
-503
-592
-680
-736
-743
-750
-645
-513
-362
-140
60
343
592
832
1069
1247
1442
1548
1582
1539
1410
1249
991
657
241
-239
-718
-1201
-1655
-2052
-2402
-2708
-2941
-3186
-3361
-3487
-3503
-3437
-3388
-3264
-3149
-2933
-2616
-2334
-1962
-1650
-1303
-904
-614
-259
2
314
592
739
896
990
1124
1256
1285
1321
1277
1299
1328
1295
1292
1220
1208
1182
1104
1059
975
928
855
711
581
400
284
138
-50
-237
-427
-507
-594
-647
-648
-634
-494
-350
-155
84
333
641
911
1164
1399
1607
1800
1899
1913
1840
1701
1508
1206
823
364
-138
-618
-1120
-1564
-1940
-2281
-2535
-2804
-3027
-3191
-3311
-3267
-3234
-3165
-3027
-2928
-2663
-2404
-2105
-1764
-1493
-1114
-779
-460
-112
167
527
770
953
1109
1205
1399
1492
1552
1564
1522
1583
1581
1564
1536
1460
1468
1407
1348
1286
1204
1167
1057
926
771
601
497
326
145
-53
-241
-304
-405
-464
-477
-475
-330
-202
-3
231
481
817
1080
1349
1592
1801
2020
2098
2126
2050
1900
1738
1396
1014
535
0
-487
-1028
-1489
-1881
-2262
-2491
-2797
-2988
-3149
-3281
-3197
-3208
-3117
-2984
-2901
-2576
-2349
-2025
-1679
-1419
-981
-696
-354
-26
244
623
833
1028
1177
1271
1493
1551
1643
1638
1608
1693
1661
1662
1619
1545
1573
1492
1454
1383
1302
1293
1161
1032
854
682
572
377
188
-6
-165
-224
-331
-360
-364
-309
-143
-2
218
463
719
1053
1298
1556
1772
1936
2101
2114
2091
1960
1742
1506
1093
659
142
-396
-874
-1415
-1815
-2211
-2539
-2774
-3100
-3257
-3417
-3429
-3344
-3352
-3169
-3076
-2840
-2511
-2271
-1855
-1557
-1177
-778
-504
-104
159
515
800
932
1118
1190
1370
1496
1511
1563
1501
1553
1562
1505
1511
1410
1421
1366
1279
1243
1153
1121
1006
844
682
470
337
150
-66
-264
-455
-550
-623
-680
-677
-618
-480
-291
-94
168
457
757
1065
1303
1539
1748
1889
1978
1923
1825
1619
1354
999
519
32
-516
-1022
-1452
-1891
-2211
-2517
-2787
-2993
-3219
-3322
-3321
-3287
-3176
-3051
-2937
-2662
-2345
-1983
-1614
-1300
-927
-565
-237
90
384
722
970
1154
1266
1375
1548
1633
1695
1681
1649
1697
1681
1673
1635
1556
1561
1493
1456
1389
1308
1261
1134
979
781
592
456
262
68
-159
-328
-423
-500
-532
-539
-462
-319
-135
87
342
641
941
1223
1461
1667
1858
1984
2028
1972
1820
1592
1282
878
387
-172
-728
-1266
-1742
-2190
-2565
-2895
-3173
-3404
-3612
-3700
-3652
-3599
-3460
-3336
-3160
-2833
-2507
-2101
-1762
-1413
-1002
-651
-296
32
328
660
863
1035
1121
1264
1420
1501
1559
1522
1524
1571
1552
1551
1485
1439
1431
1363
1342
1251
1200
1128
998
839
642
481
337
145
-44
-275
-388
-471
-530
-516
-521
-369
-183
8
308
546
864
1182
1424
1696
1841
2019
2116
2066
1960
1705
1432
1071
591
95
-481
-959
-1429
-1865
-2198
-2576
-2837
-3083
-3319
-3406
-3406
-3337
-3204
-3066
-2873
-2593
-2247
-1836
-1441
-1059
-650
-248
124
487
805
1157
1414
1597
1692
1824
1976
2073
2116
2080
2075
2111
2104
2099
2057
2017
2009
1935
1901
1817
1762
1684
1544
1378
1165
967
796
600
384
132
-26
-142
-216
-246
-248
-144
-6
174
381
621
925
1191
1444
1645
1805
1958
2014
1990
1842
1619
1311
912
442
-78
-648
-1192
-1678
-2149
-2556
-2914
-3263
-3538
-3828
-4009
-4024
-4067
-3946
-3850
-3679
-3349
-3030
-2583
-2169
-1774
-1303
-922
-504
-162
182
556
759
956
1021
1162
1308
1365
1429
1374
1376
1425
1394
1425
1379
1388
1407
1355
1359
1304
1296
1243
1113
964
742
570
405
194
-8
-268
-404
-509
-570
-575
-557
-384
-194
32
327
613
985
1308
1592
1846
2019
2201
2254
2213
2062
1789
1475
1028
516
-43
-648
-1159
-1667
-2131
-2526
-2915
-3224
-3516
-3770
-3910
-3921
-3876
-3776
-3644
-3492
-3193
-2822
-2401
-1967
-1565
-1097
-649
-256
137
481
866
1151
1338
1447
1582
1762
1874
1929
1895
1884
1931
1937
1927
1889
1849
1855
1791
1739
1644
1572
1487
1334
1129
889
663
468
235
-19
-295
-480
-595
-688
-709
-714
-569
-375
-176
110
396
749
1102
1373
1662
1849
2048
2144
2101
1994
1743
1447
1038
547
20
-537
-1022
-1471
-1878
-2210
-2545
-2780
-3054
-3273
-3449
-3509
-3451
-3425
-3309
-3212
-2983
-2644
-2310
-1919
-1558
-1148
-658
-293
139
462
854
1192
1368
1523
1610
1778
1892
1913
1875
1791
1788
1772
1690
1638
1512
1493
1409
1320
1226
1109
1034
891
687
465
209
39
-178
-418
-682
-911
-997
-1120
-1143
-1165
-1084
-863
-664
-365
-52
295
717
1024
1360
1599
1813
1982
1981
1899
1676
1393
1039
559
29
-579
-1145
-1658
-2167
-2543
-2926
-3206
-3418
-3677
-3871
-3973
-3920
-3854
-3750
-3603
-3423
-3058
-2622
-2167
-1711
-1277
-733
-266
170
578
951
1401
1677
1867
1993
2157
2348
2443
2439
2375
2349
2386
2346
2291
2196
2131
2108
2023
1951
1834
1766
1675
1502
1263
1000
764
579
310
-7
-289
-457
-578
-664
-705
-709
-552
-351
-122
150
448
811
1139
1413
1679
1891
2113
2231
2213
2099
1865
1585
1202
770
259
-258
-692
-1137
-1506
-1811
-2082
-2278
-2493
-2693
-2887
-2960
-2882
-2872
-2749
-2675
-2503
-2126
-1768
-1333
-952
-520
9
454
939
1325
1738
2201
2454
2664
2754
2925
3083
3118
3073
2928
2873
2846
2725
2612
2418
2311
2225
2087
1966
1782
1688
1548
1341
1085
787
559
329
33
-291
-621
-799
-954
-1048
-1137
-1146
-981
-802
-553
-265
41
429
779
1111
1380
1606
1834
1939
1933
1782
1541
1242
831
340
-216
-740
-1189
-1631
-2011
-2393
-2680
-2957
-3230
-3482
-3738
-3877
-3862
-3902
-3825
-3733
-3540
-3168
-2784
-2325
-1916
-1455
-884
-372
95
528
945
1421
1681
1901
1999
2178
2319
2364
2312
2193
2127
2107
1996
1885
1740
1654
1630
1528
1472
1341
1295
1229
1090
887
655
463
292
10
-285
-582
-732
-875
-1023
-1072
-1094
-930
-742
-541
-247
38
421
759
1043
1361
1578
1817
1914
1869
1751
1479
1182
762
247
-274
-831
-1281
-1715
-2100
-2410
-2664
-2852
-3111
-3360
-3574
-3765
-3784
-3800
-3782
-3663
-3598
-3337
-3035
-2674
-2243
-1863
-1354
-818
-343
161
584
1091
1507
1777
1984
2118
2336
2447
2479
2420
2315
2297
2235
2122
2025
1871
1843
1766
1695
1612
1501
1488
1398
1239
1030
789
627
384
67
-258
-577
-741
-965
-1161
-1256
-1326
-1204
-1080
-918
-620
-340
73
436
760
1128
1378
1655
1750
1675
1534
1238
929
449
-117
-677
-1250
-1673
-2122
-2512
-2774
-3067
-3259
-3561
-3827
-4003
-4243
-4255
-4263
-4285
-4145
-4076
-3808
-3466
-3119
-2644
-2252
-1704
-1140
-664
-136
279
777
1189
1444
1680
1790
2009
2118
2133
2090
1942
1921
1835
1691
1571
1373
1344
1276
1176
1105
989
1012
941
816
655
466
382
224
-21
-277
-511
-606
-754
-886
-950
-922
-746
-565
-346
-78
260
685
1047
1374
1703
2033
2318
2451
2449
2335
2142
1845
1387
798
181
-401
-946
-1484
-1955
-2381
-2663
-2923
-3180
-3398
-3651
-3809
-3973
-4038
-4044
-4077
-3945
-3840
-3628
-3295
-2977
-2500
-2074
-1562
-977
-499
82
520
1036
1488
1766
2042
2202
2432
2576
2611
2587
2484
2456
2394
2223
2111
1911
1860
1743
1602
1503
1380
1344
1219
1044
842
631
472
264
-19
-267
-519
-653
-822
-971
-1049
-1059
-954
-848
-679
-440
-149
216
546
839
1149
1438
1721
1874
1912
1871
1726
1524
1146
679
176
-324
-773
-1229
-1631
-1955
-2178
-2357
-2605
-2799
-2977
-3103
-3223
-3352
-3318
-3341
-3196
-3052
-2896
-2540
-2218
-1776
-1334
-876
-264
238
816
1315
1783
2309
2616
2912
3062
3213
3353
3359
3315
3159
3026
2946
2734
2578
2334
2199
2098
1918
1795
1627
1553
1411
1195
977
744
551
345
25
-281
-584
-808
-1034
-1267
-1447
-1511
-1471
-1371
-1208
-999
-660
-279
136
505
865
1273
1602
1856
1961
1975
1911
1730
1422
925
394
-128
-617
-1049
-1527
-1866
-2091
-2300
-2476
-2704
-2863
-3028
-3206
-3441
-3669
-3738
-3806
-3777
-3755
-3698
-3412
-3054
-2597
-2163
-1742
-1089
-506
94
657
1126
1709
2102
2427
2585
2727
2882
2921
2856
2637
2418
2288
2091
1878
1602
1376
1284
1136
1051
875
801
755
643
495
285
104
-51
-306
-633
-969
-1249
-1465
-1705
-1914
-2054
-2007
-1898
-1726
-1497
-1202
-766
-310
147
569
998
1444
1798
2009
2136
2166
2112
1934
1557
1069
541
42
-461
-953
-1376
-1648
-1849
-1976
-2098
-2197
-2280
-2392
-2546
-2781
-3000
-3090
-3150
-3180
-3196
-3197
-2957
-2640
-2256
-1859
-1434
-810
-193
391
963
1459
2044
2466
2777
2938
3063
3222
3251
3174
2958
2713
2570
2362
2123
1846
1578
1473
1281
1149
936
809
743
595
394
150
-47
-172
-393
-689
-1004
-1271
-1404
-1588
-1746
-1858
-1855
-1729
-1567
-1366
-1091
-744
-319
105
493
944
1370
1785
2069
2234
2343
2359
2298
2038
1642
1171
665
154
-374
-897
-1278
-1610
-1804
-1989
-2131
-2223
-2330
-2344
-2501
-2671
-2855
-2896
-2945
-2992
-2992
-2936
-2688
-2287
-1944
-1485
-1028
-400
292
854
1487
1987
2647
3130
3466
3683
3863
4048
4138
4028
3820
3552
3431
3230
2950
2681
2384
2288
2088
1916
1695
1565
1491
1333
1078
806
560
391
132
-233
-609
-932
-1129
-1412
-1669
-1917
-1970
-1884
-1791
-1611
-1370
-969
-494
-40
372
799
1278
1753
2035
2229
2315
2389
2324
2058
1641
1132
635
98
-452
-993
-1433
-1739
-1930
-2089
-2176
-2245
-2183
-2191
-2336
-2573
-2876
-3077
-3141
-3348
-3493
-3578
-3503
-3190
-2933
-2546
-2105
-1546
-815
-208
421
1035
1621
2287
2678
3000
3147
3328
3487
3442
3282
2974
2737
2578
2262
1936
1562
1361
1305
1114
999
848
873
895
794
648
460
359
246
-50
-398
-767
-1016
-1211
-1510
-1797
-2018
-2032
-1954
-1868
-1712
-1447
-1012
-500
-48
393
911
1474
1998
2311
2546
2729
2861
2839
2536
2134
1653
1140
568
-89
-686
-1156
-1499
-1703
-1917
-1936
-1865
-1775
-1737
-1878
-2040
-2261
-2514
-2757
-2954
-3164
-3276
-3321
-3260
-3057
-2761
-2350
-1826
-1292
-563
124
798
1494
2119
2774
3219
3540
3698
3815
3859
3732
3435
3029
2577
2203
1696
1188
675
289
0
-337
-508
-661
-649
-605
-653
-759
-832
-865
-926
-1126
-1386
-1636
-1824
-2005
-2281
-2494
-2627
-2607
-2500
-2350
-2114
-1761
-1274
-748
-236
300
927
1534
2123
2503
2843
3082
3240
3245
3003
2663
2209
1696
1086
410
-213
-664
-1073
-1330
-1535
-1518
-1433
-1244
-1153
-1181
-1235
-1492
-1788
-2190
-2539
-2739
-3009
-3122
-3234
-3270
-2980
-2723
-2209
-1706
-1072
-211
540
1385
2115
2829
3559
4011
4377
4506
4673
4794
4690
4506
4139
3812
3494
3037
2612
2142
1832
1564
1271
1074
825
729
560
319
74
-188
-425
-668
-1057
-1483
-1927
-2288
-2678
-3058
-3361
-3591
-3574
-3511
-3353
-3045
-2637
-2050
-1450
-829
-141
521
1264
1876
2354
2778
3085
3325
3353
3198
2898
2494
1982
1301
591
-98
-680
-1119
-1485
-1679
-1714
-1583
-1349
-1196
-1071
-1068
-1190
-1447
-1871
-2379
-2817
-3139
-3460
-3625
-3796
-3775
-3462
-3023
-2443
-1809
-1042
-42
838
1705
2483
3211
3928
4324
4524
4504
4486
4326
3998
3524
2954
2457
2068
1567
1087
566
219
-24
-271
-433
-564
-479
-394
-350
-393
-453
-485
-540
-772
-1104
-1452
-1743
-2025
-2349
-2643
-2840
-2886
-2801
-2652
-2408
-1969
-1420
-761
-125
531
1300
1994
2691
3172
3579
3932
4109
4194
4008
3684
3238
2635
1961
1135
362
-340
-919
-1322
-1665
-1720
-1656
-1443
-1150
-1044
-906
-941
-1115
-1412
-1942
-2452
-2959
-3270
-3628
-3950
-4117
-4231
-3947
-3586
-3119
-2426
-1730
-661
264
1159
2077
2841
3723
4205
4452
4547
4539
4484
4155
3615
3042
2482
2094
1504
959
433
82
-45
-293
-411
-497
-403
-256
-230
-258
-316
-349
-365
-604
-968
-1364
-1723
-2058
-2472
-2828
-3068
-3123
-2986
-2811
-2570
-2084
-1504
-810
-126
541
1332
2044
2767
3281
3662
4018
4235
4359
4242
3933
3540
3003
2392
1600
819
135
-502
-923
-1297
-1427
-1389
-1211
-945
-763
-618
-565
-692
-906
-1364
-1935
-2516
-3084
-3412
-3817
-4075
-4239
-4251
-3882
-3461
-2859
-2097
-1338
-286
620
1500
2347
3064
3869
4280
4525
4565
4529
4514
4248
3810
3222
2624
2217
1662
1177
734
445
430
267
247
243
373
564
583
529
427
376
322
17
-376
-820
-1239
-1576
-2061
-2507
-2848
-2979
-2999
-2944
-2779
-2398
-1853
-1186
-528
141
963
1754
2510
3093
3543
3958
4243
4413
4344
4092
3770
3265
2702
1946
1133
416
-272
-813
-1279
-1534
-1548
-1497
-1273
-1086
-899
-708
-690
-730
-1053
-1498
-2029
-2681
-3320
-3886
-4316
-4671
-4892
-4955
-4853
-4389
-3733
-2915
-1988
-1006
206
1255
2241
3051
3664
4153
4299
4228
4005
3739
3428
2915
2244
1470
748
158
-481
-1039
-1544
-1746
-1835
-1896
-1841
-1767
-1502
-1265
-1149
-1106
-1070
-1055
-1114
-1401
-1780
-2179
-2507
-2884
-3316
-3623
-3796
-3738
-3617
-3352
-2935
-2360
-1650
-915
-169
631
1444
2216
2881
3385
3816
4123
4328
4334
4183
3862
3452
2925
2284
1540
791
128
-468
-966
-1304
-1389
-1328
-1111
-881
-613
-374
-226
-209
-356
-717
-1224
-1805
-2494
-3224
-3958
-4495
-4832
-5146
-5281
-5293
-5073
-4459
-3774
-2958
-2086
-1122
31
935
1722
2295
2734
3086
3092
2954
2644
2329
1932
1370
704
-11
-536
-918
-1345
-1597
-1818
-1777
-1569
-1459
-1290
-1177
-905
-690
-637
-693
-832
-947
-1124
-1511
-1981
-2466
-2853
-3229
-3621
-3893
-4047
-3970
-3812
-3606
-3235
-2711
-2035
-1258
-507
267
1115
1947
2717
3291
3767
4169
4431
4562
4485
4249
3948
3529
2983
2305
1586
917
308
-228
-691
-935
-947
-818
-643
-371
-33
295
536
584
404
56
-456
-1112
-1857
-2625
-3333
-4008
-4526
-4845
-5124
-5127
-4973
-4613
-3873
-3073
-2060
-965
126
1329
2235
2984
3587
4077
4548
4603
4466
4158
3789
3363
2745
2025
1254
639
178
-335
-674
-938
-982
-845
-833
-680
-549
-286
-55
-27
-88
-229
-363
-589
-1042
-1575
-2111
-2562
-2996
-3488
-3861
-4128
-4120
-3986
-3794
-3389
-2788
-1986
-1092
-231
644
1570
2466
3269
3847
4303
4681
4938
5017
4885
4587
4237
3782
3207
2528
1818
1172
573
48
-446
-768
-881
-835
-677
-474
-136
306
636
801
706
400
-19
-613
-1323
-2169
-3017
-3823
-4596
-5273
-5692
-5746
-5687
-5335
-4895
-4233
-3210
-2126
-939
209
1227
2271
2982
3478
3754
3844
3921
3663
3295
2750
2260
1756
1165
555
-96
-554
-793
-1000
-1076
-1152
-1045
-733
-537
-244
-77
130
259
164
-30
-359
-699
-1100
-1666
-2305
-2952
-3469
-3906
-4312
-4550
-4665
-4537
-4273
-3917
-3374
-2717
-1937
-1087
-261
559
1438
2217
2935
3494
3910
4277
4478
4588
4555
4363
4134
3784
3362
2898
2356
1884
1362
900
451
152
17
-44
60
231
505
871
1201
1515
1590
1458
1215
679
114
-631
-1444
-2164
-2893
-3485
-4045
-4534
-4757
-4781
-4523
-4197
-3635
-2904
-2034
-913
31
991
1875
2577
3331
3727
3950
4023
3930
3872
3518
3161
2737
2359
2058
1655
1262
879
719
738
667
742
804
1012
1330
1436
1577
1603
1639
1569
1230
775
255
-249
-770
-1449
-2135
-2716
-3133
-3467
-3780
-3923
-3911
-3670
-3327
-2952
-2429
-1816
-1095
-371
276
948
1602
2216
2755
3100
3405
3653
3826
3917
3848
3761
3632
3463
3222
2893
2566
2237
1891
1504
1055
679
362
112
-70
-188
-171
-77
89
235
303
393
354
139
-143
-596
-1105
-1620
-2173
-2678
-3108
-3454
-3702
-3916
-4063
-4077
-3790
-3380
-2940
-2332
-1755
-917
-21
680
1336
1766
2201
2582
2637
2673
2508
2439
2403
2127
1813
1397
1174
924
656
438
215
251
303
287
365
388
626
779
804
835
733
718
525
165
-254
-707
-1071
-1482
-1979
-2447
-2855
-3093
-3308
-3482
-3526
-3478
-3223
-2967
-2651
-2225
-1709
-1127
-554
-35
467
1021
1554
2034
2406
2721
3023
3275
3438
3536
3540
3552
3475
3327
3087
2808
2523
2195
1826
1377
958
578
240
-56
-283
-397
-373
-252
-42
66
180
286
260
108
-167
-568
-1010
-1489
-2016
-2529
-2958
-3304
-3556
-3775
-3973
-4095
-4151
-4062
-3783
-3439
-2954
-2345
-1750
-1024
-470
-22
393
746
1161
1442
1605
1758
1841
1976
1970
1815
1655
1542
1539
1409
1263
1093
965
989
913
816
743
682
718
585
399
216
23
-137
-473
-896
-1338
-1739
-2086
-2502
-2935
-3316
-3561
-3683
-3836
-3899
-3855
-3705
-3445
-3201
-2894
-2497
-2057
-1521
-1070
-667
-158
296
810
1269
1597
2003
2371
2701
3011
3167
3372
3504
3584
3576
3434
3293
3067
2812
2434
2012
1596
1171
784
405
73
-105
-261
-202
-85
15
221
359
490
527
415
251
44
-209
-494
-843
-1146
-1391
-1624
-1872
-2089
-2217
-2315
-2323
-2377
-2364
-2205
-1902
-1550
-1214
-806
-385
187
730
1194
1595
1837
2002
2126
2047
1994
1980
2070
2061
1847
1610
1385
1337
1226
1023
787
627
665
707
670
700
695
803
776
577
376
118
-31
-333
-755
-1195
-1569
-1833
-2125
-2462
-2761
-2947
-3016
-3075
-3134
-3114
-3006
-2766
-2559
-2335
-2049
-1713
-1301
-929
-582
-223
197
639
1045
1391
1743
2119
2501
2830
3080
3298
3484
3640
3687
3647
3531
3372
3141
2800
2374
1931
1496
1049
607
175
-162
-402
-530
-584
-511
-338
-82
204
449
612
724
750
686
558
302
31
-284
-560
-857
-1142
-1332
-1511
-1625
-1687
-1770
-1755
-1717
-1624
-1467
-1261
-891
-618
-257
63
341
766
1043
1252
1432
1549
1751
1769
1739
1785
1778
1930
1902
1891
1850
1832
1930
1867
1811
1657
1505
1433
1228
1030
801
567
422
108
-153
-415
-630
-788
-1081
-1333
-1591
-1778
-1901
-2088
-2242
-2364
-2409
-2378
-2399
-2367
-2303
-2192
-2030
-1914
-1722
-1512
-1267
-996
-759
-485
-166
173
547
885
1216
1588
1976
2362
2697
2996
3242
3452
3598
3650
3648
3560
3416
3186
2844
2479
2083
1683
1271
829
438
121
-98
-229
-292
-208
-58
159
393
620
845
1007
1130
1138
1072
937
708
448
134
-240
-617
-970
-1256
-1486
-1681
-1831
-1898
-1927
-1938
-1969
-1994
-2019
-2079
-2078
-1988
-1872
-1701
-1545
-1404
-1173
-982
-764
-552
-345
-94
165
412
662
937
1254
1486
1630
1694
1727
1783
1721
1614
1394
1174
959
670
369
69
-195
-408
-683
-972
-1231
-1433
-1572
-1769
-1975
-2189
-2332
-2417
-2528
-2648
-2780
-2841
-2850
-2889
-2927
-2932
-2888
-2801
-2747
-2657
-2515
-2319
-2069
-1819
-1541
-1213
-816
-414
4
423
820
1250
1641
2005
2351
2624
2882
3058
3161
3231
3202
3162
3018
2820
2574
2261
1972
1627
1309
951
611
345
84
-100
-250
-326
-293
-254
-133
21
198
427
575
704
736
706
620
429
221
-32
-255
-457
-655
-760
-886
-949
-929
-903
-784
-697
-595
-444
-387
-314
-346
-449
-560
-757
-939
-1077
-1076
-979
-829
-643
-526
-371
-68
245
624
922
1207
1525
1837
2162
2298
2359
2376
2343
2255
2033
1717
1408
1102
806
465
160
-98
-303
-464
-674
-831
-920
-957
-981
-1062
-1172
-1240
-1305
-1399
-1548
-1729
-1897
-2047
-2193
-2370
-2524
-2626
-2671
-2687
-2659
-2566
-2386
-2131
-1828
-1502
-1148
-704
-285
159
576
926
1317
1633
1908
2172
2344
2516
2636
2681
2731
2692
2682
2599
2504
2364
2206
2047
1847
1656
1427
1199
992
772
569
402
229
152
49
13
36
75
172
292
397
465
528
568
568
530
471
380
301
180
70
-64
-186
-247
-319
-354
-362
-382
-387
-389
-435
-450
-514
-599
-700
-834
-964
-1067
-1115
-1165
-1149
-1097
-957
-716
-419
-115
264
609
946
1277
1502
1687
1802
1920
1978
1951
1814
1615
1419
1208
941
640
364
123
-103
-314
-471
-603
-657
-712
-768
-805
-807
-778
-772
-827
-932
-1037
-1160
-1302
-1521
-1775
-2029
-2250
-2457
-2650
-2791
-2865
-2860
-2804
-2694
-2510
-2242
-1921
-1570
-1220
-844
-468
-77
293
616
915
1152
1391
1588
1734
1875
1965
2040
2093
2099
2118
2100
2087
2039
1956
1848
1720
1597
1448
1258
1041
812
597
393
192
32
-131
-214
-267
-285
-261
-198
-78
64
193
317
439
562
666
708
741
747
741
703
606
519
427
335
300
233
174
135
34
-18
-125
-220
-271
-399
-463
-577
-729
-847
-1042
-1129
-1176
-1230
-1170
-1136
-929
-675
-377
-22
266
619
927
1209
1450
1635
1816
1990
2081
2113
2002
1922
1845
1728
1574
1316
1119
908
741
587
423
295
219
119
56
-16
-68
-107
-229
-354
-564
-748
-928
-1150
-1386
-1653
-1914
-2126
-2328
-2493
-2607
-2666
-2633
-2581
-2454
-2278
-2052
-1763
-1467
-1170
-869
-567
-255
40
281
507
683
884
1047
1161
1310
1384
1491
1585
1607
1683
1707
1745
1765
1702
1661
1563
1474
1356
1161
994
746
543
338
105
-58
-258
-368
-465
-547
-546
-539
-452
-336
-241
-82
66
240
382
464
529
534
558
531
479
434
367
316
236
155
103
45
28
8
-39
-45
-71
-98
-117
-171
-246
-314
-400
-502
-598
-725
-826
-899
-947
-960
-928
-837
-663
-412
-108
240
629
1042
1433
1787
1996
2194
2342
2434
2516
2424
2325
2167
1977
1787
1508
1234
979
735
498
265
97
-27
-108
-146
-241
-309
-393
-462
-544
-704
-876
-1090
-1312
-1556
-1837
-2117
-2378
-2617
-2811
-2993
-3087
-3116
-3071
-2947
-2802
-2575
-2305
-1986
-1640
-1303
-968
-638
-323
-34
213
431
628
794
929
1040
1148
1234
1334
1407
1461
1526
1559
1611
1625
1611
1588
1532
1450
1327
1167
980
776
558
318
81
-139
-332
-480
-608
-685
-715
-694
-622
-518
-378
-215
-25
174
363
529
678
801
883
926
932
916
889
843
769
687
614
535
462
392
320
255
185
121
43
-45
-116
-201
-305
-420
-568
-723
-856
-992
-1121
-1237
-1351
-1435
-1488
-1513
-1503
-1483
-1389
-1247
-1041
-725
-388
-17
335
646
940
1211
1462
1645
1805
1925
1953
1930
1868
1790
1675
1550
1406
1261
1135
988
851
740
638
545
442
300
155
-3
-171
-370
-612
-869
-1139
-1394
-1644
-1883
-2091
-2275
-2411
-2506
-2569
-2567
-2520
-2409
-2260
-2088
-1876
-1637
-1375
-1117
-867
-638
-422
-218
-36
126
268
392
512
612
707
788
862
944
996
1046
1065
1071
1079
1051
997
893
772
634
470
289
83
-127
-322
-521
-684
-822
-915
-963
-985
-958
-918
-837
-725
-586
-434
-285
-129
32
178
310
403
482
539
558
556
525
493
454
405
338
268
206
144
79
4
-74
-143
-231
-326
-446
-575
-713
-863
-1010
-1168
-1318
-1456
-1584
-1689
-1798
-1891
-1955
-2000
-1987
-1976
-1905
-1777
-1620
-1405
-1179
-912
-604
-277
53
370
658
937
1183
1392
1555
1690
1805
1866
1896
1884
1849
1807
1747
1677
1594
1501
1426
1348
1255
1167
1070
981
871
735
591
428
269
96
-96
-312
-532
-746
-946
-1131
-1282
-1401
-1486
-1526
-1537
-1508
-1434
-1324
-1200
-1047
-870
-675
-470
-251
-54
136
325
488
670
811
931
1059
1134
1230
1297
1334
1388
1383
1384
1352
1283
1214
1105
999
848
668
491
277
96
-108
-312
-478
-657
-773
-884
-967
-992
-1005
-963
-909
-838
-734
-628
-490
-355
-229
-92
29
166
275
360
439
495
554
595
624
655
673
691
694
682
678
649
616
565
501
435
362
293
217
148
67
-15
-100
-190
-274
-347
-409
-446
-473
-482
-472
-457
-428
-400
-355
-330
-276
-214
-159
-78
-26
50
157
280
434
600
783
997
1193
1396
1560
1700
1809
1894
1973
1975
1966
1909
1808
1702
1546
1376
1197
1006
833
653
484
324
171
33
-111
-240
-369
-494
-609
-743
-879
-1017
-1151
-1280
-1407
-1525
-1629
-1714
-1780
-1820
-1827
-1803
-1732
-1636
-1515
-1359
-1188
-985
-763
-561
-337
-133
52
244
395
536
647
722
805
835
864
882
859
850
788
730
660
581
514
403
302
188
65
-28
-160
-267
-375
-479
-551
-640
-689
-723
-745
-726
-723
-682
-625
-554
-441
-343
-229
-117
-3
127
235
339
429
502
567
599
629
646
649
649
625
599
562
513
465
396
315
239
147
57
-26
-110
-186
-258
-329
-388
-454
-510
-551
-586
-602
-614
-620
-605
-575
-542
-503
-461
-430
-388
-354
-329
-295
-257
-213
-149
-81
-5
102
218
351
507
674
864
1052
1213
1348
1462
1543
1591
1613
1590
1529
1446
1330
1204
1055
871
691
504
327
160
-2
-154
-295
-424
-551
-679
-803
-919
-1033
-1156
-1292
-1422
-1560
-1698
-1823
-1941
-2039
-2118
-2175
-2202
-2203
-2178
-2119
-2026
-1906
-1762
-1598
-1426
-1240
-1062
-878
-697
-541
-381
-259
-150
-51
2
62
84
93
91
50
20
-32
-77
-119
-191
-235
-299
-348
-387
-442
-474
-528
-566
-594
-632
-639
-662
-662
-654
-658
-637
-614
-570
-516
-461
-386
-305
-202
-96
9
119
221
321
412
483
553
606
649
678
681
675
650
618
574
521
457
389
317
245
176
104
48
-8
-48
-84
-121
-137
-151
-162
-163
-162
-160
-144
-140
-128
-116
-110
-97
-92
-88
-88
-84
-78
-86
-94
-120
-138
-134
-150
-144
-129
-111
-55
9
84
189
306
418
519
612
694
771
833
855
863
841
796
753
684
608
516
411
304
194
85
-17
-119
-211
-291
-359
-434
-519
-595
-680
-760
-835
-900
-968
-1024
-1080
-1133
-1158
-1177
-1181
-1163
-1134
-1085
-1014
-933
-833
-724
-611
-479
-342
-205
-59
71
195
313
402
474
533
574
588
589
570
538
508
460
408
353
299
247
202
158
121
91
70
58
38
28
22
21
25
28
38
56
82
110
142
179
227
279
337
392
455
526
593
666
734
798
862
918
960
989
1010
1016
1010
991
959
922
871
821
771
717
672
631
597
569
546
527
510
498
492
485
489
492
498
501
509
521
521
534
532
536
546
550
569
587
613
652
681
710
727
734
731
712
698
671
655
656
652
665
680
693
721
721
730
758
773
789
798
807
822
848
877
894
901
892
857
799
715
625
529
422
320
219
132
59
-12
-79
-142
-201
-249
-291
-336
-379
-417
-456
-490
-523
-548
-574
-588
-599
-603
-598
-587
-562
-538
-492
-442
-386
-325
-254
-174
-96
-15
66
135
189
234
255
269
271
259
237
199
158
114
70
30
-13
-50
-87
-111
-136
-156
-167
-178
-185
-189
-194
-199
-197
-196
-188
-186
-176
-170
-160
-143
-122
-95
-62
-29
4
43
81
125
171
209
242
280
311
338
359
370
377
379
372
363
350
342
333
323
327
328
334
346
364
388
409
442
471
506
545
582
624
664
701
737
773
811
843
887
931
973
1023
1051
1072
1078
1071
1067
1043
1005
953
881
810
739
672
605
538
476
406
345
296
259
249
240
234
226
204
195
184
168
150
119
79
26
-30
-93
-149
-197
-254
-293
-333
-373
-386
-395
-397
-388
-383
-374
-359
-344
-331
-312
-286
-267
-243
-226
-221
-219
-226
-238
-240
-246
-253
-248
-245
-236
-225
-212
-192
-169
-139
-124
-98
-83
-73
-53
-53
-55
-62
-81
-100
-118
-135
-153
-176
-197
-223
-242
-257
-271
-282
-293
-298
-308
-314
-309
-314
-318
-323
-324
-326
-323
-317
-311
-301
-291
-281
-272
-260
-247
-233
-222
-206
-191
-177
-163
-151
-139
-130
-116
-104
-92
-78
-61
-49
-30
-9
7
24
38
55
69
84
98
109
117
124
128
128
127
124
121
120
120
120
120
122
118
118
114
113
107
93
87
79
67
62
56
53
48
44
53
65
71
91
112
130
151
170
199
224
254
291
325
345
364
385
401
403
398
407
411
421
435
449
451
443
439
429
403
372
342
310
281
241
206
165
127
94
52
35
13
5
-6
-18
-23
-40
-46
-50
-56
-61
-77
-85
-99
-111
-118
-135
-137
-155
-165
-176
-198
-211
-224
-232
-236
-240
-240
-242
-243
-242
-234
-239
-245
-246
-257
-266
-269
-282
-292
-293
-304
-304
-313
-319
-320
-316
-304
-299
-289
-274
-257
-238
-221
-202
-182
-162
-142
-125
-110
-94
-82
-71
-68
-62
-52
-51
-48
-48
-44
-44
-39
-37
-39
-33
-29
-24
-13
-7
2
12
18
19
25
26
23
22
20
17
9
5
-2
-10
-17
-24
-29
-33
-35
-30
-25
-16
-11
-9
-4
-5
-6
-13
-19
-32
-40
-49
-62
-69
-76
-80
-84
-84
-82
-76
-73
-55
-36
-17
0
6
7
3
3
-4
-11
-18
-28
-39
-53
-69
-71
-74
-70
-58
-58
-50
-41
-39
-31
-35
-52
-55
-67
-79
-99
-116
-131
-152
-166
-190
-200
-215
-222
-221
-227
-229
-224
-225
-220
-223
-230
-240
-251
-266
-284
-300
-315
-324
-342
-363
-378
-393
-408
-416
-421
-429
-433
-428
-420
-408
-396
-385
-372
-358
-344
-328
-319
-301
-288
-285
-272
-257
-246
-239
-236
-226
-218
-211
-200
-190
-181
-173
-167
-162
-157
-152
-148
-147
-147
-149
-151
-157
-163
-170
-172
-172
-169
-164
-158
-147
-136
-127
-118
-111
-105
-96
-86
-79
-73
-65
-60
-56
-56
-56
-51
-48
-47
-41
-41
-36
-25
-16
-9
-3
4
10
20
24
33
37
43
44
47
50
51
50
53
62
59
58
58
56
47
32
19
6
-10
-25
-36
-51
-67
-78
-94
-109
-123
-131
-143
-154
-163
-168
-168
-170
-167
-164
-157
-147
-142
-137
-131
-126
-123
-123
-120
-123
-125
-124
-122
-123
-119
-119
-113
-110
-110
-117
-131
-140
-149
-156
-162
-165
-172
-177
-185
-186
-187
-190
-194
-199
-198
-199
-196
-189
-179
-166
-156
-144
-127
-115
-100
-85
-74
-72
-70
-68
-68
-65
-68
-62
-60
-59
-64
-69
-86
-99
-108
-113
-114
-124
-125
-123
-118
-104
-91
-83
-73
-67
-59
-59
-66
-73
-86
-94
-110
-121
-130
-143
-156
-164
-176
-185
-195
-200
-206
-204
-203
-198
-193
-191
-181
-177
-170
-163
-157
-152
-151
-152
-154
-156
-164
-165
-169
-178
-180
-184
-190
-198
-199
-198
-194
-191
-185
-185
-180
-170
-162
-152
-143
-138
-133
-126
-120
-113
-105
-97
-89
-78
-74
-68
-59
-53
-46
-39
-31
-23
-16
-7
6
16
20
26
34
40
45
49
58
63
64
68
68
71
74
73
77
80
84
86
86
92
95
99
101
102
106
110
115
116
122
126
127
128
128
129
127
130
131
125
122
115
109
107
100
87
79
65
53
38
26
14
-8
-35
-62
-90
-118
-142
-164
-186
-200
-212
-217
-218
-220
-225
-232
-240
-243
-250
-252
-256
-257
-252
-249
-248
-245
-244
-246
-250
-257
-252
-254
-254
-252
-250
-246
-244
-242
-242
-238
-231
-227
-229
-226
-229
-236
-239
-241
-245
-250
-256
-259
-263
-272
-276
-279
-288
-293
-294
-294
-296
-299
-299
-300
-301
-303
-304
-310
-313
-317
-322
-322
-325
-327
-326
-323
-322
-317
-311
-299
-291
-283
-269
-252
-237
-223
-208
-187
-173
-154
-133
-113
-94
-77
-58
-39
-26
-14
-8
-5
1
1
3
7
4
3
-1
0
-6
-11
-11
-14
-17
-20
-24
-24
-22
-22
-19
-21
-20
-15
-17
-18
-24
-28
-30
-30
-36
-44
-50
-56
-64
-73
-81
-93
-102
-112
-125
-134
-144
-154
-164
-173
-179
-189
-197
-202
-210
-216
-219
-222
-226
-228
-230
-230
-230
-231
-227
-228
-226
-226
-222
-225
-225
-231
-241
-247
-255
-263
-273
-281
-287
-292
-297
-298
-303
-301
-295
-295
-291
-291
-287
-282
-283
-277
-272
-271
-264
-259
-261
-255
-253
-250
-247
-245
-242
-236
-229
-219
-212
-206
-199
-188
-175
-164
-153
-144
-136
-128
-119
-108
-101
-96
-90
-84
-84
-79
-78
-73
-71
-72
-69
-66
-63
-59
-55
-48
-40
-35
-29
-26
-27
-25
-26
-29
-34
-41
-47
-57
-60
-67
-74
-82
-82
-75
-72
-67
-55
-46
-36
-25
-11
-2
8
18
25
32
38
45
45
48
53
54
56
55
56
57
60
58
58
60
59
61
61
62
62
63
59
56
56
56
52
49
52
52
51
54
56
58
63
68
70
75
81
85
87
92
92
93
94
93
88
88
87
82
84
82
84
82
85
90
90
92
97
99
104
104
108
106
108
106
102
97
90
85
77
72
66
60
50
45
44
38
35
33
31
31
29
31
29
28
28
24
24
19
12
8
-2
-7
-9
-22
-27
-26
-29
-33
-38
-38
-39
-42
-42
-43
-41
-41
-46
-49
-49
-51
-51
-56
-64
-66
-66
-68
-71
-72
-70
-69
-66
-61
-58
-57
-51
-43
-41
-38
-33
-31
-28
-24
-22
-16
-19
-19
-18
-21
-20
-25
-28
-33
-37
-43
-47
-47
-48
-54
-53
-57
-62
-62
-61
-62
-65
-63
-63
-62
-65
-70
-70
-69
-73
-77
-77
-83
-84
-90
-94
-98
-105
-106
-110
-114
-118
-125
-130
-132
-129
-132
-135
-139
-136
-136
-134
-134
-137
-138
-137
-135
-135
-130
-128
-127
-125
-119
-118
-116
-113
-105
-103
-99
-89
-83
-76
-66
-60
-52
-47
-39
-33
-27
-19
-16
-12
-12
-7
-6
-10
-8
-8
-6
-7
-9
-7
-7
-8
-7
-8
-5
-5
-4
-5
-2
-1
1
5
6
7
8
10
8
14
10
9
11
8
11
8
13
17
21
19
24
23
24
25
25
25
23
26
28
27
27
29
28
28
28
25
26
23
22
23
21
20
23
26
19
22
24
19
17
16
12
13
11
11
8
5
3
1
2
-2
-8
-9
-9
-8
-8
-8
-9
-9
-7
-6
-3
-2
-7
-4
-1
2
6
11
15
13
17
17
21
23
25
28
32
39
37
42
42
45
47
49
45
47
49
47
49
44
41
42
40
35
34
33
32
30
31
29
27
22
19
16
15
10
4
0
-8
-12
-20
-26
-27
-27
-30
-35
-30
-28
-24
-21
-15
-11
-3
4
14
26
30
39
49
56
60
65
72
78
83
89
94
99
102
107
109
111
117
117
118
121
119
124
124
121
119
120
116
111
107
104
101
97
93
90
89
87
92
92
90
91
95
90
96
103
99
105
107
112
112
114
110
112
112
113
114
116
119
113
116
115
116
118
118
118
118
117
120
121
119
121
120
123
123
120
122
121
121
118
121
120
115
115
116
116
117
117
117
116
114
109
108
109
105
102
99
99
102
103
100
95
96
94
99
97
98
98
99
100
99
94
93
90
91
90
89
87
82
84
84
84
83
84
88
89
94
98
98
104
106
112
110
113
115
115
117
117
116
114
114
118
121
122
126
130
134
135
142
145
147
154
155
160
164
165
169
173
174
173
175
177
179
177
182
183
188
192
189
192
192
195
195
198
199
200
201
197
200
198
199
202
200
203
202
201
206
209
209
215
221
221
224
227
228
231
232
233
233
233
234
232
234
237
231
226
227
221
217
218
216
213
211
210
210
207
204
201
201
200
198
195
193
189
187
188
189
187
186
185
183
183
180
178
178
174
172
168
169
165
161
158
159
161
155
156
152
150
150
150
145
147
150
147
147
145
149
143
140
142
144
143
143
145
147
148
148
148
147
144
149
154
151
152
150
153
152
153
154
152
151
151
148
148
146
143
141
137
138
136
132
133
134
131
131
132
130
130
128
129
128
127
130
128
130
127
128
130
131
133
136
138
143
147
147
154
157
161
161
163
165
166
167
164
165
164
162
160
159
158
155
156
154
152
154
154
153
153
153
152
156
153
156
157
154
154
151
149
146
144
141
139
134
130
127
126
123
122
121
121
119
118
117
108
111
109
103
106
105
106
104
98
93
93
88
86
86
85
84
81
79
78
79
79
80
78
78
76
76
73
76
74
72
75
75
76
77
80
78
81
81
79
81
86
83
89
88
88
89
88
91
86
84
81
80
77
75
75
78
76
73
72
68
71
69
69
70
69
71
71
69
67
61
64
67
62
60
65
62
60
64
62
60
62
64
64
68
69
73
73
75
76
76
77
76
76
78
74
74
74
71
74
72
71
71
75
74
76
75
75
76
77
76
75
76
74
72
73
69
72
70
68
68
66
68
65
67
70
69
71
75
76
77
83
82
81
84
84
83
82
80
80
77
78
77
77
77
76
79
83
83
83
83
82
83
82
81
82
81
78
77
74
75
79
72
69
69
69
69
66
66
69
70
73
76
78
78
74
82
78
76
80
76
74
73
73
72
70
68
67
69
70
69
68
70
70
70
69
72
74
72
72
76
77
77
74
75
72
72
76
74
74
76
74
72
74
72
70
70
74
76
76
79
81
81
83
85
84
85
83
84
88
91
92
88
91
91
95
93
93
97
98
99
101
102
99
102
102
105
106
108
109
109
110
109
111
109
111
114
112
115
113
114
113
111
112
111
113
115
115
115
117
117
118
118
121
119
119
116
115
115
116
120
116
112
113
114
109
108
114
112
111
111
111
110
112
109
113
114
114
112
113
114
112
111
112
110
108
106
106
105
101
99
94
97
96
96
96
95
97
93
92
92
86
90
88
86
91
90
92
91
88
87
85
86
89
85
85
82
81
81
80
80
81
82
80
81
80
76
77
77
73
77
74
76
75
73
72
70
71
65
64
64
61
63
67
66
65
67
66
66
68
69
70
70
68
71
74
74
75
71
71
74
73
75
76
76
79
83
85
83
84
84
88
88
86
88
90
89
84
87
89
85
83
86
87
90
89
90
89
88
88
87
90
90
90
89
91
91
88
89
88
89
85
86
86
87
86
85
88
85
85
84
85
86
84
85
87
90
89
85
90
86
87
87
85
84
81
79
80
77
75
74
72
67
66
66
66
62
62
61
60
59
57
59
60
60
56
55
55
57
56
55
57
55
57
56
54
56
58
57
58
63
68
60
62
65
60
63
61
59
58
60
63
62
60
58
61
65
63
64
64
66
68
68
70
72
72
72
73
72
77
74
75
70
71
73
72
70
72
72
70
74
72
74
72
72
74
75
76
77
79
77
77
77
79
77
76
76
76
81
78
81
83
81
86
85
87
86
86
89
89
93
92
89
92
92
88
90
92
91
91
91
90
90
90
88
90
92
92
91
90
95
92
95
91
91
90
88
88
88
87
85
86
81
81
79
78
77
76
76
75
78
79
78
76
76
79
76
76
76
78
76
74
74
74
75
70
71
71
69
69
69
66
66
64
62
62
63
62
62
60
60
57
59
56
55
56
54
52
48
49
44
43
44
45
46
42
43
42
44
45
39
36
39
40
39
44
45
48
48
45
45
45
44
46
45
45
45
46
42
44
46
45
43
45
44
43
44
41
42
42
41
40
42
39
40
40
41
41
38
38
39
40
39
39
43
44
46
49
45
49
48
47
52
48
50
53
55
51
47
45
41
46
43
40
41
40
42
44
45
45
41
45
47
47
47
46
48
44
46
46
43
43
42
45
45
43
43
43
46
47
44
43
48
44
50
48
45
46
44
45
41
45
43
45
45
42
44
44
44
43
39
39
41
41
42
46
42
47
45
46
44
44
45
43
47
44
44
45
44
44
45
46
48
47
49
50
50
53
56
58
58
61
66
66
64
69
69
64
68
67
69
67
68
68
67
67
67
68
69
68
75
78
73
75
79
77
75
74
71
70
71
75
71
69
70
71
72
72
72
71
72
69
73
73
73
74
77
78
77
78
77
75
77
76
75
74
76
72
77
76
77
77
73
74
72
74
73
73
73
74
74
71
74
73
67
66
67
71
69
70
72
73
69
68
67
67
66
63
65
