-12
-8
-7
-9
-5
-14
-13
-9
-11
-6
1
-1
3
4
-1
2
4
7
3
7
11
7
10
6
1
1
3
6
3
8
14
12
13
12
11
7
8
8
6
9
8
9
2
5
7
-2
-2
-1
1
4
4
3
7
3
-2
-1
1
-6
-5
-7
-5
-4
-4
-3
-6
0
0
-5
-3
-8
-7
-5
-6
-4
-2
-4
0
-1
-3
-6
-6
-7
-11
-5
-9
-3
-2
-7
-3
1
3
-4
-5
-3
-5
-5
-3
0
1
2
3
7
3
5
12
13
13
6
6
6
0
5
3
-3
-4
0
3
0
-1
-2
1
0
-6
-5
-2
-6
-10
-11
-8
-1
-5
-8
-3
-4
0
11
9
5
9
12
8
10
12
7
6
5
8
4
-6
0
0
-2
-2
-1
2
6
3
3
6
-4
-6
-8
-7
-4
-10
-9
-7
-9
-3
3
1
1
-1
-2
3
2
-1
0
0
-5
-2
1
1
4
10
10
9
4
5
10
8
4
5
4
5
0
-4
-1
-5
-6
-3
-5
-8
-6
-7
-4
0
-7
-3
-1
-6
-8
-12
-5
-6
-9
-4
0
-3
-10
-9
-6
-2
0
-1
-7
-5
-2
-5
-1
-2
-4
-5
-5
0
-1
0
5
6
0
0
4
-1
2
9
8
9
9
11
7
7
11
11
9
9
8
6
7
7
6
7
7
6
3
6
2
5
4
3
6
5
11
7
3
3
2
2
-2
-1
0
-4
-1
-1
-4
-10
-14
-12
-11
-13
-8
-4
-1
4
-3
-6
-6
-9
-5
-3
-9
-12
-11
-14
-14
-10
-11
-5
-6
-2
-2
-10
-4
2
3
2
-3
0
0
2
4
-4
0
7
8
10
9
9
5
2
1
-4
-2
4
4
6
9
7
7
4
5
6
5
5
2
5
4
0
3
2
0
2
-4
-5
-5
-7
-7
-2
0
-3
0
0
5
8
5
3
3
7
4
1
0
1
2
3
3
2
3
0
-2
3
5
5
8
5
-2
1
-2
-6
0
-3
-5
-4
-4
0
2
2
0
2
3
2
4
1
-2
-5
-12
-10
-10
-10
-9
-3
-2
-11
-6
-2
-3
1
5
2
-2
-2
-5
0
-1
-10
-10
-10
-9
-7
-6
-1
-2
-3
-4
-3
-3
-7
1
-2
-1
-2
-1
1
-2
3
5
3
4
6
5
8
9
11
15
9
11
10
8
14
8
4
0
1
0
3
7
10
10
7
10
8
11
10
8
4
2
4
-5
-7
-4
-2
-5
-3
3
2
3
1
0
5
2
3
-6
-6
-6
-11
-5
-5
-8
-11
-9
-6
-4
-3
-4
-6
-5
-6
-5
-12
-11
-9
-13
-15
-9
-6
-8
-5
-4
-6
-9
-4
-7
-7
-3
-1
2
-1
0
2
0
2
1
9
2
2
8
5
9
6
4
5
-2
-2
-3
-3
-3
3
6
6
12
9
14
17
16
14
5
9
6
4
4
7
9
6
7
7
10
10
6
7
7
9
1
0
1
-2
6
2
-5
-3
-7
-10
-13
-10
-5
-9
-5
-3
-7
-7
-10
-9
-10
-13
-10
-12
-16
-12
-10
-8
-3
0
-2
2
1
3
2
-5
-4
-3
1
-6
-7
-7
-7
-5
-8
0
1
0
0
6
6
6
8
2
5
6
-1
-3
-1
-1
2
0
0
5
6
11
11
12
15
11
15
18
14
10
9
6
0
1
-4
-7
-4
-2
-2
2
6
4
4
7
3
-4
-4
-4
-14
-12
-5
-9
-7
-9
-7
-3
-4
2
6
4
4
4
8
3
0
1
0
-1
-6
-5
-7
-8
-9
-5
1
-2
-1
-2
-2
-2
-7
-3
-8
-12
-6
-8
-5
-9
-9
-4
-2
1
1
1
6
9
3
6
6
3
2
1
0
2
-1
1
-1
-1
-1
3
3
-4
5
7
7
14
13
13
9
5
6
6
5
4
3
4
2
1
1
5
3
5
11
7
2
0
1
3
0
-1
0
-2
-2
-1
1
-2
-10
-5
1
-2
-5
-5
-6
-11
-13
-12
-16
-17
-18
-16
-14
-13
-12
-7
-5
-6
-4
3
4
2
-3
3
8
5
7
4
6
9
6
4
5
3
5
5
2
2
6
7
6
0
-3
-1
-4
-1
-1
1
3
-2
-3
-5
-5
-3
2
2
3
7
6
8
9
2
2
0
0
4
5
4
1
3
2
1
3
2
5
7
-1
-5
-4
-4
-3
0
1
2
0
-2
0
3
7
6
-1
2
0
-5
-4
-7
-4
-6
-2
6
5
6
7
8
3
0
2
0
0
0
-1
-2
-1
-7
-5
-6
-8
-1
0
-7
-6
-3
-7
-3
-5
2
3
-9
-5
-7
-9
-7
-8
-6
-7
-3
-1
-7
-4
-3
-3
-3
-3
0
0
1
-4
-6
-1
0
4
8
9
8
7
3
5
3
2
6
10
12
9
7
8
10
0
-3
5
4
11
10
7
15
9
9
13
9
3
2
4
4
6
8
2
0
3
2
2
0
-4
-2
-4
-5
-9
-12
-9
-13
-16
-11
-8
-12
-7
-3
-4
-6
-4
1
-7
-6
-4
-10
-13
-11
-5
-8
-6
-2
-5
0
4
3
3
6
7
-1
-1
0
-2
-3
2
2
1
-1
-2
5
2
-3
0
3
2
5
4
1
0
2
-2
-5
-3
-2
3
1
-2
1
6
5
8
11
8
9
6
0
3
7
5
4
5
4
5
4
4
6
7
7
8
6
4
8
7
-1
0
-1
3
1
-1
1
1
-1
-5
2
1
-1
1
0
-1
-3
-5
-10
-11
-16
-14
-11
-14
-13
-11
-3
-8
-14
-11
-6
-6
-10
-8
-1
-1
-3
-4
-6
-4
-9
-11
-5
-6
-5
-1
3
2
-2
0
6
10
9
5
7
7
-4
0
2
-1
4
6
4
5
4
6
7
10
19
15
17
14
13
19
15
6
3
1
1
6
8
8
11
17
13
12
10
6
3
-5
-4
-7
-7
-9
-10
-7
-10
-13
-12
-11
-9
-6
-10
-7
-8
-4
2
-8
-8
-5
-7
-10
-15
-10
-7
-10
-13
-15
-12
-9
-6
-6
-6
-5
-3
1
-1
1
2
-2
1
-2
1
-1
-1
-2
-3
2
4
12
5
3
9
5
0
2
1
-1
3
4
6
5
3
9
10
10
11
16
20
17
14
15
10
5
6
4
0
2
4
3
3
4
7
8
1
1
-4
-4
-1
-5
-3
-5
-7
-8
-10
-4
-4
-5
-5
-8
-11
-13
-8
-7
-4
1
-1
-3
-7
-8
-6
-9
-8
-5
-6
-5
-4
-2
1
1
-1
1
-1
-5
-3
-4
0
-3
-2
1
-2
0
0
2
0
0
8
5
4
0
1
2
-1
0
-1
-1
1
5
6
7
8
4
9
8
4
4
1
0
2
5
2
-2
-3
2
7
7
3
4
7
3
-3
-5
-2
-10
-14
-9
-1
-1
3
10
12
9
7
13
4
2
5
4
1
1
3
0
-4
-4
-3
-7
-5
-1
-6
-5
-2
-4
0
2
-6
-2
-3
-5
-4
-6
-6
-13
-13
-11
-9
-5
-2
-5
-1
4
2
1
-4
-7
-5
-8
-5
0
-6
-3
2
5
5
4
11
11
11
10
3
5
5
0
1
2
1
2
-1
-5
-6
2
5
2
3
7
9
8
9
0
-3
-1
-3
-3
1
4
4
3
3
5
4
3
4
-1
-1
0
3
4
2
4
0
-3
1
-5
0
2
0
3
-3
0
2
4
1
-3
2
0
0
0
-7
-8
-8
-7
-4
-10
-6
2
-6
-1
6
1
-1
-2
-3
-6
-4
-7
-16
-13
-7
-7
-8
-2
-4
-2
-3
-8
0
-1
-1
2
0
2
-1
-6
-4
-4
-4
2
-2
0
2
5
12
14
17
15
15
16
12
12
7
3
-1
-2
4
7
8
7
4
4
5
5
6
7
7
7
0
2
-5
-6
-5
-9
-6
-6
-4
-3
-3
1
1
1
3
2
4
2
-1
-2
0
-4
-12
-11
-10
-13
-11
-7
-8
-15
-12
-9
-6
-8
-8
-10
-14
-6
-7
-11
-7
-5
0
-3
0
3
5
7
7
8
8
7
8
7
6
6
4
4
4
4
9
10
13
14
15
14
9
10
11
15
15
12
7
4
1
-6
-7
-3
1
3
2
-1
-1
1
-1
-4
-6
-8
-6
-4
-7
-9
-6
-9
-8
-8
-7
-5
-6
-7
-4
1
-4
-6
-2
-2
-2
-5
-9
-12
-12
-10
-9
-9
-8
-5
-3
-8
-5
0
3
5
3
3
6
2
3
7
8
3
-1
5
7
8
8
11
11
7
5
3
5
2
0
8
11
6
8
7
6
6
3
3
0
-1
-1
-1
-2
-5
-3
-3
-2
-3
-6
-2
-1
-1
-3
-3
0
2
5
7
7
-2
-3
-3
0
-2
-8
-6
-4
-2
4
1
-2
1
3
1
-7
-2
-1
-7
-1
3
-2
-1
1
2
-1
-4
2
4
4
0
-12
-12
-11
-10
-6
-6
-3
-2
-3
-6
-4
-2
-4
3
7
4
5
5
5
3
-4
-3
-2
-4
-7
-10
-6
-5
-4
-1
4
13
14
15
14
15
14
11
5
3
1
0
1
-7
-5
3
2
1
4
2
4
2
-1
1
1
2
2
1
-2
0
-4
-7
0
-8
-4
-2
-5
2
-2
-7
-3
-7
-7
-3
-2
-8
-5
-2
-4
3
4
9
13
9
9
10
4
4
6
-1
-5
-4
-5
-4
-1
-4
-2
3
1
1
2
1
0
-5
-2
-5
-5
1
0
1
-6
-6
-4
-3
-2
-3
2
4
-1
2
9
6
3
6
5
-2
-3
2
-2
-1
0
-1
-5
-8
-3
-8
-4
-1
-4
4
6
6
6
-1
-4
-7
-4
-4
-3
3
2
0
0
-1
2
5
5
7
5
7
7
4
5
2
3
3
6
5
6
9
4
7
8
5
7
4
1
2
1
-2
-7
-3
-5
-6
-3
-7
-8
-9
-13
-13
-12
-9
-8
-10
-9
-9
-8
-5
-6
-10
-9
-6
-7
-3
2
2
8
7
7
10
2
3
2
1
2
4
7
6
-2
-1
4
3
9
7
4
5
5
14
10
1
1
0
-3
-2
-3
1
3
4
7
5
0
3
8
4
7
7
0
-2
1
2
0
-3
-5
-4
3
2
6
2
-1
4
-2
-3
-6
-4
0
-5
-7
-3
-5
-8
-5
-2
-2
-3
-2
-6
-10
-6
-7
-6
-3
-7
-11
-8
-9
-7
-8
-10
-7
-6
-6
-4
-5
-2
-3
-7
2
6
2
5
8
4
-1
1
9
6
3
8
11
13
14
7
5
10
4
8
7
7
15
7
6
7
7
7
-2
4
1
1
11
5
6
5
3
3
1
1
-3
-4
0
1
-4
-2
2
-6
-4
0
-1
1
0
-7
-9
-12
-15
-14
-11
-10
-6
-6
-5
-3
-6
-2
-4
-1
0
-10
-10
-11
-15
-8
-7
-11
-2
-4
-3
0
0
-1
1
9
4
0
2
-2
-2
-1
-5
5
8
8
17
15
14
12
16
15
12
12
6
6
4
4
5
4
0
2
4
1
1
4
8
10
8
4
5
6
8
4
2
-1
-6
-6
-11
-10
-11
-10
-9
-9
1
-2
-5
-4
-12
-14
-11
-13
-11
-8
-8
-9
-9
-10
-7
-4
-5
-5
-2
1
4
4
10
5
2
4
-2
-1
-5
-2
2
-1
3
3
2
4
5
4
1
4
4
2
8
4
1
0
-6
-5
0
-1
0
0
0
3
5
3
7
7
11
14
9
11
10
7
6
-1
-2
-2
-2
-3
-2
-2
0
4
5
8
12
8
0
0
0
2
0
-3
0
3
-2
-3
-1
-6
-10
-10
-11
-7
-3
-7
-7
-6
-6
-9
-8
-3
-4
-8
-10
-12
-3
-4
-8
1
0
-2
6
2
-1
0
-4
-3
-2
-3
-3
-4
1
0
0
0
1
2
-2
-3
3
1
1
7
6
6
6
4
6
5
3
4
6
6
6
7
5
7
10
5
8
6
2
1
-2
3
3
0
6
5
-2
0
-2
0
1
1
1
-1
-4
-6
-8
-11
-11
-12
-8
-3
-2
2
3
3
5
5
-1
-5
-3
0
-1
-5
-2
-4
-2
7
1
2
2
1
1
-1
4
0
3
1
0
4
2
3
3
3
5
1
2
-1
-3
1
-1
-3
-3
2
1
-4
-8
-5
-9
-11
-7
-8
-9
-5
-4
-5
-3
-2
-4
-7
-6
-7
-3
-4
-3
-2
-5
-1
-3
1
7
7
6
6
7
3
2
-1
-2
5
1
-2
5
5
7
13
10
11
7
5
10
4
10
11
12
6
2
2
3
5
4
10
15
10
7
11
7
8
1
1
2
-5
1
1
-2
-2
-3
-3
-3
-5
-5
-8
-12
-14
-11
-9
-14
-11
-12
-18
-14
-10
-10
-13
-13
-10
-12
-11
-13
-13
-9
-7
-3
2
0
-3
-3
-6
-6
-5
-6
-1
-5
-2
5
3
10
14
14
13
9
10
6
6
12
11
12
11
5
6
6
4
8
7
6
9
10
17
13
12
13
8
11
9
7
8
7
6
3
4
5
-2
3
7
3
3
-2
-1
-3
-7
-4
-9
-15
-12
-12
-15
-11
-9
-10
-11
-11
-9
-12
-10
-12
-12
-9
-17
-14
-7
-12
-7
-4
-4
-1
-1
-5
-7
-7
-8
-8
-3
-3
-7
-7
-5
3
4
-2
3
10
10
9
14
9
7
7
8
5
6
12
10
11
9
10
8
7
6
4
10
10
8
6
5
8
14
14
12
16
19
12
12
6
-4
0
3
-1
-4
-1
-3
-1
0
-9
-4
-3
-3
-3
-7
-9
-12
-10
-15
-19
-16
-17
-13
-7
-8
-5
-8
-8
-9
-11
-15
-14
-9
-13
-13
-13
-11
-5
0
-1
0
-2
-3
0
-3
-1
-2
-5
3
5
4
9
7
4
10
10
10
5
9
16
11
14
22
20
18
12
9
9
6
8
6
2
2
1
-1
0
0
0
4
-1
2
1
1
4
7
5
-5
-4
-8
-11
-6
-8
-1
0
-4
-2
-1
1
-2
-2
-5
-8
-8
-10
-10
-6
-1
-2
-1
0
1
-1
2
7
2
-4
-9
-2
-3
0
-1
-5
-5
-8
-7
-8
-3
-4
-2
-1
0
2
1
2
4
6
2
-3
-4
1
-2
-3
-3
1
4
3
10
6
10
10
2
1
1
2
1
1
2
-3
0
-2
3
8
4
6
3
2
3
2
-9
-4
-1
-6
-1
-2
-2
-1
2
1
1
3
9
11
6
9
11
6
2
-1
-4
-10
-6
-5
1
2
0
2
-2
1
3
0
0
1
-3
-5
-9
-14
-6
-10
-11
-9
-9
-5
-3
2
2
-2
-1
-1
-2
-5
-8
-8
-6
-2
0
2
-1
0
5
1
5
7
7
7
3
-2
0
2
0
-1
-2
1
2
-2
2
4
0
8
7
5
8
5
7
6
8
5
3
7
5
-2
-2
-7
-8
-4
2
9
11
12
9
11
7
3
10
-1
-3
-2
-7
-4
-2
-5
-4
0
-1
-4
-2
-7
-11
-8
-9
-15
-12
-8
-11
-11
-10
-13
-8
-10
-10
-5
-7
-4
2
3
3
-1
-3
-3
-6
-11
-13
-9
-7
0
2
3
7
5
3
2
6
7
12
13
9
11
13
11
5
3
1
3
4
5
4
8
11
11
8
0
2
5
7
5
5
1
0
6
4
4
9
9
5
10
10
11
9
5
5
1
-4
-2
-2
-4
-2
-9
-7
-5
-9
-7
-7
-8
-7
-5
-4
-13
-17
-14
-14
-15
-19
-19
-18
-19
-11
-10
-5
0
-6
-3
-1
6
2
-4
-1
-3
-6
-2
-3
-8
0
6
3
4
4
5
7
5
4
6
4
8
8
3
5
4
3
8
5
10
13
5
7
9
5
7
14
9
5
8
6
9
8
12
9
5
6
8
12
4
3
6
0
1
-1
0
4
-1
-5
-7
-10
-13
-15
-9
-10
-4
1
-3
-2
-3
-6
-8
-13
-12
-11
-10
-8
-10
-11
-12
-9
-7
-10
-5
-10
-9
-8
-10
-11
-10
-6
-4
0
1
4
0
-3
-5
-5
-11
-9
-8
-5
-2
1
4
9
10
12
21
19
16
12
14
15
11
14
12
14
16
13
14
12
8
14
12
6
11
12
6
4
4
2
4
0
8
6
5
4
2
2
-4
-2
-4
-3
-3
-9
-13
-8
-7
-6
-5
-5
-7
-13
-11
-4
-6
-4
-6
-10
-10
-13
-12
-12
-9
-10
-10
1
-5
-9
-5
-8
-15
-16
-12
-13
-10
-4
-2
-3
3
2
-6
-2
2
-3
0
6
3
4
0
3
1
-1
0
-3
4
5
0
-1
5
8
6
2
7
9
8
11
11
7
1
5
-1
1
8
13
13
10
17
15
12
14
21
27
18
11
10
5
4
4
3
4
-2
-1
0
-1
2
3
-3
0
-4
0
4
-2
-2
-5
-7
-9
-7
-13
-7
-2
-9
-6
-10
-11
-9
-6
-3
-9
-9
-5
-7
-14
-15
-12
-13
-15
-14
-9
-6
-6
-5
-3
-8
0
0
-1
2
0
-1
-5
-7
-6
-10
-4
-3
-4
5
4
5
-1
-2
-6
-12
-8
-10
-6
-1
-1
-1
-4
-1
2
2
1
7
12
10
9
9
10
12
15
17
18
15
12
13
14
15
8
10
13
9
14
16
14
17
22
18
22
18
20
13
3
7
1
1
-10
-14
-8
-7
-2
-5
-4
2
-2
-3
-4
-7
-10
-11
-10
-16
-14
-9
-11
-11
-14
-17
-16
-13
-13
-9
-7
-8
-11
-14
-15
-13
-11
-17
-20
-20
-22
-17
-13
-17
-14
-11
-14
-15
-10
-10
-10
-3
1
-1
-2
2
-2
3
9
5
6
14
17
13
21
19
19
25
25
25
22
24
20
20
15
13
20
22
22
21
19
17
16
19
17
14
17
12
8
12
5
5
1
3
7
0
-4
-5
-3
3
-1
-3
-4
-10
-11
-12
-17
-20
-17
-15
-19
-15
-11
-13
-19
-16
-15
-23
-25
-23
-25
-21
-20
-21
-22
-25
-24
-23
-20
-17
-18
-17
-14
-17
-15
-12
-2
2
3
2
2
5
4
3
5
6
6
11
13
18
21
17
17
16
11
10
14
13
13
19
22
22
21
22
27
23
21
20
18
20
19
22
17
9
12
10
18
18
8
12
8
7
11
5
13
14
9
9
2
-3
-8
-11
-14
-11
-16
-21
-12
-18
-16
-10
-10
-12
-19
-22
-23
-30
-24
-22
-28
-23
-22
-21
-17
-11
-21
-28
-18
-19
-20
-20
-19
-16
-21
-17
-11
-15
-9
-2
-6
-5
1
0
-2
-1
4
3
7
11
9
10
16
9
9
14
12
13
16
23
26
24
26
28
32
32
23
21
18
13
14
13
16
13
9
13
9
7
12
12
11
11
9
8
6
1
-2
3
-1
0
-1
-5
0
-5
-6
-4
-8
-13
-11
-5
-8
-6
-6
-6
-8
-13
-15
-13
-16
-22
-19
-17
-20
-10
-6
-7
-1
-6
-5
-4
-8
-11
-11
-17
-16
-13
-14
-17
-17
-13
-10
-9
-10
-6
-2
-4
-1
1
0
-2
-1
2
5
5
8
10
11
16
10
15
22
17
18
15
14
17
14
10
10
7
3
3
0
3
9
1
1
5
9
13
14
12
13
11
2
2
4
-4
-10
-1
-1
1
5
3
5
5
2
3
4
3
5
1
0
0
-5
-2
-2
-8
-7
-7
-5
-9
-9
-8
-11
-9
-11
-12
-13
-12
-13
-14
-12
-13
-15
-10
-14
-17
-13
-13
-9
-12
-8
-4
-9
-2
4
5
7
9
5
0
5
7
4
6
9
12
13
11
9
10
14
10
11
12
8
4
8
6
-3
0
0
0
6
4
-3
-1
4
5
3
4
15
11
6
3
5
2
-2
4
3
4
6
4
2
6
12
12
7
8
2
2
2
-10
-6
-1
-4
-6
-6
-8
-10
-7
-13
-13
-7
-7
-5
-6
-2
-6
-10
-10
-9
-9
-10
-13
-14
-13
-9
-10
-11
-8
-6
3
7
-1
-1
1
-3
-10
-5
-5
-8
-1
-2
-2
1
0
-3
-1
-4
-4
-1
-2
3
4
7
6
7
15
11
7
9
9
6
6
2
8
10
7
9
8
8
14
16
11
10
18
16
17
19
19
15
13
14
10
4
4
4
3
1
-3
3
4
-1
2
2
-1
-4
-11
-11
-11
-14
-16
-16
-14
-14
-15
-13
-9
-9
-5
-2
-6
-9
-11
-6
-9
-14
-15
-20
-18
-15
-12
-10
-14
-10
-5
-5
-6
-7
-4
-3
-4
-6
-7
-10
-14
-12
-7
-7
-12
-7
1
-1
4
8
12
15
15
18
16
15
15
16
13
11
11
9
10
17
19
17
20
21
23
20
18
21
19
18
17
13
13
8
6
2
-3
-3
2
1
0
2
0
2
0
0
-1
-12
-13
-17
-13
-14
-16
-11
-13
-13
-10
-10
-8
-7
-13
-13
-13
-12
-9
-15
-25
-17
-8
-10
-9
-6
-6
-6
-5
-6
-6
-8
-8
-2
-1
-3
-7
-6
-4
-4
0
1
2
3
2
11
13
13
18
16
16
17
19
20
16
14
8
5
3
4
6
3
3
7
7
5
5
8
9
8
7
-2
1
5
1
-1
-1
2
-1
-1
-4
-7
-3
1
-4
-2
6
-2
-2
-4
-11
-10
-9
-8
-10
-7
-8
-9
-3
-4
-4
-4
-8
-4
-6
-6
-2
-5
-1
-2
-7
-6
0
-4
-11
-5
-3
-4
-3
-4
-4
-6
-6
4
8
6
1
8
15
10
9
13
13
10
10
7
10
9
5
6
2
4
5
0
1
4
6
2
-1
3
6
2
0
-1
3
6
2
2
4
-3
-5
4
4
-1
-2
-1
-3
-1
2
-1
-4
-2
-3
-4
-7
-6
-4
-12
-11
-5
-3
-9
-13
-8
-10
-10
-8
-7
-4
-4
-9
-9
-2
-5
-4
-8
-9
-15
-7
-2
-5
-1
-5
-1
-5
-6
-1
2
6
4
10
13
6
8
11
9
11
11
12
12
9
9
8
7
3
11
11
9
13
10
3
5
0
-1
4
-2
4
4
0
5
0
0
3
-1
6
8
-3
3
9
3
-1
0
3
3
0
-5
-2
8
-2
-10
-6
-4
-9
-10
-5
-3
-10
-10
1
0
-3
-4
1
0
-14
-10
-3
-10
-18
-13
-8
-12
-13
-7
-4
-8
-12
-5
1
-4
-9
-3
5
-2
-3
4
0
-3
-1
10
10
1
4
4
9
6
5
9
3
-1
0
-1
-3
-4
-4
-6
-5
-4
2
4
7
9
9
10
12
16
16
11
14
6
-3
2
2
4
1
-4
2
3
10
9
4
12
9
8
6
6
8
1
1
-1
-1
3
-1
-4
1
-2
-8
-6
-4
-5
-3
-2
-3
-3
-6
-8
-6
-10
-12
-10
-9
-9
-10
-5
-2
-9
-6
-4
-5
-5
-8
-8
-11
-8
-5
-4
1
-5
-4
-2
-4
-5
-5
-2
-4
-3
-5
-4
2
1
2
3
5
6
6
3
2
2
4
-2
-2
8
7
7
5
7
13
8
9
12
14
13
9
13
10
10
6
-2
5
10
16
14
14
17
10
7
5
8
2
-4
-3
-1
-4
-8
-8
-4
-1
-8
-4
-1
-4
-8
-8
-4
-11
-15
-13
-18
-18
-21
-21
-17
-24
-18
-12
-10
-10
-8
0
-1
-2
-3
1
-5
-10
-8
-6
-3
-2
1
2
-1
3
3
1
7
12
14
9
1
3
2
-1
4
5
2
10
14
14
16
20
22
21
18
19
21
14
4
6
9
4
0
5
0
1
5
9
13
8
8
4
0
-2
-1
5
4
-3
-4
-7
-12
-12
-11
-10
-16
-13
-6
-11
-14
-14
-17
-14
-13
-14
-15
-18
-16
-9
-14
-14
-2
3
-3
-5
-2
-3
-1
1
-3
-2
-1
-1
-3
-6
-5
-6
-9
-8
0
1
2
3
10
10
3
9
14
10
10
9
4
2
11
13
6
4
5
7
1
5
10
2
1
0
-2
-5
-1
7
7
8
2
7
10
8
6
3
7
10
3
3
5
-1
-4
-8
-7
-1
0
4
3
2
8
11
6
4
-2
-3
1
4
1
3
6
-1
0
3
7
5
8
13
6
2
7
5
-5
-17
-20
-14
-13
-19
-11
-9
-11
-10
-9
-14
-13
-11
-16
-15
-21
-22
-24
-24
-23
-20
-11
-14
-9
-6
-11
-6
-3
-1
-5
4
6
6
6
1
1
1
0
-1
5
10
8
7
14
20
19
21
23
27
25
18
21
17
9
3
4
8
4
3
0
0
-1
3
8
11
13
6
4
2
-3
-2
-4
-5
-7
-4
1
6
13
16
9
7
14
14
12
6
5
11
8
8
8
6
5
11
12
12
15
19
20
14
11
1
-1
-2
-11
-19
-19
-18
-26
-30
-32
-37
-40
-50
-49
-45
-52
-52
-49
-53
-54
-48
-47
-44
-37
-32
-23
-19
-18
-11
-7
0
6
10
14
13
18
19
19
19
21
23
18
18
18
18
17
22
24
22
27
32
34
38
46
47
48
52
49
45
45
37
36
37
37
36
36
41
38
32
25
20
18
11
8
7
2
-11
-19
-17
-22
-23
-30
-27
-17
-22
-23
-17
-11
-13
-14
-11
-7
-4
-10
-5
0
1
2
2
10
6
0
1
1
-3
-13
-20
-31
-37
-59
-73
-89
-94
-120
-122
-198
-304
-285
-296
-266
-255
-318
-291
-237
-177
-108
-74
-15
61
136
194
286
433
515
595
665
765
983
1050
1067
1126
1102
1162
1125
987
857
612
394
221
33
-197
-413
-517
-572
-595
-616
-546
-376
-273
-213
-105
63
169
165
186
269
333
317
325
455
580
624
642
707
829
803
629
464
272
-32
-461
-864
-1213
-1562
-1937
-2322
-2428
-2413
-2394
-2220
-2005
-1682
-1325
-970
-533
-151
121
370
650
867
969
1060
1236
1405
1491
1589
1795
1999
2066
2087
2181
2220
2039
1722
1446
1128
549
-206
-872
-1450
-2197
-3069
-3740
-4135
-4550
-5036
-5259
-5110
-4877
-4770
-4516
-3920
-3255
-2762
-2267
-1531
-716
-59
546
1345
2251
2986
3565
4211
4917
5378
5518
5571
5617
5407
4816
4175
3681
3091
2231
1392
942
678
215
-316
-446
-257
-340
-708
-707
-292
-247
-746
-942
-488
-247
-624
-706
-73
343
95
118
890
1438
1222
1033
1347
1490
1056
587
433
185
-468
-1219
-1706
-1952
-2282
-2829
-3290
-3390
-3399
-3702
-3979
-3783
-3515
-3705
-3925
-3580
-3057
-2925
-2793
-2147
-1375
-946
-508
345
1244
1775
2143
2660
3156
3355
3356
3383
3419
3278
2952
2660
2537
2468
2275
2047
1981
2030
1960
1724
1512
1396
1146
534
-248
-873
-1417
-2216
-3177
-3824
-4113
-4460
-4880
-4894
-4412
-3915
-3618
-3162
-2399
-1664
-1180
-725
-112
488
924
1304
1811
2441
3016
3478
3918
4350
4642
4707
4611
4405
3987
3364
2662
1883
1066
371
-157
-710
-1288
-1532
-1436
-1480
-1670
-1467
-926
-776
-1009
-827
-233
-92
-416
-325
235
429
207
389
1029
1368
1272
1346
1714
1866
1580
1227
1044
760
137
-634
-1209
-1604
-2176
-2946
-3475
-3646
-3885
-4356
-4628
-4494
-4396
-4570
-4587
-4173
-3719
-3494
-3152
-2433
-1613
-971
-309
614
1595
2331
2918
3601
4263
4622
4719
4816
4896
4696
4279
3942
3713
3352
2899
2627
2547
2400
2186
2134
2160
1990
1620
1232
799
102
-812
-1699
-2530
-3425
-4339
-5025
-5393
-5585
-5680
-5545
-5100
-4508
-3971
-3454
-2790
-2059
-1519
-1142
-656
-16
540
980
1574
2348
3031
3560
4081
4556
4778
4736
4532
4104
3390
2556
1758
861
-172
-968
-1336
-1641
-2072
-2191
-1751
-1302
-1224
-993
-241
363
279
166
636
1081
869
599
909
1273
1150
1039
1460
1953
1986
1828
1862
1955
1809
1368
826
321
-258
-1065
-1943
-2473
-2742
-3253
-3944
-4217
-4082
-4117
-4333
-4212
-3842
-3780
-3929
-3726
-3180
-2777
-2501
-1960
-1182
-455
248
1150
2167
2991
3553
4013
4405
4587
4527
4349
4075
3629
3026
2499
2134
1747
1350
1152
1156
1136
1097
1267
1580
1734
1677
1606
1497
1114
455
-264
-952
-1708
-2592
-3420
-3988
-4306
-4501
-4600
-4426
-3982
-3573
-3320
-3008
-2545
-2197
-2060
-1886
-1540
-1202
-906
-394
382
1238
2032
2770
3472
4061
4445
4570
4426
4080
3527
2669
1633
774
191
-425
-1197
-1698
-1659
-1501
-1568
-1387
-591
116
55
-78
542
1198
959
504
796
1152
694
231
739
1463
1397
1149
1587
2204
2239
2039
2116
2107
1595
813
140
-359
-880
-1637
-2489
-3026
-3224
-3528
-4007
-4110
-3842
-3892
-4295
-4280
-3774
-3546
-3652
-3327
-2550
-2033
-1701
-911
211
1040
1594
2321
3125
3594
3795
3993
4135
4001
3669
3344
3012
2646
2271
1910
1604
1373
1221
1143
1147
1233
1371
1548
1740
1811
1723
1589
1373
872
122
-622
-1327
-2180
-3146
-3873
-4277
-4594
-4915
-5031
-4837
-4569
-4415
-4283
-4005
-3662
-3458
-3346
-3068
-2549
-1986
-1433
-678
350
1390
2258
3100
3975
4640
4916
4951
4846
4491
3870
3155
2457
1775
1210
814
493
240
260
503
644
672
892
1199
1135
819
760
903
713
293
221
420
418
316
606
1111
1293
1246
1381
1613
1585
1351
1146
904
463
-75
-526
-885
-1279
-1768
-2290
-2751
-3111
-3472
-3878
-4250
-4547
-4864
-5223
-5392
-5260
-4996
-4707
-4249
-3509
-2615
-1664
-600
559
1618
2436
3090
3637
4026
4202
4168
3980
3719
3438
3174
2958
2792
2658
2513
2317
2148
2070
2012
1878
1696
1582
1548
1503
1363
1183
1012
700
149
-525
-1144
-1774
-2583
-3458
-4146
-4616
-5009
-5310
-5370
-5205
-4947
-4663
-4313
-3855
-3321
-2794
-2326
-1818
-1190
-515
152
882
1716
2549
3313
4020
4651
5139
5440
5545
5402
5079
4672
4112
3309
2482
1841
1182
383
-220
-424
-612
-988
-1148
-889
-644
-668
-559
-139
166
148
164
394
548
467
361
416
553
601
585
694
933
1087
1028
936
966
841
343
-247
-708
-1312
-2223
-3089
-3688
-4267
-4968
-5495
-5648
-5686
-5729
-5560
-5102
-4569
-4062
-3438
-2648
-1819
-1062
-351
414
1208
1896
2439
2976
3561
3993
4183
4349
4601
4703
4513
4274
4152
3909
3411
2902
2557
2186
1667
1189
927
805
681
597
673
927
1176
1279
1326
1365
1241
773
87
-578
-1316
-2260
-3214
-3937
-4480
-4970
-5251
-5196
-4964
-4716
-4404
-3981
-3555
-3214
-2929
-2682
-2418
-2083
-1730
-1328
-709
155
1040
1845
2751
3778
4588
5022
5315
5558
5495
4993
4298
3662
2987
2119
1177
450
39
-334
-786
-971
-727
-426
-391
-320
111
499
415
191
267
341
23
-371
-382
-182
-154
-133
223
783
1191
1426
1690
1959
1958
1583
1010
395
-339
-1333
-2429
-3333
-4045
-4758
-5383
-5652
-5604
-5528
-5413
-5036
-4454
-3924
-3454
-2834
-2098
-1432
-819
-96
717
1453
2114
2810
3502
4060
4444
4745
4981
5040
4883
4626
4372
4018
3489
2922
2469
2039
1478
931
565
277
-118
-504
-684
-733
-826
-925
-844
-602
-385
-245
-76
130
225
70
-209
-493
-867
-1421
-2061
-2597
-3042
-3489
-3850
-3977
-3940
-3904
-3816
-3570
-3252
-2990
-2742
-2411
-2027
-1683
-1308
-771
-103
593
1312
2115
2975
3743
4362
4905
5327
5472
5314
4996
4569
3911
3044
2215
1519
823
125
-320
-424
-445
-513
-450
-187
-4
-91
-238
-296
-478
-947
-1432
-1658
-1764
-1924
-1952
-1606
-1060
-621
-192
412
1003
1264
1244
1181
1020
553
-149
-782
-1291
-1878
-2511
-2922
-3043
-3092
-3168
-3100
-2815
-2523
-2361
-2172
-1836
-1493
-1278
-1068
-678
-193
227
669
1279
1965
2533
3012
3532
4021
4276
4300
4245
4090
3721
3180
2636
2139
1603
1053
634
390
206
31
-93
-157
-245
-406
-596
-754
-900
-1062
-1180
-1159
-989
-747
-469
-163
125
301
283
91
-234
-740
-1454
-2287
-3117
-3881
-4549
-5060
-5312
-5316
-5150
-4818
-4294
-3625
-2932
-2287
-1662
-1034
-483
-48
398
955
1577
2151
2741
3493
4330
5023
5515
5956
6312
6310
5883
5294
4693
3867
2725
1599
773
73
-678
-1252
-1385
-1290
-1310
-1311
-1061
-727
-661
-805
-845
-820
-1003
-1329
-1451
-1314
-1169
-1049
-698
-56
591
1071
1531
2049
2402
2388
2139
1852
1430
706
-155
-886
-1504
-2168
-2811
-3182
-3311
-3409
-3479
-3369
-3097
-2874
-2743
-2555
-2266
-2008
-1812
-1533
-1109
-638
-159
399
1047
1677
2209
2636
2967
3153
3124
2920
2604
2206
1741
1271
881
587
384
264
243
305
356
347
292
179
-41
-357
-695
-983
-1230
-1435
-1480
-1311
-974
-523
38
660
1187
1507
1644
1616
1359
813
84
-672
-1456
-2256
-2934
-3288
-3344
-3282
-3113
-2721
-2163
-1673
-1338
-1034
-705
-541
-606
-669
-530
-276
-37
336
1042
1941
2727
3432
4270
5063
5426
5381
5233
4970
4274
3190
2166
1315
331
-796
-1630
-1993
-2256
-2586
-2647
-2299
-1927
-1776
-1563
-1105
-709
-625
-607
-373
-87
25
134
510
1048
1470
1804
2277
2846
3183
3175
3031
2846
2372
1480
446
-482
-1457
-2643
-3749
-4460
-4923
-5373
-5666
-5548
-5178
-4852
-4530
-3990
-3322
-2823
-2463
-2013
-1432
-916
-506
-11
645
1305
1843
2379
3021
3620
3977
4152
4305
4379
4210
3826
3418
3035
2539
1921
1384
1011
666
224
-175
-411
-626
-992
-1401
-1661
-1833
-2078
-2311
-2267
-1959
-1594
-1138
-418
511
1381
2072
2705
3241
3447
3255
2825
2239
1414
361
-716
-1643
-2474
-3213
-3723
-3945
-3997
-3985
-3855
-3590
-3329
-3170
-3031
-2827
-2626
-2467
-2215
-1737
-1108
-425
385
1387
2434
3335
4102
4785
5266
5383
5187
4824
4304
3547
2656
1824
1105
438
-154
-516
-596
-561
-507
-345
-76
160
253
281
317
261
60
-168
-288
-313
-317
-254
-26
310
627
913
1212
1428
1439
1221
846
341
-334
-1135
-1943
-2696
-3397
-3996
-4413
-4603
-4621
-4519
-4294
-3948
-3544
-3150
-2751
-2331
-1924
-1536
-1155
-718
-212
329
899
1500
2130
2717
3223
3659
3991
4185
4210
4067
3806
3442
2984
2451
1914
1408
908
422
13
-263
-482
-696
-854
-929
-966
-1003
-969
-799
-563
-318
-4
449
976
1467
1910
2322
2602
2611
2367
1976
1409
583
-431
-1454
-2416
-3363
-4192
-4738
-4990
-5094
-5085
-4871
-4478
-4085
-3799
-3515
-3202
-2990
-2901
-2751
-2379
-1859
-1264
-472
635
1938
3207
4438
5685
6761
7407
7613
7566
7247
6475
5378
4275
3260
2172
1093
343
-61
-389
-698
-776
-647
-630
-823
-1002
-1101
-1348
-1804
-2195
-2346
-2414
-2480
-2336
-1835
-1159
-503
203
1058
1870
2390
2607
2668
2521
2000
1158
232
-675
-1664
-2693
-3534
-4074
-4428
-4683
-4720
-4492
-4169
-3863
-3519
-3085
-2664
-2349
-2062
-1718
-1320
-914
-466
106
765
1432
2099
2760
3361
3826
4146
4322
4317
4132
3819
3429
2963
2456
2001
1619
1282
1005
814
702
598
439
256
64
-205
-529
-838
-1077
-1242
-1339
-1302
-1069
-691
-254
218
715
1145
1396
1425
1285
967
407
-365
-1221
-2058
-2883
-3664
-4283
-4678
-4930
-5063
-5028
-4824
-4530
-4223
-3865
-3409
-2918
-2412
-1816
-1067
-200
731
1738
2842
3984
5045
5985
6773
7327
7587
7536
7207
6618
5798
4817
3747
2647
1595
642
-156
-793
-1285
-1622
-1821
-1905
-1926
-1925
-1915
-1910
-1937
-1977
-1991
-1956
-1852
-1661
-1355
-928
-405
185
806
1411
1937
2295
2458
2422
2146
1628
918
64
-880
-1870
-2829
-3690
-4417
-4988
-5400
-5633
-5685
-5588
-5343
-4970
-4490
-3922
-3276
-2576
-1825
-1028
-218
587
1376
2134
2849
3508
4092
4592
4992
5265
5416
5449
5360
5150
4819
4384
3861
3275
2641
1986
1330
684
56
-552
-1119
-1631
-2096
-2492
-2797
-2999
-3058
-2954
-2668
-2201
-1565
-789
56
891
1633
2225
2579
2633
2401
1898
1154
218
-806
-1818
-2756
-3555
-4151
-4499
-4649
-4654
-4508
-4248
-3941
-3650
-3385
-3095
-2787
-2498
-2161
-1671
-1002
-207
682
1733
2943
4149
5222
6204
7080
7690
7874
7706
7356
6745
5776
4600
3459
2371
1198
48
-828
-1392
-1884
-2373
-2629
-2608
-2551
-2616
-2617
-2439
-2303
-2360
-2422
-2253
-1966
-1744
-1468
-910
-152
549
1184
1910
2613
2983
2977
2744
2328
1564
419
-826
-2014
-3196
-4366
-5299
-5830
-6079
-6167
-6015
-5536
-4881
-4239
-3581
-2826
-2073
-1442
-881
-253
424
1033
1609
2282
3019
3694
4315
4924
5488
5872
6046
6070
5943
5605
5046
4342
3569
2729
1841
997
236
-426
-1007
-1509
-1907
-2206
-2437
-2645
-2804
-2887
-2893
-2822
-2646
-2337
-1870
-1277
-610
119
876
1559
2075
2386
2470
2309
1850
1149
299
-634
-1596
-2508
-3267
-3825
-4203
-4429
-4476
-4350
-4140
-3916
-3665
-3354
-2987
-2609
-2190
-1611
-870
-48
819
1817
2938
4019
4939
5722
6434
6932
7049
6865
6548
6061
5270
4277
3330
2501
1629
704
6
-388
-718
-1125
-1415
-1447
-1482
-1760
-2098
-2254
-2397
-2782
-3222
-3379
-3295
-3247
-3142
-2676
-1878
-1097
-422
377
1257
1874
2073
2052
1937
1524
712
-244
-1094
-1899
-2769
-3530
-3953
-4102
-4179
-4166
-3916
-3486
-3083
-2747
-2329
-1834
-1398
-1034
-600
-26
579
1168
1840
2654
3495
4224
4891
5540
6036
6240
6191
5996
5597
4897
3987
3065
2156
1170
196
-559
-1066
-1490
-1881
-2067
-2032
-2027
-2167
-2277
-2256
-2291
-2514
-2697
-2603
-2351
-2120
-1771
-1072
-143
683
1369
2108
2796
3081
2894
2481
1948
1087
-144
-1392
-2424
-3356
-4259
-4941
-5208
-5175
-5058
-4825
-4358
-3759
-3224
-2773
-2269
-1697
-1176
-681
-76
689
1506
2341
3274
4278
5213
6005
6674
7199
7461
7403
7098
6588
5846
4893
3838
2775
1723
723
-151
-878
-1486
-1972
-2332
-2613
-2851
-3055
-3222
-3387
-3574
-3743
-3817
-3786
-3702
-3497
-3110
-2569
-1955
-1279
-521
243
883
1354
1691
1847
1747
1426
942
360
-302
-1014
-1659
-2171
-2549
-2815
-2946
-2902
-2742
-2539
-2300
-2005
-1692
-1418
-1153
-839
-473
-65
414
983
1637
2328
3032
3730
4358
4849
5164
5274
5171
4865
4370
3721
2975
2203
1460
777
180
-286
-616
-847
-1012
-1118
-1192
-1292
-1462
-1686
-1913
-2145
-2367
-2498
-2472
-2245
-1849
-1283
-523
363
1232
1977
2567
2931
2972
2649
2022
1170
115
-1067
-2247
-3280
-4102
-4707
-5063
-5143
-4979
-4652
-4221
-3697
-3151
-2643
-2192
-1774
-1359
-956
-517
7
628
1334
2119
2989
3903
4760
5511
6120
6519
6651
6503
6098
5439
4557
3519
2417
1323
264
-662
-1379
-1911
-2281
-2488
-2505
-2412
-2314
-2206
-2089
-2023
-2069
-2170
-2244
-2294
-2344
-2324
-2142
-1801
-1369
-845
-200
491
1113
1612
1986
2219
2235
1991
1572
1049
423
-303
-1018
-1599
-2054
-2404
-2618
-2626
-2479
-2288
-2045
-1722
-1383
-1118
-903
-665
-404
-166
73
401
828
1288
1775
2314
2890
3413
3802
4074
4245
4245
4035
3654
3172
2611
1926
1193
526
-73
-644
-1164
-1529
-1757
-1960
-2137
-2211
-2204
-2220
-2269
-2248
-2118
-1961
-1760
-1407
-874
-263
380
1078
1793
2384
2737
2895
2839
2479
1786
891
-87
-1184
-2356
-3410
-4195
-4758
-5166
-5341
-5183
-4794
-4363
-3902
-3310
-2653
-2104
-1676
-1197
-614
-64
422
1015
1815
2654
3404
4174
5015
5742
6158
6344
6417
6243
5677
4829
3947
3005
1875
672
-319
-1040
-1700
-2298
-2586
-2534
-2423
-2393
-2256
-1922
-1672
-1688
-1766
-1700
-1656
-1813
-1952
-1793
-1442
-1124
-724
-25
844
1588
2156
2727
3232
3369
3104
2673
2161
1409
410
-537
-1265
-1898
-2527
-2951
-3015
-2921
-2879
-2791
-2514
-2221
-2120
-2118
-1985
-1780
-1684
-1588
-1269
-746
-199
363
1099
1969
2732
3319
3854
4330
4567
4487
4228
3880
3345
2590
1776
1061
399
-279
-854
-1196
-1346
-1439
-1469
-1351
-1161
-1053
-1046
-1043
-1037
-1111
-1275
-1397
-1390
-1294
-1145
-853
-335
302
860
1308
1706
1972
1932
1532
944
229
-706
-1827
-2896
-3725
-4350
-4823
-5027
-4868
-4444
-3896
-3241
-2459
-1655
-988
-462
-5
387
677
935
1251
1650
2104
2603
3196
3841
4444
4915
5248
5409
5313
4934
4333
3589
2681
1648
614
-320
-1112
-1767
-2191
-2326
-2242
-1988
-1583
-1042
-456
47
435
713
832
754
520
226
-73
-371
-610
-721
-654
-453
-189
140
490
752
833
733
488
73
-523
-1216
-1895
-2510
-3035
-3421
-3591
-3547
-3343
-3008
-2585
-2120
-1672
-1317
-1061
-875
-789
-788
-798
-743
-604
-365
17
578
1282
2052
2843
3633
4335
4847
5147
5210
5010
4565
3923
3137
2249
1354
555
-115
-656
-1020
-1142
-1101
-1000
-846
-626
-441
-427
-556
-726
-941
-1281
-1672
-1912
-1948
-1914
-1784
-1402
-810
-280
86
415
704
710
297
-279
-855
-1574
-2511
-3380
-3868
-4118
-4336
-4352
-3917
-3194
-2543
-1931
-1121
-243
345
664
1024
1421
1602
1591
1711
2012
2238
2366
2654
3132
3486
3617
3749
3913
3827
3414
2918
2480
1923
1133
401
-54
-421
-824
-1052
-935
-660
-459
-197
275
768
1024
1116
1260
1344
1150
775
473
237
-132
-579
-863
-977
-1093
-1274
-1365
-1319
-1339
-1498
-1688
-1863
-2087
-2438
-2804
-3067
-3274
-3456
-3542
-3440
-3173
-2860
-2482
-1983
-1413
-872
-408
47
494
853
1116
1369
1665
1948
2193
2466
2800
3149
3448
3710
3958
4138
4201
4140
3954
3656
3229
2678
2080
1468
857
275
-247
-662
-966
-1205
-1376
-1477
-1542
-1620
-1732
-1864
-2029
-2219
-2404
-2546
-2624
-2614
-2460
-2160
-1746
-1245
-662
-88
358
657
804
764
472
-33
-612
-1225
-1882
-2506
-2930
-3096
-3096
-2964
-2644
-2132
-1570
-1069
-630
-215
105
234
258
300
376
442
571
868
1306
1805
2348
2969
3595
4086
4402
4588
4625
4415
3973
3431
2843
2159
1415
756
268
-113
-416
-546
-456
-249
-35
223
564
854
956
917
815
595
165
-399
-933
-1423
-1943
-2421
-2707
-2801
-2824
-2795
-2647
-2387
-2160
-2034
-1937
-1841
-1818
-1904
-2019
-2065
-2052
-2035
-1953
-1723
-1386
-1016
-617
-160
321
736
1056
1324
1555
1687
1714
1724
1752
1768
1788
1870
2022
2207
2378
2546
2704
2792
2778
2663
2461
2167
1780
1321
847
387
-45
-434
-766
-1031
-1229
-1374
-1491
-1587
-1675
-1761
-1876
-2031
-2173
-2273
-2354
-2395
-2331
-2119
-1794
-1402
-902
-294
325
845
1245
1552
1708
1617
1316
904
415
-185
-846
-1417
-1826
-2108
-2302
-2343
-2204
-1968
-1725
-1475
-1200
-948
-786
-697
-609
-504
-401
-256
-8
364
811
1326
1948
2616
3254
3803
4253
4573
4690
4587
4302
3870
3288
2594
1882
1217
635
157
-191
-372
-405
-350
-228
-52
114
202
189
68
-177
-549
-1002
-1485
-1976
-2412
-2756
-2983
-3049
-2962
-2746
-2433
-2048
-1644
-1280
-982
-779
-679
-667
-736
-841
-942
-1021
-1034
-960
-803
-575
-301
-4
278
521
700
799
815
749
637
497
351
253
223
262
397
601
862
1171
1489
1791
2045
2221
2317
2323
2235
2060
1807
1517
1196
860
529
229
-26
-241
-414
-554
-674
-796
-930
-1088
-1267
-1458
-1653
-1821
-1938
-1965
-1889
-1703
-1390
-963
-472
22
484
871
1136
1228
1148
905
525
26
-547
-1092
-1559
-1916
-2163
-2285
-2283
-2175
-1996
-1792
-1596
-1423
-1292
-1217
-1172
-1110
-1004
-821
-545
-168
315
902
1568
2265
2930
3514
3974
4264
4364
4277
4009
3593
3076
2503
1933
1426
1032
758
604
558
608
701
766
797
770
642
385
25
-395
-864
-1358
-1809
-2161
-2415
-2571
-2612
-2514
-2309
-2053
-1764
-1464
-1192
-993
-859
-780
-743
-768
-829
-868
-877
-843
-776
-654
-476
-299
-152
-37
39
56
-24
-169
-325
-490
-657
-770
-780
-677
-498
-236
117
525
942
1346
1716
2020
2239
2370
2408
2372
2281
2148
1976
1762
1563
1390
1211
998
779
587
362
64
-277
-598
-933
-1348
-1773
-2114
-2359
-2564
-2706
-2660
-2409
-2081
-1707
-1186
-527
101
574
977
1336
1535
1477
1225
923
539
6
-582
-1060
-1403
-1694
-1939
-2033
-1969
-1879
-1816
-1723
-1572
-1461
-1435
-1397
-1288
-1137
-953
-664
-225
322
932
1595
2321
3035
3632
4105
4445
4619
4580
4343
3973
3507
2948
2338
1757
1251
814
461
228
98
39
6
-2
0
-53
-172
-353
-594
-898
-1260
-1630
-1958
-2255
-2498
-2658
-2717
-2674
-2545
-2344
-2089
-1809
-1533
-1281
-1060
-878
-739
-644
-589
-547
-507
-468
-417
-351
-269
-186
-106
-36
21
46
44
27
-17
-64
-94
-105
-75
2
123
297
513
764
1037
1301
1539
1753
1928
2039
2092
2091
2046
1956
1827
1672
1499
1318
1110
866
615
339
9
-356
-713
-1055
-1401
-1731
-1983
-2121
-2198
-2208
-2063
-1779
-1426
-1016
-531
36
582
990
1319
1601
1726
1619
1354
1046
659
121
-479
-968
-1338
-1715
-2076
-2270
-2295
-2304
-2380
-2408
-2315
-2247
-2294
-2320
-2196
-1973
-1765
-1493
-975
-283
419
1148
2011
2940
3709
4283
4766
5140
5240
5001
4615
4189
3592
2793
2010
1405
892
342
-115
-266
-265
-347
-456
-408
-282
-385
-703
-946
-1105
-1460
-2009
-2422
-2574
-2687
-2879
-2880
-2504
-2005
-1632
-1221
-598
20
338
451
621
763
621
274
38
-64
-271
-557
-663
-557
-475
-509
-481
-329
-276
-426
-621
-717
-833
-1090
-1305
-1300
-1164
-1030
-815
-365
225
751
1219
1751
2297
2642
2773
2857
2923
2812
2519
2237
2027
1765
1396
1073
868
641
284
-87
-356
-629
-1029
-1446
-1716
-1906
-2177
-2435
-2506
-2441
-2410
-2406
-2219
-1849
-1505
-1196
-748
-108
505
975
1470
2042
2470
2602
2571
2508
2290
1768
1085
482
-74
-737
-1424
-1896
-2145
-2368
-2618
-2718
-2625
-2551
-2577
-2548
-2363
-2140
-1976
-1725
-1253
-654
-64
593
1407
2255
2981
3588
4167
4620
4796
4748
4585
4304
3802
3121
2465
1850
1186
517
-7
-353
-642
-923
-1078
-1089
-1130
-1264
-1388
-1474
-1628
-1897
-2165
-2323
-2434
-2541
-2534
-2338
-2018
-1653
-1232
-707
-164
281
648
979
1230
1330
1309
1255
1157
957
713
498
298
67
-194
-413
-591
-797
-1029
-1221
-1370
-1520
-1682
-1786
-1782
-1732
-1643
-1462
-1152
-758
-349
113
643
1174
1656
2079
2470
2794
3006
3108
3121
3042
2870
2595
2246
1838
1368
868
350
-179
-688
-1157
-1584
-1960
-2269
-2502
-2665
-2766
-2805
-2778
-2698
-2571
-2387
-2123
-1792
-1397
-921
-368
258
910
1559
2203
2790
3263
3583
3727
3694
3473
3054
2467
1758
975
159
-648
-1389
-2019
-2532
-2926
-3187
-3320
-3351
-3305
-3196
-3023
-2799
-2546
-2244
-1877
-1446
-948
-386
249
926
1622
2292
2909
3446
3843
4084
4148
4048
3784
3373
2843
2230
1605
984
395
-113
-509
-788
-978
-1082
-1086
-1016
-957
-922
-881
-872
-944
-1101
-1257
-1389
-1534
-1649
-1661
-1539
-1319
-1027
-624
-119
389
851
1265
1614
1842
1895
1792
1579
1244
792
273
-234
-693
-1120
-1495
-1765
-1914
-1997
-2032
-1990
-1896
-1799
-1722
-1619
-1485
-1350
-1208
-1010
-722
-386
2
455
976
1519
2015
2466
2863
3153
3291
3274
3121
2845
2435
1913
1358
793
215
-326
-782
-1154
-1469
-1718
-1877
-1959
-2042
-2115
-2120
-2080
-2044
-1977
-1785
-1485
-1125
-690
-111
611
1335
2014
2699
3351
3802
3981
3978
3803
3354
2592
1678
763
-221
-1283
-2269
-3021
-3564
-4009
-4308
-4341
-4171
-3966
-3733
-3383
-2944
-2547
-2215
-1832
-1354
-869
-419
97
742
1420
2033
2625
3246
3785
4118
4265
4302
4185
3810
3250
2645
2030
1346
643
87
-289
-579
-797
-848
-736
-593
-511
-428
-314
-282
-394
-559
-694
-831
-1000
-1115
-1068
-898
-669
-359
75
578
1022
1373
1664
1855
1855
1639
1298
864
293
-375
-1041
-1653
-2199
-2688
-3054
-3240
-3309
-3305
-3204
-2999
-2735
-2477
-2220
-1928
-1613
-1315
-1015
-663
-247
194
660
1175
1718
2251
2715
3113
3439
3630
3662
3543
3315
2966
2501
1958
1390
830
269
-253
-698
-1064
-1360
-1585
-1738
-1829
-1865
-1863
-1822
-1742
-1617
-1446
-1227
-946
-581
-150
365
933
1542
2176
2775
3304
3712
3974
4041
3864
3452
2845
2055
1096
52
-994
-1998
-2932
-3738
-4342
-4742
-4974
-5049
-4961
-4738
-4446
-4105
-3718
-3286
-2845
-2389
-1904
-1355
-752
-120
568
1308
2065
2789
3458
4041
4502
4797
4894
4809
4542
4104
3524
2855
2139
1419
763
191
-286
-629
-817
-896
-915
-871
-762
-646
-612
-642
-666
-711
-841
-1013
-1089
-1072
-1033
-956
-739
-381
-10
337
707
1093
1367
1469
1462
1387
1190
809
335
-118
-579
-1083
-1565
-1914
-2144
-2340
-2490
-2514
-2420
-2324
-2267
-2153
-1958
-1787
-1677
-1525
-1258
-937
-620
-235
290
884
1438
1981
2545
3058
3413
3598
3690
3660
3417
3007
2538
2035
1432
765
172
-307
-772
-1234
-1559
-1733
-1856
-1989
-2021
-1906
-1774
-1683
-1513
-1209
-888
-626
-304
155
617
989
1373
1851
2279
2506
2617
2740
2735
2412
1883
1377
799
-31
-1000
-1802
-2444
-3161
-3877
-4298
-4407
-4477
-4576
-4449
-4029
-3614
-3353
-3008
-2428
-1847
-1440
-1012
-330
428
1023
1593
2367
3204
3796
4206
4681
5136
5246
5034
4807
4576
4075
3279
2519
1929
1257
415
-287
-627
-847
-1201
-1438
-1249
-913
-830
-838
-569
-190
-186
-468
-523
-361
-499
-931
-1061
-771
-579
-671
-530
70
563
621
672
1006
1171
793
237
-73
-403
-1134
-1977
-2441
-2664
-3044
-3469
-3491
-3142
-2904
-2835
-2549
-1996
-1587
-1488
-1343
-965
-658
-615
-526
-113
383
710
1061
1683
2396
2889
3229
3655
4052
4112
3859
3555
3236
2674
1865
1093
500
-71
-691
-1161
-1317
-1307
-1319
-1261
-997
-644
-419
-301
-129
65
121
58
43
124
199
248
375
635
931
1185
1422
1658
1843
1873
1747
1490
1084
533
-148
-911
-1713
-2492
-3211
-3830
-4331
-4663
-4773
-4725
-4552
-4242
-3785
-3242
-2709
-2193
-1643
-1069
-562
-129
332
857
1371
1846
2364
2973
3571
4036
4421
4784
5010
4963
4685
4323
3843
3100
2188
1370
660
-91
-833
-1298
-1417
-1474
-1558
-1402
-958
-576
-444
-300
24
221
46
-198
-202
-192
-451
-740
-689
-456
-412
-438
-202
201
386
332
346
450
335
-86
-525
-856
-1241
-1802
-2362
-2676
-2845
-3061
-3228
-3144
-2855
-2588
-2371
-2005
-1502
-1076
-774
-431
19
420
688
968
1382
1800
2100
2380
2755
3120
3317
3388
3461
3489
3323
2984
2611
2234
1756
1178
636
209
-170
-568
-895
-1047
-1094
-1144
-1178
-1111
-968
-871
-854
-808
-682
-604
-646
-671
-562
-422
-388
-358
-176
87
215
248
377
532
482
210
-76
-323
-739
-1384
-1981
-2396
-2797
-3265
-3582
-3583
-3424
-3265
-2996
-2486
-1885
-1383
-926
-390
162
567
882
1243
1645
1982
2270
2630
3044
3397
3664
3917
4147
4233
4140
3931
3623
3166
2550
1860
1172
482
-198
-805
-1247
-1491
-1605
-1578
-1373
-1001
-564
-151
238
591
830
875
742
505
188
-223
-704
-1126
-1409
-1586
-1677
-1636
-1415
-1117
-859
-634
-442
-342
-421
-672
-999
-1394
-1864
-2354
-2756
-2993
-3103
-3081
-2877
-2482
-1958
-1401
-830
-258
265
677
926
1081
1189
1206
1145
1095
1137
1245
1381
1592
1911
2287
2614
2854
3060
3182
3118
2863
2502
2080
1542
903
311
-166
-562
-902
-1118
-1128
-1022
-924
-794
-573
-363
-290
-327
-368
-423
-603
-890
-1094
-1188
-1302
-1422
-1405
-1204
-982
-824
-596
-236
79
206
286
447
542
388
130
-3
-117
-406
-772
-955
-981
-1100
-1302
-1320
-1133
-997
-990
-903
-639
-406
-345
-279
-57
193
324
426
684
1038
1289
1465
1729
2067
2264
2280
2290
2318
2204
1886
1523
1255
966
548
155
-48
-136
-267
-394
-356
-174
-58
-68
-39
92
144
-21
-247
-338
-419
-696
-1032
-1161
-1151
-1250
-1414
-1373
-1137
-998
-997
-883
-596
-405
-422
-416
-265
-161
-253
-366
-328
-263
-339
-456
-433
-318
-298
-363
-322
-184
-109
-145
-140
-21
56
13
-8
109
238
297
382
596
861
1058
1227
1456
1699
1813
1818
1804
1771
1625
1366
1094
861
611
322
74
-80
-190
-329
-442
-491
-553
-666
-805
-931
-1057
-1231
-1424
-1585
-1720
-1812
-1857
-1853
-1782
-1681
-1517
-1274
-1029
-783
-510
-204
72
290
501
718
891
975
1012
1064
1093
1056
972
881
830
745
589
451
356
255
99
-70
-177
-244
-337
-446
-483
-446
-406
-366
-284
-141
7
137
280
456
615
734
871
998
1066
1105
1129
1138
1081
943
820
701
528
308
135
38
-59
-176
-232
-188
-143
-181
-209
-175
-182
-312
-481
-589
-707
-934
-1175
-1266
-1272
-1316
-1335
-1195
-949
-752
-602
-381
-102
58
95
143
235
260
160
79
102
111
51
8
57
139
130
80
97
131
76
-44
-115
-133
-194
-283
-288
-201
-99
-19
109
321
538
709
867
1053
1205
1274
1273
1248
1216
1106
926
748
593
418
213
53
-54
-154
-288
-411
-486
-592
-750
-907
-1046
-1181
-1343
-1479
-1532
-1535
-1521
-1453
-1292
-1073
-856
-639
-383
-110
119
302
495
692
851
968
1083
1198
1269
1306
1314
1316
1277
1153
993
821
626
390
125
-116
-330
-544
-734
-850
-910
-945
-925
-853
-741
-602
-454
-283
-112
30
152
268
357
402
425
435
431
403
361
329
309
278
244
224
225
212
187
183
178
142
81
16
-47
-146
-275
-386
-466
-551
-646
-692
-676
-643
-603
-524
-408
-283
-181
-84
46
155
208
252
310
357
375
375
392
411
399
371
345
311
257
175
76
-10
-98
-200
-285
-329
-360
-379
-370
-316
-228
-142
-49
62
189
302
383
471
543
588
601
591
583
545
472
389
302
211
92
-39
-156
-272
-395
-537
-662
-763
-863
-946
-1001
-1024
-1017
-998
-942
-855
-751
-642
-538
-411
-279
-168
-63
53
176
288
399
526
661
789
896
1004
1104
1161
1170
1151
1099
993
845
669
482
282
76
-120
-280
-406
-507
-563
-586
-578
-543
-505
-448
-388
-339
-304
-278
-255
-235
-226
-212
-180
-138
-97
-39
40
110
170
222
266
293
286
257
212
158
97
28
-45
-94
-130
-164
-184
-180
-157
-143
-138
-125
-98
-86
-84
-80
-62
-43
-40
-18
28
79
123
173
243
307
352
383
410
427
401
357
304
237
156
59
-29
-123
-218
-295
-357
-404
-429
-433
-422
-383
-318
-242
-166
-87
6
79
142
194
229
252
252
240
224
203
180
148
114
79
33
-19
-74
-134
-201
-282
-356
-420
-483
-529
-565
-582
-589
-576
-535
-483
-411
-324
-224
-122
-20
73
151
227
291
340
387
428
476
529
589
662
739
809
867
900
908
886
827
739
613
462
295
127
-34
-180
-307
-406
-470
-516
-545
-554
-556
-559
-566
-588
-608
-629
-660
-674
-675
-654
-603
-529
-438
-322
-194
-57
70
172
255
324
365
383
379
364
350
331
303
272
250
240
209
157
127
108
66
-1
-50
-68
-99
-130
-139
-119
-95
-77
-44
21
81
119
163
213
264
288
291
298
290
274
242
207
186
156
108
71
43
16
-13
-48
-68
-89
-127
-158
-173
-182
-202
-212
-202
-185
-171
-154
-118
-81
-58
-46
-27
-14
-26
-48
-78
-108
-144
-182
-206
-215
-227
-226
-215
-194
-161
-149
-138
-121
-112
-104
-105
-104
-94
-89
-74
-49
-18
16
67
115
155
201
237
262
274
281
285
278
269
258
246
236
225
222
222
200
177
161
138
110
64
18
-17
-63
-104
-134
-161
-178
-193
-201
-205
-199
-183
-174
-165
-152
-142
-128
-116
-102
-82
-69
-51
-35
-20
0
14
27
37
42
46
41
33
22
9
-3
-14
-25
-37
-42
-48
-47
-33
-19
-4
18
46
77
100
126
151
159
172
175
159
140
123
98
75
58
33
20
13
10
9
12
29
40
43
45
36
33
25
12
1
-17
-31
-52
-61
-60
-62
-60
-52
-42
-31
-29
-32
-37
-51
-66
-91
-117
-140
-158
-174
-181
-182
-181
-165
-147
-129
-110
-99
-82
-64
-54
-50
-52
-57
-52
-49
-40
-32
-16
8
30
65
93
119
147
163
178
187
193
197
191
183
167
152
148
142
132
131
141
152
155
161
169
166
152
137
130
110
73
44
17
-9
-45
-72
-83
-100
-127
-147
-156
-169
-194
-219
-228
-240
-255
-263
-266
-244
-221
-201
-173
-133
-94
-60
-26
-2
18
23
14
9
2
-13
-28
-32
-29
-14
11
34
68
98
132
157
181
201
197
188
174
152
129
100
79
64
45
32
25
30
44
55
72
85
97
111
118
123
128
122
111
110
94
79
64
43
31
11
-6
-16
-35
-53
-79
-109
-140
-181
-226
-263
-292
-327
-349
-365
-366
-348
-329
-292
-247
-202
-160
-124
-90
-59
-41
-27
-15
-12
-5
4
4
10
16
28
46
58
71
82
98
108
118
129
132
140
149
165
181
192
211
234
251
271
290
292
292
291
271
258
241
214
190
157
133
111
78
49
23
-10
-40
-74
-109
-143
-175
-205
-235
-253
-276
-299
-302
-298
-294
-283
-261
-236
-211
-183
-158
-130
-105
-97
-87
-75
-66
-58
-50
-33
-23
-4
13
27
47
65
77
75
81
78
73
72
63
59
56
55
58
71
83
96
113
133
158
179
195
213
225
235
243
243
236
229
215
199
180
153
125
98
75
41
7
-20
-56
-82
-115
-148
-179
-212
-247
-280
-308
-336
-350
-357
-355
-351
-331
-307
-282
-246
-218
-187
-157
-131
-107
-85
-71
-57
-33
-15
3
22
36
45
53
59
59
64
66
64
56
56
66
74
93
108
134
165
192
228
258
288
319
340
358
363
364
359
342
325
301
282
257
228
203
178
154
133
93
55
22
-27
-75
-132
-184
-239
-294
-334
-370
-393
-405
-405
-408
-396
-374
-357
-330
-309
-287
-263
-241
-214
-183
-157
-132
-101
-74
-44
-11
15
41
58
68
79
77
72
71
63
47
37
36
29
29
37
55
71
86
112
138
169
199
225
248
269
288
293
299
298
284
274
261
246
236
227
216
199
188
167
137
110
76
46
7
-48
-90
-134
-174
-210
-236
-249
-265
-278
-281
-286
-290
-288
-292
-289
-282
-281
-268
-254
-237
-218
-198
-179
-158
-132
-110
-90
-71
-59
-46
-38
-30
-17
-15
-13
-10
-10
-2
-3
4
23
40
62
91
119
154
192
219
245
267
285
299
308
315
317
308
302
292
277
266
243
216
198
174
151
122
93
60
24
-4
-42
-72
-104
-138
-168
-199
-228
-251
-272
-293
-307
-315
-323
-321
-319
-308
-292
-276
-248
-221
-180
-142
-110
-70
-37
-10
18
48
66
80
91
101
102
99
100
102
105
96
84
78
74
68
64
62
64
66
73
84
88
102
116
127
139
150
154
157
159
155
154
148
142
134
123
113
107
103
96
89
85
81
68
52
35
10
-19
-60
-101
-138
-180
-219
-258
-293
-323
-354
-370
-373
-370
-359
-332
-313
-284
-248
-217
-176
-142
-107
-81
-50
-22
-6
19
39
58
71
79
93
102
104
105
109
109
107
109
121
127
136
147
162
180
197
212
218
229
242
252
255
254
248
237
228
219
198
179
160
135
120
103
80
64
45
12
-12
-42
-82
-111
-148
-188
-220
-254
-281
-299
-318
-316
-318
-318
-295
-278
-255
-230
-202
-169
-144
-118
-85
-62
-33
-11
9
38
49
64
81
87
96
101
96
95
86
66
49
39
26
14
7
3
3
7
16
25
42
60
78
100
115
132
150
163
171
172
176
169
163
162
144
135
124
113
98
79
67
46
21
3
-19
-44
-67
-93
-112
-135
-154
-170
-186
-195
-199
-206
-204
-200
-199
-182
-166
-151
-133
-112
-98
-87
-73
-66
-54
-45
-37
-26
-21
-13
-5
2
5
14
16
20
34
37
43
50
53
60
59
70
77
81
97
111
119
134
145
153
160
163
170
174
171
168
162
152
140
122
108
98
79
60
41
20
-6
-26
-43
-69
-88
-103
-124
-145
-163
-183
-194
-198
-204
-206
-204
-192
-177
-165
-148
-128
-102
-76
-55
-39
-19
2
14
24
43
59
64
79
83
79
78
73
65
61
55
46
41
41
40
38
33
27
23
21
22
27
31
33
37
43
48
50
54
57
55
55
59
51
45
42
30
22
13
9
6
-6
-8
-15
-23
-31
-44
-43
-42
-49
-50
-45
-49
-56
-52
-58
-59
-55
-58
-60
-59
-53
-48
-47
-40
-34
-28
-18
-12
-1
6
6
12
12
6
3
-3
-5
-1
-8
-8
-2
-2
3
9
13
15
23
27
28
35
38
37
41
50
56
57
65
73
82
83
80
83
83
77
73
68
58
46
39
29
13
-2
-11
-21
-34
-44
-57
-69
-74
-83
-93
-101
-108
-112
-115
-122
-121
-117
-116
-112
-104
-90
-75
-58
-38
-20
-2
15
30
47
52
60
72
70
72
77
75
66
60
56
51
49
42
37
34
31
27
24
21
22
20
16
17
15
12
12
18
25
24
25
26
30
26
25
24
17
17
11
8
5
-2
-4
-11
-11
-11
-22
-28
-27
-27
-24
-21
-24
-21
-27
-28
-32
-36
-34
-44
-51
-48
-44
-37
-37
-33
-25
-17
-9
-5
1
7
9
7
9
4
-4
-10
-14
-19
-22
-22
-22
-18
-19
-19
-16
-13
-5
0
2
9
14
17
18
24
26
27
34
41
40
43
47
49
53
49
47
51
43
40
42
38
31
28
25
16
10
4
-3
-14
-22
-29
-32
-35
-44
-48
-53
-54
-56
-57
-53
-50
-44
-40
-34
-25
-20
-14
-7
2
12
13
17
20
19
26
27
32
30
29
39
32
27
24
13
2
-7
-6
-5
-4
-11
-13
-16
-19
-17
-13
-12
-8
-10
-9
1
-1
3
6
5
15
20
15
12
14
13
13
15
15
13
6
1
1
-7
-11
-14
-10
-12
-13
-11
-15
-18
-22
-23
-21
-17
-15
-11
-7
-11
-10
-8
-10
1
0
2
7
5
11
8
7
8
9
14
2
0
-3
-12
-8
-9
-7
-12
-17
-13
-5
3
-1
1
2
-5
-5
-4
-1
6
7
9
14
17
18
26
31
36
41
42
37
31
23
21
15
4
2
0
1
-1
3
-1
-2
-1
-6
-12
-18
-16
-22
-34
-41
-41
-39
-42
-41
-37
-32
-21
-18
-13
0
2
8
11
16
21
20
22
22
26
26
24
25
25
19
16
9
5
10
5
8
1
-4
-2
-8
-9
-7
-11
-18
-17
-26
-29
-19
-21
-22
-17
-17
-16
-9
-10
-10
-3
-3
-6
-5
-1
-2
-7
-4
1
-5
-8
-2
5
9
6
5
4
5
8
12
11
10
13
6
9
19
21
25
23
27
33
24
29
29
25
22
14
14
9
6
5
1
1
-11
-21
-17
-16
-14
-16
-23
-22
-25
-28
-26
-22
-23
-24
-26
-23
-14
-10
-3
3
8
8
10
8
9
16
12
11
8
0
3
-4
-1
-6
-9
-3
-7
-8
-8
-7
-13
-9
-12
-18
-19
-28
-22
-22
-21
-14
-12
-6
-2
-3
5
18
15
18
25
29
33
39
41
41
37
34
31
24
23
24
21
19
16
16
15
10
8
8
4
0
-7
-14
-16
-27
-26
-26
-31
-30
-25
-26
-22
-23
-23
-22
-25
-23
-21
-14
-13
-14
-11
-15
-15
-9
-9
-11
-9
-4
-1
1
3
6
5
3
7
5
3
7
11
12
5
9
11
12
13
18
21
22
24
27
32
30
28
23
19
15
17
11
5
9
9
7
2
-1
-7
-11
-14
-20
-21
-22
-26
-26
-26
-27
-21
-13
-4
-5
-4
-8
-7
-5
-8
-5
0
-1
-2
-2
4
6
1
-2
-2
-2
-6
-2
-7
-4
-4
-9
-1
-6
-7
-9
-11
-15
-15
-11
-14
-11
-3
3
7
6
6
11
13
9
13
19
19
21
26
25
23
19
18
20
22
23
19
15
15
10
4
2
10
10
3
0
-6
-3
-6
-8
-6
-7
-12
-17
-13
-17
-20
-20
-21
-19
-19
-21
-17
-11
-16
-19
-13
-11
-12
-11
-3
-1
-5
-5
-7
-8
-6
-7
-4
-3
0
0
-2
0
1
-1
-1
4
7
10
11
13
14
17
19
24
22
18
26
26
21
25
21
20
18
8
9
8
4
0
-4
-4
-9
-12
-10
-14
-19
-14
-14
-15
-14
-14
-13
-13
-13
-12
-13
-10
-6
-4
-2
-2
2
6
5
-1
-1
-3
-1
-3
-6
-3
-6
-5
-8
-13
-15
-13
-12
-12
-11
-7
-8
-14
-8
-1
-1
-2
5
9
6
12
13
12
15
13
16
22
24
17
20
21
19
16
12
14
14
14
11
15
13
9
8
5
6
5
1
-2
2
6
2
-3
-5
-5
-18
-19
-23
-22
-15
-21
-18
-16
-18
-17
-11
-8
-8
-8
-12
-9
-9
-15
-11
-7
-8
-15
-15
-12
-16
-12
-7
-13
-10
-7
-7
3
5
-1
4
8
4
6
12
16
14
16
22
23
23
22
24
29
22
20
26
22
19
18
11
6
4
-5
0
2
-9
-9
-9
-13
-13
-10
-11
-12
-9
-7
-7
-7
-4
-5
-6
-10
-9
-6
-4
-4
-7
-5
-5
-4
1
2
3
2
-2
-6
2
4
-1
2
-1
-6
-7
-8
-10
-7
-9
-14
-10
-10
-10
-9
-6
-1
3
6
9
5
6
11
3
2
6
5
9
7
5
7
8
7
12
10
5
8
5
9
7
3
6
0
-4
-9
-4
2
-2
-2
2
2
1
-1
-6
-5
-8
-9
-10
-13
-9
-13
-8
-6
-8
1
7
5
5
3
-1
1
3
7
10
5
4
6
6
5
5
3
7
9
5
0
1
8
8
11
12
14
7
8
8
-1
2
1
6
4
-2
1
-7
-4
-3
-10
-4
-6
-10
-10
-10
-11
-15
-18
-17
-19
-20
-19
-17
-19
-8
-3
-7
-11
-5
4
-1
3
4
0
-4
-2
2
-1
0
0
1
3
2
3
4
4
-2
-2
0
-3
3
3
-2
1
-1
1
5
0
5
8
4
6
7
6
8
11
13
14
10
13
15
10
16
14
10
14
8
7
10
11
10
5
6
10
-1
-2
6
-4
-6
2
-2
-4
-7
-6
-6
-7
-8
-4
-2
-2
1
-1
2
1
2
-2
-7
-3
2
-1
-8
-9
-8
-11
-11
-12
-11
-7
-6
-4
-9
-8
-5
-6
-7
-11
-9
-5
-10
-12
-8
-7
-9
-11
-8
-3
-3
-5
-7
-8
-2
3
8
8
6
6
3
-2
-5
-2
4
4
2
-5
-4
-2
-1
-4
-1
9
4
1
4
3
0
-5
0
-3
-5
6
2
1
2
4
10
12
15
17
12
13
18
17
15
15
16
18
15
18
16
4
9
10
8
7
10
9
9
7
6
9
3
0
-1
0
-2
-3
-2
-3
-4
-6
-4
-2
-6
-10
-8
-12
-10
-9
-12
-15
-17
-22
-24
-26
-26
-23
-24
-19
-19
-17
-14
-14
-10
-11
-9
-6
-2
1
-2
-7
-7
-7
-6
-5
-8
-1
1
1
5
10
12
16
13
11
12
8
7
10
9
2
2
4
4
11
5
-1
-2
-3
-1
0
5
9
12
11
11
17
14
15
18
15
16
17
14
12
8
9
10
8
11
13
11
10
12
3
2
0
-2
-4
-10
-9
-12
-13
-16
-14
-19
-18
-14
-19
-12
-11
-14
-9
-12
-16
-9
-13
-12
-7
-13
-10
-8
-6
-6
-11
-6
-3
-5
-3
-1
0
-1
0
9
7
9
16
4
4
6
9
10
8
10
8
2
3
2
-1
5
6
8
6
5
9
5
2
3
-1
-9
-8
-4
-5
-5
0
-5
-4
-5
-6
0
0
-1
-4
-3
-7
-7
-2
4
8
8
8
9
8
7
10
10
13
11
8
10
11
6
4
10
8
5
3
1
-2
0
1
1
-4
-3
-4
-13
-12
-14
-15
-18
-16
-10
-8
-3
-1
-1
1
5
6
5
3
6
3
8
7
0
0
3
2
4
-2
-6
2
-2
-7
-5
-4
-10
-19
-17
-14
-13
-17
-19
-9
-8
-10
-11
-11
-11
-9
-1
0
2
2
7
7
6
8
9
5
7
11
10
13
11
8
9
11
12
10
10
7
8
10
2
-4
-3
-4
-6
-1
1
5
4
1
7
6
9
6
5
9
8
10
11
9
12
8
4
8
4
11
14
4
7
8
2
-1
-1
5
2
0
0
-3
-7
-12
-9
-10
-13
-13
-17
-22
-17
-12
-6
-7
-10
-4
-4
-7
-8
-13
-10
-8
-14
-13
-14
-15
-20
-22
-14
-15
-17
-15
-10
-4
-8
-5
4
-1
-3
-4
0
2
0
6
3
5
8
5
11
13
14
14
13
11
17
18
13
15
11
10
11
12
16
16
12
10
9
3
5
10
4
7
8
8
12
6
3
3
6
4
0
4
4
3
5
9
3
3
3
6
6
-3
-1
-9
-12
-10
-12
-17
-22
-16
-17
-14
-13
-18
-13
-12
-5
-5
-8
-5
-8
-6
-12
-8
-4
-8
-2
-3
-7
-5
-1
1
0
0
1
1
3
1
2
1
-1
2
1
0
-1
0
-3
-1
3
2
4
3
6
2
1
1
0
1
-3
1
8
9
11
10
12
17
15
10
10
8
5
7
6
3
5
0
-6
1
0
1
7
7
3
2
2
-3
-7
-6
-11
-8
-7
-12
-12
-8
-11
-11
-11
-12
-7
-6
-6
-4
1
2
3
4
6
5
0
8
3
-2
-2
-8
-5
-4
-2
-2
-3
3
7
7
3
4
-2
-3
2
1
3
5
11
9
6
6
10
12
9
11
8
6
3
-1
-3
-3
-4
-3
-2
-9
-7
-3
-7
-14
-18
-13
-16
-16
-10
-11
-11
-5
-9
-9
-1
-6
-5
2
0
1
3
6
3
9
11
6
8
10
6
2
2
2
5
6
7
6
9
7
6
5
3
6
3
-2
3
2
1
1
-1
0
3
8
7
11
12
14
12
9
6
4
6
5
0
0
1
-2
-6
0
-1
1
5
-1
-2
-5
-4
-9
-14
-12
-20
-21
-24
-25
-23
-26
-25
-21
-19
-15
-6
-8
-8
-3
-7
-8
-11
-9
-6
-9
-5
-6
-4
1
-1
6
5
7
16
15
18
18
17
14
14
19
10
11
15
14
14
11
10
19
22
25
23
26
26
25
19
12
19
15
5
1
-2
-6
-5
-7
-8
-10
-7
-4
-9
-7
-7
-8
-12
-15
-16
-15
-18
-16
-13
-20
-23
-17
-15
-17
-14
-9
-7
-5
-8
-8
-10
-5
-6
-7
-10
-10
-1
-4
-3
-1
0
6
5
4
8
6
3
0
4
1
0
3
2
6
6
5
9
9
5
4
9
10
17
16
11
17
15
8
6
8
7
2
1
3
1
3
0
-1
-1
-2
-1
-1
0
0
-2
-7
-8
-10
-13
-8
-13
-10
-6
-9
-7
1
2
5
6
2
5
3
-1
-7
-8
0
-2
0
3
5
3
5
7
5
2
4
8
-3
-6
-6
-6
-4
-7
-9
-8
-9
-5
-1
4
1
1
0
-3
1
9
10
0
2
1
-2
2
2
2
3
1
5
5
7
8
6
8
6
7
9
3
-4
-3
-3
-8
-7
-10
-7
-3
-2
2
1
-3
1
1
-5
-1
-1
-7
-9
-9
-10
-12
-16
-17
-15
-15
-9
-9
-6
0
1
-1
-5
0
1
0
0
-5
-3
0
4
5
8
10
10
14
11
17
17
13
21
20
12
12
19
16
13
13
14
15
11
10
11
12
10
6
3
2
-2
-4
-6
-9
-12
-12
-9
-10
-10
-8
-12
-13
-13
-14
-12
-12
-9
-7
-8
-5
-3
-9
-12
-7
-7
-10
-8
-9
-12
-10
-2
-1
-6
-6
-8
-11
-14
-12
-4
-2
0
1
0
0
0
0
-1
-5
-8
-10
-5
0
-1
2
2
1
5
8
8
7
13
14
17
18
17
28
26
20
17
15
10
10
12
18
19
14
17
18
16
14
10
8
7
0
-1
-9
-6
-3
-11
-6
-7
-8
-2
-3
-7
-7
-6
-8
-10
-15
-14
-9
-12
-11
-10
-11
-10
-13
-12
-10
-7
-5
-5
-3
-6
0
2
-5
-4
-6
-8
-12
-11
-9
-8
-5
-3
-1
1
-4
-2
5
4
6
1
-5
-7
-5
-5
-7
-2
-6
-7
-3
-2
2
7
16
14
15
18
12
10
8
10
7
5
5
3
5
9
9
10
4
7
11
8
7
5
8
4
-1
0
-7
0
0
-7
-6
-3
3
-2
1
6
0
0
5
8
4
0
-2
-5
-13
-14
-10
-6
-3
-6
2
2
-2
-1
-1
0
2
2
-1
1
2
-2
-2
-3
-5
-2
-4
-1
-3
-2
5
-3
2
2
-1
3
2
-1
-5
-9
-8
-10
-10
-6
-8
-8
-6
-5
-4
-4
-5
-3
1
-2
-1
2
0
-2
-6
-5
-1
4
3
5
9
10
12
10
6
11
8
5
6
4
5
5
7
2
-1
0
0
2
2
4
2
-1
0
4
1
2
1
-3
1
1
0
2
2
5
3
-4
-1
1
0
-1
-1
2
-1
-1
1
0
1
0
-1
1
1
-6
-7
-3
0
0
0
3
2
-2
-1
-3
-5
-10
-10
-3
-5
-3
-2
-3
1
-1
2
6
3
8
6
7
2
3
3
-5
0
-2
-1
1
-1
3
1
1
5
2
-4
1
0
-8
-5
-3
-8
-8
-3
-4
-2
0
-2
0
-2
-8
-13
-10
-7
-11
-5
-3
0
0
-3
-5
-5
-1
-3
-1
3
6
6
3
6
10
4
10
16
12
11
9
9
8
10
12
8
7
10
10
10
9
8
8
6
0
-1
1
-1
-3
-3
2
7
4
6
10
7
-1
-3
1
-4
-8
-7
-2
-3
-7
-4
-3
-7
-10
-10
-14
-11
-9
-8
-7
-9
-13
-15
-14
-16
-17
-12
-16
-18
-8
-5
-4
-1
-1
-4
-6
-5
-6
-2
2
-3
-4
0
1
9
10
4
9
11
14
15
15
22
18
16
15
11
4
-1
1
4
2
4
9
7
10
9
9
8
3
3
1
1
-4
-5
-5
-9
-8
-1
-2
-5
-2
2
6
8
3
7
4
4
8
1
-4
-1
-4
-7
-4
-2
-4
-4
-1
0
1
2
4
2
0
-4
-4
-1
-6
-6
-6
-17
-17
-20
-20
-16
-15
-13
-14
-12
-5
0
0
1
6
4
2
4
2
2
-7
-3
0
-4
3
5
13
11
9
10
7
5
5
10
15
16
15
11
7
10
8
0
2
6
2
-1
-3
-1
1
-2
0
-6
-9
-10
-11
-13
-15
-9
-3
-3
-7
0
1
2
3
5
3
3
8
12
11
3
2
2
1
-1
-3
0
0
1
5
9
9
12
4
3
2
0
-4
-7
-9
-9
-3
-8
-9
-6
-9
-10
-3
-3
-6
-6
-8
-7
-5
-5
-7
-9
-4
1
3
5
-1
2
6
2
4
9
6
6
4
3
1
-1
5
2
2
2
-1
2
-3
-1
-3
-6
-3
-6
1
2
2
3
1
3
3
-1
3
-1
-2
-1
-2
-2
-1
1
5
4
-3
-3
0
1
-1
-4
-3
-3
-5
-6
0
-1
-2
3
3
5
0
3
13
6
3
10
8
4
3
4
6
10
12
11
12
9
7
7
4
2
2
3
-8
-9
-8
-14
-12
-13
-7
-3
-4
-2
-5
-3
-13
-7
-3
-8
-2
-6
-8
-7
-4
-4
-2
-1
-3
0
-1
-7
-7
-3
1
3
4
5
5
-2
-4
-6
-9
-8
-9
-5
-7
-5
-4
-9
-7
-2
-3
2
1
2
6
0
5
8
9
8
8
13
15
14
11
13
13
12
11
4
8
7
7
5
2
8
5
2
5
4
3
7
5
4
4
-2
-2
-4
-9
-11
-8
-6
-8
-6
3
3
4
7
2
-4
0
-2
-6
-4
-2
-5
-7
-6
0
4
0
-3
1
2
-9
-13
-6
-3
1
0
1
-10
-16
-9
-8
-8
-10
-6
-5
-3
-8
-13
-3
-8
-10
-3
-12
-10
3
-9
-6
6
-4
0
6
1
8
12
0
10
17
8
15
10
3
10
3
-1
7
-3
-2
0
-3
3
2
2
4
2
-2
0
0
0
5
7
4
11
7
2
11
4
8
17
13
17
15
12
13
15
11
12
7
-2
-1
2
-2
1
2
-6
-3
-2
-1
1
-1
-2
-2
-7
-10
-9
-13
-20
-15
-19
-25
-22
-24
-23
-15
-19
-22
-16
-17
-12
-10
-8
-4
-6
0
-4
-5
1
0
4
4
1
8
7
2
4
8
12
7
5
7
5
6
2
2
0
-2
-3
0
2
6
7
8
17
16
16
17
14
18
21
19
16
15
11
9
9
6
8
7
7
9
9
7
4
7
2
0
-2
-9
-13
-17
-21
-20
-17
-18
-14
-14
-15
-9
-11
-9
-9
-10
-5
-6
-2
-4
-9
-4
-7
-3
-1
-4
-2
-4
-1
-1
-2
1
0
-5
-4
-1
-7
-3
-3
-2
2
-4
3
5
4
6
10
11
12
12
6
9
8
2
0
2
0
-1
-3
0
2
0
8
11
8
12
6
6
3
-3
1
-4
-7
-4
-4
-2
-2
3
4
3
1
3
8
1
-5
-3
-9
-7
-4
-9
-2
-1
-5
4
2
1
4
5
3
8
7
0
0
-1
-4
-9
-6
-8
-14
-7
-7
-10
-6
-5
2
1
3
1
-2
5
3
2
3
1
-5
-2
-2
-5
1
-3
0
5
5
7
11
11
4
2
0
-1
5
2
7
3
-3
-3
-6
-5
-3
-3
-1
-2
0
3
1
1
-3
-4
-5
-7
-1
1
-3
2
4
1
3
1
1
2
-1
5
4
-2
-2
-5
-3
-2
2
3
-4
-1
-4
-4
-1
-2
4
0
3
8
3
4
3
0
2
1
5
8
3
2
8
7
2
1
-2
-1
-2
-7
-6
-3
-5
-9
-5
-8
-11
-8
-7
-2
-2
-2
-2
1
3
-3
-8
-1
3
3
7
0
0
7
1
2
4
9
13
6
9
8
5
-1
-7
0
3
-5
-4
-2
-6
-1
0
3
4
2
2
-1
-2
-4
-6
-2
-2
-5
3
4
2
3
4
10
9
4
3
4
-1
-2
0
0
2
-4
-5
-3
-2
-2
-1
-3
-5
1
-3
-4
-1
-9
-1
-1
-5
