10
10
10
19
11
10
7
3
12
0
-5
-1
-9
-16
-17
-13
-3
1
-8
-8
2
6
3
9
8
-7
-4
3
-1
-4
-1
-3
-7
-5
-2
-5
-5
0
3
4
4
2
-1
4
4
-2
-5
-3
-2
0
-1
-7
-1
2
-5
-5
-8
-4
-2
-5
-6
2
10
5
7
10
8
6
8
12
2
-5
0
-9
-14
-16
-14
-10
-11
-3
-4
-6
9
11
15
17
15
14
12
15
4
-1
-2
-7
-5
-8
-7
0
3
-2
-1
3
1
2
-2
-7
-2
1
3
4
-1
2
4
6
9
0
-3
-1
-4
2
-5
-12
-3
-8
-8
1
4
0
-2
-2
-3
-3
-10
-5
1
1
0
-3
3
2
1
4
1
-1
0
-2
-5
-5
-8
-9
-9
-6
-6
-8
1
-3
-3
0
2
2
5
2
2
11
-6
-8
-5
-4
15
7
0
6
7
3
1
10
14
0
-7
-2
-3
-10
-11
-4
-2
-7
-8
-2
4
4
4
3
0
-6
-11
-8
-7
-8
-4
-1
3
8
9
5
7
10
7
3
3
4
0
-4
-8
-8
-8
-9
-9
-9
-8
-4
-3
-5
-5
-7
1
8
2
3
11
9
10
13
6
11
11
-7
-5
4
-7
-6
-3
-10
-5
-10
-9
5
2
3
16
10
9
12
9
8
9
6
0
0
3
-2
-5
-5
-8
-5
-1
-6
-6
-3
-1
1
0
0
1
1
3
3
1
6
10
6
-1
-5
-9
-10
-7
-6
-10
-7
0
-2
-8
-7
-3
-4
0
2
1
5
6
7
7
2
-3
-1
-5
-9
-4
-5
-15
-14
-10
-11
-4
1
-7
-4
10
8
8
11
6
5
5
0
0
-4
-12
-2
11
7
1
3
-2
-6
-3
-4
-3
1
-3
-1
5
6
5
4
4
6
3
5
8
3
0
-3
-6
-7
-11
-12
-7
-7
-8
-4
1
2
6
8
10
14
14
9
9
7
1
-3
-9
-10
-9
-11
-5
-3
-8
-1
1
0
6
7
4
5
1
4
7
-5
-4
7
-1
-3
1
-4
-3
0
-8
-7
-3
-8
-4
-3
-1
6
-2
-5
10
11
1
3
1
-4
-2
-5
-9
-9
-11
-8
-4
-7
-7
-3
-3
1
0
-2
3
3
-1
1
3
3
6
2
2
5
8
12
7
0
4
0
-8
-3
-6
-9
-1
4
1
0
3
4
5
10
10
9
11
5
0
5
-2
-4
-1
-4
3
7
1
-3
-4
-4
0
0
-5
-6
-4
-4
-4
-4
2
7
2
1
6
3
1
4
-2
-5
-2
-5
-9
-7
-7
-4
0
1
5
7
2
3
3
-3
1
6
-1
-1
0
-6
-5
-2
-7
-8
-10
-10
-8
-11
-9
-5
-2
1
2
1
-1
-1
0
2
4
2
-5
-9
-4
-6
-10
-9
0
0
-7
-8
-6
-7
-6
1
9
9
4
6
15
17
12
2
0
-1
-10
-12
-9
-9
-7
-13
-6
-2
-2
9
5
7
7
9
19
13
11
5
2
2
-2
-7
-4
0
-7
-8
-7
-5
0
-1
2
2
5
8
2
3
8
4
4
3
1
3
2
-1
-4
-6
-2
-3
-5
-1
-2
2
4
3
8
9
5
4
2
4
2
0
6
4
0
1
1
2
3
0
6
5
1
0
-1
4
1
0
1
0
2
-2
-4
-6
-1
-1
0
3
-5
-6
-5
-2
-1
-4
3
5
3
1
2
2
-2
-11
-5
-5
-6
-3
-5
-5
-11
-8
-3
-5
-5
-6
-4
-7
-9
1
4
5
2
-1
-1
0
-2
-5
-1
-5
-11
-8
-7
-10
-7
-3
-1
3
-1
-4
-7
-9
-6
1
0
3
2
-2
1
3
-4
-3
1
-1
-1
-1
-5
-5
-3
0
3
6
5
3
7
13
16
14
16
11
4
2
-3
-6
-7
-8
-2
5
4
6
5
-1
7
11
9
12
10
4
8
10
7
4
4
6
0
-2
2
-3
-7
-5
-4
-2
-3
-3
4
3
0
4
2
-3
-4
-4
-8
-6
-6
-8
-4
1
0
-2
-1
1
-5
-7
1
4
-1
-3
1
0
-4
-3
0
-2
-10
-10
-3
-1
-3
-2
4
5
-1
-5
-4
-1
1
0
5
7
3
-2
-1
0
-2
0
3
2
-5
-8
-4
-2
-1
0
3
1
1
4
3
-1
-1
2
3
0
-4
-2
2
-1
-4
-3
-1
-1
-3
-1
2
0
-5
-5
-1
0
-3
-5
-2
1
-3
-5
-6
-7
-7
-6
-6
-9
-6
-1
2
1
-1
-4
-3
3
10
6
3
5
3
2
0
-2
-3
-2
1
1
-1
1
2
4
3
3
3
0
-2
0
6
1
-2
3
9
6
3
3
2
2
5
3
0
1
6
6
1
-1
-2
1
1
-1
1
5
4
-1
-1
3
5
3
-1
-2
-1
-1
-2
-3
-2
-1
3
5
1
-6
-3
4
5
-1
-5
-6
-7
-8
-7
-2
-2
-4
-5
-1
1
-3
-4
-1
0
-1
-2
2
2
0
1
4
2
1
1
3
0
-5
-6
-3
1
1
2
3
3
5
4
5
3
-2
-2
-3
-4
-4
0
1
-2
-5
-1
5
7
4
5
5
5
1
2
4
0
-4
-3
2
3
-1
-1
0
0
-5
-7
-3
-2
-4
-5
0
3
0
-1
3
6
3
-3
-5
-4
-5
-8
-12
-11
-7
-5
-6
-8
-5
-2
-1
-3
-6
-7
-2
1
2
3
6
5
4
4
3
4
8
7
1
-2
3
4
3
1
-1
-4
-1
3
5
4
3
-3
-3
4
7
1
-1
0
4
1
3
4
3
2
0
-1
-1
2
1
-1
1
3
3
0
-3
-4
-1
0
-3
-2
2
0
0
4
2
-3
-3
2
0
1
6
2
-5
-4
1
0
-7
-5
-3
-4
-7
-5
0
3
4
4
3
1
0
0
0
-1
0
1
1
0
-2
-2
0
1
0
0
0
0
-3
-2
0
5
8
5
4
4
3
-1
1
5
5
-1
-6
-9
-5
-2
1
0
-1
0
2
3
2
0
0
-1
0
3
3
2
1
-3
-4
-2
-3
-1
0
-3
-5
-5
-6
-2
2
1
0
-3
-6
-3
-2
-4
-2
-7
-7
-3
-2
-1
2
-2
0
-2
-5
-5
-2
-1
1
4
2
-1
-1
-3
-4
2
2
4
6
-1
-1
-1
-7
-3
-2
-4
1
-1
-2
1
-1
2
3
3
5
4
3
5
5
1
1
-1
-1
-2
-3
-3
-3
-2
5
8
7
6
1
0
0
-2
3
3
-2
1
-2
-4
1
3
2
6
5
3
3
-2
-7
-8
-7
-9
-10
-6
-5
-6
1
3
2
3
-1
-4
1
1
-3
1
2
-4
1
2
0
-1
-4
1
10
13
8
3
5
7
3
3
6
6
3
-2
-3
-3
-3
-2
-3
-1
-4
-3
0
1
0
-2
-3
-2
-2
-3
-4
-5
-4
-2
1
1
-1
-2
1
0
0
-3
-5
-8
-5
-5
-3
-5
-6
-5
-1
0
-1
-2
1
4
6
3
1
-3
-4
-3
0
0
1
3
6
6
2
0
-1
-1
-1
-3
-4
-3
-4
-5
-2
-1
2
3
3
1
-1
-3
-3
-2
-2
-2
1
7
8
6
4
5
4
1
-3
-3
-1
-2
-5
-4
-1
0
-4
-5
-1
0
-4
-3
-1
1
0
1
6
7
2
-3
-2
4
6
-1
-6
-6
-2
-1
-2
-1
-1
1
2
2
0
-2
-4
-2
1
3
1
0
5
5
1
-2
-1
-1
-4
-4
-1
1
3
2
0
1
-1
1
2
1
1
-2
-3
-4
-3
-2
-2
-3
-5
-2
0
2
1
1
3
3
0
1
4
6
4
0
0
1
0
-2
-2
-1
1
0
1
1
1
0
-2
-2
-2
-1
-1
-5
-6
-4
-1
-2
-3
-2
-2
-3
-5
-3
1
6
5
2
1
1
1
0
-2
-3
-3
-2
-2
-2
-2
-1
-1
0
-2
-3
1
0
-1
0
3
1
0
5
10
5
3
5
2
-2
-3
-6
-5
-3
-3
-3
-1
0
2
1
0
0
1
1
-1
-5
-4
-4
-5
-2
-2
-3
2
4
-1
1
2
1
1
-1
1
2
-1
-3
1
0
-3
1
5
4
4
4
5
9
3
-4
1
2
-5
-4
-3
0
0
-3
5
4
0
3
2
-1
-1
-6
1
2
-4
2
3
-2
4
-2
-6
1
4
1
-2
-2
3
1
1
-3
-5
-2
-1
0
2
-5
0
8
6
7
3
1
7
1
-4
-1
-3
-2
2
-1
-3
-4
-5
-1
1
-3
-1
3
1
-3
-2
-4
-4
-1
0
2
5
3
0
4
7
-2
-6
1
7
-2
-1
6
4
0
1
4
2
1
2
2
-1
-3
-1
-1
-4
-5
-1
-1
-4
-3
1
3
3
3
4
4
4
0
-5
-3
-3
-5
-3
1
1
0
3
3
-2
-7
-7
-4
-5
-6
-5
-3
2
1
-2
0
3
3
0
1
2
1
1
0
-3
-1
0
1
-1
-1
-2
-1
0
-3
-6
-2
-1
-1
0
-1
-4
-3
0
1
-2
-1
-1
3
3
-2
-6
-2
1
0
-2
-1
-3
-2
1
-1
-3
-2
2
1
-1
-1
1
3
2
0
1
1
2
2
0
1
3
3
-1
0
1
0
-2
-2
0
-3
2
11
11
1
-3
5
2
2
-2
-4
-1
-7
-3
-1
2
-1
-4
4
3
0
-3
2
2
-5
-1
0
-3
0
1
-1
3
1
-3
0
-2
-1
3
2
-1
1
1
1
1
2
-1
1
3
3
1
-2
-2
1
-4
-2
1
1
-2
0
1
-4
-8
-1
2
-2
0
1
0
3
1
0
-2
-3
-2
-8
-6
-4
0
3
1
0
4
6
7
3
3
3
3
1
-3
-5
-3
-1
1
2
1
-1
-1
-1
0
1
-1
-4
-5
-2
2
2
-3
-2
1
3
5
2
4
0
-4
-5
-8
-3
-2
-6
-3
-2
2
4
0
-2
0
-5
1
5
-4
-5
2
-1
-2
-4
-3
-1
2
-1
-6
1
-3
-4
3
3
-2
-5
1
-6
-5
-3
-7
4
-1
-5
4
2
4
-2
-1
7
1
2
7
6
4
-1
-1
1
1
1
1
-2
-2
-2
2
3
0
-1
-1
-2
-2
-1
-2
-1
1
4
1
1
3
3
3
-1
-4
2
-2
-4
1
-3
-3
4
4
5
4
-1
-2
1
-3
-3
-1
-4
-2
-1
0
3
5
3
5
6
4
7
2
-1
1
-3
-3
1
-6
-6
-2
-1
5
7
-2
2
2
-2
4
0
0
7
5
-1
-1
2
3
-1
-4
-1
-2
-4
3
1
0
4
3
-4
-4
-5
-1
1
-7
-2
1
1
2
0
5
1
-3
-2
-1
5
-1
-3
-4
-1
1
-4
1
-1
-5
-1
-2
-6
-3
-4
-6
-4
-7
-8
-5
-7
-6
0
-2
-4
0
-2
-4
-2
-2
-1
-3
-2
-1
-2
-4
-3
-3
3
4
4
6
-1
-5
-1
-2
-5
3
2
-3
3
5
3
1
-4
3
8
3
0
-4
-3
2
-2
0
8
0
-3
-1
-1
-2
2
3
2
2
1
1
1
2
2
4
6
6
5
3
1
1
1
3
4
1
-1
-4
-5
-3
-1
-1
-5
-4
-1
4
4
2
-1
1
3
0
-3
-3
-3
-2
-3
-1
1
1
0
0
1
3
2
0
-3
-2
0
1
1
3
6
7
8
6
4
2
0
0
0
-1
0
0
-1
0
2
1
0
1
1
2
0
-2
-4
-1
0
0
0
1
4
4
2
0
-3
-7
-8
-7
-6
-5
-4
-3
-1
1
1
1
-1
-4
-6
-7
-5
-3
-7
-9
-8
-2
-2
-6
-8
-6
-4
-3
-3
-1
1
1
2
2
2
-1
-4
-4
-3
-3
-1
0
0
-2
0
1
0
-2
1
2
2
-1
2
2
0
-2
1
6
8
3
2
4
7
5
6
7
7
3
0
2
5
6
5
3
3
1
0
-3
-4
-3
-1
0
2
3
2
-1
-6
-5
-3
0
0
-1
-3
-4
-4
-2
0
0
-1
-3
-6
-9
-7
-2
0
2
2
1
2
1
3
3
1
-2
-6
-6
-6
-5
0
2
3
4
7
9
8
6
5
4
3
2
3
5
5
1
0
-2
-2
-7
-6
-3
-2
-3
-1
1
0
-1
-3
-1
0
0
0
3
4
0
3
4
-1
-4
0
2
-3
-6
-1
1
-1
-2
1
2
-1
-4
-2
-2
-7
-5
-2
-1
-1
2
-1
-6
-3
1
-2
-2
-1
-4
-4
-3
-5
-1
7
9
-2
-4
-1
-2
-1
0
-3
-2
0
-2
-1
0
-4
-4
-3
-8
-10
-5
1
-1
-2
0
4
7
5
2
3
5
1
-1
-3
-4
-4
1
4
-1
0
7
6
-1
0
5
3
0
3
5
5
5
5
7
7
4
-1
-3
0
-1
-2
-1
0
4
3
3
-1
1
-1
-4
-4
-4
-9
-6
0
0
-5
-3
0
0
5
8
5
2
2
1
0
0
-1
-3
-2
-2
-1
0
0
0
-1
1
2
4
5
6
6
5
4
0
-4
-6
-5
-4
-2
-1
1
1
-1
-1
1
2
2
2
4
6
3
-2
-4
-3
-1
-2
-1
2
6
10
10
5
-3
-9
-8
-6
-6
-10
-12
-5
2
3
-2
-2
0
2
1
-3
-6
-8
-9
-7
-3
1
2
-1
-4
-5
-3
-4
-7
-9
-7
-3
3
3
-1
-3
-1
3
7
5
1
-3
-4
-4
-3
-5
-4
-3
-2
-2
2
4
4
2
0
-2
-1
-1
1
3
2
0
2
5
4
0
-2
0
-1
0
0
-2
3
7
1
1
1
-3
-3
-3
1
2
-5
-2
-1
-5
1
5
7
9
2
2
9
3
0
4
0
0
1
-1
4
8
3
2
1
0
0
-3
-4
-1
-3
4
5
-4
-2
-1
-6
-1
0
-5
-2
-3
-5
-3
-2
0
4
8
6
2
3
6
4
2
2
5
8
4
0
4
3
-1
1
4
3
2
-1
-8
-8
-3
1
0
-2
-2
-4
-9
-7
-6
-8
-7
-8
-11
-5
-3
3
4
-5
-2
6
3
2
-1
1
4
1
-2
0
1
-1
-2
-4
-1
-3
-4
-3
-6
-10
-9
0
1
-4
0
5
0
0
7
6
2
1
-1
0
3
5
3
1
-3
-2
0
3
3
-1
-6
-9
-9
-5
-2
2
2
1
0
1
1
1
1
2
4
5
5
5
4
4
3
2
0
-1
-1
-1
0
1
1
2
2
3
0
-1
-3
-4
-3
-1
0
0
2
3
4
2
0
-3
-6
-8
-9
-8
-7
-5
-2
3
8
9
7
6
5
2
-2
-5
-5
-5
-6
-7
-5
0
4
5
7
7
4
-2
-7
-6
0
8
6
2
-2
0
1
1
-4
-4
-3
-3
-4
-4
-3
-3
-2
-1
1
2
1
2
2
3
4
5
5
5
3
2
2
1
-2
-3
-2
-1
-2
-2
2
7
10
12
9
5
1
-1
-3
-3
-6
-7
-5
0
2
1
1
0
2
2
-6
-10
-10
-3
0
1
-2
-1
0
-1
-4
-5
-5
-7
-4
-2
2
4
4
3
3
1
0
-1
-2
-5
-7
-5
-2
2
0
-1
-1
-1
-2
2
6
7
3
0
-2
-1
-2
1
4
6
3
1
1
3
2
0
1
3
4
1
0
0
1
0
-1
0
5
6
3
-1
-1
1
0
-4
-5
-3
-1
-2
-2
-1
1
-1
-2
-1
2
1
0
-2
0
1
-1
-5
-5
-5
-5
-2
-4
-4
-7
-4
2
5
3
1
1
-3
-4
0
2
-3
-5
-1
0
1
5
7
3
1
3
4
6
7
4
0
-3
-7
-5
0
0
1
3
5
5
5
4
-1
-2
-3
-4
-3
3
4
2
6
9
2
0
3
2
-3
-4
-3
-6
-8
-5
1
0
-2
-4
-2
-4
-7
-4
-3
-5
-4
-3
1
0
0
-1
-1
1
1
-1
-4
-6
-9
-10
-5
0
0
-3
-2
-1
-4
-3
0
-1
-8
-7
-2
-3
-5
1
5
2
7
10
4
0
2
-3
-4
-1
-1
-4
-3
-1
-1
4
8
5
0
-3
-9
-9
-3
2
3
0
-1
1
4
3
1
1
1
1
0
1
0
2
4
4
4
3
-2
-7
-4
-1
-2
-4
-4
-2
-1
0
3
6
5
2
-1
-1
-2
-4
-3
-1
2
3
7
13
12
8
2
0
-2
-5
-7
-6
-6
-7
-5
0
3
6
6
4
0
-1
-3
-4
-6
-9
-5
-1
-2
-3
0
4
5
3
2
4
4
0
-5
-6
-3
0
-2
-1
1
1
-3
-6
-4
-1
-1
-4
-7
-2
0
-1
-4
-1
2
2
4
6
8
8
6
3
1
-1
-2
-6
-8
-8
-4
0
0
-1
-1
0
-1
-5
-7
-5
0
4
6
8
7
7
6
4
-1
-7
-13
-15
-8
0
4
7
12
15
12
4
-1
-5
-10
-17
-19
-13
-4
4
9
14
17
17
14
7
-1
-9
-17
-21
-18
-9
4
14
21
21
21
15
7
-5
-17
-22
-19
-12
-7
0
9
16
17
11
6
-1
-13
-26
-34
-32
-25
-16
-3
13
24
29
26
18
8
-6
-15
-20
-24
-23
-15
-4
3
7
10
11
10
2
-8
-13
-12
-9
-5
0
4
9
12
13
9
5
2
-1
-7
-13
-14
-9
-1
7
15
16
13
9
5
1
-3
-5
-6
-1
4
8
11
14
12
9
7
0
-8
-6
-1
0
6
14
12
8
9
7
-5
-13
-13
-13
-15
-9
2
12
17
17
19
14
2
-10
-15
-19
-24
-19
-10
-1
14
26
32
31
22
7
-7
-18
-31
-36
-32
-22
-12
5
24
30
26
17
3
-13
-26
-37
-44
-43
-35
-20
-3
14
29
33
27
13
-3
-21
-37
-46
-44
-32
-17
1
22
36
35
23
6
-11
-31
-48
-55
-46
-28
-13
7
31
48
54
46
28
6
-12
-27
-37
-32
-19
-2
19
38
49
49
45
32
10
-7
-17
-22
-20
-6
18
38
50
53
52
42
27
7
-11
-22
-24
-16
-2
18
39
57
68
68
55
34
11
-10
-25
-29
-26
-12
5
22
35
43
42
33
16
-4
-25
-41
-49
-46
-33
-14
5
20
27
26
15
-1
-21
-43
-61
-74
-80
-76
-67
-53
-36
-25
-16
-18
-29
-46
-71
-93
-108
-113
-108
-96
-82
-62
-42
-26
-17
-16
-20
-30
-40
-54
-67
-75
-75
-65
-49
-34
-18
-3
9
17
17
10
-3
-11
-14
-12
-5
6
26
51
78
100
114
117
111
100
81
64
50
42
43
49
61
78
96
112
122
125
123
117
111
110
113
119
128
136
144
149
151
153
150
140
124
109
98
91
85
77
68
60
55
51
44
32
22
10
0
-7
-13
-18
-22
-25
-30
-36
-41
-43
-47
-58
-67
-74
-87
-106
-122
-135
-152
-171
-183
-191
-203
-212
-216
-215
-210
-195
-180
-177
-179
-175
-164
-158
-160
-162
-168
-180
-192
-200
-214
-238
-259
-268
-279
-290
-289
-279
-281
-279
-259
-241
-239
-222
-190
-166
-145
-108
-55
-4
46
100
144
179
211
235
247
252
252
248
252
267
281
284
292
302
301
287
269
252
238
228
228
244
277
318
365
415
460
496
522
536
539
527
503
471
438
409
378
345
310
276
236
188
137
82
31
-13
-50
-87
-103
-105
-111
-122
-120
-111
-112
-119
-132
-142
-148
-148
-144
-146
-151
-162
-180
-202
-227
-260
-294
-327
-356
-379
-393
-402
-406
-410
-414
-416
-420
-429
-435
-435
-425
-412
-394
-367
-335
-307
-291
-282
-280
-285
-295
-303
-308
-320
-340
-363
-387
-407
-417
-418
-411
-407
-397
-383
-372
-372
-389
-417
-451
-477
-482
-442
-338
-171
41
291
577
861
1104
1282
1402
1456
1432
1357
1254
1146
1048
968
908
874
841
802
735
622
485
312
123
-62
-222
-319
-365
-341
-260
-143
7
148
260
349
364
330
235
61
-85
-209
-293
-340
-335
-245
-146
-21
104
204
260
258
229
157
79
9
-58
-117
-137
-121
-108
-97
-75
-57
-92
-136
-167
-202
-238
-265
-237
-212
-189
-143
-98
-52
-41
-55
-86
-147
-199
-260
-315
-337
-337
-326
-313
-284
-256
-247
-260
-272
-296
-332
-343
-352
-351
-342
-301
-240
-199
-142
-91
-49
-39
-53
-71
-111
-153
-205
-257
-298
-320
-327
-336
-345
-369
-445
-597
-816
-1085
-1373
-1629
-1794
-1825
-1703
-1427
-1005
-472
122
702
1205
1591
1846
1962
1960
1899
1820
1743
1688
1680
1717
1759
1763
1706
1573
1339
1005
604
196
-179
-479
-681
-760
-720
-584
-402
-212
-33
101
153
157
148
133
123
160
250
383
542
704
829
906
911
823
645
415
151
-173
-488
-740
-911
-1047
-1187
-1217
-1168
-1104
-1039
-925
-750
-616
-472
-275
-76
107
277
429
532
614
675
661
596
536
453
305
159
62
-43
-193
-327
-409
-498
-611
-697
-744
-786
-813
-800
-760
-687
-572
-456
-370
-261
-127
-38
7
77
147
154
142
169
196
181
165
156
109
26
-61
-154
-264
-351
-417
-479
-507
-478
-440
-419
-380
-330
-320
-331
-319
-305
-329
-356
-380
-448
-590
-788
-1030
-1309
-1563
-1728
-1771
-1671
-1406
-990
-457
158
779
1314
1727
2012
2151
2145
2066
1964
1863
1799
1798
1843
1898
1936
1910
1773
1532
1205
806
381
-1
-312
-553
-679
-656
-536
-369
-164
44
178
229
234
198
134
106
139
224
372
578
773
918
1009
981
772
451
127
-245
-695
-1054
-1194
-1217
-1198
-1032
-717
-443
-261
-94
15
-12
-101
-181
-274
-339
-277
-146
-26
146
366
477
445
404
314
66
-235
-428
-582
-758
-837
-777
-699
-637
-555
-501
-517
-551
-599
-712
-815
-811
-753
-698
-563
-338
-162
-76
14
90
56
-35
-101
-161
-229
-237
-188
-142
-89
-10
15
-34
-84
-144
-277
-422
-489
-522
-571
-570
-485
-402
-363
-327
-300
-357
-525
-786
-1138
-1545
-1932
-2223
-2336
-2209
-1862
-1365
-705
107
933
1622
2152
2555
2743
2713
2595
2489
2398
2314
2299
2349
2421
2483
2473
2334
2060
1655
1096
469
-79
-495
-823
-1009
-973
-773
-521
-251
29
245
336
315
248
193
170
183
246
403
628
872
1067
1203
1286
1216
990
669
332
-60
-558
-1038
-1407
-1647
-1815
-1879
-1770
-1549
-1300
-1051
-753
-463
-265
-137
-30
63
143
235
318
391
482
552
545
503
470
360
132
-117
-330
-563
-812
-992
-1086
-1141
-1162
-1122
-1049
-982
-929
-906
-906
-886
-840
-789
-711
-556
-360
-182
-19
147
276
336
333
284
197
86
-23
-110
-155
-161
-165
-180
-180
-176
-222
-302
-362
-413
-483
-518
-496
-472
-451
-395
-340
-323
-300
-274
-294
-334
-358
-452
-669
-924
-1177
-1475
-1722
-1747
-1563
-1296
-898
-265
492
1191
1810
2362
2740
2889
2879
2774
2620
2494
2412
2331
2302
2379
2434
2336
2166
1969
1605
1052
498
37
-389
-746
-906
-873
-747
-556
-310
-78
90
191
207
154
105
87
85
142
308
525
709
859
999
1062
975
774
488
60
-525
-1138
-1619
-1939
-2121
-2131
-1948
-1629
-1251
-851
-480
-206
-66
-55
-139
-229
-245
-202
-138
-28
146
319
440
518
523
396
134
-197
-534
-837
-1065
-1196
-1240
-1203
-1097
-962
-836
-736
-698
-747
-845
-923
-955
-952
-884
-719
-483
-227
23
250
410
471
433
317
174
47
-46
-100
-96
-42
31
97
142
147
85
-46
-198
-327
-434
-544
-627
-625
-555
-475
-412
-350
-301
-314
-399
-522
-677
-878
-1094
-1276
-1416
-1513
-1487
-1257
-860
-395
128
740
1373
1900
2302
2640
2898
2981
2903
2803
2758
2707
2601
2497
2444
2381
2213
1949
1647
1321
923
457
13
-320
-546
-701
-763
-692
-530
-363
-223
-84
44
106
101
109
176
250
294
375
532
691
768
783
758
651
469
231
-38
-342
-622
-940
-1424
-1860
-2071
-2173
-2302
-2288
-2005
-1718
-1443
-1006
-487
-123
90
285
401
407
421
431
348
304
320
273
170
186
261
79
-227
-428
-604
-871
-1123
-1190
-1224
-1282
-1242
-1102
-942
-785
-626
-531
-474
-374
-277
-236
-148
32
150
191
299
477
551
509
474
436
332
209
124
50
-23
-91
-159
-211
-230
-253
-316
-382
-408
-417
-435
-437
-402
-379
-404
-428
-399
-383
-436
-542
-707
-956
-1218
-1404
-1544
-1700
-1810
-1747
-1451
-983
-434
177
860
1525
2045
2425
2751
2994
3053
2957
2854
2797
2729
2627
2551
2518
2449
2258
1961
1630
1262
795
260
-205
-532
-764
-917
-927
-785
-585
-407
-243
-64
79
125
115
135
197
259
319
426
606
792
886
889
863
781
584
303
-7
-320
-651
-1062
-1554
-1954
-2143
-2272
-2413
-2382
-2112
-1808
-1507
-1054
-504
-92
158
367
532
612
648
635
550
479
483
462
394
390
394
218
-74
-291
-492
-807
-1101
-1238
-1317
-1394
-1351
-1187
-1012
-850
-684
-564
-475
-359
-276
-259
-183
-10
130
209
352
549
641
632
634
614
487
301
137
-30
-197
-308
-381
-456
-474
-443
-466
-537
-552
-536
-578
-617
-570
-511
-504
-480
-409
-355
-343
-370
-494
-734
-1008
-1239
-1458
-1704
-1923
-2005
-1854
-1464
-932
-335
358
1112
1741
2163
2518
2857
3023
2960
2851
2821
2812
2776
2759
2780
2779
2667
2415
2082
1724
1291
733
166
-248
-541
-787
-911
-827
-639
-480
-342
-173
-30
25
4
-17
11
76
145
255
458
709
885
955
978
945
793
531
227
-80
-430
-896
-1427
-1840
-2047
-2174
-2276
-2211
-1934
-1604
-1277
-839
-336
16
176
278
357
385
389
374
332
325
369
379
368
404
385
169
-138
-379
-606
-898
-1149
-1274
-1341
-1386
-1331
-1172
-994
-842
-736
-687
-649
-582
-524
-485
-386
-220
-70
54
221
389
452
420
353
261
129
-9
-116
-190
-241
-280
-308
-312
-299
-320
-405
-497
-574
-663
-748
-757
-693
-628
-601
-559
-466
-355
-285
-303
-426
-655
-956
-1244
-1453
-1611
-1766
-1875
-1792
-1428
-882
-293
337
1058
1760
2271
2640
2986
3250
3299
3196
3119
3119
3118
3086
3047
3012
2917
2682
2315
1910
1506
1031
479
-23
-375
-625
-793
-810
-691
-543
-423
-286
-123
1
50
53
52
90
174
293
482
696
888
984
984
945
800
573
273
-48
-359
-748
-1184
-1619
-1970
-2211
-2403
-2478
-2418
-2213
-1894
-1515
-1042
-568
-175
88
241
359
409
392
335
273
242
223
222
223
192
97
-68
-283
-527
-797
-1080
-1330
-1504
-1585
-1575
-1472
-1283
-1056
-853
-700
-579
-476
-401
-357
-305
-220
-116
-2
126
260
384
469
482
430
358
250
94
-46
-136
-229
-317
-342
-321
-315
-323
-328
-346
-377
-432
-471
-500
-518
-538
-565
-500
-398
-294
-197
-123
-107
-242
-473
-719
-966
-1251
-1591
-1849
-1842
-1528
-1042
-476
225
1050
1809
2377
2840
3239
3438
3367
3181
3051
2993
2952
2908
2905
2962
2977
2826
2544
2223
1804
1199
530
-25
-454
-809
-1016
-998
-836
-663
-496
-297
-109
-8
-2
-48
-86
-83
-41
54
223
479
728
881
954
987
895
635
291
-56
-410
-891
-1376
-1771
-2097
-2324
-2501
-2501
-2390
-2214
-1920
-1597
-1200
-805
-468
-221
-47
132
239
262
292
357
374
333
314
314
255
106
-78
-290
-528
-765
-985
-1184
-1322
-1384
-1398
-1363
-1237
-1050
-889
-757
-610
-480
-408
-346
-245
-140
-47
73
211
329
421
489
513
500
467
390
259
131
38
-54
-156
-229
-258
-291
-325
-313
-280
-290
-325
-332
-320
-316
-300
-254
-204
-158
-111
-84
-105
-167
-308
-572
-904
-1192
-1434
-1698
-1931
-1981
-1774
-1353
-795
-140
610
1406
2102
2621
3027
3346
3472
3389
3249
3184
3163
3108
3033
2993
2955
2816
2533
2177
1765
1252
643
33
-474
-841
-1076
-1178
-1129
-970
-796
-631
-454
-287
-193
-172
-159
-109
-28
69
221
454
684
827
907
943
885
705
446
128
-229
-573
-932
-1336
-1688
-1945
-2228
-2561
-2736
-2677
-2554
-2405
-2065
-1562
-1082
-630
-134
295
554
720
817
777
660
573
462
302
223
220
137
4
-60
-169
-447
-746
-952
-1181
-1439
-1550
-1495
-1392
-1245
-1007
-733
-477
-236
-58
16
64
144
182
158
205
338
419
448
535
614
560
441
345
210
15
-152
-272
-373
-413
-400
-403
-382
-268
-169
-171
-169
-116
-87
-124
-86
-3
1
-3
20
60
47
2
-106
-381
-714
-1033
-1351
-1648
-1887
-2051
-2126
-1959
-1500
-907
-298
403
1176
1829
2296
2702
3051
3188
3144
3087
3058
3022
2999
2976
2913
2829
2695
2408
2002
1591
1129
540
-51
-491
-816
-1073
-1170
-1095
-954
-815
-646
-453
-291
-177
-109
-61
17
136
248
390
605
827
965
1001
1014
954
738
445
101
-255
-657
-1127
-1536
-1879
-2171
-2448
-2658
-2648
-2518
-2334
-2023
-1593
-1113
-675
-252
151
456
672
795
825
816
801
720
582
492
460
366
201
72
-73
-329
-630
-881
-1104
-1307
-1434
-1487
-1472
-1360
-1166
-961
-769
-554
-363
-254
-175
-71
18
60
106
186
261
316
374
429
453
432
365
257
114
-36
-184
-312
-395
-430
-450
-457
-416
-333
-262
-223
-191
-165
-170
-184
-160
-116
-90
-63
6
78
91
47
-20
-137
-338
-614
-903
-1166
-1442
-1778
-2084
-2150
-1912
-1524
-1065
-423
407
1189
1797
2338
2850
3160
3193
3102
3052
3039
2973
2861
2802
2837
2846
2712
2487
2249
1903
1339
676
110
-347
-774
-1092
-1168
-1046
-871
-671
-401
-119
62
120
125
130
136
137
180
319
526
699
807
904
991
954
718
388
43
-417
-1024
-1567
-1904
-2183
-2503
-2685
-2588
-2344
-2068
-1708
-1268
-864
-535
-250
-14
181
352
438
424
442
531
550
481
459
446
280
24
-164
-332
-609
-921
-1151
-1305
-1413
-1450
-1414
-1340
-1216
-1066
-959
-876
-752
-643
-629
-606
-473
-317
-204
-44
175
345
432
492
523
487
403
272
96
-56
-147
-223
-299
-294
-223
-178
-178
-145
-80
-65
-99
-105
-78
-66
-50
23
147
255
306
296
244
166
41
-156
-383
-596
-811
-1050
-1256
-1356
-1392
-1464
-1551
-1521
-1293
-933
-521
-35
578
1244
1826
2304
2756
3147
3333
3310
3221
3160
3076
2908
2721
2596
2480
2289
2041
1810
1557
1179
695
225
-151
-463
-733
-889
-863
-729
-601
-418
-163
97
248
309
386
395
367
342
357
406
431
457
449
429
392
260
20
-248
-610
-1188
-1792
-2233
-2491
-2729
-2851
-2694
-2379
-1966
-1445
-855
-359
-28
197
289
275
271
258
158
67
87
174
215
272
343
249
18
-235
-477
-795
-1161
-1406
-1561
-1642
-1596
-1422
-1181
-935
-702
-557
-486
-394
-313
-327
-340
-243
-126
-32
120
340
509
597
658
635
539
409
245
79
-92
-189
-240
-253
-188
-120
-75
-82
-79
-39
-34
-41
-7
81
171
247
320
396
470
510
472
369
281
202
67
-87
-218
-342
-560
-812
-982
-1125
-1315
-1608
-1868
-1950
-1819
-1507
-1118
-583
143
914
1565
2120
2667
3079
3184
3070
2962
2907
2806
2654
2546
2512
2475
2374
2212
2033
1795
1386
797
213
-237
-624
-968
-1121
-1024
-845
-680
-454
-152
101
211
224
200
163
107
54
61
163
301
390
483
583
619
490
241
-60
-540
-1128
-1686
-2101
-2416
-2642
-2648
-2497
-2173
-1709
-1196
-727
-332
-6
132
170
243
301
252
173
207
287
332
377
424
389
234
9
-271
-583
-883
-1138
-1352
-1485
-1450
-1328
-1160
-956
-749
-573
-492
-417
-358
-365
-392
-403
-327
-208
-51
137
319
488
603
612
520
406
282
115
-64
-181
-228
-239
-195
-105
-23
22
41
36
8
-32
-73
-99
-93
-62
2
118
266
381
406
349
250
122
-51
-262
-470
-645
-808
-990
-1151
-1237
-1294
-1452
-1708
-1879
-1815
-1570
-1275
-882
-281
454
1131
1735
2347
2897
3205
3232
3148
3052
2954
2772
2553
2481
2477
2389
2194
2060
1983
1695
1194
665
245
-134
-532
-794
-836
-758
-667
-497
-199
85
234
293
342
344
300
246
227
262
337
421
467
535
592
423
75
-267
-585
-993
-1440
-1691
-1847
-2056
-2110
-1908
-1596
-1330
-1040
-710
-490
-293
-65
47
34
34
40
-36
-77
34
115
37
-37
-67
-166
-367
-566
-717
-941
-1136
-1241
-1290
-1278
-1212
-1102
-1031
-933
-762
-636
-572
-495
-409
-397
-397
-318
-214
-156
-80
43
127
173
226
249
212
171
136
55
-27
-57
-108
-201
-228
-180
-162
-169
-131
-76
-50
-27
1
14
43
90
105
108
163
200
137
53
28
-33
-192
-350
-457
-603
-807
-987
-1112
-1223
-1359
-1516
-1615
-1514
-1204
-843
-448
135
875
1523
2024
2522
2996
3237
3232
3162
3108
3014
2866
2710
2596
2515
2417
2249
2046
1854
1590
1158
671
291
-6
-313
-543
-585
-502
-403
-257
-18
237
396
434
415
394
362
287
218
226
296
347
362
381
392
271
-99
-630
-1124
-1550
-2001
-2404
-2567
-2484
-2282
-1964
-1468
-906
-467
-195
-48
-15
-72
-184
-337
-472
-503
-445
-365
-233
-14
154
128
-22
-201
-465
-839
-1186
-1424
-1602
-1706
-1652
-1449
-1187
-916
-673
-507
-420
-408
-480
-602
-679
-687
-662
-561
-325
-38
180
344
508
613
585
461
313
148
-20
-156
-231
-229
-162
-74
-8
61
137
152
91
36
27
27
20
53
140
227
283
342
420
451
383
242
93
-48
-200
-356
-489
-605
-724
-851
-943
-983
-1030
-1167
-1329
-1331
-1107
-785
-424
94
794
1481
2031
2545
3055
3389
3422
3278
3122
2966
2742
2478
2276
2172
2074
1906
1730
1600
1424
1081
636
235
-115
-464
-727
-801
-706
-543
-342
-87
210
446
530
517
490
457
329
199
146
139
147
133
159
169
132
-58
-504
-988
-1382
-1756
-2272
-2725
-2811
-2710
-2544
-2193
-1593
-964
-523
-135
207
362
354
233
17
-217
-333
-350
-360
-275
-77
8
-73
-115
-152
-430
-868
-1175
-1369
-1601
-1738
-1631
-1393
-1154
-848
-536
-285
-74
28
-9
-118
-145
-145
-204
-171
-9
187
339
498
675
748
685
537
344
117
-91
-258
-375
-398
-309
-191
-82
81
263
331
298
261
197
71
-31
-52
-49
-25
70
186
231
228
212
130
-34
-207
-386
-622
-863
-1006
-1095
-1188
-1252
-1306
-1376
-1366
-1111
-762
-476
-53
548
1141
1603
2094
2626
2928
2991
2953
2894
2801
2634
2421
2216
2090
1986
1809
1613
1481
1303
951
555
251
-21
-327
-549
-595
-531
-430
-271
-50
210
454
595
620
623
626
549
402
326
321
280
205
171
146
57
-134
-468
-927
-1343
-1667
-2039
-2405
-2510
-2387
-2260
-2033
-1524
-938
-534
-221
118
349
414
418
383
274
168
115
57
22
64
67
-70
-220
-322
-524
-845
-1088
-1231
-1407
-1549
-1498
-1323
-1160
-977
-750
-549
-382
-237
-176
-179
-136
-76
-79
-60
65
203
273
349
444
451
366
270
156
-14
-183
-301
-394
-448
-414
-336
-281
-215
-128
-87
-79
-22
34
-1
-47
0
70
77
49
25
-31
-125
-225
-328
-444
-579
-748
-946
-1115
-1209
-1267
-1373
-1517
-1569
-1415
-1098
-743
-330
243
910
1498
2000
2523
2977
3158
3086
2962
2863
2704
2465
2257
2152
2070
1926
1775
1679
1571
1331
974
622
323
34
-230
-362
-325
-204
-65
142
438
724
881
914
911
874
755
569
417
337
271
191
154
169
167
90
-67
-286
-541
-819
-1153
-1582
-2005
-2299
-2495
-2640
-2616
-2349
-1966
-1554
-1038
-428
107
481
739
864
831
692
502
270
38
-125
-246
-351
-405
-431
-525
-682
-835
-1021
-1273
-1504
-1637
-1699
-1698
-1579
-1333
-1027
-709
-394
-116
92
215
246
206
148
102
41
-7
14
83
114
122
150
150
66
-45
-138
-246
-364
-432
-442
-426
-370
-273
-170
-74
25
100
131
165
213
212
181
199
246
234
175
152
141
65
-60
-181
-322
-528
-768
-984
-1146
-1254
-1348
-1484
-1592
-1495
-1177
-808
-425
111
787
1402
1897
2380
2836
3103
3119
3007
2891
2761
2561
2316
2125
2011
1872
1673
1501
1394
1222
909
567
297
64
-167
-314
-311
-203
-53
128
364
629
829
895
877
851
780
611
423
312
237
126
34
10
-10
-96
-240
-421
-633
-873
-1175
-1565
-1941
-2159
-2253
-2333
-2346
-2176
-1894
-1609
-1269
-826
-403
-97
140
345
482
546
524
402
242
111
-39
-235
-395
-506
-660
-852
-978
-1036
-1125
-1248
-1305
-1284
-1256
-1225
-1111
-914
-707
-512
-297
-75
122
263
333
368
407
417
368
318
292
237
142
67
24
-20
-70
-114
-152
-173
-186
-205
-218
-197
-151
-122
-104
-47
55
134
174
217
283
339
389
439
440
360
253
153
32
-123
-270
-406
-564
-728
-871
-1004
-1123
-1236
-1404
-1588
-1606
-1400
-1109
-775
-258
444
1122
1689
2238
2741
3034
3052
2922
2762
2567
2308
2037
1845
1746
1653
1515
1385
1290
1133
844
500
201
-63
-310
-465
-463
-344
-176
40
319
611
829
930
931
880
773
599
410
282
205
128
70
69
77
37
-63
-232
-467
-726
-1012
-1375
-1766
-2049
-2204
-2308
-2322
-2161
-1880
-1581
-1232
-786
-350
-18
233
423
524
542
510
414
265
126
-6
-160
-293
-374
-487
-660
-802
-890
-1005
-1130
-1186
-1185
-1163
-1076
-906
-698
-474
-231
-19
129
250
354
397
385
364
339
291
243
215
183
137
101
60
-1
-73
-147
-231
-303
-349
-384
-409
-382
-321
-279
-236
-146
-55
-7
45
135
222
282
335
348
283
169
54
-75
-229
-367
-477
-596
-734
-865
-974
-1065
-1170
-1350
-1578
-1689
-1597
-1390
-1122
-678
-34
632
1207
1775
2340
2722
2820
2748
2632
2471
2241
1980
1775
1675
1624
1548
1473
1458
1406
1192
884
611
354
63
-190
-299
-266
-144
37
274
564
847
1023
1074
1071
1023
865
646
490
398
284
174
144
171
168
96
-32
-199
-411
-673
-950
-1176
-1367
-1602
-1822
-1882
-1830
-1802
-1748
-1564
-1327
-1118
-874
-573
-309
-107
83
250
377
484
532
455
327
231
86
-147
-340
-457
-626
-830
-934
-953
-1003
-1044
-1002
-934
-875
-774
-637
-511
-373
-213
-90
14
161
287
299
267
267
231
117
17
-39
-105
-186
-235
-265
-291
-301
-311
-349
-368
-335
-309
-316
-282
-205
-153
-107
1
114
154
164
198
210
170
111
25
-97
-211
-290
-363
-425
-462
-518
-639
-776
-886
-1018
-1212
-1428
-1564
-1530
-1337
-1057
-684
-134
527
1117
1615
2114
2528
2684
2628
2534
2428
2251
2041
1885
1803
1755
1694
1612
1546
1474
1298
990
677
426
177
-60
-161
-90
58
233
472
759
998
1118
1141
1116
1043
888
687
520
412
321
237
196
188
163
85
-55
-237
-442
-694
-976
-1199
-1378
-1634
-1918
-2034
-1975
-1903
-1807
-1567
-1239
-950
-654
-299
15
213
321
341
292
239
161
-17
-225
-343
-433
-567
-652
-648
-693
-825
-929
-970
-1022
-1077
-1079
-1048
-977
-823
-624
-429
-220
-16
88
114
171
226
176
65
2
-36
-94
-126
-113
-107
-122
-135
-158
-184
-185
-194
-243
-277
-254
-233
-222
-148
-34
39
92
181
249
263
270
271
224
170
150
108
33
-12
-52
-147
-255
-311
-365
-457
-533
-581
-640
-691
-719
-794
-916
-936
-807
-650
-466
-112
377
826
1225
1658
2049
2258
2308
2282
2196
2055
1880
1691
1544
1469
1406
1318
1267
1253
1160
954
752
597
412
194
62
56
95
153
288
495
685
808
866
866
810
689
519
340
204
99
-8
-91
-112
-108
-152
-242
-337
-457
-634
-850
-1068
-1317
-1613
-1881
-2033
-2066
-1999
-1815
-1518
-1148
-749
-352
-2
256
402
417
305
133
-33
-200
-380
-514
-572
-603
-618
-601
-582
-610
-682
-775
-871
-938
-970
-970
-900
-741
-539
-326
-89
129
269
327
327
276
179
55
-73
-167
-200
-185
-151
-100
-27
31
40
21
2
-31
-97
-163
-194
-185
-149
-85
8
119
229
322
397
455
482
447
343
220
126
35
-85
-177
-203
-223
-276
-309
-292
-284
-320
-353
-352
-348
-352
-356
-356
-350
-357
-402
-422
-327
-167
-31
148
456
796
1048
1263
1495
1655
1677
1614
1535
1434
1301
1164
1058
1005
982
942
901
909
924
859
747
667
599
489
388
368
395
428
480
559
653
740
766
703
604
509
368
169
-3
-119
-228
-319
-364
-403
-453
-499
-618
-872
-1113
-1248
-1415
-1645
-1714
-1564
-1367
-1136
-759
-329
-2
229
378
390
293
146
-89
-370
-538
-597
-678
-718
-597
-452
-432
-429
-369
-373
-489
-616
-706
-769
-774
-713
-603
-423
-197
-13
111
226
294
226
61
-89
-220
-377
-508
-544
-506
-433
-336
-225
-120
-47
-40
-97
-159
-195
-243
-306
-309
-231
-131
-35
83
204
277
297
278
235
173
94
9
-59
-90
-100
-119
-151
-174
-180
-209
-273
-329
-353
-372
-400
-384
-302
-202
-116
-28
72
144
137
52
-39
-79
-83
-70
15
225
494
728
944
1199
1421
1492
1452
1406
1343
1203
1044
970
970
974
981
1030
1121
1189
1176
1083
961
830
663
481
360
327
338
371
456
588
702
738
701
619
486
290
80
-86
-198
-260
-286
-275
-222
-167
-147
-179
-266
-373
-482
-613
-724
-768
-748
-693
-621
-515
-396
-325
-307
-323
-398
-520
-655
-793
-912
-973
-976
-946
-884
-770
-658
-601
-570
-532
-542
-607
-673
-715
-730
-732
-707
-630
-534
-452
-387
-346
-330
-351
-418
-516
-629
-708
-750
-764
-709
-589
-459
-322
-185
-78
-17
-3
-17
-55
-111
-156
-179
-170
-117
-33
69
174
275
363
394
379
321
238
139
37
-27
-67
-69
-38
24
112
177
224
245
228
205
164
134
147
189
280
379
475
572
608
574
488
413
326
222
186
228
327
444
608
801
974
1103
1159
1189
1190
1162
1093
1025
1002
995
997
997
1024
1064
1044
998
927
814
667
510
367
253
196
185
204
250
321
370
356
321
242
116
-39
-221
-363
-452
-495
-484
-435
-343
-243
-184
-166
-170
-214
-323
-465
-593
-713
-839
-935
-974
-979
-973
-964
-947
-925
-910
-921
-940
-939
-926
-913
-905
-861
-791
-731
-666
-611
-554
-528
-522
-525
-550
-567
-596
-611
-608
-591
-570
-566
-540
-499
-460
-438
-424
-392
-351
-325
-300
-242
-185
-143
-103
-63
-10
41
64
84
119
165
213
261
303
332
352
355
332
321
314
269
222
203
194
182
178
202
235
259
284
319
367
422
454
487
539
582
609
616
603
588
566
531
506
491
477
464
445
429
416
407
409
422
439
455
472
494
516
520
513
514
529
549
572
609
651
685
700
693
676
653
604
519
442
383
322
262
214
178
150
116
87
64
43
23
-4
-41
-71
-97
-123
-157
-175
-188
-209
-241
-267
-283
-320
-365
-422
-461
-510
-565
-628
-659
-701
-740
-775
-810
-840
-856
-883
-901
-877
-839
-812
-776
-729
-678
-646
-628
-610
-585
-572
-573
-570
-548
-527
-535
-546
-537
-519
-505
-482
-434
-384
-347
-323
-308
-300
-303
-323
-334
-315
-268
-209
-132
-32
63
121
149
167
173
169
164
162
185
210
243
286
338
405
442
473
487
485
479
441
399
370
368
377
393
434
483
516
536
542
521
474
418
372
350
353
376
416
464
515
542
548
525
483
435
379
338
311
301
309
321
349
375
395
407
406
406
392
368
340
319
309
309
321
336
360
370
358
325
263
193
107
36
-6
-25
-14
10
43
69
76
59
7
-66
-140
-202
-260
-297
-301
-292
-284
-274
-259
-266
-288
-313
-346
-388
-425
-457
-487
-505
-514
-526
-536
-532
-525
-526
-536
-547
-563
-589
-619
-643
-653
-647
-634
-608
-565
-516
-470
-433
-406
-389
-385
-384
-381
-372
-356
-330
-304
-272
-241
-225
-214
-211
-216
-204
-189
-174
-150
-122
-101
-82
-67
-57
-48
-41
-31
0
43
104
161
224
292
335
368
377
366
361
339
321
314
317
340
365
395
426
449
465
461
446
420
387
358
333
325
333
350
380
419
452
478
484
471
454
418
361
310
274
255
246
240
253
291
327
350
360
355
332
298
253
216
187
164
158
165
182
198
207
213
197
161
120
67
12
-30
-74
-97
-96
-91
-74
-48
-31
-19
-30
-62
-104
-150
-201
-248
-286
-306
-303
-301
-280
-253
-239
-223
-233
-252
-276
-300
-328
-356
-345
-339
-333
-318
-312
-311
-320
-348
-376
-407
-443
-458
-464
-463
-428
-380
-343
-307
-260
-225
-214
-211
-213
-224
-236
-232
-214
-197
-174
-140
-104
-81
-71
-65
-62
-73
-85
-94
-99
-94
-80
-65
-43
-18
8
34
42
44
52
42
28
22
8
2
6
18
50
96
149
212
267
307
331
337
317
289
254
201
149
116
104
104
121
164
222
267
290
302
295
254
204
158
122
111
125
160
211
270
318
347
354
335
296
244
184
132
98
79
85
105
130
162
194
212
220
207
172
122
69
22
-19
-50
-58
-45
-13
34
78
117
136
128
104
76
45
21
4
-8
-13
-14
-16
-18
-21
-27
-39
-52
-65
-79
-97
-117
-131
-139
-139
-137
-126
-112
-101
-102
-113
-131
-155
-184
-215
-243
-263
-278
-282
-280
-276
-273
-274
-278
-278
-278
-278
-275
-270
-255
-233
-208
-186
-165
-142
-120
-103
-94
-87
-87
-94
-102
-109
-109
-98
-80
-59
-41
-28
-21
-17
-22
-34
-44
-43
-29
-13
-2
5
11
15
16
19
28
48
67
84
100
115
131
138
137
129
121
115
113
112
117
124
130
135
136
138
143
143
143
143
141
134
121
105
89
80
81
94
115
139
158
175
186
190
185
176
164
147
121
91
62
35
14
2
-1
5
20
40
54
60
62
56
37
9
-20
-44
-60
-71
-80
-90
-98
-105
-108
-104
-95
-81
-62
-41
-23
-10
-11
-25
-46
-73
-106
-127
-130
-119
-104
-86
-67
-52
-39
-33
-28
-24
-23
-30
-27
-18
-13
-9
-1
6
17
27
25
21
22
13
-10
-30
-43
-56
-59
-51
-33
-9
23
51
75
91
95
91
89
83
71
66
61
51
44
39
35
36
35
30
28
31
23
15
22
27
16
-1
-17
-40
-62
-78
-91
-101
-100
-87
-68
-42
-15
7
19
22
10
-14
-40
-63
-92
-120
-130
-134
-133
-121
-104
-82
-58
-44
-34
-37
-50
-63
-79
-90
-89
-80
-61
-31
1
31
56
71
84
82
73
54
32
14
-5
-19
-22
-19
-4
17
36
57
64
61
51
40
31
23
16
23
41
65
95
122
143
151
139
115
82
38
-7
-43
-63
-71
-68
-54
-35
-19
-5
7
17
18
10
-3
-18
-28
-36
-32
-15
-1
7
16
12
0
-17
-45
-69
-84
-99
-95
-76
-49
-17
12
33
42
40
32
19
4
-7
-18
-18
-8
2
13
27
40
55
67
72
73
73
75
78
78
82
93
108
116
115
101
79
52
29
7
-11
-16
-11
-1
14
33
41
46
56
61
55
45
38
31
19
14
17
24
27
32
41
49
51
44
31
5
-29
-68
-107
-136
-151
-152
-142
-123
-101
-78
-62
-52
-49
-50
-56
-71
-90
-105
-112
-113
-109
-101
-87
-71
-59
-47
-41
-41
-44
-54
-72
-94
-109
-116
-108
-90
-61
-28
4
30
44
45
32
16
0
-12
-22
-26
-25
-23
-20
-17
-18
-18
-15
-16
-25
-37
-46
-50
-47
-41
-33
-19
4
25
48
71
85
87
86
78
54
22
0
-13
-23
-32
-26
-10
12
33
57
77
93
108
118
117
112
105
94
80
72
69
69
74
84
95
102
109
115
119
122
127
129
130
131
134
133
130
121
109
90
68
46
28
15
6
-2
-12
-25
-36
-44
-47
-45
-43
-38
-31
-25
-17
-11
-7
-6
-10
-17
-27
-39
-52
-68
-82
-96
-106
-110
-111
-109
-107
-108
-109
-113
-114
-111
-105
-94
-83
-71
-59
-50
-43
-43
-48
-57
-68
-78
-86
-93
-96
-93
-83
-67
-46
-26
-7
8
18
21
16
5
-9
-21
-30
-33
-33
-24
-8
11
30
44
55
66
75
82
81
71
52
29
7
-10
-18
-21
-20
-16
-11
-10
-9
-10
-13
-17
-22
-24
-23
-15
-2
10
21
25
33
36
31
22
18
18
15
7
-1
-6
-5
-6
-3
3
13
18
24
23
17
9
2
-2
-5
-4
3
16
31
50
69
88
106
123
135
142
143
138
129
115
96
76
62
52
41
29
21
17
10
-3
-15
-20
-25
-29
-31
-26
-16
-3
9
20
28
31
28
23
12
0
-12
-25
-34
-41
-49
-52
-52
-50
-50
-48
-46
-42
-41
-41
-44
-49
-51
-55
-61
-67
-70
-68
-68
-70
-72
-69
-62
-51
-34
-17
3
23
43
52
49
35
22
6
-12
-32
-47
-51
-49
-49
-48
-46
-41
-37
-34
-29
-23
-16
-9
-4
5
13
16
17
18
22
22
16
9
3
-2
-10
-19
-27
-35
-43
-48
-50
-50
-48
-46
-41
-33
-23
-8
9
25
41
53
63
70
67
57
43
33
27
23
19
20
26
33
33
28
20
14
8
0
-5
-3
8
22
39
51
61
70
75
72
63
51
40
34
33
36
44
57
68
78
81
79
68
50
27
4
-17
-38
-56
-68
-67
-54
-35
-16
-1
8
15
20
20
14
5
-3
-8
-14
-17
-12
-2
4
5
7
7
2
-12
-28
-48
-71
-95
-108
-114
-111
-102
-87
-66
-47
-33
-21
-16
-17
-26
-39
-48
-56
-61
-57
-43
-26
-10
5
14
17
11
0
-14
-26
-38
-45
-47
-42
-31
-15
4
20
31
36
35
32
28
23
20
18
18
20
24
30
36
42
45
47
45
42
35
26
14
2
-8
-12
-13
-8
-2
7
13
21
28
31
31
28
23
16
10
4
-6
-14
-20
-26
-26
-23
-17
-10
-2
4
9
10
13
11
10
9
8
4
-2
-7
-10
-9
-6
4
17
35
52
66
73
75
76
72
66
55
41
29
23
24
29
38
45
52
53
49
37
20
0
-19
-37
-47
-52
-53
-47
-38
-25
-13
-2
5
7
3
-10
-23
-32
-41
-51
-53
-53
-55
-51
-43
-43
-49
-51
-50
-50
-48
-44
-43
-43
-40
-35
-28
-22
-24
-26
-21
-18
-22
-24
-20
-17
-20
-22
-20
-12
-3
3
4
1
-5
-16
-29
-43
-54
-56
-49
-43
-39
-27
-7
8
17
25
29
26
18
10
0
-6
-5
-5
-3
9
23
39
52
64
62
53
45
36
24
17
16
15
22
38
48
54
61
65
58
47
37
22
7
-3
-7
-4
4
11
17
24
33
31
26
22
12
0
-7
-7
-7
-7
-1
6
12
16
17
11
9
8
-2
-13
-18
-18
-19
-13
-5
3
14
27
41
55
68
74
71
63
51
36
21
2
-15
-28
-34
-34
-31
-22
-12
-2
3
3
1
-4
-13
-26
-38
-42
-43
-35
-26
-18
-9
-7
-11
-17
-23
-32
-49
-66
-77
-78
-74
-68
-58
-42
-24
-9
4
15
21
22
18
10
1
-5
-10
-14
-19
-22
-20
-14
-13
-14
-14
-13
-15
-24
-33
-36
-37
-35
-37
-37
-32
-26
-20
-11
-4
3
11
17
21
21
20
18
14
9
8
10
14
12
13
15
17
24
27
26
21
12
7
5
6
6
2
2
4
8
7
5
3
4
5
9
9
10
12
16
18
18
21
26
24
19
15
16
15
10
3
-3
-5
-5
-2
4
11
16
20
23
26
27
28
29
26
22
19
18
16
17
14
9
3
-5
-7
-7
-2
5
13
22
29
37
38
35
30
23
16
5
-6
-16
-24
-24
-22
-23
-25
-28
-30
-30
-32
-36
-40
-39
-33
-24
-12
-6
-1
2
1
-2
-8
-14
-20
-24
-25
-25
-24
-22
-19
-14
-6
1
5
8
7
5
4
2
-2
-3
-5
-5
-4
-5
-8
-10
-12
-12
-10
-10
-9
-7
-3
3
7
9
9
11
12
15
17
17
16
15
14
11
7
2
-7
-16
-22
-26
-27
-25
-22
-17
-9
-1
4
7
9
10
7
4
0
-4
-5
-3
-2
-1
0
1
5
9
11
10
9
4
-3
-6
-7
-15
-19
-19
-26
-33
-28
-22
-17
-7
3
7
7
10
13
12
9
8
6
5
2
0
2
3
8
17
27
30
30
28
25
20
14
6
1
-6
-17
-23
-22
-19
-10
4
17
23
30
32
30
27
18
6
-2
-10
-17
-19
-14
-7
-3
6
13
13
12
14
14
5
-1
-6
-12
-16
-14
-10
-7
1
13
19
22
27
28
25
22
19
11
2
-4
-8
-14
-18
-18
-19
-18
-14
-6
-1
3
9
14
15
12
9
5
-1
-5
-7
-7
-3
3
5
11
15
16
12
4
-4
-11
-17
-23
-28
-32
-33
-26
-15
-4
2
4
2
1
-1
-12
-23
-30
-34
-39
-41
-38
-33
-30
-27
-20
-7
-1
0
0
2
1
-3
-8
-10
-13
-16
-18
-16
-20
-27
-26
-17
-12
-10
-9
-4
2
2
0
3
8
10
10
7
8
15
21
25
23
23
21
19
17
14
11
10
6
3
5
10
17
20
23
24
26
24
22
17
13
11
13
18
18
21
24
30
30
23
13
8
1
-7
-14
-15
-14
-12
-8
-2
4
8
8
7
4
2
-1
-2
-1
3
6
13
18
23
24
22
17
13
5
-5
-11
-13
-18
-19
-9
0
1
3
9
6
-1
4
6
3
4
3
5
8
9
13
12
16
9
2
-1
-14
-23
-32
-31
-31
-33
-20
-16
-5
-6
-2
0
-11
-11
-19
-21
-25
-28
-23
-23
-15
-14
-11
-8
-8
-5
-3
-3
-5
-7
-11
-15
-20
-24
-26
-27
-22
-18
-15
-10
-7
-6
-6
-7
-8
-10
-12
-14
-16
-16
-10
-1
7
13
13
11
12
13
13
13
11
6
3
2
4
0
2
5
9
16
17
23
21
28
29
26
25
19
20
17
13
9
1
-2
-6
-5
-2
2
7
14
17
18
15
8
6
2
-4
-4
-5
-1
5
0
1
8
10
14
16
3
-4
-6
-17
-21
-20
-23
-16
-12
-13
-8
-1
3
10
10
7
6
1
-3
-6
-9
-8
-7
-5
-2
0
0
1
3
7
8
6
2
1
2
2
-1
-3
-4
-6
-5
-1
0
2
4
2
5
6
5
4
0
-5
-5
-3
0
3
2
2
4
6
4
1
4
2
0
-5
-8
-5
2
-1
0
2
3
4
-3
-11
-16
-17
-13
-8
-4
-4
-3
-4
-3
-4
-3
0
-5
-9
-6
-1
5
10
8
7
6
1
-8
-11
-17
-15
-12
-8
-2
4
11
17
17
14
10
8
6
1
-7
-11
-11
-6
-3
-1
1
4
7
8
6
3
-2
-1
1
-1
-5
-10
-11
-6
-3
0
4
8
12
9
5
4
2
2
-3
-11
-15
-14
-10
-3
1
6
11
16
16
13
6
-2
-10
-14
-17
-18
-19
-17
-11
-3
4
7
11
14
14
11
2
-4
-10
-13
-12
-8
-6
-3
-3
0
2
4
1
-2
-4
-2
-5
-7
-7
1
12
19
18
15
10
5
-3
-7
-7
-3
-4
-4
0
5
7
1
-1
-1
-2
-8
-11
-10
-6
-3
-2
1
8
13
13
11
7
3
0
-3
-3
-2
0
0
3
10
18
23
18
11
5
-1
-3
-4
-6
-5
0
5
8
8
6
6
6
4
0
-7
-13
-16
-14
-10
-6
-4
-1
1
3
5
4
4
4
5
4
1
-4
-8
-10
-8
-6
-3
-1
2
2
2
0
-2
-7
-9
-9
-7
-9
-12
-12
-8
-8
-7
-6
-5
-6
-9
-7
-1
4
5
4
2
-1
-3
-5
-2
-1
-2
-3
-3
2
2
-3
-5
-3
2
1
-4
-7
-9
-11
-12
-10
-2
1
3
4
3
4
1
1
3
3
0
1
0
3
1
3
7
6
11
7
6
8
7
10
7
4
1
-5
-6
-2
1
9
11
11
13
10
12
11
6
5
-1
-5
-7
-8
-10
-7
-6
-4
2
2
5
3
3
5
4
5
1
-2
-5
-7
-2
0
1
6
2
2
2
-1
0
-5
-3
-5
-7
-6
-11
-8
-9
-9
-5
-7
-3
-4
-1
3
5
9
9
8
6
1
1
-2
-2
-2
-3
-3
-4
-2
1
3
5
4
4
3
1
-1
-4
-6
-9
-7
-9
-6
-4
-4
1
0
0
-1
-3
-3
-6
-6
-6
-6
-2
1
3
5
6
5
5
0
0
-3
-9
-4
2
3
1
5
3
0
-2
5
7
-3
-3
-4
0
0
5
10
6
10
9
5
3
-1
-1
-3
0
-3
-2
0
-3
-4
1
5
-3
-10
-5
-2
-3
-4
-3
-1
2
4
2
-3
-6
-4
-2
0
-2
1
0
1
-3
-1
6
7
1
0
-4
-6
-3
-6
-8
-4
-4
-3
2
0
0
4
-2
-6
-8
-9
-5
1
-1
-7
1
5
2
3
3
-1
-7
-5
2
-1
2
3
4
2
-1
0
1
1
-1
-4
-7
-3
3
1
-3
-1
6
6
1
1
0
-4
-3
3
4
-1
-2
4
6
4
4
4
2
3
5
5
2
1
3
5
8
8
6
5
5
9
9
10
7
1
-4
-4
-1
1
2
2
3
4
4
1
-1
-2
-4
-1
0
1
1
-2
0
4
4
1
-4
-3
-1
0
-3
-2
-2
-5
-9
-10
-4
-4
-8
-7
-4
-3
-5
-6
-7
-7
-5
-1
0
0
-3
-1
1
-2
-5
-6
1
2
-2
-3
1
1
-2
-4
-3
-1
-4
-6
-3
-4
-5
-5
-3
-2
-3
-2
1
1
0
0
4
6
2
-4
0
2
4
1
-1
-1
-1
0
0
-1
-3
-2
-2
-4
-5
-4
-2
3
6
3
1
-1
-1
-1
0
1
0
2
4
4
4
3
5
5
5
4
6
7
7
4
3
3
3
2
1
1
3
4
2
0
-1
1
5
7
8
7
5
5
4
5
7
7
6
4
3
3
4
6
7
7
6
5
2
-2
-5
-5
-4
-3
-3
0
2
1
-2
-3
-5
-6
-6
-6
-5
-2
-1
1
1
0
-1
0
-1
-4
-6
-6
-5
-6
-9
-8
-5
-3
-5
-9
-8
-7
-7
-7
-5
-6
-7
-4
1
3
-1
-4
-2
-1
-3
-6
-7
-5
-4
-4
-5
-5
-6
-7
-7
-3
-2
-5
-9
-7
-4
0
-4
-7
-6
-2
2
4
2
1
1
3
2
1
-1
2
4
2
-1
1
5
6
2
-1
0
5
9
7
4
2
3
3
3
0
0
3
6
4
-2
-5
-2
4
4
-1
-3
-1
2
1
0
3
8
10
5
4
5
6
7
5
5
5
4
3
4
0
0
2
8
12
11
7
6
5
6
5
8
9
7
3
-1
1
6
7
5
4
2
3
3
1
1
1
-1
-1
0
-2
-2
-4
-3
-2
1
3
4
-1
-4
-3
1
-1
-7
-11
-10
-8
-8
-8
-7
-7
-8
-7
-5
-3
-5
-9
-9
-5
-4
-4
-8
-8
-7
-6
-6
-6
-4
-3
-3
-1
-2
-4
-10
-11
-8
-5
-5
-6
-6
-6
-3
-2
2
2
0
-1
-2
-1
-2
1
3
2
2
2
2
-1
-2
2
6
7
3
1
2
3
3
4
4
1
-2
-3
2
4
4
4
4
5
4
0
-2
-1
1
2
1
0
0
0
1
4
4
6
5
4
3
2
3
3
2
2
2
6
10
12
7
4
4
5
6
5
4
3
5
6
6
2
4
8
12
12
8
4
2
2
0
-4
-6
-4
-2
-3
-5
-3
0
-2
-6
-7
-4
-2
-5
-6
-3
-2
-4
-8
-8
-8
-7
-8
-8
-3
-2
-4
-8
-8
-8
-6
-5
-2
1
-1
-6
-8
-6
-4
-4
-6
-9
-10
-9
-4
-1
2
3
0
-3
-3
-3
-3
-2
1
1
2
2
3
