-3
-1
1
-2
-3
3
-2
-5
-3
-3
-7
-12
-9
-3
2
-4
-6
-4
0
1
6
8
4
10
2
-2
-1
0
2
-3
-4
-1
2
0
2
7
6
8
15
21
19
23
25
22
14
10
7
-1
8
6
3
7
12
14
5
7
3
3
-5
-12
-9
-12
-9
-10
-10
-12
-13
-16
-14
-19
-15
-10
-11
-12
-12
-9
-14
-13
-8
-8
-11
-14
-9
-5
-4
-2
-1
1
4
4
4
3
1
3
4
4
4
8
10
7
7
5
6
4
4
5
2
1
2
1
0
3
1
-1
3
0
1
0
3
6
3
2
4
10
4
8
13
9
7
2
3
7
0
2
5
3
6
3
1
4
2
3
3
0
3
0
-2
1
1
2
-7
-5
-10
-13
-13
-15
-7
-7
-6
-3
-5
-2
-2
-5
-4
-5
-5
-9
-10
-10
-10
-6
-5
-2
-3
-2
0
-2
-4
-4
-5
1
1
-8
-4
-5
-6
-4
-1
-1
1
3
3
9
7
7
11
14
15
10
9
2
4
4
0
3
0
3
1
3
9
10
12
14
16
7
3
5
-2
-9
-4
-1
-3
-4
-2
3
7
9
8
-1
6
6
-1
-1
-4
-2
3
2
-2
-2
-7
-9
-9
-7
-5
-7
-7
-2
-3
-3
-3
-6
-1
-5
-7
-7
-4
0
-9
-10
-4
-3
-4
-4
0
-4
-6
1
0
1
1
-6
-5
-5
-5
-3
-4
-5
-3
-6
-2
6
2
-2
-1
3
3
0
2
-1
-3
1
5
5
5
6
5
5
7
6
3
4
10
4
2
7
7
12
17
16
13
12
11
12
11
16
12
8
10
-2
1
0
-2
2
3
3
-1
-2
-3
-3
-6
-12
-16
-12
-7
-9
-10
-5
-7
-9
-11
-10
-8
-9
-6
-8
-6
-5
-12
-10
-7
-10
-13
-8
-3
-6
-3
-4
-8
-3
-1
-1
1
0
-4
-4
4
4
8
9
9
6
-4
-3
5
3
-5
-6
-4
-4
-8
-5
-1
-5
-6
-6
-1
3
2
1
10
20
18
18
18
17
19
14
12
9
4
3
3
12
14
12
15
8
3
7
10
5
-1
4
5
0
-1
-6
-5
-2
1
2
-3
-4
1
-3
-9
-3
-3
-6
-13
-12
-7
-15
-9
-8
-4
-3
-9
-5
-2
-4
-8
-5
-4
0
0
-6
-5
-5
-8
-9
-9
-10
-8
-12
-12
-9
-9
-6
-9
-14
-2
-1
-1
2
-2
-4
-10
-3
-1
-3
1
3
9
20
21
14
16
14
10
6
5
9
4
1
5
3
5
10
8
8
9
10
11
7
3
3
3
-5
-1
2
0
2
4
7
5
4
5
7
8
10
8
8
8
3
2
4
3
1
0
0
0
-1
2
-5
-13
-10
-9
-7
-8
-6
-13
-15
-9
-11
-13
-14
-12
-11
-13
-10
-5
-7
-10
-7
-3
-3
0
-2
-3
2
-7
-5
-4
-11
-9
-10
-6
-3
-5
0
4
5
6
3
4
2
3
1
2
10
4
3
3
5
11
11
5
8
6
9
10
7
11
10
13
13
14
16
7
6
4
3
4
0
1
-2
-4
0
0
2
1
-2
1
4
5
2
6
3
-6
-8
-11
-6
-7
-6
-2
-2
-3
-11
-1
0
-6
-2
-6
-8
-5
-7
-4
-3
-6
-10
-6
-1
-6
0
8
5
7
2
-4
5
4
-6
-2
-5
-4
-3
-7
-5
-9
-12
-8
-5
-3
-1
3
4
0
0
3
4
-1
3
7
8
7
7
7
6
10
6
6
6
1
-2
-2
-5
-5
-2
-2
2
3
2
2
2
1
-1
-2
-1
-7
-7
-2
1
-2
-4
0
1
-5
-2
3
3
6
0
-3
1
3
4
2
2
-2
-6
-6
5
12
9
9
9
4
2
1
-2
0
1
7
2
-2
3
1
-3
-2
1
-6
-9
-2
-3
1
5
6
5
-2
0
2
-2
-2
-1
-5
-6
-4
-3
-1
-3
-5
-2
2
4
-3
-10
-6
-7
-5
-4
-5
-11
-9
-1
-8
-5
2
3
0
-2
-8
-4
0
1
0
-2
0
-1
-2
1
8
3
0
2
2
-1
3
6
8
11
12
10
5
6
10
6
-1
1
2
0
-1
1
1
3
-6
-2
7
6
7
1
0
3
-3
-5
-5
-7
-10
-8
-3
-4
-4
0
4
9
4
4
0
-2
4
-1
-9
-3
-4
-1
11
6
6
9
9
6
1
0
1
2
-3
-4
-1
-6
-6
-6
-8
-8
-2
3
-1
2
-1
-8
-6
-2
-4
-9
-10
-9
-9
-7
-8
-6
-3
-1
-1
0
2
2
3
4
6
8
6
-1
-2
2
2
5
6
8
12
16
11
4
9
7
5
8
8
6
6
6
3
2
-1
-6
-8
-10
-13
-10
-9
-7
-7
-7
-3
-7
-9
-8
-13
-9
-7
-5
-5
-6
-2
-4
-6
-1
3
-3
-4
-1
0
0
6
9
4
3
4
5
13
5
2
8
9
9
13
8
7
9
3
5
3
5
7
2
-1
3
10
5
2
-1
-3
1
2
-1
-2
0
0
0
-2
-1
1
-3
-1
-3
-3
0
-5
-9
-5
-4
-11
-9
-4
-6
-6
-6
-5
-4
-4
-6
-2
1
0
0
-2
-1
-3
-10
-6
-1
-2
-4
-2
0
-4
-7
-3
1
2
-1
-2
-1
2
7
5
1
2
3
0
-2
-4
-4
-3
-3
-3
2
4
3
3
2
8
3
3
7
5
10
10
9
10
10
10
6
0
0
4
3
0
-7
-5
1
3
3
5
9
8
8
6
12
11
-1
-2
-2
-3
-4
-2
3
2
0
3
-1
-2
4
3
-2
-4
-4
-8
-8
-11
-14
-14
-20
-13
-9
-13
-13
-12
-7
-9
-11
-2
3
-1
-2
1
-2
-2
0
-4
-7
-8
0
0
1
7
9
8
7
6
3
2
5
5
-1
-2
6
5
0
0
-1
3
1
2
7
9
9
2
4
1
0
1
-6
-1
-8
-10
-3
2
1
-1
0
2
2
2
9
10
8
11
11
9
9
6
7
8
7
5
2
1
0
6
2
2
7
2
2
0
-3
-3
-6
-10
-4
-10
-8
-2
-4
2
1
-3
-4
0
-5
-10
-18
-22
-13
-14
-14
-16
-11
-3
-5
3
3
2
1
-2
3
3
-6
-7
-7
-10
-5
-4
-3
2
5
6
7
9
12
11
13
12
8
6
3
6
9
10
8
2
-1
0
-1
4
6
10
9
2
10
8
2
4
-2
-8
-11
-11
-8
-9
-5
-7
-5
-5
-4
1
4
1
5
-1
0
6
-2
-1
-4
-4
-3
-5
-1
-2
2
5
-1
2
3
2
5
-1
-5
-8
-9
-7
-6
-2
1
4
2
5
6
3
8
5
3
6
7
5
5
6
6
8
1
-4
4
4
2
-6
-12
-9
-10
-8
-7
-8
-8
-9
-8
-3
-3
1
5
0
-2
-3
-5
-3
-5
-6
-6
-7
-9
-7
-7
-5
-6
-1
7
8
5
2
7
5
8
7
3
9
8
5
4
7
12
8
10
10
7
6
-1
-2
4
10
2
-1
-1
1
-4
-9
-4
-5
-6
-8
-7
-8
-6
0
-4
3
6
1
1
1
-3
2
4
3
2
-1
3
0
-1
-1
1
3
-3
0
4
3
2
4
6
3
7
8
1
0
-2
-5
-8
-7
-9
-7
-8
-12
-1
-2
-10
-5
-4
-3
-3
-3
-5
-6
-8
-8
-4
-5
-5
-5
-1
0
1
6
9
7
4
6
7
6
6
6
2
5
-2
-7
-2
-2
-1
0
0
9
12
10
11
12
10
5
4
9
1
-3
1
-5
-7
4
1
-1
1
-1
3
5
4
1
-1
-6
-10
-6
-6
-12
-10
-11
-13
-10
-8
-3
-3
-1
-2
-1
3
-3
-3
-7
-6
-1
3
5
-1
-1
3
2
4
5
2
5
11
9
12
15
17
14
6
5
1
4
6
3
9
12
4
-1
4
2
2
-2
-8
-3
-5
-5
-7
-11
-12
-11
-9
-10
-5
-6
-4
-4
-8
-5
-6
-8
-8
-11
-13
-12
-12
-9
-7
-8
-7
-9
-2
-1
-3
6
4
6
9
8
17
10
4
10
5
6
6
8
15
16
18
11
10
11
6
8
6
7
5
5
5
1
6
2
5
2
-5
-3
0
-2
-6
-11
-14
-7
-8
-14
-11
-12
-10
-13
-15
-9
0
1
-3
-2
-3
-8
-5
-1
-5
-4
-4
-8
-7
-4
-4
-1
4
7
7
5
11
19
16
12
7
5
4
3
4
4
0
-2
-2
-1
3
4
7
11
6
7
10
8
4
-3
-6
-1
1
-1
-2
-3
-3
-6
-3
-1
0
0
-3
-2
-5
-6
-5
-5
-7
-15
-11
-7
-11
-14
-11
-8
-5
-5
-4
-5
-1
0
-3
3
8
6
-1
-3
1
6
6
2
-2
-1
1
1
8
11
8
6
10
13
8
12
14
12
9
3
2
2
6
5
2
1
2
0
0
0
-1
-3
-2
1
-2
0
-6
-5
-7
-12
-9
-8
-3
-2
0
-3
-7
-6
-9
-8
-4
-4
-9
-6
-3
0
0
-3
4
1
0
-2
-2
3
2
0
-1
5
6
-3
-2
2
-1
0
6
8
5
6
6
5
4
1
0
1
2
-2
2
5
-1
1
-2
-4
-6
-5
6
6
5
7
9
6
6
8
3
0
-7
-10
-7
-14
-12
-6
-5
-1
2
1
6
5
1
2
3
0
1
5
4
0
-5
-10
-8
-9
-10
3
2
4
5
10
14
7
4
0
-3
-4
-4
-4
-7
-1
1
-3
0
1
3
5
8
10
3
0
2
0
1
-5
-6
-3
-9
-8
-7
-5
-4
-10
-9
-3
-5
-4
0
-2
2
5
2
-1
-2
-1
-4
-4
-4
-3
-3
1
5
6
2
3
11
8
6
8
7
3
-1
0
-2
-6
3
5
0
7
9
15
14
12
7
3
2
-6
-6
-9
-13
-10
-6
-2
-4
-1
0
2
7
5
3
6
1
0
-3
-4
-5
-3
-3
-2
-3
-4
0
-2
1
4
2
-3
-3
0
-1
0
-2
-1
2
-2
-2
-4
-4
-3
-5
-12
-9
-6
-5
-3
2
7
2
-1
-1
-1
-6
-3
4
4
2
2
5
5
4
10
9
7
6
4
5
5
1
4
6
8
9
4
5
3
3
6
2
-3
-9
-4
-5
-7
-8
-12
-11
-4
-6
-14
-7
-5
-8
-8
-4
2
1
-2
-7
0
-1
-1
0
2
2
1
6
1
5
3
3
5
-2
-4
-2
1
-2
-2
3
5
9
10
4
10
13
9
7
5
10
9
2
3
8
8
4
-2
-4
3
2
-8
-5
-9
-8
-2
-8
-3
2
-2
0
1
0
5
2
-1
-2
-1
-1
-5
-1
-2
-2
1
-5
-1
1
-6
-2
-6
-10
-4
-4
-8
-3
-5
-7
1
-2
-5
-5
-7
-8
-1
3
-1
3
1
3
-2
-5
-3
-5
-1
-2
-9
-2
-1
-3
3
1
4
10
6
7
11
13
7
9
10
10
12
7
8
6
1
2
4
8
8
1
1
0
-1
4
0
-2
-4
-2
-1
-4
0
1
-3
0
1
3
7
6
5
1
-3
-6
-8
-7
-5
-6
-12
-11
-9
-6
-1
-2
-8
-7
-4
-3
0
1
9
0
0
3
-1
-2
-4
-1
1
-4
-7
-2
2
2
3
6
2
-4
-5
-2
-2
-2
2
2
4
3
2
3
6
4
3
4
6
9
1
2
0
-12
-5
-5
-8
2
-4
-7
-1
-2
1
0
0
-2
-1
-1
-1
-2
-3
1
2
-1
-1
3
5
7
3
3
8
9
7
-1
3
3
-2
-6
-6
-3
-1
-2
5
6
-1
3
-1
2
-1
2
11
7
13
13
5
2
2
0
-6
-5
-4
-6
-5
-2
-1
-2
2
3
1
2
4
-2
0
-3
-5
-5
-8
-8
-8
-1
-2
-9
-14
-7
-9
-9
-4
-6
-3
3
-5
-9
-2
1
-4
-5
1
1
-2
-5
0
4
5
7
5
10
13
7
5
2
1
0
-2
4
3
3
9
6
-2
3
8
8
10
9
5
8
7
10
11
4
0
-1
4
4
1
-3
-1
1
-3
-6
-5
-5
-5
-7
-9
-3
0
1
2
-3
-5
-3
-4
-9
-12
-13
-14
-17
-14
-11
-9
-5
-6
-6
-2
-2
3
5
1
3
3
6
8
7
8
7
2
3
4
5
8
4
5
5
3
2
-2
-1
3
8
4
1
5
-1
0
3
-2
1
4
5
4
1
2
4
1
-5
-7
-6
-1
2
3
5
4
0
-1
0
0
0
-1
-4
1
0
-7
-6
0
-4
1
2
0
2
-2
2
-1
-4
-9
-10
-4
-3
-6
-5
-7
-11
-6
-3
-6
-4
1
1
5
8
1
4
3
-1
3
1
2
-5
0
9
8
15
9
9
12
12
9
3
2
1
0
-5
-5
-3
-4
-2
-4
-8
-5
-6
-1
0
0
-1
-2
-5
-8
-7
-9
-6
-4
-5
0
5
8
7
5
2
1
2
2
2
0
-6
-2
-4
-7
-4
0
-1
-1
5
9
11
13
15
17
16
10
8
4
5
5
1
-1
-5
-6
-5
8
1
2
-2
-5
-1
-6
-4
-5
-10
-10
-5
-4
-5
-6
-2
-4
-6
-10
-9
-3
-3
-1
-6
-7
-6
-12
-12
-12
-16
-12
-4
-1
0
-1
4
7
5
8
4
3
1
4
4
2
7
9
3
9
8
0
4
7
5
11
15
10
10
12
14
3
-1
-3
-7
-2
-5
-5
3
1
1
1
4
5
5
5
-1
-7
-6
-6
-11
-11
-7
-9
-6
1
1
-1
2
0
1
6
4
4
-2
4
3
-2
1
5
4
3
3
5
7
7
4
7
3
0
2
-3
-2
-2
-3
-3
-9
-7
-5
-9
-10
-6
-8
-8
-8
-10
-9
-9
-11
-11
-14
-15
-11
-12
-11
-8
-5
-8
-3
3
1
3
6
6
6
7
12
11
4
8
7
7
6
10
9
10
20
14
12
19
12
8
8
8
3
6
4
-2
4
4
3
7
3
5
2
-1
2
-5
-1
0
-6
-4
-5
0
-4
-6
-5
-7
-3
-5
-7
-5
-12
-12
-12
-13
-10
-9
-8
-11
-11
-6
-9
-11
-4
-4
-7
-7
-1
4
5
2
3
8
2
2
2
-1
-1
5
5
3
2
-3
5
1
-2
3
2
4
5
8
6
5
7
8
3
-1
5
5
5
8
9
7
8
4
1
4
3
2
4
2
-2
5
7
2
-2
1
-1
-2
1
2
1
-1
4
-2
-1
1
-2
-4
-3
-3
-2
-5
-7
-8
-10
-9
-14
-10
-8
-8
-5
-9
-4
-3
-5
-3
-5
-3
-6
-9
-8
-7
0
-1
-2
-4
-4
-3
-2
1
1
5
4
7
9
4
4
2
-1
3
6
3
1
10
12
13
17
8
8
7
1
9
11
4
-2
0
2
0
-2
2
4
2
5
5
7
11
7
2
2
4
3
0
-9
-5
-1
-5
-7
-10
-8
-4
-10
-5
-1
-5
-1
-4
-3
-1
-8
-6
-7
-8
-9
-7
-2
-2
-3
-5
-3
-4
-6
-1
-6
-5
0
0
3
2
0
4
-3
1
7
5
10
9
13
9
4
-2
0
2
-6
2
2
1
4
3
-1
-2
-5
-6
-2
-6
-6
-5
-4
-4
-5
0
-6
-10
-6
-6
-2
3
4
10
6
5
9
9
9
5
8
3
3
4
-1
2
5
11
12
10
14
8
6
10
8
6
5
7
5
-1
-2
-7
-9
-2
0
-7
-7
-4
-10
-9
-12
-15
-11
-11
-10
-12
-9
-10
-9
-9
-11
-12
-11
-10
-8
-8
-10
-11
-6
1
-1
0
8
7
1
3
6
5
3
4
1
0
6
9
8
8
11
7
7
8
7
7
7
1
0
6
7
8
13
14
10
13
10
6
9
8
7
5
6
5
2
6
4
6
2
4
5
-3
-4
-1
-4
-13
-10
-13
-15
-10
-12
-11
-12
-8
-7
-10
-7
-9
-6
-5
-12
-7
-6
-9
-5
-4
-2
3
2
-2
-4
-5
-5
-8
-10
-4
0
1
0
8
8
4
7
3
-2
0
2
-2
-7
-1
1
-4
-3
-1
-1
-7
-8
1
6
2
5
11
9
9
8
11
11
14
17
12
9
3
7
7
4
6
8
6
4
9
11
12
11
7
5
1
1
-1
-3
0
-6
-6
-2
-1
-2
-4
1
-4
-7
-8
-13
-11
-8
-9
-5
-7
-12
-7
-7
-3
-4
-1
-1
-4
-3
-5
-4
-6
-4
-7
-6
-5
-5
-7
-7
-2
-3
-3
-1
-1
2
-3
-8
-3
3
-2
0
0
-2
5
6
6
11
13
14
14
11
12
8
0
-3
-6
-7
-5
-2
-4
-7
-6
-4
-6
-2
-8
-2
5
7
13
13
9
8
15
13
6
4
-1
-1
2
-2
2
7
6
10
7
10
6
1
4
4
-1
-6
-4
-3
-2
0
1
1
1
2
-5
-5
1
-1
-2
-3
-7
-8
-11
-10
-7
-11
-10
-5
-6
-6
-9
-1
1
-11
-10
-6
-7
-6
-5
-2
0
2
-4
-5
2
0
2
1
2
2
1
0
-1
0
-2
0
3
2
2
2
0
1
4
6
6
6
2
3
7
2
2
3
1
2
3
4
2
9
12
10
11
7
8
9
7
3
1
-1
1
-3
-5
-6
-12
-8
-3
0
1
-2
1
2
4
2
-2
0
3
0
-3
0
0
-4
-7
-2
-3
-3
-3
2
2
1
1
-1
1
-1
-1
-4
-7
-9
-12
-11
-10
-7
-6
-5
1
-1
-3
2
1
1
-5
-5
-7
-10
-11
-12
-6
-2
-2
0
-1
4
12
9
12
12
8
10
11
10
3
-3
1
5
7
6
11
8
6
10
6
7
5
-1
2
4
3
5
1
-1
2
-2
0
0
0
4
3
6
1
-6
-4
-9
-10
-8
-5
-3
-7
-4
-2
-3
-2
-4
-2
-5
-6
-3
-2
-8
-6
0
-4
-6
-5
-6
-6
-8
-11
-7
-8
-8
-4
-1
0
3
4
2
6
2
3
7
4
11
11
7
10
13
11
12
11
9
9
6
7
6
5
3
-1
-1
1
0
-6
-3
-2
-2
2
-2
-2
1
-2
-2
-4
-9
-9
-8
-9
-8
-8
-9
-8
-6
-7
-8
-11
-7
-6
-10
-10
-7
-3
1
4
10
8
5
9
9
8
3
6
8
6
8
14
12
10
13
13
13
11
6
1
3
-4
-14
-15
-11
-6
-2
0
1
3
-1
-1
-3
-10
-9
-10
-12
-13
-15
-11
-6
-9
-8
-7
-1
3
-1
6
7
7
8
-3
4
9
7
7
4
7
4
7
6
10
6
5
13
9
9
10
6
9
5
3
5
0
-1
0
-3
-8
-9
-7
-6
-7
-7
-5
-4
-3
-3
-8
-9
-14
-14
-17
-17
-17
-17
-14
-10
-6
-6
0
-4
-5
4
4
4
8
4
10
13
10
9
6
5
7
8
3
3
0
2
4
8
10
9
9
8
5
-3
2
2
0
0
-3
-1
-4
-2
1
1
-3
1
6
4
5
6
0
-1
-4
-2
4
0
-4
-2
-5
0
1
1
6
3
1
2
-2
-8
-6
-7
-5
-4
-4
-1
-1
-4
-3
-5
-5
-6
-3
1
4
3
-2
-3
0
4
0
-5
-1
1
1
-2
0
2
-3
4
7
2
2
0
0
-8
-9
-2
-4
-7
-4
-4
-4
-8
-5
0
2
1
2
4
1
-1
-2
4
4
2
5
8
12
11
14
12
10
10
7
1
0
4
-2
2
1
-1
0
-6
-4
-4
-1
-1
1
5
3
0
-5
-6
-3
-8
-10
-9
-13
-7
-4
-6
-9
-8
-4
1
7
2
1
7
3
2
2
1
4
2
2
2
4
14
2
-7
15
21
8
6
21
20
-12
-11
22
7
-22
-2
10
-14
-20
8
6
-17
-11
1
-8
-23
-13
-1
-11
-13
-5
-6
-10
-14
-12
0
-1
-11
-7
-2
-5
-7
2
5
2
4
4
7
4
-2
14
15
6
7
11
15
12
9
8
5
4
5
6
2
3
4
6
7
6
9
2
1
1
-6
-7
-5
-2
2
2
-2
-1
-3
-2
2
0
-2
-5
-2
-2
-2
-1
-6
-8
-7
-7
-6
-3
-6
-5
-1
-1
0
-2
2
2
-1
-2
-5
-1
-4
-6
-1
-3
0
3
2
6
4
4
0
-7
-1
-8
-8
-5
-6
-5
-8
-10
-5
2
-2
2
3
-1
2
5
5
8
4
1
4
2
3
8
2
5
12
6
7
8
6
10
9
8
9
4
0
0
-3
-4
-1
1
2
1
8
9
4
7
5
-1
-1
-4
-9
-10
-8
-8
-7
-2
-4
-11
-6
0
-3
-7
-6
-6
0
-2
-4
0
-1
1
2
-3
-4
-7
-9
-10
-6
-6
-4
4
1
3
-2
-1
2
-3
2
0
-4
-4
0
2
-1
3
4
13
17
14
12
6
6
5
2
-2
-3
-2
1
1
-1
2
1
5
6
-1
3
3
-4
-4
-5
-8
-9
-7
-6
-10
-7
-4
-5
-3
0
5
8
3
6
7
1
3
7
12
11
7
6
7
6
-2
0
4
2
2
2
6
5
7
6
2
3
-3
-1
0
-3
-2
-2
-5
-3
-9
-10
-9
-9
-8
-9
-5
-4
-3
-9
-11
-6
-7
-6
-8
-9
-6
-4
-4
-6
-7
-4
-6
-2
1
-6
-2
3
5
9
7
8
8
9
6
8
6
2
4
3
9
16
8
7
14
7
6
7
8
2
0
0
-1
0
-3
-5
-4
-2
-3
-1
2
-2
-2
-1
-1
-1
-5
-4
-2
0
-2
-6
2
1
-3
0
-1
-1
-4
-4
-3
-7
-4
-3
-5
-2
0
1
-3
3
7
9
7
1
5
6
5
9
10
9
7
5
3
-3
-2
-1
-3
-3
-8
-15
-11
-9
-9
-7
-7
-9
-14
-9
-5
1
-5
-1
5
-3
-2
-3
3
3
-1
1
4
5
3
1
3
-1
-1
1
-1
2
7
14
15
10
15
13
9
13
6
10
6
-1
-2
-4
-3
-3
-3
-2
-1
-3
-5
-3
-1
-5
-4
-7
-10
-13
-13
-9
-16
-9
-3
-5
-1
6
7
1
1
-3
-5
-5
-5
0
1
-1
-3
-5
-4
1
-2
0
5
4
3
6
3
6
5
3
2
0
4
-1
-7
-2
-4
-2
3
6
8
10
12
8
14
14
6
5
4
5
8
1
-2
2
1
1
3
-2
-3
-1
-2
-2
-8
-8
-1
-3
-4
1
2
1
-1
6
10
7
8
4
4
6
5
0
-4
-7
-8
-5
-8
-9
-10
-8
-8
-10
-7
-10
-13
-14
-13
-14
-16
-11
-10
-8
-11
-10
-7
-10
-7
-6
-5
-2
-2
-2
9
8
13
17
12
12
8
2
4
3
3
3
-2
8
9
6
4
6
8
8
8
2
2
6
5
6
3
4
4
0
3
7
12
8
7
6
5
6
9
8
1
3
2
-5
-9
-8
-6
-1
3
2
8
5
8
6
6
7
1
10
7
-3
-2
1
3
4
6
5
6
2
4
-1
1
4
-1
0
-4
-7
-12
-14
-17
-22
-25
-21
-18
-22
-16
-14
-19
-18
-13
-12
-14
-20
-19
-18
-19
-18
-17
-11
-11
-6
-5
-6
-1
1
-4
-2
5
3
3
5
8
12
5
11
16
8
9
9
10
13
11
9
8
12
14
14
15
19
20
19
15
12
14
13
11
14
17
11
12
16
17
18
21
19
14
15
16
11
7
12
13
10
6
1
0
-2
1
-4
-4
-7
-8
-7
-11
-7
-14
-17
-14
-18
-14
-11
-4
-3
-11
-4
-9
-12
-9
-13
-4
-4
-7
-4
-3
-4
-7
-13
-16
-15
-21
-17
-18
-23
-19
-21
-23
-25
-25
-25
-31
-26
-28
-35
-36
-40
-49
-49
-38
-42
-35
-26
-20
-16
-10
0
3
6
18
18
21
29
26
41
42
42
52
53
61
64
68
69
65
65
69
71
68
60
55
51
46
39
26
34
26
7
12
9
2
0
-2
0
-12
-22
-17
-26
-32
-27
-32
-35
-34
-27
-26
-29
-23
-28
-27
-19
-18
-14
-10
-5
-3
-4
-3
-9
-12
-14
-13
-15
-13
-11
-18
-11
-1
1
-4
-9
-7
-8
-10
-11
-12
-14
-13
-19
-22
-28
-40
-47
-56
-60
-65
-73
-83
-87
-85
-86
-84
-83
-78
-67
-56
-47
-33
-16
-9
6
17
30
56
78
89
104
116
140
178
185
195
207
215
240
238
223
212
194
184
167
135
97
61
28
-11
-51
-79
-99
-131
-165
-182
-191
-198
-195
-205
-213
-201
-194
-182
-176
-162
-131
-119
-92
-59
-32
-4
24
54
85
105
127
142
141
132
117
104
80
51
10
-25
-63
-104
-140
-179
-202
-236
-272
-280
-293
-298
-302
-309
-298
-284
-257
-230
-211
-172
-125
-80
-29
27
79
130
181
222
263
296
312
317
296
280
258
216
168
111
56
10
-42
-87
-129
-159
-183
-209
-218
-218
-203
-189
-174
-141
-96
-44
11
74
136
209
286
352
441
530
600
663
708
759
810
819
818
795
750
707
641
558
448
325
205
80
-53
-194
-325
-449
-570
-679
-766
-832
-889
-956
-988
-993
-994
-968
-948
-918
-848
-776
-687
-587
-494
-381
-259
-144
-28
91
193
293
373
432
492
528
541
536
512
476
427
359
284
200
120
41
-47
-121
-189
-240
-285
-322
-334
-336
-317
-285
-243
-176
-101
-15
90
206
318
436
563
672
791
897
974
1034
1062
1081
1083
1029
951
840
695
556
378
181
-14
-220
-424
-637
-822
-988
-1142
-1266
-1390
-1469
-1504
-1517
-1495
-1466
-1398
-1276
-1139
-976
-793
-596
-372
-139
99
338
574
799
1007
1184
1331
1478
1583
1627
1636
1597
1546
1453
1301
1128
921
703
476
220
-27
-277
-507
-726
-944
-1121
-1280
-1401
-1499
-1585
-1610
-1601
-1551
-1481
-1403
-1273
-1114
-926
-717
-500
-262
-15
229
459
689
901
1075
1229
1341
1420
1492
1510
1481
1425
1334
1234
1108
944
773
595
412
227
44
-133
-291
-429
-560
-663
-740
-785
-797
-792
-753
-670
-570
-440
-288
-119
65
249
435
611
792
948
1066
1154
1207
1238
1214
1130
1012
844
642
401
125
-173
-499
-827
-1169
-1491
-1792
-2073
-2312
-2543
-2714
-2802
-2850
-2832
-2781
-2677
-2486
-2252
-1972
-1645
-1269
-888
-480
-58
361
769
1163
1538
1878
2178
2427
2626
2781
2878
2920
2901
2806
2665
2482
2247
1977
1657
1316
979
630
282
-53
-371
-664
-918
-1145
-1325
-1454
-1558
-1612
-1632
-1614
-1532
-1430
-1302
-1144
-962
-750
-525
-294
-57
176
401
603
794
961
1091
1192
1248
1261
1245
1194
1118
1006
861
712
536
355
169
-19
-191
-360
-510
-639
-738
-822
-881
-908
-914
-890
-845
-776
-678
-563
-432
-282
-122
37
195
344
480
595
688
760
799
800
773
710
610
482
320
130
-70
-286
-519
-753
-973
-1188
-1394
-1568
-1725
-1846
-1922
-1978
-1989
-1965
-1898
-1764
-1618
-1442
-1221
-980
-698
-399
-91
227
544
858
1156
1448
1715
1954
2154
2299
2422
2509
2543
2537
2464
2358
2233
2058
1850
1606
1341
1069
791
510
227
-43
-286
-512
-724
-908
-1047
-1167
-1259
-1319
-1356
-1347
-1314
-1268
-1198
-1109
-993
-864
-733
-597
-454
-319
-182
-53
63
167
254
327
375
411
416
406
382
329
275
207
121
33
-55
-143
-233
-313
-376
-443
-492
-528
-554
-570
-575
-558
-529
-484
-420
-354
-274
-180
-83
22
135
247
351
455
546
625
695
748
784
809
808
796
757
693
623
531
417
288
151
15
-132
-278
-410
-535
-663
-778
-869
-946
-995
-1027
-1033
-1009
-963
-887
-795
-682
-546
-399
-232
-62
112
295
473
638
798
940
1060
1169
1251
1305
1331
1341
1313
1254
1193
1097
978
846
686
518
343
154
-25
-201
-379
-543
-692
-822
-938
-1030
-1099
-1144
-1160
-1165
-1151
-1107
-1039
-962
-877
-768
-657
-533
-411
-292
-166
-57
58
160
246
330
399
443
484
507
506
500
483
450
410
366
303
239
175
105
46
-14
-76
-124
-155
-186
-195
-191
-179
-137
-96
-38
32
99
183
276
362
454
546
629
707
766
828
884
919
936
939
923
869
806
717
598
467
307
130
-50
-249
-444
-640
-832
-1005
-1174
-1322
-1443
-1538
-1607
-1642
-1642
-1620
-1568
-1492
-1386
-1252
-1098
-930
-752
-556
-346
-139
71
283
492
687
870
1039
1189
1311
1405
1472
1506
1513
1491
1445
1366
1240
1101
952
770
576
373
174
-27
-228
-412
-583
-732
-872
-988
-1083
-1141
-1175
-1200
-1192
-1165
-1112
-1036
-950
-841
-716
-579
-421
-258
-98
69
228
384
536
663
781
879
957
1008
1032
1039
1023
992
931
865
789
700
603
516
435
326
218
121
33
-47
-115
-182
-229
-255
-299
-315
-297
-282
-238
-198
-146
-65
12
93
178
277
364
427
485
530
563
570
541
482
397
286
143
-30
-226
-437
-665
-930
-1177
-1410
-1637
-1842
-2089
-2282
-2396
-2498
-2528
-2577
-2615
-2526
-2404
-2228
-2026
-1834
-1542
-1216
-865
-484
-94
327
743
1167
1573
1997
2426
2748
3039
3271
3463
3670
3721
3678
3575
3374
3199
2928
2536
2124
1655
1196
731
220
-269
-729
-1162
-1562
-1918
-2216
-2457
-2647
-2774
-2833
-2829
-2765
-2638
-2449
-2211
-1923
-1587
-1213
-809
-386
45
464
874
1261
1605
1912
2159
2354
2496
2568
2590
2552
2463
2319
2131
1922
1665
1387
1096
796
495
186
-102
-381
-643
-884
-1092
-1268
-1412
-1518
-1580
-1603
-1585
-1530
-1434
-1294
-1119
-916
-705
-469
-221
25
265
486
694
867
999
1097
1147
1145
1096
978
819
612
338
35
-295
-647
-1025
-1398
-1758
-2107
-2438
-2731
-2973
-3170
-3303
-3382
-3403
-3352
-3243
-3077
-2846
-2562
-2221
-1836
-1408
-934
-435
88
620
1154
1687
2205
2693
3159
3566
3912
4210
4423
4565
4619
4583
4463
4250
3956
3591
3164
2668
2125
1551
970
373
-224
-783
-1320
-1808
-2241
-2619
-2915
-3154
-3318
-3394
-3389
-3297
-3130
-2885
-2575
-2200
-1778
-1317
-823
-313
207
702
1174
1611
1993
2322
2591
2781
2900
2944
2911
2815
2647
2425
2149
1826
1482
1109
720
337
-42
-413
-759
-1076
-1358
-1613
-1821
-1984
-2103
-2167
-2190
-2163
-2092
-1968
-1800
-1605
-1368
-1100
-814
-516
-209
98
385
650
892
1100
1269
1385
1444
1451
1392
1277
1102
862
582
247
-130
-516
-927
-1347
-1746
-2136
-2490
-2810
-3078
-3268
-3412
-3486
-3482
-3414
-3263
-3040
-2761
-2416
-2015
-1561
-1065
-540
18
591
1167
1751
2319
2864
3370
3826
4238
4579
4851
5040
5147
5168
5089
4930
4681
4341
3925
3432
2883
2292
1659
998
324
-344
-989
-1612
-2186
-2700
-3155
-3536
-3839
-4048
-4152
-4179
-4113
-3957
-3720
-3397
-3007
-2566
-2071
-1544
-1000
-443
101
624
1113
1550
1939
2265
2515
2693
2797
2825
2779
2663
2487
2264
1992
1685
1347
989
624
256
-101
-447
-768
-1057
-1309
-1521
-1687
-1810
-1883
-1904
-1885
-1814
-1687
-1535
-1344
-1113
-864
-592
-309
-18
270
544
800
1035
1239
1409
1535
1602
1618
1571
1471
1321
1095
822
495
130
-263
-687
-1110
-1531
-1935
-2312
-2644
-2923
-3153
-3315
-3408
-3424
-3368
-3237
-3037
-2770
-2439
-2061
-1628
-1156
-659
-139
389
927
1457
1965
2447
2893
3308
3676
3979
4222
4394
4493
4516
4463
4330
4125
3846
3495
3075
2606
2092
1532
952
359
-235
-815
-1381
-1905
-2370
-2794
-3151
-3435
-3638
-3761
-3807
-3770
-3649
-3455
-3183
-2851
-2463
-2023
-1557
-1065
-553
-49
438
904
1330
1716
2048
2316
2529
2674
2763
2786
2747
2657
2507
2318
2090
1830
1543
1233
904
570
233
-89
-401
-702
-962
-1188
-1385
-1536
-1645
-1713
-1736
-1717
-1656
-1561
-1426
-1272
-1088
-879
-664
-438
-206
22
254
464
656
829
967
1078
1132
1143
1114
1022
876
681
434
153
-171
-526
-886
-1259
-1620
-1962
-2277
-2548
-2770
-2941
-3046
-3085
-3060
-2960
-2802
-2585
-2312
-1990
-1622
-1234
-813
-367
79
534
986
1425
1852
2255
2633
2980
3281
3540
3753
3917
4021
4072
4046
3959
3812
3586
3298
2942
2543
2099
1596
1091
569
21
-515
-1023
-1493
-1925
-2329
-2654
-2905
-3109
-3240
-3295
-3268
-3179
-3043
-2827
-2548
-2233
-1869
-1469
-1047
-604
-157
289
725
1125
1494
1825
2099
2332
2504
2606
2649
2632
2555
2422
2239
2020
1763
1470
1159
846
524
197
-122
-418
-696
-960
-1191
-1386
-1554
-1693
-1791
-1853
-1878
-1867
-1819
-1729
-1616
-1473
-1293
-1095
-876
-637
-395
-144
97
331
558
746
908
1013
1069
1088
1040
945
801
600
358
77
-231
-540
-875
-1208
-1524
-1827
-2088
-2314
-2498
-2632
-2709
-2722
-2685
-2587
-2431
-2227
-1977
-1674
-1338
-968
-569
-160
277
724
1161
1600
2025
2428
2812
3157
3457
3719
3910
4042
4113
4108
4043
3904
3699
3432
3108
2737
2320
1869
1394
904
403
-99
-580
-1039
-1473
-1872
-2218
-2522
-2766
-2949
-3069
-3118
-3104
-3025
-2875
-2668
-2408
-2095
-1744
-1357
-948
-532
-113
289
678
1027
1332
1614
1839
2011
2135
2201
2208
2169
2079
1937
1767
1552
1307
1038
759
461
151
-147
-448
-726
-992
-1235
-1436
-1613
-1749
-1848
-1901
-1912
-1886
-1819
-1710
-1566
-1391
-1198
-977
-735
-492
-239
12
261
508
720
914
1090
1216
1287
1319
1302
1234
1105
926
707
438
141
-173
-506
-838
-1167
-1480
-1758
-2009
-2221
-2383
-2496
-2555
-2563
-2516
-2410
-2258
-2059
-1810
-1524
-1193
-830
-446
-29
403
849
1296
1727
2159
2573
2953
3304
3616
3861
4050
4167
4228
4219
4123
3960
3709
3399
3017
2569
2091
1569
996
406
-182
-756
-1319
-1871
-2358
-2792
-3188
-3505
-3751
-3907
-3979
-3983
-3883
-3699
-3448
-3119
-2730
-2277
-1782
-1266
-718
-172
364
883
1358
1794
2185
2504
2756
2949
3069
3118
3091
2995
2846
2636
2366
2066
1724
1351
962
547
144
-254
-639
-994
-1318
-1602
-1846
-2042
-2192
-2275
-2316
-2299
-2231
-2112
-1939
-1739
-1498
-1222
-921
-600
-272
59
394
713
1004
1279
1492
1653
1763
1806
1786
1681
1517
1287
983
641
255
-157
-578
-1014
-1433
-1823
-2192
-2518
-2788
-3001
-3149
-3237
-3252
-3191
-3075
-2886
-2634
-2342
-1986
-1596
-1169
-700
-220
284
791
1300
1811
2291
2745
3166
3532
3848
4110
4298
4425
4469
4428
4323
4133
3863
3525
3118
2656
2134
1577
1004
399
-210
-805
-1380
-1915
-2424
-2873
-3232
-3541
-3765
-3890
-3938
-3885
-3748
-3537
-3229
-2855
-2422
-1924
-1396
-843
-274
289
842
1363
1847
2291
2663
2975
3225
3391
3486
3497
3426
3284
3065
2787
2449
2065
1648
1200
737
274
-196
-636
-1046
-1431
-1764
-2060
-2291
-2469
-2596
-2658
-2669
-2623
-2517
-2364
-2167
-1925
-1649
-1344
-1012
-671
-318
34
371
693
983
1232
1423
1561
1630
1629
1559
1405
1189
898
558
182
-237
-662
-1099
-1533
-1933
-2306
-2642
-2920
-3133
-3285
-3365
-3370
-3308
-3178
-2973
-2705
-2380
-1998
-1568
-1109
-617
-99
427
951
1476
1985
2466
2916
3330
3698
4004
4269
4475
4608
4672
4666
4597
4452
4253
3975
3631
3232
2764
2265
1729
1152
554
-46
-634
-1214
-1765
-2264
-2708
-3100
-3414
-3644
-3779
-3827
-3803
-3676
-3461
-3184
-2826
-2406
-1935
-1432
-916
-380
148
654
1131
1565
1942
2261
2515
2705
2827
2875
2852
2761
2609
2404
2147
1835
1493
1123
730
335
-71
-472
-847
-1211
-1541
-1829
-2075
-2267
-2419
-2512
-2543
-2523
-2447
-2317
-2141
-1926
-1662
-1373
-1056
-723
-382
-38
293
617
914
1165
1367
1525
1616
1629
1573
1448
1251
978
658
288
-118
-543
-973
-1401
-1806
-2173
-2492
-2754
-2957
-3090
-3144
-3124
-3030
-2863
-2628
-2327
-1972
-1578
-1137
-671
-177
330
833
1340
1829
2304
2760
3177
3555
3887
4166
4395
4551
4647
4679
4631
4514
4324
4061
3731
3339
2896
2405
1864
1298
711
116
-483
-1077
-1636
-2159
-2646
-3086
-3453
-3742
-3956
-4091
-4136
-4092
-3967
-3747
-3453
-3082
-2652
-2181
-1666
-1132
-594
-54
467
951
1397
1789
2124
2402
2603
2739
2813
2823
2769
2659
2497
2289
2029
1732
1405
1045
673
293
-96
-481
-850
-1195
-1499
-1764
-1981
-2156
-2269
-2325
-2323
-2265
-2154
-1985
-1776
-1521
-1232
-922
-581
-233
113
456
783
1083
1336
1543
1696
1783
1803
1744
1607
1403
1124
784
403
-8
-458
-908
-1354
-1775
-2151
-2495
-2775
-2995
-3140
-3210
-3213
-3131
-2973
-2754
-2470
-2127
-1731
-1286
-821
-328
174
673
1170
1649
2109
2539
2923
3264
3559
3799
3984
4107
4180
4185
4135
4033
3860
3635
3363
3035
2650
2226
1770
1277
752
204
-344
-901
-1442
-1976
-2467
-2908
-3304
-3626
-3875
-4042
-4118
-4102
-4001
-3794
-3511
-3157
-2728
-2250
-1727
-1180
-622
-59
486
1008
1497
1933
2322
2646
2900
3096
3211
3258
3232
3137
2973
2750
2473
2141
1764
1354
925
478
31
-407
-818
-1200
-1539
-1833
-2069
-2238
-2347
-2390
-2371
-2277
-2123
-1918
-1664
-1365
-1031
-671
-294
82
463
810
1125
1396
1611
1768
1851
1857
1784
1625
1383
1076
703
281
-175
-666
-1162
-1647
-2103
-2525
-2897
-3197
-3433
-3591
-3669
-3667
-3576
-3408
-3172
-2864
-2496
-2083
-1619
-1123
-609
-78
450
980
1489
1976
2444
2866
3245
3575
3854
4080
4245
4333
4369
4358
4270
4125
3902
3624
3304
2909
2466
1987
1463
902
315
-255
-815
-1391
-1940
-2438
-2889
-3266
-3590
-3827
-3961
-4035
-4008
-3884
-3673
-3373
-3031
-2617
-2127
-1620
-1075
-515
38
590
1098
1575
2025
2403
2728
2990
3177
3308
3360
3340
3268
3119
2907
2649
2327
1974
1592
1166
728
282
-165
-593
-992
-1352
-1675
-1955
-2172
-2321
-2417
-2457
-2439
-2353
-2218
-2037
-1807
-1553
-1262
-945
-621
-277
69
410
722
994
1230
1410
1530
1576
1543
1430
1239
968
640
269
-152
-602
-1063
-1509
-1919
-2311
-2645
-2903
-3113
-3236
-3289
-3261
-3153
-2991
-2764
-2477
-2137
-1743
-1312
-863
-389
95
580
1069
1528
1969
2390
2761
3096
3390
3621
3811
3943
4002
4018
3966
3862
3710
3482
3217
2908
2551
2149
1699
1237
749
226
-296
-799
-1295
-1784
-2247
-2651
-2997
-3297
-3526
-3674
-3739
-3722
-3644
-3464
-3202
-2897
-2513
-2076
-1598
-1086
-565
-36
490
995
1472
1910
2300
2634
2905
3106
3249
3320
3326
3262
3125
2944
2705
2408
2075
1712
1324
913
492
86
-309
-691
-1045
-1354
-1620
-1842
-2013
-2130
-2186
-2194
-2147
-2041
-1892
-1692
-1456
-1193
-902
-594
-280
31
322
578
795
962
1086
1133
1106
1016
844
609
317
-21
-389
-780
-1198
-1590
-1964
-2322
-2626
-2885
-3077
-3206
-3280
-3271
-3190
-3039
-2821
-2549
-2207
-1811
-1378
-911
-416
97
621
1128
1622
2094
2526
2919
3261
3541
3771
3937
4033
4072
4046
3967
3820
3622
3368
3076
2743
2366
1966
1528
1072
597
110
-371
-849
-1319
-1760
-2168
-2549
-2872
-3133
-3337
-3465
-3519
-3499
-3397
-3212
-2967
-2645
-2268
-1843
-1369
-877
-351
164
669
1165
1625
2051
2427
2751
3014
3215
3342
3410
3410
3338
3209
3004
2752
2455
2106
1720
1313
888
454
23
-398
-799
-1180
-1519
-1819
-2066
-2266
-2416
-2508
-2542
-2524
-2444
-2313
-2131
-1899
-1640
-1338
-1020
-687
-332
8
341
634
887
1101
1249
1329
1329
1250
1105
877
592
262
-121
-525
-952
-1381
-1776
-2145
-2482
-2756
-2971
-3109
-3179
-3188
-3109
-2962
-2759
-2490
-2165
-1776
-1353
-916
-443
43
536
1024
1490
1944
2369
2748
3080
3379
3614
3792
3903
3954
3951
3881
3752
3565
3335
3051
2728
2364
1962
1541
1093
627
158
-310
-777
-1236
-1675
-2088
-2461
-2785
-3055
-3257
-3395
-3455
-3441
-3353
-3178
-2939
-2626
-2240
-1803
-1317
-808
-284
257
781
1285
1761
2185
2563
2881
3131
3310
3416
3459
3435
3340
3181
2959
2684
2370
2010
1617
1203
768
335
-98
-526
-928
-1306
-1650
-1955
-2218
-2422
-2578
-2672
-2712
-2695
-2617
-2490
-2306
-2079
-1812
-1515
-1179
-818
-458
-83
273
612
911
1159
1362
1503
1569
1551
1462
1305
1065
760
423
38
-384
-823
-1263
-1673
-2059
-2415
-2704
-2936
-3109
-3202
-3241
-3192
-3069
-2898
-2649
-2350
-1991
-1579
-1158
-694
-217
262
742
1207
1667
2091
2483
2846
3157
3416
3633
3795
3894
3941
3932
3872
3756
3587
3363
3100
2797
2445
2055
1632
1189
715
232
-254
-743
-1225
-1690
-2121
-2506
-2841
-3124
-3338
-3485
-3556
-3534
-3439
-3263
-3001
-2676
-2285
-1830
-1334
-802
-261
281
822
1336
1822
2267
2653
2968
3214
3389
3491
3527
3480
3347
3154
2901
2593
2239
1838
1410
954
484
15
-459
-899
-1313
-1699
-2036
-2324
-2549
-2723
-2832
-2871
-2867
-2791
-2655
-2461
-2213
-1931
-1604
-1248
-869
-486
-94
287
658
983
1242
1469
1622
1705
1705
1608
1451
1210
900
553
154
-274
-727
-1183
-1603
-1996
-2365
-2666
-2915
-3086
-3181
-3222
-3165
-3042
-2860
-2604
-2305
-1944
-1538
-1118
-662
-195
279
758
1219
1667
2095
2494
2851
3168
3438
3648
3809
3915
3965
3958
3897
3778
3599
3373
3098
2786
2425
2027
1597
1125
644
135
-383
-881
-1382
-1876
-2334
-2745
-3098
-3383
-3598
-3724
-3766
-3724
-3576
-3346
-3035
-2642
-2201
-1703
-1160
-591
-7
561
1119
1650
2137
2579
2954
3258
3499
3660
3742
3752
3681
3532
3313
3031
2685
2298
1863
1395
906
401
-106
-607
-1080
-1523
-1938
-2306
-2612
-2870
-3052
-3167
-3220
-3204
-3132
-2996
-2793
-2528
-2227
-1876
-1487
-1081
-647
-209
231
652
1045
1386
1673
1895
2039
2107
2068
1949
1740
1444
1080
661
206
-284
-796
-1296
-1766
-2203
-2597
-2926
-3184
-3365
-3463
-3478
-3402
-3258
-3051
-2765
-2425
-2033
-1595
-1135
-652
-164
332
826
1290
1729
2158
2545
2889
3193
3443
3654
3822
3933
3992
4017
3985
3898
3752
3561
3330
3048
2722
2350
1936
1500
1030
527
23
-472
-978
-1483
-1950
-2370
-2751
-3078
-3330
-3503
-3599
-3617
-3545
-3371
-3120
-2809
-2433
-1989
-1500
-987
-463
69
601
1088
1535
1942
2292
2575
2791
2942
3022
3027
2966
2851
2689
2477
2220
1923
1595
1245
879
499
124
-255
-636
-994
-1334
-1655
-1941
-2191
-2395
-2548
-2653
-2712
-2712
-2656
-2541
-2365
-2142
-1870
-1551
-1206
-834
-432
-31
380
781
1149
1477
1749
1965
2102
2153
2122
1990
1767
1461
1078
642
157
-370
-909
-1430
-1917
-2370
-2768
-3091
-3325
-3466
-3528
-3501
-3394
-3202
-2944
-2640
-2282
-1882
-1445
-1006
-556
-96
356
807
1235
1655
2050
2422
2771
3076
3356
3599
3798
3954
4061
4123
4131
4070
3954
3788
3561
3272
2929
2546
2116
1639
1123
594
62
-479
-1015
-1541
-2029
-2469
-2863
-3188
-3437
-3606
-3696
-3693
-3598
-3414
-3161
-2834
-2446
-2010
-1525
-1019
-508
1
488
944
1362
1731
2050
2306
2492
2622
2685
2699
2672
2585
2464
2300
2095
1866
1605
1309
982
637
268
-111
-497
-873
-1233
-1577
-1881
-2137
-2344
-2498
-2590
-2618
-2594
-2506
-2361
-2158
-1905
-1617
-1298
-941
-575
-204
169
523
875
1183
1441
1661
1817
1901
1920
1853
1705
1491
1196
841
441
-2
-465
-936
-1393
-1820
-2215
-2566
-2851
-3057
-3195
-3260
-3250
-3159
-3006
-2804
-2539
-2231
-1882
-1496
-1097
-680
-248
184
623
1060
1478
1894
2291
2654
2992
3292
3555
3777
3933
4036
4098
4095
4024
3894
3710
3473
3177
2835
2453
2028
1579
1099
605
110
-380
-864
-1333
-1760
-2154
-2512
-2799
-3017
-3178
-3266
-3285
-3224
-3085
-2880
-2620
-2313
-1953
-1555
-1145
-725
-293
118
507
874
1204
1502
1753
1959
2122
2230
2286
2298
2267
2191
2076
1924
1731
1502
1240
959
648
317
-19
-355
-681
-988
-1286
-1548
-1761
-1944
-2080
-2157
-2182
-2159
-2084
-1963
-1800
-1581
-1337
-1065
-777
-478
-165
138
433
712
960
1176
1356
1481
1543
1544
1493
1372
1177
928
622
268
-110
-516
-935
-1343
-1741
-2107
-2431
-2721
-2942
-3090
-3185
-3206
-3163
-3041
-2860
-2637
-2348
-2018
-1648
-1246
-827
-392
53
507
969
1407
1835
2253
2640
3003
3320
3587
3815
3987
4097
4163
4172
4114
4012
3861
3650
3387
3077
2733
2360
1950
1508
1051
583
115
-348
-803
-1240
-1645
-2021
-2357
-2646
-2882
-3059
-3179
-3227
-3211
-3134
-2996
-2798
-2544
-2246
-1917
-1555
-1169
-775
-378
8
388
754
1081
1380
1650
1876
2053
2187
2275
2313
2300
2239
2127
1979
1777
1527
1251
940
603
257
-99
-448
-776
-1089
-1375
-1619
-1820
-1975
-2077
-2132
-2135
-2084
-1992
-1843
-1652
-1438
-1196
-934
-653
-365
-77
216
488
723
941
1117
1246
1326
1338
1294
1179
997
764
476
152
-206
-592
-981
-1362
-1723
-2043
-2331
-2573
-2747
-2862
-2925
-2917
-2851
-2724
-2535
-2303
-2018
-1694
-1333
-939
-528
-98
344
799
1253
1693
2113
2517
2897
3226
3510
3742
3932
4064
4134
4158
4120
4018
3874
3688
3443
3154
2840
2494
2113
1708
1282
847
405
-48
-501
-943
-1366
-1761
-2129
-2460
-2750
-2983
-3156
-3270
-3314
-3304
-3225
-3081
-2879
-2622
-2321
-1983
-1615
-1231
-838
-440
-51
328
687
1007
1303
1561
1774
1947
2066
2143
2167
2145
2076
1956
1803
1607
1371
1110
819
517
216
-95
-396
-680
-953
-1194
-1396
-1574
-1703
-1789
-1824
-1812
-1757
-1659
-1527
-1348
-1139
-900
-650
-386
-111
169
434
678
897
1067
1198
1272
1293
1255
1151
988
760
480
159
-200
-587
-985
-1385
-1761
-2107
-2430
-2695
-2907
-3050
-3122
-3144
-3081
-2950
-2766
-2522
-2232
-1888
-1499
-1076
-626
-162
307
787
1266
1721
2168
2577
2952
3280
3564
3785
3941
4075
4152
4190
4169
4063
3937
3786
3589
3347
3041
2718
2377
1995
1596
1160
709
253
-214
-677
-1127
-1558
-1968
-2342
-2673
-2956
-3168
-3313
-3413
-3443
-3411
-3300
-3105
-2888
-2619
-2303
-1938
-1543
-1148
-751
-353
51
410
744
1062
1330
1567
1743
1868
1965
2010
2014
1957
1854
1733
1563
1370
1152
903
647
388
131
-124
-354
-564
-761
-922
-1057
-1155
-1211
-1243
-1243
-1208
-1146
-1053
-939
-809
-658
-501
-324
-148
19
202
373
522
648
753
830
858
842
782
670
504
302
45
-237
-550
-877
-1200
-1530
-1834
-2133
-2375
-2556
-2704
-2781
-2826
-2807
-2710
-2565
-2356
-2112
-1831
-1492
-1119
-712
-287
147
584
1027
1472
1891
2285
2652
2972
3257
3492
3683
3841
3925
3971
3957
3905
3833
3691
3514
3299
3033
2751
2436
2080
1700
1280
849
410
-41
-492
-952
-1396
-1818
-2216
-2566
-2865
-3120
-3326
-3473
-3533
-3529
-3448
-3312
-3131
-2870
-2562
-2215
-1832
-1427
-1012
-588
-172
238
632
990
1315
1600
1845
2037
2186
2283
2327
2316
2259
2161
2003
1815
1588
1324
1045
739
432
122
-187
-474
-739
-975
-1180
-1343
-1465
-1545
-1585
-1587
-1541
-1459
-1342
-1201
-1032
-838
-637
-425
-205
12
205
382
542
664
736
765
745
666
528
333
100
-168
-469
-805
-1147
-1480
-1797
-2104
-2375
-2601
-2772
-2880
-2934
-2915
-2843
-2700
-2497
-2245
-1942
-1601
-1218
-806
-367
83
545
1001
1454
1893
2305
2688
3039
3343
3606
3810
3986
4060
4061
4091
4057
3984
3850
3633
3430
3202
2922
2623
2254
1879
1507
1102
690
257
-176
-606
-1019
-1429
-1814
-2138
-2445
-2707
-2913
-3081
-3130
-3131
-3107
-3009
-2879
-2651
-2370
-2111
-1808
-1482
-1151
-798
-465
-141
171
458
719
959
1178
1352
1504
1606
1652
1698
1698
1667
1597
1469
1340
1185
1011
821
601
391
187
-21
-226
-406
-568
-718
-841
-950
-1026
-1060
-1090
-1099
-1071
-1026
-943
-842
-736
-616
-480
-334
-182
-44
84
204
302
380
419
419
390
322
214
69
-96
-288
-499
-720
-951
-1157
-1351
-1534
-1679
-1808
-1891
-1928
-1930
-1877
-1810
-1698
-1539
-1344
-1104
-857
-580
-272
52
379
709
1046
1368
1679
1965
2220
2468
2679
2846
2989
3086
3153
3195
3186
3148
3069
2953
2826
2656
2448
2214
1936
1644
1330
989
632
264
-121
-512
-893
-1267
-1607
-1927
-2237
-2492
-2695
-2856
-2953
-3023
-3034
-2968
-2869
-2709
-2522
-2317
-2061
-1788
-1487
-1167
-847
-517
-179
140
443
745
1025
1280
1494
1676
1834
1954
2030
2062
2048
1999
1919
1793
1638
1447
1236
1023
784
533
284
38
-201
-427
-637
-827
-996
-1147
-1275
-1369
-1433
-1468
-1469
-1448
-1389
-1286
-1163
-1016
-857
-685
-493
-313
-144
11
143
233
285
291
261
189
71
-72
-245
-446
-660
-869
-1081
-1292
-1471
-1613
-1737
-1822
-1869
-1883
-1837
-1751
-1625
-1467
-1272
-1034
-764
-473
-167
163
496
836
1188
1519
1834
2138
2404
2663
2893
3077
3230
3355
3405
3396
3404
3360
3281
3161
2972
2779
2559
2306
2027
1693
1346
993
622
227
-167
-548
-939
-1311
-1673
-2001
-2266
-2527
-2748
-2908
-3030
-3062
-3064
-3029
-2923
-2798
-2594
-2340
-2088
-1801
-1497
-1156
-802
-474
-144
184
511
809
1077
1337
1560
1761
1900
1989
2081
2119
2125
2090
1981
1865
1730
1565
1371
1133
887
645
387
127
-125
-364
-602
-826
-1027
-1201
-1327
-1448
-1538
-1594
-1629
-1586
-1528
-1462
-1360
-1241
-1085
-914
-747
-569
-391
-225
-72
73
191
277
336
368
365
320
251
157
35
-100
-241
-395
-540
-687
-839
-957
-1054
-1125
-1166
-1194
-1180
-1127
-1051
-932
-803
-652
-458
-251
-20
212
451
701
952
1203
1441
1676
1896
2079
2254
2396
2524
2636
2689
2716
2693
2646
2602
2494
2338
2158
1948
1728
1483
1190
889
581
261
-74
-410
-744
-1069
-1379
-1690
-1967
-2204
-2401
-2565
-2714
-2790
-2804
-2787
-2716
-2612
-2471
-2268
-2036
-1780
-1493
-1195
-874
-547
-218
116
428
740
1033
1291
1536
1730
1890
2033
2123
2174
2179
2121
2040
1925
1769
1574
1341
1093
829
550
263
-23
-299
-567
-822
-1056
-1272
-1445
-1591
-1716
-1806
-1864
-1866
-1841
-1795
-1698
-1577
-1430
-1254
-1072
-867
-651
-452
-269
-93
76
214
313
383
412
413
377
310
222
97
-42
-186
-324
-470
-606
-732
-841
-913
-964
-981
-981
-949
-874
-780
-653
-492
-318
-130
76
304
530
754
986
1217
1447
1648
1834
2016
2164
2288
2366
2411
2446
2431
2397
2328
2210
2076
1925
1748
1545
1312
1077
833
564
289
18
-245
-522
-794
-1054
-1305
-1520
-1719
-1897
-2053
-2177
-2235
-2267
-2281
-2244
-2182
-2070
-1916
-1760
-1556
-1339
-1107
-850
-605
-354
-102
155
400
622
841
1045
1225
1371
1483
1580
1649
1681
1668
1619
1556
1465
1345
1204
1030
846
658
453
241
29
-186
-396
-601
-789
-951
-1092
-1218
-1324
-1405
-1462
-1474
-1461
-1436
-1380
-1295
-1171
-1035
-896
-735
-570
-406
-244
-87
57
184
286
368
427
448
460
439
388
321
239
145
39
-78
-199
-304
-405
-501
-578
-646
-677
-688
-680
-641
-584
-507
-411
-287
-158
-15
142
299
461
624
782
939
1089
1221
1343
1454
1543
1621
1679
1709
1725
1718
1690
1648
1576
1494
1380
1246
1110
946
767
583
393
200
-2
-209
-414
-614
-812
-999
-1173
-1333
-1468
-1581
-1668
-1727
-1753
-1760
-1735
-1679
-1610
-1497
-1367
-1213
-1041
-848
-650
-448
-239
-37
169
350
531
701
838
947
1049
1127
1177
1193
1180
1164
1122
1066
989
883
773
655
522
378
237
85
-74
-212
-357
-494
-608
-722
-819
-893
-960
-997
-1020
-1024
-1009
-984
-930
-856
-779
-691
-591
-482
-365
-252
-143
-35
63
151
223
278
314
332
328
291
240
191
116
30
-57
-151
-241
-332
-403
-456
-499
-522
-522
-520
-492
-447
-392
-313
-232
-145
-38
79
186
296
417
516
624
731
815
900
959
1003
1059
1094
1113
1108
1080
1067
1033
989
932
857
780
701
620
524
429
331
224
117
10
-98
-211
-322
-428
-525
-624
-697
-764
-824
-868
-915
-922
-907
-902
-877
-840
-788
-706
-634
-562
-471
-374
-266
-162
-62
35
130
214
290
364
416
464
499
518
534
531
519
519
490
451
413
364
311
246
174
102
29
-54
-128
-188
-254
-312
-357
-411
-440
-452
-466
-464
-463
-452
-424
-408
-377
-348
-326
-290
-250
-214
-183
-150
-118
-79
-48
-19
5
18
29
33
37
23
3
-9
-30
-50
-70
-90
-114
-134
-136
-131
-131
-128
-110
-85
-52
-20
18
63
103
145
196
259
309
345
393
439
476
508
540
565
585
602
601
602
601
587
560
527
495
465
425
377
325
280
238
175
118
59
8
-50
-113
-163
-220
-270
-322
-373
-413
-450
-492
-522
-540
-559
-566
-566
-560
-543
-523
-496
-455
-411
-358
-305
-249
-184
-129
-72
-16
34
76
113
141
166
183
204
218
226
236
233
236
234
227
214
192
175
155
126
97
72
42
17
-13
-41
-66
-87
-106
-128
-140
-145
-156
-168
-172
-175
-179
-183
-186
-184
-178
-172
-155
-141
-129
-108
-97
-81
-74
-70
-59
-54
-58
-56
-55
-63
-72
-82
-85
-97
-109
-112
-105
-101
-100
-90
-69
-46
-32
-10
23
60
88
110
141
171
203
229
259
282
300
323
341
354
367
364
357
353
349
337
303
278
256
238
210
181
153
124
102
74
52
25
-4
-30
-56
-80
-103
-130
-158
-184
-196
-211
-229
-244
-259
-275
-280
-282
-287
-274
-265
-258
-238
-222
-208
-190
-166
-143
-118
-97
-72
-51
-25
10
36
47
70
94
109
129
134
144
148
151
156
150
148
139
130
125
119
100
76
64
51
33
22
7
-13
-31
-50
-66
-79
-96
-110
-127
-138
-145
-159
-166
-173
-171
-166
-174
-167
-157
-152
-140
-129
-114
-110
-106
-95
-93
-85
-83
-82
-76
-65
-59
-54
-51
-47
-32
-18
-3
7
16
31
55
72
85
104
128
150
159
182
206
217
218
227
244
259
261
258
253
252
253
246
233
220
208
194
184
166
145
131
106
84
67
46
21
10
-6
-28
-39
-56
-76
-96
-110
-130
-141
-148
-160
-176
-194
-206
-206
-202
-213
-208
-200
-199
-193
-193
-181
-171
-152
-144
-141
-121
-100
-82
-61
-40
-22
0
22
39
58
77
92
100
110
120
121
117
115
117
114
107
92
86
82
67
57
41
29
19
4
-11
-27
-40
-57
-71
-91
-107
-120
-123
-127
-143
-142
-147
-148
-140
-138
-133
-130
-116
-106
-104
-96
-94
-92
-89
-72
-61
-57
-45
-37
-12
9
18
32
46
57
73
88
99
107
111
119
128
131
134
138
143
142
142
138
129
133
128
129
125
117
112
109
112
108
104
97
91
81
77
69
50
46
40
34
35
37
37
33
30
31
30
15
-3
-19
-36
-51
-73
-91
-117
-130
-133
-150
-158
-164
-171
-165
-157
-160
-164
-171
-174
-164
-161
-157
-146
-140
-125
-113
-98
-70
-45
-13
11
36
58
76
95
108
118
125
129
136
136
132
126
123
119
110
103
91
78
68
55
41
24
6
-10
-28
-41
-57
-77
-91
-101
-112
-120
-124
-125
-118
-116
-111
-99
-86
-81
-73
-62
-58
-56
-43
-31
-35
-37
-29
-24
-22
-21
-15
-5
6
10
19
29
29
35
44
45
43
41
42
49
49
54
52
47
58
58
60
68
71
76
76
85
90
94
93
92
92
87
89
89
89
95
98
93
91
92
90
85
80
74
65
51
37
28
9
-7
-22
-42
-57
-71
-93
-109
-115
-123
-135
-138
-139
-139
-141
-143
-136
-127
-123
-117
-103
-100
-94
-79
-65
-48
-42
-32
-15
0
18
27
38
57
60
64
74
74
70
66
68
60
56
54
49
40
34
22
15
14
6
0
-7
-11
-12
-22
-22
-27
-32
-35
-44
-48
-50
-54
-61
-66
-59
-56
-57
-53
-51
-42
-36
-31
-20
-17
-14
-12
-14
-16
-19
-17
-18
-16
-10
-9
-6
-2
6
18
27
29
35
39
38
39
43
47
41
41
47
45
46
39
45
41
36
45
43
41
42
42
38
42
45
49
48
40
41
37
31
28
24
20
15
10
16
15
10
16
11
4
1
-10
-24
-28
-40
-49
-52
-53
-55
-58
-51
-52
-55
-58
-56
-45
-44
-40
-39
-35
-32
-36
-37
-34
-32
-26
-26
-26
-23
-21
-14
-11
-6
5
5
6
12
20
26
22
20
24
17
16
23
21
17
18
16
10
11
11
5
9
20
19
15
17
14
7
2
-7
-19
-27
-31
-30
-29
-25
-22
-24
-24
-22
-16
-16
-25
-18
-18
-24
-24
-29
-32
-34
-36
-39
-34
-32
-31
-23
-14
0
7
18
31
29
38
46
45
52
49
49
47
40
44
45
36
34
32
32
40
35
34
38
35
34
31
27
23
25
16
12
11
5
7
6
5
5
10
10
10
12
6
4
-2
-5
-2
-13
-21
-21
-24
-28
-38
-39
-36
-39
-41
-36
-31
-29
-30
-30
-25
-28
-30
-28
-30
-33
-38
-39
-34
-38
-37
-32
-34
-34
-25
-21
-15
-7
-3
0
5
13
18
19
18
24
28
20
20
25
22
21
21
25
30
31
35
30
33
31
22
17
6
1
-5
-15
-21
-17
-22
-36
-38
-31
-30
-27
-18
-17
-19
-22
-23
-28
-27
-32
-38
-32
-34
-36
-28
-22
-15
-10
0
13
20
29
37
38
47
50
46
45
44
41
40
37
30
32
37
33
33
36
32
33
28
19
17
15
10
6
8
3
3
-7
-15
-14
-11
-12
-15
-9
-6
-1
9
4
1
6
13
11
8
4
3
1
-4
-1
-7
-7
-6
-8
-14
-22
-25
-22
-24
-27
-34
-42
-41
-44
-45
-52
-50
-47
-53
-47
-50
-46
-34
-30
-27
-27
-17
-8
-4
1
6
14
23
30
37
44
48
44
44
44
45
44
41
38
32
33
31
26
29
27
17
10
0
-8
-18
-29
-36
-42
-45
-43
-47
-51
-48
-47
-46
-40
-34
-31
-28
-26
-26
-23
-17
-12
-14
-9
-6
-4
0
2
11
13
23
22
25
34
37
42
41
43
40
36
39
41
36
38
38
34
29
26
25
21
23
23
23
21
13
9
9
5
-2
-5
-2
-1
-6
-11
-11
-10
-8
-10
-2
-3
-1
5
3
9
16
14
14
20
17
13
5
-2
-9
-21
-23
-26
-32
-39
-43
-43
-49
-52
-48
-48
-49
-43
-45
-50
-51
-50
-47
-49
-48
-46
-36
-27
-23
-12
-4
6
13
18
26
41
47
46
51
51
50
55
53
50
45
50
43
40
39
24
23
17
10
4
-9
-14
-19
-25
-34
-30
-38
-44
-44
-43
-37
-35
-37
-35
-27
-25
-15
-13
-15
-11
-18
-13
-2
-1
4
0
6
17
14
12
14
18
16
17
21
26
23
25
26
20
29
23
15
23
25
24
18
15
14
10
4
-2
4
3
-1
-5
-1
8
4
4
7
14
15
9
9
7
5
8
6
7
6
7
9
9
6
10
13
15
16
14
17
13
7
3
-2
-15
-19
-25
-34
-36
-43
-48
-51
-46
-44
-48
-48
-43
-42
-43
-48
-46
-34
-42
-44
-37
-34
-31
-30
-18
-7
3
13
14
33
41
36
46
49
50
51
52
48
34
29
33
29
25
27
25
20
20
17
12
10
2
-9
-11
-14
-19
-24
-29
-32
-40
-40
-39
-41
-37
-36
-35
-34
-25
-25
-23
-11
-11
-8
-7
-7
1
8
8
9
7
9
17
18
24
21
29
37
32
39
39
38
42
39
35
28
32
26
24
22
13
9
11
7
5
2
-3
2
-6
-9
-2
-2
3
1
-1
4
-1
-9
-9
-9
-8
-10
-5
3
2
4
8
7
8
4
3
-2
-7
-3
-4
-13
-15
-15
-19
-24
-27
-29
-32
-39
-36
-35
-37
-30
-28
-32
-35
-29
-28
-35
-31
-27
-26
-20
-14
-5
2
5
7
7
6
14
21
26
25
27
26
24
29
25
25
25
29
23
18
24
14
15
13
1
5
7
2
-2
-4
-9
-11
-14
-19
-27
-23
-24
-31
-29
-26
-26
-18
-12
-17
-14
-10
-9
-8
-9
0
7
10
13
16
20
22
24
23
23
25
25
24
26
29
25
21
25
28
29
29
28
22
20
16
12
4
0
1
1
-4
-2
3
1
1
2
-3
-1
6
-1
1
7
1
0
0
-4
-8
-17
-14
-13
-15
-8
-3
-5
-6
-5
-2
-8
-13
-14
-21
-25
-30
-35
-38
-44
-40
-41
-44
-43
-36
-27
-27
-21
-12
-12
-15
-14
-11
-11
-6
-5
-3
-2
-5
-3
5
12
13
16
25
32
38
36
32
35
33
31
31
27
30
24
17
20
20
14
9
12
9
1
-6
-10
-11
-18
-20
-26
-25
-19
-29
-32
-33
-34
-30
-30
-26
-18
-14
-8
-5
0
1
8
6
10
18
18
25
22
16
13
18
23
18
18
22
22
18
17
21
18
13
17
16
19
21
20
18
16
13
9
13
14
8
5
4
-1
-1
-2
-1
5
4
3
10
8
1
6
7
2
0
-4
-8
-12
-19
-20
-24
-30
-26
-28
-25
-16
-19
-23
-28
-27
-33
-31
-27
-38
-39
-33
-32
-29
-32
-31
-25
-26
-27
-23
-21
-15
-3
1
7
7
13
19
18
13
9
16
15
13
16
19
22
27
23
22
24
23
23
20
17
12
17
11
12
15
10
4
2
4
2
0
-3
0
4
0
-2
-3
-5
-6
-5
-7
-4
-4
-7
-1
-2
-3
-1
-3
4
2
2
5
2
2
1
4
8
13
6
3
4
1
-3
-1
2
-4
-3
3
4
5
9
7
8
10
5
9
13
14
10
7
6
8
11
9
13
8
8
10
10
9
3
9
7
-2
-2
-4
-8
-11
-18
-22
-19
-21
-21
-22
-19
-19
-21
-22
-28
-25
-27
-27
-23
-23
-25
-32
-27
-23
-26
-26
-25
-19
-15
-20
-11
-5
-8
2
1
2
7
10
15
15
15
15
14
17
25
35
29
24
24
28
30
18
16
24
21
14
13
12
11
10
13
10
3
3
6
0
-5
0
1
4
-5
-13
-10
-12
-10
-9
-10
-10
-15
-14
-10
-14
-15
-10
-17
-18
-15
-17
-14
-16
-11
-3
-6
1
8
11
16
14
15
14
8
12
9
12
18
14
18
23
21
20
25
26
25
20
19
22
17
17
14
11
10
3
-3
2
1
4
1
-4
-2
-8
-1
1
-9
-5
-6
-10
-11
-21
-23
-27
-25
-27
-31
-30
-30
-21
-22
-26
-26
-26
-20
-21
-24
-25
-30
-25
-21
-23
-19
-20
-16
-14
-16
-10
-4
-2
3
8
13
18
19
17
17
21
15
12
13
19
19
19
19
16
21
21
21
18
15
15
13
12
11
8
7
8
8
8
7
3
2
3
-3
2
5
3
3
-3
-4
-2
-8
-9
-7
-13
-10
-10
-12
-12
-14
-14
-11
-10
-14
-10
-7
-2
4
2
0
8
11
12
11
7
5
7
14
13
15
19
19
21
23
22
20
21
21
21
16
12
6
7
7
3
2
4
4
-3
-2
0
-2
-9
-14
-15
-16
-18
-15
-14
-19
-12
-17
-23
-17
-17
-16
-13
-19
-25
-22
-21
-18
-20
-22
-20
-18
-14
-16
-16
-17
-13
-12
-12
-11
-16
-13
-8
-12
-7
-4
-6
-5
-7
-4
1
9
11
12
15
13
17
21
16
21
24
21
19
15
9
7
13
10
13
15
13
14
12
12
14
12
8
7
3
-2
4
7
1
0
0
4
8
1
3
6
4
5
-2
-2
0
-6
-2
-2
-5
-2
-5
-3
-1
-4
-1
-3
-6
-3
2
3
7
3
2
7
3
6
8
10
13
11
10
11
10
7
6
6
0
1
9
9
9
13
5
-1
-3
-7
-9
-6
-10
-12
-11
-17
-16
-10
-11
-15
-12
-15
-17
-18
-17
-16
-20
-19
-9
-17
-23
-19
-22
-16
-17
-15
-16
-16
-12
-11
-8
-9
-8
-15
-7
-5
-13
-15
-12
-10
-6
5
5
7
10
12
13
12
16
21
20
22
17
19
25
20
23
26
21
11
16
17
8
13
11
6
7
9
5
0
1
-2
1
-2
-3
-2
-4
2
9
12
7
4
5
12
9
2
-1
-7
-11
-9
-6
-5
1
0
-1
2
0
2
1
-1
0
0
-4
-3
4
5
6
8
10
7
8
12
9
4
1
0
-1
-1
-1
-7
-14
-3
-4
-5
1
-2
-1
1
0
-5
-3
-7
-10
-6
-8
-11
-6
-4
-10
-7
-7
-10
-9
-10
-10
-6
-7
-12
-13
-12
-11
-14
-16
-19
-18
-24
-24
-17
-23
-22
-12
-14
-11
-4
0
-2
-4
-4
-3
-2
-4
-5
1
9
8
12
21
20
18
15
18
22
18
18
13
12
13
12
15
15
12
12
16
16
12
12
13
14
18
17
20
19
7
8
10
8
4
2
6
1
-2
0
1
0
-3
-1
-2
-6
-7
-6
-2
-2
-6
-9
-11
-11
-11
-13
-10
-15
-17
-13
-9
-4
-8
-9
-6
-4
-6
-1
-1
-3
-5
-4
-6
-7
-1
-2
0
4
4
5
5
6
2
4
6
2
2
4
7
6
8
8
6
9
5
0
1
-1
-4
0
-2
-6
-8
-9
-6
-13
-15
-10
-10
-12
-10
-12
-14
-16
-18
-15
-16
-19
-15
-16
-14
-12
-13
-8
-9
-8
-4
-3
2
4
2
4
5
5
7
3
3
5
8
10
10
12
19
16
15
18
21
26
22
23
22
12
10
17
17
17
14
13
16
15
18
13
10
10
13
12
5
8
2
-5
-5
-6
-6
-12
-14
-8
-11
-7
-9
-8
-7
-11
-13
-18
-11
-15
-18
-12
-14
-15
-21
-19
-12
-19
-15
-13
-15
-3
1
5
4
8
8
3
7
6
2
5
8
5
-1
0
3
2
4
7
11
9
10
10
8
12
10
11
10
3
1
-1
-6
-9
-10
-8
-7
-6
-4
-3
-1
-1
1
1
-2
-4
-12
-11
-12
-12
-18
-17
-12
-17
-16
-6
-6
-3
-6
-7
0
-4
1
2
1
0
-7
-4
0
-6
-4
1
1
7
9
7
9
13
14
11
13
16
10
9
12
11
11
7
8
10
10
8
11
11
11
10
10
12
8
7
6
5
6
3
5
1
-9
-5
-6
-11
-7
-5
-7
-4
-4
-7
-4
-1
-5
-10
-11
-11
-11
-8
-11
-12
-8
-11
-11
-6
-4
-7
-7
-1
-7
-9
-2
3
2
5
10
7
8
13
13
12
13
11
3
0
5
4
2
5
6
6
4
5
6
6
5
3
0
-4
-2
-5
-5
-5
-8
-11
-13
-9
-13
-10
-5
-13
-6
-5
-8
-2
-5
-9
-12
-12
-14
-15
-15
-17
-12
-11
-13
-14
-14
-11
-5
-2
1
-1
-1
0
2
3
1
4
3
1
1
7
4
7
14
15
22
20
19
25
23
27
25
20
20
17
14
9
4
7
9
10
17
17
11
13
13
11
13
9
4
1
0
-4
-6
-3
-7
-9
-12
-12
-11
-13
-14
-10
-9
-10
-9
-13
-10
-7
-12
-17
-11
-12
-18
-13
-12
-6
-8
-18
-12
-15
-13
-2
-6
-6
2
-1
-3
1
5
8
5
1
0
4
7
5
5
1
3
7
5
10
11
6
8
5
5
9
3
0
1
5
6
3
5
7
0
-3
1
-3
-3
-3
3
0
0
1
-7
-7
-8
-10
-12
-10
-13
-14
-11
-10
-7
-6
-5
-4
-2
-3
-6
-6
-2
-4
-4
1
2
5
8
8
6
11
12
10
14
9
8
13
9
13
15
12
14
9
14
11
8
12
8
8
9
5
-1
-3
0
1
-2
-3
-4
-6
-7
-10
-7
-7
-14
-13
-8
-13
-10
-6
-7
-9
-9
-4
-4
-3
0
2
5
5
9
9
5
4
-1
-3
-2
-3
-4
-6
-6
-5
-9
-10
-2
1
-3
5
1
4
8
10
13
0
8
8
1
3
-4
-7
-10
0
2
5
8
5
5
0
3
1
-3
-5
-1
-8
-9
-1
-5
-4
-6
1
3
-5
1
-4
-7
-2
-9
-17
-19
-20
-21
-18
-19
-20
-13
-11
-9
-10
-10
-2
-3
-3
2
1
5
7
3
4
8
19
19
9
13
14
18
23
21
19
23
29
28
24
22
20
16
13
10
13
6
10
15
11
11
9
9
13
8
1
-1
-5
-7
-9
-17
-18
-18
-22
-24
-20
-17
-16
-11
-7
-7
-9
-12
-10
-12
-16
-15
-14
-15
-15
-8
-10
-5
2
-2
0
4
5
2
0
0
2
-2
-1
2
-1
4
3
2
3
-2
-4
-1
1
4
4
3
3
4
4
0
-3
0
0
-1
1
2
1
5
5
4
5
4
3
1
-2
1
1
3
1
-2
-1
-2
-3
-4
-1
0
-3
-5
-1
2
-4
-7
0
-5
-9
-5
-5
-2
-2
-2
3
-1
3
3
3
4
-1
5
7
1
9
14
16
10
12
18
12
16
12
10
16
12
9
6
10
9
5
5
-3
-8
-6
-4
-3
-3
0
-1
-4
-8
-10
-12
-14
-13
-15
-9
-11
-11
-10
-16
-16
-18
-10
-10
-13
-11
-13
-5
-8
-2
2
1
8
6
2
4
8
8
5
1
5
14
5
-2
-2
-2
1
2
5
2
2
3
-4
3
9
4
8
7
3
1
6
3
5
7
2
3
5
6
9
8
4
7
4
-1
-2
-6
-5
-9
-9
-5
-5
-8
-2
-3
-2
3
-1
0
-2
-10
-8
-7
-7
-7
-10
-12
-13
-11
-10
-13
-17
-12
-8
-9
-8
-4
0
0
-2
-3
2
6
9
10
10
12
14
18
19
16
16
16
15
16
17
17
18
14
14
12
4
5
9
13
8
3
-1
-3
1
-6
-3
0
-6
-10
-7
-2
-8
-5
-7
-5
-7
-12
-2
-8
-12
-6
-13
-13
-8
-10
-8
-5
-8
-11
-10
-4
0
-1
1
3
-2
0
2
0
-5
-11
-7
-13
-16
-8
-2
-4
-10
-6
3
5
5
14
10
7
16
15
8
7
4
2
3
0
2
4
4
9
5
11
12
7
7
5
0
4
6
-5
-3
-4
-4
0
-7
-5
-7
-8
-6
-6
-2
0
1
-8
-9
-12
-12
-17
-19
-13
-6
3
4
5
8
4
3
6
2
5
11
12
8
5
5
4
2
4
7
6
5
7
8
9
11
8
7
5
4
7
4
-3
-4
-3
-4
-8
-6
-3
-4
0
-8
-7
-1
-2
-2
-5
2
1
1
-3
-11
-3
2
2
7
5
2
5
4
7
3
4
7
2
1
3
-1
-2
0
-2
-2
-4
-7
-9
-7
-6
-4
-8
-10
-5
-13
-6
-2
-8
-5
-5
-3
-7
-4
-3
-5
-3
-5
-2
-3
-3
0
1
-3
-1
-5
-6
4
5
4
6
7
4
8
5
-2
4
8
6
0
-1
5
2
-3
-4
-2
0
0
2
-2
-2
0
0
2
-1
2
3
-1
0
1
-1
-8
-6
-5
-1
6
6
8
12
10
11
11
13
9
11
13
16
10
9
12
11
14
10
12
5
6
13
14
6
1
-3
-7
-6
-6
-7
-12
-8
-8
-11
-10
-6
-7
-14
-9
-9
-9
-4
-7
-14
-15
-17
-14
-12
-13
-7
-9
-10
-9
-6
-2
-8
-6
-2
-4
-4
3
1
2
5
3
-3
-4
-1
-3
-4
-2
3
-1
-1
2
4
-1
-6
0
3
2
2
2
2
5
1
3
6
0
4
5
8
10
9
11
12
12
11
7
4
7
8
8
6
3
6
4
1
1
5
3
-2
4
5
4
7
2
8
11
6
1
3
4
-2
-3
-1
-2
-4
-7
-7
-2
1
1
2
2
5
-3
-2
0
-9
-10
-8
-5
-2
-2
-2
-6
-7
-5
-2
-2
-7
-6
-7
-6
-7
-12
-14
-11
-14
-14
-10
-13
-16
-10
-9
-8
-8
-4
1
0
4
1
-2
4
5
0
1
0
-2
-2
3
7
2
8
12
12
13
13
14
12
11
9
5
6
2
3
5
2
12
10
13
16
15
15
11
11
8
2
1
-4
-1
3
4
6
0
2
3
4
4
1
-2
-12
-11
-9
-5
-11
-11
-8
-10
-7
-5
-8
-11
-5
-8
-12
-8
-12
-11
-7
-1
-4
-6
-6
-8
-15
-11
-6
-10
-8
-6
-7
-14
-14
-9
-7
-7
-8
-3
0
-5
2
0
-3
4
9
17
15
17
20
17
19
17
17
16
12
15
11
9
10
13
13
15
16
14
12
10
7
6
7
3
1
-2
-4
-8
-8
-4
-9
-3
3
0
-5
-6
-7
-10
-6
-7
-8
-7
-12
-9
-9
-7
-4
-7
-8
-13
-9
-6
-10
-4
-5
-6
-2
-1
-1
1
1
-3
-2
-1
-3
3
2
3
1
-7
-1
-1
-6
-7
-9
-5
-5
-5
-2
-3
-5
-6
-3
1
6
-1
-6
-6
-5
-1
3
7
6
4
8
11
15
12
11
11
8
10
10
13
14
6
3
2
2
3
1
2
1
3
-2
-2
1
-2
4
3
4
4
7
4
1
4
2
7
7
10
12
1
-1
2
-1
-3
-1
-3
-10
-12
-9
-3
-2
-3
1
-6
-4
-4
-8
-6
-10
-12
-17
-15
-11
-14
-13
-3
-7
-17
-8
-8
-11
-9
-10
-7
-3
-6
-3
-2
-6
0
2
3
3
3
6
5
6
5
7
9
10
12
11
11
11
9
6
4
-1
-5
0
12
14
7
7
8
9
12
10
6
7
3
1
3
-1
-1
-2
-6
-3
1
7
6
8
6
3
4
0
4
4
-2
-3
-6
-5
0
-5
-7
-4
-3
2
5
4
-2
0
-1
-7
-11
-12
-12
-9
-13
-9
-6
-11
-11
-8
-7
-6
-7
-14
-10
-10
-14
-8
-8
-9
-7
-3
-2
-1
1
-1
0
4
7
6
9
6
9
12
9
8
4
0
2
-3
-4
-2
-5
4
8
11
15
13
9
6
7
4
-2
-1
5
3
2
2
-2
6
0
1
3
2
11
9
14
13
5
1
2
4
-1
-3
4
5
2
8
7
6
11
7
7
7
3
-1
-6
-9
-10
-9
-12
-11
-4
-7
-5
-2
-7
-6
-6
-7
-7
-4
-7
-5
-7
-10
-4
-8
-10
-11
-17
-11
-4
-10
-7
-6
-6
0
-2
-2
-5
-3
-4
-7
-5
-4
-4
-6
-1
-3
-4
-2
3
1
-1
5
3
3
1
6
7
7
14
15
17
12
13
13
9
10
6
8
9
2
2
-3
1
8
7
8
8
8
16
11
11
13
8
10
3
-1
2
1
4
0
-4
-2
-4
-4
-3
-5
-4
-5
-6
-12
-8
-5
-9
-6
-8
-10
-13
-9
-5
-11
-10
-9
-4
-3
-8
-7
1
3
3
7
8
7
11
10
5
3
1
1
0
-3
-1
6
3
0
3
0
-4
-11
-15
-10
-9
-4
-4
-8
-5
-6
-11
-8
-5
-7
-3
-4
-9
-5
-4
-1
-1
-2
3
1
-1
-1
4
10
11
10
7
4
4
2
2
1
12
11
6
9
3
1
-3
-3
-2
-3
-1
3
0
2
-1
-2
-2
-8
-2
5
-1
4
7
8
5
1
12
14
8
9
8
8
15
13
13
15
13
9
3
5
5
-3
-11
-11
-7
-6
-7
-8
-7
-3
-1
0
-3
-9
-8
-4
-5
-7
-3
-4
-5
-10
-16
-12
-12
-12
-12
-7
-11
-13
-4
-8
-6
-5
-13
-10
-7
-6
-7
-9
-4
-5
0
3
2
10
5
3
5
4
4
6
2
-2
4
1
4
7
5
4
1
6
7
5
10
12
14
10
11
14
12
16
11
10
6
2
3
4
3
6
0
0
-3
1
5
2
5
4
5
-3
-9
-6
-5
-6
-7
-8
-10
-9
-5
-5
6
2
3
4
-7
-8
-12
-16
-16
-17
-15
-18
-19
-14
-11
-5
4
9
5
-2
-1
-1
-1
2
7
9
7
4
2
8
11
9
11
12
15
9
1
6
9
7
5
2
1
-2
1
0
-3
-2
-1
-5
-10
-13
-9
-6
-4
-4
-8
-6
-6
-9
-5
-7
-2
-2
-4
1
1
3
3
6
7
4
3
6
8
2
4
2
2
3
4
2
0
3
8
5
2
7
6
3
3
4
1
-1
-2
-2
1
-2
1
7
2
-2
1
1
3
-1
2
5
0
-3
-6
-3
-3
-3
4
2
-1
-3
-4
0
-3
-8
-9
-8
-9
-11
-4
2
-3
-3
-1
-4
-2
-1
-11
-10
-4
-8
-7
-3
-10
-9
-5
-7
-7
-11
-10
-5
-5
-7
-2
1
8
7
4
6
0
1
3
9
8
10
18
16
16
15
12
13
10
3
7
9
5
5
10
14
12
12
11
11
14
11
11
8
11
5
2
2
-1
2
2
2
4
0
2
0
-4
1
-2
-7
-8
-10
-10
-13
-11
-7
-8
-7
-4
-8
-12
-8
-11
-12
-12
-16
-10
-14
-25
-22
-20
-18
-18
-19
-13
-15
-17
-15
-12
-10
-7
-3
-5
-4
-3
1
2
-1
-3
3
8
10
13
12
11
17
19
15
13
11
12
13
12
3
4
11
7
8
7
8
6
4
8
8
15
19
19
12
6
9
2
