-15
-11
-13
-12
-8
-8
-4
-3
-5
0
1
0
-2
-1
4
3
0
7
5
-1
-3
-6
-1
-1
-6
-1
2
3
5
4
8
12
10
11
8
5
2
5
7
6
8
7
10
12
9
7
4
4
9
13
16
14
15
18
13
7
7
6
2
0
10
9
3
5
2
-1
-3
-5
-11
-7
-2
-10
-6
-4
-13
-10
-5
-2
-2
-3
-4
-8
-8
-10
-7
-8
-8
-5
-6
-9
-14
-10
-8
-6
-4
-9
-14
-6
-1
-9
-13
-10
-8
-9
-8
-5
-2
-10
-8
-5
-9
-12
-10
-7
-7
-1
1
8
9
16
19
10
6
4
4
9
12
9
8
10
11
16
18
19
19
16
22
21
21
14
8
14
11
1
1
6
3
4
6
5
6
0
1
6
0
-1
2
-2
-6
-6
-5
-14
-12
-8
-13
-10
-9
-10
-2
-4
-6
-2
-7
-6
-4
-2
-4
-9
-12
-15
-14
-16
-13
-10
-8
-5
-4
-4
-3
-4
-6
-2
-4
-8
-6
-4
-6
-3
-4
-7
-6
-3
-1
4
6
2
-3
3
6
2
6
6
6
3
8
3
1
9
4
5
6
5
8
12
12
19
19
11
11
9
6
5
6
4
5
6
7
8
10
11
7
5
-1
0
-2
-1
3
0
-6
-3
-6
-11
-8
1
2
3
3
1
1
-4
-6
-4
-2
-6
-6
-3
-3
-1
-7
-7
-5
-9
-9
-12
-7
-4
-5
-6
-8
-7
-10
-12
-15
-14
-12
-17
-10
-8
-6
-4
-6
-5
-5
-2
-1
3
4
2
-2
6
4
2
10
7
6
6
7
11
12
12
8
11
13
13
13
13
14
12
12
3
4
8
4
6
6
7
8
3
-2
2
0
-3
-2
-5
-3
-3
-7
-3
1
-1
3
-3
-7
-7
-7
-4
-3
-4
-1
2
2
3
-4
-11
-12
-10
-12
-12
-4
-3
-6
-5
-7
-9
-9
-8
-1
4
0
-6
-2
4
-1
0
5
1
-1
-1
-1
-2
2
4
1
-1
3
3
2
1
2
3
2
4
5
10
9
11
5
4
5
5
11
4
3
0
-5
-5
-7
-3
-6
-1
-1
3
6
0
1
0
1
2
-1
-3
-3
-1
-5
1
1
-1
4
4
3
2
0
2
-6
-4
0
-4
-1
1
-6
-8
-4
-8
-7
-8
-1
4
2
12
10
6
2
2
2
-4
-6
-6
-5
-4
-1
2
-1
1
4
2
4
6
7
4
-1
-7
-9
-8
-3
-2
2
-1
-8
-3
-1
0
-4
-2
0
-1
4
4
6
5
8
8
5
3
5
1
-3
0
3
1
5
4
0
4
1
0
-4
-7
-1
1
-3
-7
-4
-8
-6
-1
-6
-8
-7
-5
-5
-10
-10
-8
-6
2
-1
2
5
2
8
6
-1
0
3
6
9
12
7
7
11
14
13
11
6
7
10
9
8
8
12
9
2
5
3
1
1
-2
-1
-5
-5
-4
-13
-14
-8
-4
-3
-8
-8
-5
-9
-8
-4
-7
1
-1
-2
4
-2
0
0
-1
-4
-6
-9
-12
-14
-12
-17
-16
-7
-8
-3
-1
-6
-4
-4
-9
-8
-7
-4
-4
-8
-4
-1
0
4
4
11
11
8
5
4
5
8
8
6
10
7
8
13
12
13
13
15
16
13
14
16
13
9
1
1
5
2
3
4
4
1
-3
-3
-7
-6
-7
-10
-6
1
-1
-2
-6
-7
-4
-4
-2
-1
0
-1
1
5
6
6
7
3
3
-5
-6
-3
-5
-1
-2
-3
-7
-3
0
-2
2
0
-2
1
2
1
0
0
1
-5
-5
-5
-7
-10
-5
0
-5
-4
1
-2
-6
-8
-13
-11
-15
-17
-15
-15
-13
-12
-9
-7
-7
-6
-4
-2
-4
-6
-1
-7
-7
0
3
1
-1
-6
-4
0
-2
3
6
9
7
6
12
12
13
15
13
13
15
12
10
12
11
17
17
16
23
21
19
21
16
19
15
14
14
8
7
11
10
6
7
1
0
3
3
2
-1
-5
-3
0
-7
-6
-6
-11
-14
-15
-14
-8
-12
-18
-16
-12
-8
-12
-17
-12
-12
-16
-9
-11
-12
-8
-12
-9
-8
-10
-11
-7
-1
-8
-11
-9
-12
-13
-10
-10
-16
-14
-11
-10
-8
-5
-6
-4
-1
1
5
0
-2
-4
-3
2
-1
3
7
4
7
8
12
10
9
15
15
17
16
15
17
18
15
11
11
13
14
13
12
11
13
20
22
18
18
15
14
15
16
12
13
4
-2
3
0
-4
-4
-5
-3
-3
-8
-6
-4
-1
0
-3
1
1
-4
-4
-10
-16
-16
-19
-19
-19
-18
-21
-15
-10
-19
-11
-16
-19
-10
-9
-12
-16
-14
-12
-12
-9
-13
-10
-6
-3
5
-2
-3
0
-3
1
-5
-6
0
-1
-6
-5
-1
2
11
6
1
6
5
6
-1
1
9
4
14
15
13
17
11
13
18
12
10
12
8
10
14
21
20
14
20
21
18
19
20
15
5
2
5
4
6
6
5
5
1
4
3
-2
1
-3
-9
-8
-13
-12
-15
-18
-18
-18
-10
-7
-9
-11
-19
-21
-24
-24
-17
-14
-17
-18
-17
-13
-13
-14
-12
-9
-8
-10
-7
-9
-15
-6
-5
-9
-4
-3
-4
-2
-4
-3
2
0
-5
-1
7
7
11
15
12
7
9
12
10
14
17
14
12
10
8
7
13
11
13
16
15
15
16
17
13
13
14
13
16
19
14
13
12
9
10
10
11
12
14
11
2
7
11
1
-4
-7
-7
-3
-12
-17
-10
-5
-5
-2
-3
-7
-8
-6
-11
-14
-13
-15
-19
-19
-21
-21
-17
-22
-19
-14
-17
-22
-17
-13
-12
-13
-13
-13
-14
-15
-11
-6
-8
-12
-11
-8
-3
1
0
-2
-5
-5
-3
0
0
4
4
3
3
3
9
12
9
8
7
6
10
14
17
20
21
18
21
19
15
18
20
19
17
18
22
23
18
17
14
15
15
9
8
10
7
4
4
2
0
-3
0
1
-4
0
2
-5
-6
-3
-5
-10
-9
-10
-11
-9
-13
-17
-12
-11
-15
-12
-9
-12
-14
-9
-8
-10
-12
-11
-12
-12
-14
-19
-19
-11
-13
-10
-8
-9
-7
-8
-9
-7
-6
-9
-8
-11
-6
1
1
0
-3
-1
0
5
11
12
16
22
17
10
11
12
11
7
9
5
9
11
6
6
9
11
9
10
14
17
15
11
3
1
6
0
-3
-4
-7
0
0
5
9
7
10
6
2
2
7
0
-4
-3
-4
-1
-1
-4
-3
2
-5
-10
-12
-5
-3
-2
-6
-10
-2
-5
-10
-4
-12
-14
-11
-18
-16
-12
-12
-6
-5
-6
-1
-1
0
1
1
4
1
3
1
0
1
-3
-2
2
0
0
2
5
6
4
5
5
5
2
-1
3
1
-4
-2
-5
-4
3
1
0
0
3
7
5
11
10
10
8
3
2
6
5
1
3
3
1
2
3
7
10
11
14
17
21
10
3
7
-3
-4
-3
-4
-3
-5
0
-1
-3
0
-4
-8
-10
-7
-6
-11
-6
-8
-7
-10
-11
-10
-17
-13
-9
-15
-14
-10
-7
-2
-1
-1
-4
-7
-5
4
2
-2
2
-2
-2
-3
-3
3
5
0
3
3
2
5
2
3
5
6
6
2
8
3
-3
2
0
1
4
4
7
6
4
4
2
-1
-3
-5
-1
-2
-4
2
4
4
11
9
9
6
3
10
9
6
6
4
4
2
-3
2
9
4
2
8
4
3
11
12
5
7
3
-1
0
-2
-5
-5
6
1
-7
-6
-4
-4
-10
-12
-7
-13
-15
-11
-13
-18
-18
-20
-19
-17
-16
-15
-13
-8
-11
-11
-5
-8
0
-3
-1
5
2
5
3
0
1
0
-3
-3
0
6
8
2
1
1
5
5
-4
3
3
5
9
8
13
16
22
18
19
21
19
19
18
14
13
12
13
12
8
13
9
5
5
6
11
12
11
9
5
-1
-4
-1
-9
-18
-16
-14
-16
-15
-11
-7
-8
-11
-17
-16
-19
-16
-13
-19
-22
-17
-16
-19
-16
-14
-8
-7
-4
5
0
-1
-1
-8
-5
-6
-4
-3
-7
-4
1
0
2
4
1
4
6
2
8
11
6
1
9
10
5
3
3
6
8
9
7
8
5
9
16
16
11
13
17
15
13
16
15
10
8
8
6
7
11
7
3
3
4
7
3
3
7
3
1
0
-8
-12
-9
-9
-12
-16
-11
-14
-15
-15
-14
-7
-7
-9
-4
-5
-9
-10
-17
-16
-14
-13
-13
-10
-7
-7
-7
-6
-1
-2
-2
-1
0
2
-4
-4
-5
-8
-5
-5
-4
-3
4
10
3
0
2
9
11
8
10
13
8
2
4
9
15
14
5
4
9
9
12
7
7
15
20
16
11
15
11
5
6
9
3
5
12
7
4
5
0
-5
-3
1
4
0
-4
-4
-8
-11
-13
-12
-11
-11
-14
-15
-18
-24
-23
-15
-14
-13
-11
-13
-9
-6
-13
-11
-10
-9
-5
-6
-6
-8
-8
1
2
-7
-2
9
8
6
5
11
19
10
7
8
10
11
2
9
12
4
4
6
9
11
8
11
15
1
3
9
11
9
2
11
10
3
1
5
8
8
9
4
5
6
4
-2
-3
0
-3
-5
-2
2
-1
-4
-8
-12
-10
-9
-10
-11
0
2
-3
-11
-11
-6
-16
-19
-11
-4
-6
-4
-2
0
1
-1
-4
-8
-6
-10
-2
-1
-6
-5
-1
0
-4
-3
2
8
4
-2
-1
4
5
-2
-4
-7
-13
-8
-5
-6
7
7
1
2
0
5
5
5
10
11
14
13
3
2
3
2
-2
-2
7
6
5
11
12
11
8
10
7
1
3
2
2
1
6
9
5
3
5
8
2
2
4
12
4
-6
-4
-2
-2
-9
-9
-7
-7
-7
-7
0
0
3
5
3
5
-1
0
0
-3
-1
-2
-5
-7
0
1
-2
-2
0
2
-4
-12
-18
-14
-11
-18
-19
-14
-8
-5
-12
-16
-11
-7
-7
-11
-4
4
-5
-6
-4
-6
-3
-2
0
4
-2
4
0
-1
6
3
7
6
9
17
11
6
9
12
9
8
6
6
12
7
2
7
8
13
14
12
19
19
15
17
17
11
11
10
6
2
1
1
-4
0
3
1
3
3
4
1
-13
-13
-3
-10
-10
-8
-12
-8
-10
-11
-9
-15
-18
-20
-14
-7
-6
-8
-7
-4
-8
-13
-13
-11
-9
-8
-5
-3
-1
-3
1
2
-2
0
3
3
-2
-3
0
-4
-3
-5
0
0
-6
4
5
4
4
2
4
6
3
4
3
0
4
3
7
5
4
11
4
7
9
7
10
11
17
14
10
10
9
5
5
6
4
5
6
5
1
4
8
6
6
8
4
-1
0
1
1
-4
-12
-15
-16
-14
-12
-14
-10
-4
-4
-10
-3
0
-5
-9
-9
-9
-9
-9
-4
-8
-10
-1
0
-3
-5
-6
-1
1
3
0
2
4
-1
-4
-6
-3
-3
-10
-8
-2
3
4
2
3
6
0
1
3
4
9
6
7
3
6
4
6
2
2
4
-1
6
5
7
8
10
11
7
9
6
3
-1
1
-2
-9
-7
-6
-4
-1
-3
0
5
7
4
-3
-2
-3
-2
2
2
3
-3
-2
-3
-8
-5
0
0
2
6
2
1
-4
-2
-5
-12
-10
-11
-4
1
-2
0
3
4
1
0
-1
-2
-7
-2
-1
-5
2
-1
0
-1
-1
-2
-2
-1
0
5
4
8
4
3
5
-3
5
8
5
5
-2
-2
-5
-6
2
1
1
2
0
4
2
-2
-3
-13
-14
-7
-6
-2
-2
0
-1
-1
6
5
6
7
2
5
3
-1
2
4
9
1
-1
6
1
2
2
3
6
1
3
6
8
2
-4
-3
-4
-7
-3
-1
-1
2
3
-2
-1
2
-1
1
-3
-5
0
-2
1
-1
-7
-5
-1
-2
2
6
4
1
0
3
-3
-6
-9
-8
-9
-9
-8
-7
-6
-7
-5
-5
-12
-11
-1
-3
-3
-1
0
4
0
-1
3
-2
-6
-4
2
6
4
6
4
2
6
11
14
17
22
15
11
7
9
8
5
12
6
1
2
1
5
4
4
3
-1
3
3
1
-4
1
5
0
-3
-3
-3
-3
-1
1
-4
-4
0
-2
-3
-6
-5
-3
-4
-1
-8
-11
-15
-12
-11
-14
-13
-11
-4
-3
-5
-12
-11
-7
-12
-11
-9
-7
-7
0
2
-1
7
3
-1
-1
0
4
8
7
11
8
4
12
15
10
6
5
-1
-1
1
1
8
10
10
11
8
11
13
12
10
9
8
5
5
2
2
2
1
-2
1
6
5
4
6
8
4
3
4
5
-2
-4
-3
-8
-12
-9
-13
-9
-11
-10
-9
-16
-9
-9
-9
-8
-12
-17
-14
-7
-11
-11
-6
-6
-4
-11
-17
-15
-14
-10
-2
3
6
7
2
4
2
-1
3
5
2
-2
2
1
1
9
6
5
4
6
8
4
12
11
14
12
3
10
10
12
17
18
18
14
18
15
13
15
10
9
9
10
9
3
1
1
3
4
6
7
-2
-4
-4
-9
-9
-6
-5
-8
-16
-15
-12
-13
-13
-12
-15
-14
-14
-14
-10
-10
-15
-15
-12
-13
-13
-18
-15
-17
-18
-13
-9
-8
-6
-9
-6
7
5
4
4
-1
3
3
5
-2
-2
1
1
3
2
7
10
10
13
11
13
12
11
10
13
13
8
15
10
14
17
11
11
12
14
15
11
8
13
12
5
6
10
5
-1
-2
0
-3
-2
-3
-7
-2
-2
-5
-3
-1
-1
-6
-7
-7
-8
-10
-13
-11
-13
-13
-12
-16
-14
-10
-9
-9
-7
-8
-6
-5
-5
-5
-7
-6
-7
-6
-5
-4
-4
-5
-4
-4
0
1
-1
-3
2
2
-1
-2
-6
2
6
9
20
10
13
14
11
16
10
4
6
8
9
3
0
5
6
7
8
7
3
2
-1
2
3
0
4
-1
-6
-6
-9
-9
-7
-2
-3
-3
-1
-4
-6
-1
2
-3
-6
0
3
5
1
-4
-1
-1
-6
-1
0
-5
-3
1
-1
0
5
4
6
5
2
1
1
-1
-2
-2
-5
-3
0
1
1
1
1
0
-2
-3
-2
-3
-7
-5
-3
-1
-4
-7
-5
-1
1
0
-1
3
1
3
9
7
4
0
0
4
6
8
4
5
8
1
3
3
0
2
-3
-8
-5
-2
-7
-7
-8
-7
-8
-13
-11
-10
-9
-3
4
6
-2
-3
3
9
4
1
4
-2
1
4
4
6
1
0
3
-1
2
7
8
11
15
16
7
8
6
0
-3
-3
-4
-6
-1
1
1
1
5
5
1
-1
0
2
-2
-2
1
1
-5
-7
2
2
0
0
-3
3
4
3
2
-1
-3
-7
-3
-1
0
-4
-4
-2
-2
-1
-1
-6
-12
-8
-7
-9
-14
-11
-7
-10
-10
-3
-9
-10
-2
-8
-8
-2
-7
-8
-1
2
1
-2
3
4
3
4
5
8
9
6
8
10
5
0
-5
-2
0
4
10
10
10
15
10
8
15
12
8
7
8
5
2
2
7
12
6
6
8
7
8
3
9
10
0
-2
3
6
1
-1
5
3
3
4
-2
-3
4
1
-2
-3
1
0
0
-4
-8
-5
-11
-7
-13
-11
-12
-20
-17
-15
-16
-21
-18
-18
-16
-18
-23
-16
-17
-23
-21
-17
-17
-15
-9
-8
-11
-8
2
3
-1
0
3
6
9
12
16
14
14
14
13
19
18
16
20
24
20
17
18
16
12
13
13
13
8
9
8
10
10
8
7
3
6
7
7
7
-2
-2
1
-1
4
6
3
0
-1
2
1
-5
-6
-6
-7
-12
-11
-7
-9
-12
-15
-11
-8
-11
-6
-4
-9
-10
-8
-9
-11
-8
-8
-6
-6
-13
-4
-3
-4
1
-2
3
2
1
10
9
2
3
-1
-6
-4
-2
-2
-6
-7
-5
0
4
1
5
2
1
5
5
5
6
10
9
4
2
0
-1
0
-2
-2
1
0
-2
-3
-2
0
5
6
5
1
-7
-9
-9
-7
-10
-6
0
2
4
6
5
3
6
5
-1
1
1
1
-2
3
3
-9
-4
3
6
12
14
16
17
15
11
10
13
8
4
5
2
1
-5
-10
-6
-3
5
7
2
5
4
-3
1
1
-2
-1
-5
-4
-3
-5
-7
-7
-8
-9
-10
-5
-3
-6
-3
-6
-4
-6
-3
-1
-5
-2
-5
-6
-5
-8
-8
-4
-12
-11
-4
0
-3
-6
-6
-4
-7
-7
-6
-10
-8
-11
-11
-6
-8
-5
-1
-2
-3
3
10
12
7
3
3
5
6
7
10
7
10
17
14
14
13
18
20
18
19
19
17
20
22
13
11
9
5
4
6
3
3
4
1
2
1
3
-5
-7
-1
-4
-4
-5
-3
-6
-11
-8
-4
-6
-3
-1
-5
-8
-7
-4
-2
-3
-11
-17
-11
-17
-14
-17
-18
-10
-16
-12
-13
-10
-12
-11
-12
-17
-10
-6
-5
-6
-4
0
-1
-5
-8
-9
-4
-1
-2
2
3
4
7
6
3
7
13
11
8
10
15
16
20
23
23
16
14
19
18
18
21
13
17
13
11
17
12
10
5
0
4
12
7
3
5
4
1
-2
-1
-2
-5
-2
-5
-6
-4
-5
-10
-15
-12
-14
-10
-11
-14
-8
-9
-11
-15
-18
-20
-23
-16
-17
-15
-9
-9
-11
-8
-2
-4
-8
-7
-4
-9
-6
-1
-1
1
-2
-1
3
-1
0
-3
-2
1
0
1
7
10
6
10
12
8
1
-5
0
3
1
7
13
12
14
22
18
15
14
7
9
7
6
3
5
10
3
5
8
8
7
6
3
-2
7
10
8
3
3
1
-1
-1
-1
-1
-7
-1
2
-5
-4
-1
-2
-4
-4
-3
-7
-11
-10
-13
-14
-13
-12
-11
-11
-10
-8
-7
-8
-4
0
1
-1
1
0
-4
-3
-3
-10
-10
-3
-4
-10
-5
-2
-1
0
-6
-8
-6
-1
0
-1
3
7
-1
-5
-2
-4
-4
0
1
3
7
3
5
4
4
2
3
8
8
7
10
9
6
11
13
5
9
13
9
6
1
7
6
4
10
9
7
9
4
0
-2
0
-1
-3
3
0
-3
-1
3
1
1
1
-3
3
5
2
-6
-7
-1
-1
-4
-4
1
0
1
2
0
1
1
3
2
3
1
-5
-13
-11
-10
-10
-13
-13
-17
-14
-11
-8
-2
-4
-4
-4
-7
-10
-9
-8
-12
-12
-8
-1
-1
-3
4
6
4
10
12
6
8
2
1
2
0
3
1
9
8
5
5
5
3
2
2
1
-4
-3
4
2
-3
-4
-9
-11
-14
-13
-8
-7
-7
1
5
0
9
5
2
11
10
9
11
10
9
16
11
14
17
15
17
12
9
16
20
18
10
10
9
5
-1
-2
-1
-4
-7
-11
-9
-13
-13
-15
-13
-13
-9
-6
-8
-7
-8
-7
-1
1
-2
1
-1
-1
-2
-6
-3
-2
-2
-3
-5
-8
-10
-4
-7
-6
0
-5
-11
-7
-9
-11
-12
-10
-9
-16
-14
-10
-13
-12
-12
-10
-8
-4
0
2
4
7
12
8
12
16
15
17
21
22
21
23
19
17
13
13
17
11
10
10
3
4
5
6
5
0
-1
-5
-8
-11
-10
-9
-11
-13
-12
-11
-6
-5
-1
4
-3
-2
-3
-4
-2
-1
-1
1
-8
-5
2
1
6
8
7
9
17
15
17
16
16
16
7
2
-2
-7
-7
-6
-5
-4
-4
-6
-6
-4
-10
-10
-14
-18
-18
-15
-14
-17
-17
-15
-9
-10
-10
-6
-11
-4
1
-2
2
2
1
5
6
1
3
4
4
1
2
5
2
2
2
3
7
9
10
12
6
3
6
-1
-8
10
11
-11
0
14
2
3
7
7
18
17
14
8
5
11
4
-3
6
14
-8
1
10
-1
4
0
5
4
-7
-2
5
-5
-7
1
-5
-10
-11
-13
-10
-11
-10
-5
-11
-8
-6
-1
-9
-10
2
0
-3
-1
-1
-7
-15
-7
-3
-9
1
2
3
5
-3
-2
1
-5
-7
-3
-2
4
4
-3
-2
-3
-4
1
5
2
-1
-2
2
6
5
9
8
11
11
7
7
6
5
4
1
-2
0
6
5
1
6
8
4
5
4
9
3
0
2
-5
2
-1
-6
-5
-4
5
4
5
7
8
5
4
-1
4
2
-1
3
-2
-5
-6
-5
-2
-2
-2
-8
-10
-5
-6
-6
-6
-3
-10
-12
-11
-11
-10
-8
-7
-9
-1
-4
-2
5
1
3
0
-4
-1
-1
-5
-3
-2
-5
-3
-1
1
4
3
-2
1
3
2
1
-1
3
-3
6
6
1
6
-1
-2
4
8
10
10
10
7
10
9
3
5
7
4
3
4
7
8
4
4
5
6
13
6
5
10
4
4
0
3
2
-3
-3
-2
-9
-8
-9
-10
-7
-4
-7
-13
-4
-1
-3
-6
-14
-11
-11
-12
-7
-10
-8
-10
-10
-5
-4
-2
-6
-2
1
-8
-1
3
3
4
3
9
6
4
0
1
9
11
3
4
6
-3
-2
7
11
11
12
6
4
3
-2
-1
-1
1
-1
-1
-1
-6
-5
2
1
1
2
-1
-7
-3
0
1
-1
3
8
5
9
4
3
0
-5
-6
-9
-4
5
-1
-6
-8
-1
5
-4
0
-3
-1
2
1
3
0
-3
-2
-1
-8
-11
-7
-3
-1
2
4
2
3
8
7
7
2
-1
6
-3
-4
4
0
-5
-4
-2
-2
1
6
7
6
5
10
8
1
-1
-5
-4
-9
-14
-9
-9
-1
0
0
3
3
8
3
0
2
3
-3
3
4
-3
-4
-6
-2
-1
-7
-8
-7
-4
4
4
6
8
9
10
-3
-3
2
-3
-3
3
2
-1
-6
-5
-4
-1
2
4
2
-6
-6
-1
-4
-4
-1
0
-1
-2
1
-1
4
6
0
-2
-4
-4
-1
-4
-1
-2
-5
-3
1
5
6
2
-1
3
6
13
13
12
10
0
3
6
-1
1
8
1
0
1
2
9
6
3
6
2
-1
5
3
2
2
-2
-1
-6
-6
-2
-7
-8
-9
-10
-7
-4
-5
-3
-2
-3
-1
-4
-4
-4
-6
-6
-6
-8
-8
-8
-4
0
-7
-9
-6
0
-1
-1
4
6
6
8
11
4
3
-2
4
11
9
9
5
2
7
6
0
5
8
7
2
0
1
-3
-6
-3
-3
-5
-5
-2
-3
1
1
-5
3
5
4
8
7
1
-7
-3
1
-2
-1
-5
-5
-4
-2
1
4
6
7
7
0
-2
-3
-4
-7
-3
-8
-9
-4
-6
-5
1
2
-1
3
5
4
10
4
0
4
-1
-2
-3
-3
-1
1
-2
1
3
2
5
5
6
5
6
5
2
3
0
0
2
-7
-2
-6
-10
-1
-1
-3
-2
-2
-5
-6
-3
0
-4
-6
-7
-4
-2
-5
-2
-1
4
5
3
7
12
12
8
4
5
7
4
-2
0
-2
-3
4
7
4
2
-2
0
3
-7
-3
-6
-8
-3
-6
-7
-5
-2
-8
-12
-10
-7
-5
-5
-5
-1
1
6
8
2
4
5
0
-4
-9
-8
-4
-2
5
10
12
14
9
9
12
14
12
9
4
3
-2
-3
-6
-8
-5
-4
-3
-3
-2
1
2
2
5
4
1
-2
-7
-8
-7
-8
-7
-9
-5
-2
-2
-1
-2
-6
0
3
4
7
1
2
6
1
0
-1
2
2
-1
0
4
10
9
2
2
2
-7
-7
-5
-8
-10
-11
-9
-7
-7
-7
-2
-1
6
15
16
20
24
15
20
20
13
12
13
10
7
3
-3
1
-1
-4
-3
-9
-7
-8
-16
-15
-16
-14
-22
-27
-21
-23
-27
-26
-20
-20
-19
-14
-10
-2
1
4
7
2
-2
-2
-3
-2
-3
1
4
10
8
12
18
15
10
3
8
11
13
16
12
10
9
5
0
1
-1
1
2
3
4
4
10
13
9
19
25
23
30
27
25
20
19
19
13
16
15
11
13
9
6
8
1
-4
-7
-9
-13
-18
-19
-23
-25
-31
-35
-33
-27
-28
-24
-19
-16
-9
-9
-11
-9
-11
-12
-11
-16
-19
-24
-22
-16
-20
-24
-22
-18
-17
-10
-8
-9
-4
-5
-9
-7
-2
0
3
2
0
0
0
3
5
8
9
14
20
18
17
20
17
22
25
23
28
27
23
22
18
19
25
24
26
27
24
23
23
21
25
20
18
18
15
16
9
7
11
11
2
-1
5
7
5
0
2
2
-1
5
5
6
-1
-3
0
2
-1
-6
-6
-7
-14
-14
-10
-11
-13
-9
-5
-12
-18
-22
-25
-35
-43
-51
-59
-64
-73
-73
-75
-80
-80
-84
-80
-73
-68
-61
-53
-42
-37
-28
-19
-9
-1
3
15
21
22
29
31
38
53
58
62
64
70
72
66
72
71
70
64
59
57
52
48
44
37
38
37
40
34
32
36
35
39
39
33
32
38
33
36
33
30
29
14
22
23
15
9
-3
-4
-5
-12
-14
-19
-24
-28
-33
-39
-38
-36
-38
-31
-31
-27
-20
-10
-8
-6
-1
-8
-17
-28
-35
-48
-64
-90
-114
-129
-142
-155
-174
-172
-166
-164
-159
-146
-122
-103
-94
-74
-46
-29
-12
12
29
60
60
119
226
239
279
289
315
457
469
438
418
364
402
378
293
248
183
154
146
126
127
133
169
251
307
354
402
440
537
580
574
588
560
571
605
572
554
526
512
547
523
474
408
310
215
61
-127
-330
-533
-776
-1051
-1237
-1404
-1506
-1587
-1727
-1706
-1614
-1498
-1326
-1221
-1053
-825
-620
-404
-206
-4
189
377
543
690
853
941
961
923
787
615
330
-59
-546
-1066
-1670
-2347
-2936
-3498
-3958
-4327
-4578
-4711
-4709
-4555
-4287
-3925
-3451
-2897
-2299
-1665
-1005
-324
357
1024
1679
2325
2935
3513
4054
4549
4958
5269
5468
5566
5544
5366
5066
4666
4172
3578
2925
2286
1664
1063
510
55
-280
-535
-714
-792
-769
-708
-619
-479
-313
-136
21
197
394
581
761
940
1129
1295
1412
1488
1516
1464
1312
1062
715
269
-274
-893
-1547
-2207
-2854
-3450
-3948
-4326
-4564
-4664
-4615
-4406
-4076
-3659
-3169
-2631
-2084
-1556
-1058
-607
-204
142
450
735
1012
1282
1552
1843
2139
2415
2647
2815
2891
2842
2625
2259
1748
1087
288
-603
-1525
-2445
-3315
-4078
-4699
-5135
-5397
-5478
-5357
-5056
-4596
-4013
-3330
-2563
-1746
-925
-92
745
1545
2315
3053
3753
4408
4991
5506
5956
6308
6542
6666
6673
6532
6229
5767
5167
4456
3628
2708
1765
842
-59
-896
-1614
-2178
-2582
-2841
-2948
-2909
-2741
-2506
-2209
-1854
-1497
-1152
-814
-485
-168
138
440
749
1049
1325
1562
1764
1888
1889
1750
1474
1055
484
-223
-1027
-1888
-2782
-3650
-4429
-5059
-5524
-5797
-5865
-5726
-5397
-4906
-4277
-3557
-2787
-2018
-1277
-593
19
552
994
1368
1679
1950
2212
2475
2757
3061
3382
3714
4035
4298
4457
4501
4381
4048
3508
2786
1896
845
-305
-1490
-2634
-3686
-4603
-5308
-5787
-6033
-6038
-5822
-5413
-4844
-4150
-3364
-2512
-1643
-780
79
916
1729
2501
3231
3931
4583
5163
5667
6083
6388
6557
6568
6426
6130
5648
4981
4179
3288
2305
1258
231
-718
-1590
-2383
-3024
-3464
-3729
-3860
-3843
-3670
-3388
-3072
-2706
-2273
-1827
-1405
-987
-542
-81
378
833
1308
1773
2187
2532
2804
2965
2980
2812
2471
1953
1264
431
-519
-1527
-2561
-3582
-4522
-5315
-5944
-6375
-6599
-6607
-6393
-5993
-5422
-4697
-3856
-2958
-2042
-1134
-240
593
1327
1983
2565
3058
3457
3811
4135
4433
4700
4955
5206
5431
5612
5728
5731
5572
5247
4727
3991
3043
1930
688
-639
-2021
-3372
-4574
-5596
-6420
-7000
-7302
-7337
-7119
-6705
-6107
-5347
-4508
-3626
-2724
-1806
-886
29
923
1801
2658
3486
4282
5003
5634
6153
6507
6673
6645
6405
5976
5350
4553
3595
2554
1493
411
-633
-1550
-2309
-2945
-3433
-3716
-3778
-3698
-3518
-3209
-2776
-2317
-1864
-1377
-863
-374
65
504
958
1408
1826
2237
2655
3001
3249
3399
3436
3332
3031
2534
1878
1065
96
-976
-2075
-3166
-4215
-5176
-5968
-6563
-6964
-7132
-7072
-6778
-6292
-5656
-4870
-3962
-2978
-1983
-998
-21
916
1762
2517
3195
3775
4237
4584
4865
5084
5205
5272
5309
5315
5278
5193
5100
4941
4660
4256
3736
3070
2232
1235
141
-1018
-2254
-3510
-4681
-5689
-6523
-7164
-7574
-7719
-7597
-7266
-6743
-6026
-5162
-4213
-3221
-2184
-1121
-65
966
1970
2933
3831
4641
5372
5993
6465
6769
6915
6890
6644
6187
5576
4832
3925
2879
1782
734
-305
-1325
-2195
-2855
-3375
-3792
-4004
-3963
-3774
-3531
-3172
-2679
-2150
-1675
-1200
-652
-121
315
720
1171
1627
2015
2366
2740
3080
3301
3387
3391
3282
2983
2461
1779
992
39
-1052
-2191
-3277
-4325
-5329
-6165
-6760
-7132
-7310
-7253
-6923
-6354
-5647
-4798
-3783
-2662
-1553
-487
581
1635
2565
3325
3990
4573
4995
5222
5340
5415
5389
5215
4988
4787
4576
4303
4018
3798
3584
3292
2902
2465
1970
1327
520
-377
-1320
-2311
-3357
-4395
-5291
-6007
-6561
-6932
-7045
-6887
-6511
-5974
-5253
-4379
-3446
-2489
-1519
-543
369
1213
2045
2832
3514
4081
4610
5098
5404
5506
5513
5424
5104
4503
3790
3075
2217
1140
65
-800
-1585
-2436
-3148
-3457
-3535
-3637
-3613
-3220
-2593
-2080
-1622
-959
-174
401
770
1231
1788
2153
2293
2517
2879
3128
3197
3316
3556
3686
3590
3430
3281
2971
2373
1626
855
-41
-1133
-2309
-3396
-4417
-5439
-6364
-7032
-7439
-7681
-7718
-7458
-6892
-6162
-5304
-4261
-3063
-1846
-702
408
1487
2433
3172
3751
4217
4515
4607
4561
4429
4219
3892
3515
3176
2859
2555
2307
2166
2117
2118
2171
2268
2329
2292
2165
1919
1494
889
160
-672
-1608
-2598
-3533
-4321
-4954
-5430
-5679
-5691
-5474
-5090
-4574
-3921
-3200
-2456
-1740
-1062
-414
198
761
1267
1749
2219
2649
3036
3391
3691
3911
4025
4016
3879
3629
3242
2724
2087
1393
677
-49
-731
-1309
-1744
-2058
-2237
-2243
-2060
-1745
-1333
-844
-298
240
724
1169
1558
1864
2057
2175
2244
2281
2285
2276
2288
2297
2283
2245
2186
2062
1827
1453
952
308
-493
-1416
-2419
-3471
-4528
-5516
-6352
-7004
-7427
-7573
-7446
-7047
-6405
-5549
-4536
-3405
-2232
-1095
-24
953
1810
2514
3072
3499
3798
3982
4073
4094
4067
3988
3867
3737
3604
3481
3382
3328
3303
3309
3338
3385
3387
3274
3055
2715
2205
1489
625
-337
-1389
-2521
-3658
-4654
-5452
-6080
-6530
-6737
-6673
-6411
-6031
-5510
-4861
-4151
-3455
-2780
-2070
-1353
-652
50
765
1491
2204
2889
3550
4138
4596
4927
5113
5115
4897
4488
3947
3283
2477
1577
720
-40
-746
-1349
-1736
-1870
-1847
-1714
-1381
-846
-258
292
844
1406
1846
2110
2284
2421
2451
2339
2197
2113
2046
1958
1910
1945
1994
1975
1900
1791
1590
1195
620
-93
-919
-1881
-2954
-4018
-5029
-5964
-6776
-7363
-7662
-7706
-7518
-7085
-6404
-5550
-4581
-3541
-2460
-1402
-442
402
1158
1816
2321
2700
2973
3173
3277
3288
3263
3216
3126
2984
2852
2755
2692
2659
2675
2753
2887
3057
3226
3348
3378
3296
3083
2675
2067
1322
470
-484
-1535
-2575
-3470
-4217
-4853
-5318
-5554
-5577
-5451
-5213
-4832
-4337
-3780
-3200
-2598
-1945
-1240
-504
249
1031
1829
2605
3335
3985
4527
4923
5153
5206
5060
4727
4245
3656
2997
2279
1526
814
234
-242
-655
-933
-1029
-992
-937
-829
-606
-330
-114
29
173
282
307
257
207
182
124
50
63
165
321
498
725
986
1196
1314
1356
1287
1060
629
6
-735
-1605
-2578
-3597
-4595
-5515
-6327
-6979
-7400
-7566
-7492
-7175
-6645
-5902
-4990
-3974
-2882
-1758
-656
372
1309
2155
2892
3487
3961
4317
4559
4696
4748
4742
4705
4621
4526
4473
4457
4499
4599
4751
4942
5141
5304
5359
5244
4947
4441
3696
2706
1536
265
-1094
-2498
-3842
-4988
-5904
-6625
-7130
-7356
-7320
-7090
-6711
-6204
-5576
-4881
-4176
-3463
-2718
-1947
-1146
-333
492
1320
2142
2940
3661
4270
4727
5019
5116
4994
4639
4102
3440
2644
1740
810
-40
-785
-1435
-1930
-2191
-2260
-2208
-2038
-1722
-1298
-896
-554
-233
36
198
257
273
282
271
237
269
418
651
928
1273
1691
2099
2427
2665
2804
2775
2502
2006
1334
483
-543
-1672
-2811
-3917
-4946
-5832
-6477
-6844
-6960
-6825
-6413
-5753
-4906
-3953
-2913
-1818
-768
204
1078
1880
2580
3133
3590
3973
4273
4479
4595
4672
4713
4659
4524
4364
4192
3993
3790
3638
3566
3532
3527
3587
3688
3733
3634
3429
3094
2537
1727
732
-359
-1562
-2898
-4218
-5338
-6278
-7084
-7685
-7979
-8008
-7876
-7590
-7133
-6519
-5862
-5213
-4511
-3759
-3002
-2214
-1380
-524
341
1191
2023
2838
3526
4056
4474
4742
4790
4628
4323
3916
3387
2742
2118
1563
1045
577
252
90
21
8
99
312
519
664
811
985
1078
1045
973
931
860
733
654
675
746
843
1008
1279
1601
1873
2112
2317
2425
2364
2132
1750
1194
436
-486
-1486
-2545
-3630
-4696
-5651
-6433
-7029
-7408
-7533
-7379
-6976
-6354
-5547
-4558
-3439
-2291
-1143
-2
1081
2060
2889
3600
4204
4646
4950
5141
5254
5293
5240
5123
4987
4826
4628
4422
4230
4041
3826
3622
3430
3221
2982
2687
2316
1840
1261
568
-235
-1144
-2116
-3123
-4157
-5183
-6119
-6889
-7488
-7944
-8238
-8320
-8190
-7907
-7494
-6947
-6275
-5512
-4702
-3839
-2899
-1895
-852
217
1280
2332
3358
4293
5106
5757
6220
6469
6474
6242
5822
5254
4571
3809
3026
2299
1667
1144
731
487
404
397
471
639
868
1057
1175
1267
1320
1263
1089
898
718
516
300
166
174
275
438
716
1093
1492
1822
2078
2235
2221
1969
1494
815
-79
-1151
-2357
-3581
-4792
-5937
-6930
-7725
-8260
-8538
-8542
-8263
-7716
-6950
-6013
-4929
-3741
-2501
-1272
-76
1076
2145
3118
3970
4700
5324
5809
6146
6342
6409
6326
6086
5724
5261
4706
4089
3477
2907
2408
1981
1682
1542
1511
1532
1554
1542
1453
1209
766
136
-675
-1633
-2720
-3908
-5059
-6065
-6891
-7530
-7953
-8085
-7936
-7564
-7017
-6317
-5479
-4583
-3690
-2810
-1932
-1054
-194
617
1394
2151
2900
3613
4260
4832
5311
5678
5880
5888
5729
5422
4940
4302
3565
2782
2004
1279
655
187
-100
-198
-99
150
516
942
1371
1721
1933
1990
1875
1589
1149
631
101
-381
-773
-1000
-1022
-858
-538
-103
384
839
1171
1309
1226
887
276
-602
-1663
-2840
-4061
-5246
-6317
-7174
-7784
-8115
-8145
-7857
-7291
-6490
-5496
-4368
-3150
-1906
-687
472
1553
2515
3351
4072
4678
5170
5559
5857
6066
6188
6213
6142
5970
5679
5233
4672
4015
3258
2422
1570
768
55
-538
-976
-1195
-1215
-1085
-850
-588
-318
-123
-82
-238
-598
-1126
-1837
-2710
-3651
-4528
-5279
-5879
-6296
-6466
-6358
-6001
-5483
-4831
-4075
-3279
-2515
-1838
-1230
-683
-174
291
731
1200
1716
2283
2900
3539
4165
4744
5226
5564
5713
5684
5484
5097
4561
3922
3250
2575
1958
1454
1057
785
645
621
660
709
773
804
732
546
279
-46
-449
-886
-1277
-1596
-1848
-1991
-1985
-1845
-1616
-1326
-1006
-683
-411
-245
-183
-247
-456
-819
-1315
-1886
-2495
-3118
-3731
-4250
-4647
-4906
-5005
-4915
-4625
-4175
-3591
-2873
-2061
-1198
-320
531
1331
2046
2659
3164
3565
3865
4062
4160
4191
4165
4058
3882
3653
3360
3001
2573
2133
1714
1307
947
694
580
595
734
1015
1397
1783
2080
2261
2298
2116
1649
929
40
-993
-2160
-3379
-4491
-5398
-6118
-6643
-6936
-6952
-6737
-6392
-5944
-5409
-4821
-4225
-3658
-3082
-2465
-1796
-1063
-255
633
1588
2594
3611
4583
5448
6157
6673
6954
6961
6698
6234
5571
4738
3793
2835
1941
1127
444
-62
-359
-468
-451
-323
-111
120
286
341
300
142
-177
-626
-1108
-1580
-2018
-2374
-2559
-2532
-2339
-1981
-1455
-824
-164
442
945
1312
1480
1403
1105
611
-52
-836
-1682
-2505
-3250
-3871
-4324
-4589
-4630
-4459
-4129
-3649
-3059
-2406
-1718
-1042
-415
161
674
1132
1536
1913
2282
2623
2959
3282
3582
3834
3998
4082
4053
3871
3554
3128
2620
2076
1531
1038
657
414
337
423
684
1057
1458
1803
2039
2123
1986
1580
914
56
-963
-2126
-3346
-4469
-5416
-6180
-6747
-7082
-7151
-6994
-6675
-6237
-5683
-5058
-4431
-3805
-3145
-2439
-1693
-877
6
948
1935
2964
3994
4969
5824
6516
7028
7284
7266
6995
6501
5792
4905
3896
2852
1834
907
113
-527
-958
-1178
-1241
-1189
-1026
-804
-600
-494
-484
-570
-776
-1096
-1467
-1821
-2120
-2318
-2372
-2216
-1863
-1340
-666
107
902
1627
2243
2695
2927
2903
2626
2124
1421
567
-377
-1352
-2286
-3128
-3835
-4366
-4704
-4827
-4763
-4544
-4184
-3710
-3149
-2549
-1948
-1341
-746
-180
352
877
1402
1896
2365
2825
3265
3638
3925
4120
4205
4145
3941
3624
3206
2705
2168
1648
1196
847
627
563
651
867
1162
1451
1672
1798
1769
1510
991
274
-613
-1685
-2898
-4137
-5268
-6248
-7073
-7703
-8063
-8128
-7958
-7586
-7013
-6243
-5337
-4372
-3352
-2266
-1113
64
1241
2413
3557
4645
5646
6518
7214
7701
7948
7939
7647
7091
6327
5397
4350
3234
2124
1115
246
-452
-934
-1212
-1282
-1193
-975
-704
-439
-201
-61
-67
-244
-541
-946
-1405
-1880
-2291
-2538
-2626
-2504
-2147
-1582
-857
-33
811
1613
2295
2785
3038
3036
2757
2213
1456
539
-470
-1523
-2554
-3480
-4262
-4878
-5294
-5502
-5508
-5340
-5038
-4596
-4051
-3430
-2766
-2062
-1305
-532
249
1038
1817
2577
3281
3886
4383
4760
4980
5022
4893
4594
4150
3587
2936
2253
1580
958
437
52
-181
-243
-142
106
463
893
1339
1742
2026
2132
2042
1725
1171
380
-571
-1621
-2750
-3906
-4961
-5799
-6418
-6826
-6986
-6851
-6455
-5867
-5143
-4301
-3373
-2443
-1568
-738
45
773
1446
2055
2632
3175
3677
4131
4526
4832
5039
5121
5052
4845
4482
3990
3404
2732
2001
1281
623
57
-414
-763
-956
-1035
-1035
-967
-845
-734
-702
-754
-863
-1032
-1278
-1552
-1778
-1921
-1969
-1877
-1600
-1114
-470
284
1115
1969
2764
3419
3869
4086
4041
3692
3076
2237
1219
83
-1106
-2263
-3342
-4275
-5018
-5538
-5832
-5900
-5748
-5400
-4874
-4218
-3466
-2643
-1791
-950
-138
613
1297
1902
2405
2796
3093
3307
3433
3477
3473
3439
3364
3249
3107
2946
2779
2582
2351
2118
1867
1616
1360
1117
916
745
619
532
482
433
339
187
-41
-383
-864
-1463
-2145
-2896
-3717
-4527
-5230
-5776
-6141
-6328
-6289
-6010
-5527
-4875
-4095
-3223
-2310
-1425
-617
107
744
1292
1758
2145
2467
2758
3030
3295
3551
3776
3964
4105
4164
4113
3946
3686
3332
2865
2327
1781
1246
761
320
4
-209
-361
-417
-397
-320
-274
-264
-292
-340
-446
-616
-769
-881
-926
-908
-764
-460
-35
480
1057
1675
2265
2755
3092
3259
3211
2916
2408
1708
850
-117
-1156
-2172
-3115
-3954
-4640
-5157
-5469
-5588
-5547
-5344
-4984
-4516
-3972
-3376
-2751
-2103
-1472
-845
-210
389
969
1530
2039
2530
2983
3373
3716
3980
4171
4283
4285
4190
4005
3699
3292
2787
2198
1562
891
228
-384
-911
-1314
-1561
-1653
-1586
-1385
-1100
-811
-565
-403
-368
-491
-791
-1218
-1751
-2368
-2990
-3514
-3868
-4047
-4047
-3866
-3492
-2971
-2398
-1820
-1283
-836
-517
-338
-272
-269
-280
-279
-216
-45
266
733
1329
2016
2743
3442
4059
4523
4794
4842
4667
4278
3691
2958
2156
1359
616
-17
-499
-779
-867
-791
-548
-184
232
628
968
1233
1371
1361
1231
1018
751
455
194
31
-15
52
233
518
861
1200
1487
1673
1706
1551
1178
610
-131
-1011
-1973
-2957
-3896
-4739
-5429
-5924
-6189
-6226
-6047
-5667
-5128
-4466
-3711
-2913
-2112
-1330
-594
80
694
1249
1748
2192
2591
2932
3224
3475
3663
3782
3833
3796
3646
3412
3106
2710
2244
1736
1202
668
168
-275
-625
-871
-1013
-1051
-985
-825
-597
-332
-99
83
213
251
175
-6
-251
-560
-937
-1345
-1710
-1989
-2200
-2362
-2452
-2471
-2447
-2408
-2373
-2338
-2310
-2292
-2269
-2212
-2081
-1846
-1492
-1007
-405
298
1088
1909
2700
3408
3970
4348
4497
4414
4105
3616
3004
2295
1558
871
326
-47
-236
-214
5
393
866
1374
1883
2327
2620
2713
2617
2347
1908
1341
736
155
-363
-779
-1025
-1071
-948
-695
-345
65
438
705
833
787
550
110
-519
-1267
-2066
-2875
-3629
-4265
-4749
-5050
-5168
-5101
-4856
-4482
-4009
-3483
-2941
-2387
-1857
-1381
-950
-551
-190
152
478
806
1152
1487
1816
2134
2432
2698
2903
3062
3144
3152
3069
2900
2672
2361
1991
1567
1132
707
290
-56
-305
-457
-510
-445
-257
28
369
725
1052
1312
1486
1530
1416
1168
804
318
-268
-907
-1525
-2084
-2590
-3033
-3383
-3627
-3782
-3858
-3854
-3778
-3638
-3435
-3170
-2834
-2405
-1887
-1284
-605
128
893
1659
2382
3027
3546
3909
4111
4131
3974
3678
3285
2829
2331
1857
1476
1199
1056
1062
1199
1446
1745
2084
2405
2641
2751
2724
2541
2165
1636
1004
340
-342
-1001
-1555
-1949
-2167
-2225
-2107
-1825
-1441
-1033
-640
-300
-66
15
-78
-336
-734
-1258
-1862
-2479
-3076
-3603
-4024
-4319
-4459
-4451
-4307
-4058
-3717
-3311
-2874
-2425
-1976
-1548
-1145
-771
-410
-41
327
692
1068
1460
1853
2229
2585
2931
3236
3468
3622
3691
3670
3550
3311
2993
2603
2134
1622
1114
645
219
-111
-321
-391
-318
-105
238
677
1172
1643
2046
2343
2485
2420
2141
1666
1017
218
-692
-1626
-2496
-3264
-3925
-4433
-4745
-4876
-4858
-4720
-4461
-4105
-3711
-3307
-2890
-2450
-1999
-1550
-1074
-565
-43
504
1071
1639
2173
2656
3084
3425
3661
3780
3800
3720
3545
3296
3008
2710
2414
2151
1940
1794
1707
1665
1654
1658
1647
1596
1486
1283
982
584
114
-394
-915
-1403
-1818
-2121
-2294
-2316
-2184
-1913
-1554
-1158
-764
-405
-146
-15
-20
-181
-472
-881
-1364
-1859
-2334
-2742
-3052
-3250
-3316
-3259
-3101
-2858
-2578
-2298
-2022
-1792
-1609
-1460
-1355
-1248
-1129
-980
-745
-427
-11
504
1088
1722
2371
2989
3538
3986
4284
4424
4392
4191
3855
3404
2882
2317
1749
1236
801
459
227
123
140
268
475
739
1055
1367
1633
1803
1864
1801
1594
1236
734
121
-580
-1346
-2157
-2921
-3599
-4167
-4614
-4940
-5093
-5089
-4966
-4735
-4417
-4041
-3639
-3241
-2857
-2469
-2087
-1683
-1258
-802
-284
302
959
1663
2391
3112
3783
4361
4795
5060
5165
5084
4825
4403
3874
3286
2676
2103
1607
1221
958
820
793
861
983
1094
1168
1184
1088
851
490
48
-449
-991
-1522
-1948
-2235
-2382
-2371
-2182
-1828
-1370
-883
-388
68
414
591
583
398
32
-493
-1130
-1827
-2525
-3189
-3772
-4223
-4519
-4666
-4666
-4521
-4257
-3905
-3489
-3026
-2528
-2031
-1532
-1024
-504
43
599
1174
1770
2359
2932
3463
3937
4328
4611
4767
4791
4702
4503
4196
3820
3391
2933
2469
2014
1603
1227
905
660
477
357
305
317
372
468
565
636
654
599
466
231
-103
-532
-1030
-1585
-2189
-2780
-3312
-3763
-4141
-4420
-4582
-4620
-4555
-4441
-4261
-4027
-3757
-3489
-3211
-2882
-2507
-2065
-1568
-990
-326
405
1186
1986
2755
3467
4073
4543
4849
4966
4906
4695
4346
3892
3404
2922
2486
2122
1857
1718
1695
1747
1845
1949
2031
2039
1908
1647
1278
781
162
-507
-1147
-1722
-2220
-2582
-2742
-2703
-2503
-2179
-1734
-1232
-763
-368
-95
24
-49
-319
-752
-1300
-1925
-2599
-3229
-3762
-4170
-4431
-4535
-4446
-4216
-3895
-3506
-3077
-2629
-2205
-1825
-1466
-1124
-799
-458
-71
367
867
1414
2007
2628
3251
3841
4366
4810
5137
5322
5371
5296
5106
4810
4427
3987
3512
3018
2527
2045
1595
1171
772
412
85
-195
-433
-621
-758
-862
-932
-986
-1037
-1080
-1147
-1241
-1398
-1600
-1839
-2131
-2457
-2807
-3133
-3448
-3741
-3998
-4205
-4340
-4405
-4424
-4379
-4249
-4043
-3764
-3413
-2965
-2418
-1793
-1084
-305
521
1375
2221
3027
3758
4377
4863
5190
5346
5342
5187
4901
4520
4065
3596
3148
2742
2411
2157
1987
1906
1872
1856
1825
1757
1632
1413
1071
634
135
-424
-1023
-1596
-2082
-2473
-2758
-2894
-2865
-2700
-2440
-2111
-1734
-1363
-1054
-841
-731
-735
-889
-1173
-1551
-1996
-2472
-2965
-3410
-3760
-4018
-4162
-4178
-4050
-3800
-3461
-3029
-2543
-2020
-1474
-943
-410
123
637
1149
1674
2209
2756
3307
3854
4386
4857
5261
5581
5787
5859
5785
5561
5195
4703
4094
3404
2662
1886
1104
331
-398
-1062
-1659
-2166
-2574
-2867
-3046
-3108
-3037
-2845
-2543
-2163
-1725
-1268
-830
-442
-137
62
118
48
-145
-449
-845
-1302
-1754
-2185
-2572
-2910
-3159
-3295
-3352
-3319
-3201
-3003
-2742
-2428
-2049
-1620
-1137
-592
3
642
1312
2006
2697
3360
3962
4476
4890
5173
5319
5312
5168
4917
4568
4124
3628
3118
2607
2115
1643
1209
821
453
91
-262
-605
-953
-1320
-1698
-2066
-2405
-2739
-3024
-3227
-3350
-3392
-3348
-3202
-2971
-2675
-2345
-1993
-1631
-1311
-1061
-888
-788
-789
-881
-1034
-1238
-1470
-1721
-1951
-2126
-2244
-2285
-2246
-2121
-1922
-1658
-1330
-950
-530
-82
383
862
1347
1825
2304
2772
3230
3656
4040
4386
4671
4893
5027
5071
5012
4847
4574
4200
3720
3145
2509
1807
1088
368
-335
-1000
-1617
-2151
-2603
-2969
-3245
-3421
-3496
-3497
-3421
-3256
-3013
-2704
-2343
-1921
-1462
-981
-502
-52
368
715
971
1122
1152
1059
839
505
66
-435
-982
-1541
-2069
-2528
-2913
-3179
-3292
-3264
-3086
-2771
-2318
-1768
-1144
-468
227
920
1570
2156
2659
3068
3380
3578
3678
3679
3596
3438
3213
2967
2688
2393
2102
1815
1547
1293
1055
835
637
442
228
-16
-256
-508
-802
-1113
-1419
-1702
-1969
-2228
-2422
-2513
-2536
-2517
-2419
-2236
-2002
-1757
-1508
-1245
-1016
-840
-729
-646
-591
-589
-603
-625
-634
-624
-597
-523
-411
-277
-131
33
194
342
464
553
626
675
715
769
865
1000
1169
1388
1651
1945
2249
2540
2781
2959
3047
3022
2881
2627
2280
1834
1312
754
189
-369
-890
-1337
-1707
-1999
-2211
-2335
-2380
-2372
-2310
-2199
-2056
-1881
-1669
-1410
-1106
-765
-388
19
444
869
1273
1625
1878
2013
2012
1854
1551
1110
551
-85
-764
-1453
-2085
-2623
-3030
-3294
-3413
-3370
-3193
-2896
-2510
-2073
-1620
-1183
-785
-422
-109
161
417
649
882
1129
1411
1737
2092
2462
2825
3159
3435
3637
3733
3715
3577
3307
2932
2463
1938
1400
867
365
-94
-482
-793
-1032
-1206
-1323
-1406
-1484
-1572
-1672
-1780
-1901
-2048
-2178
-2266
-2325
-2318
-2221
-2028
-1741
-1388
-965
-496
-30
416
806
1123
1333
1426
1422
1305
1102
839
532
210
-93
-347
-538
-649
-686
-647
-545
-394
-224
-50
122
261
353
398
395
354
302
237
176
144
139
183
271
391
531
668
795
891
937
929
869
756
595
409
212
19
-146
-264
-327
-340
-302
-209
-73
83
248
397
523
617
665
673
636
564
455
324
183
34
-113
-264
-419
-563
-708
-879
-1074
-1273
-1495
-1737
-1983
-2208
-2401
-2566
-2667
-2685
-2615
-2445
-2177
-1821
-1387
-894
-368
179
709
1210
1653
2020
2320
2540
2674
2737
2732
2683
2590
2465
2329
2164
1976
1762
1524
1252
933
590
218
-180
-595
-993
-1357
-1677
-1928
-2098
-2165
-2133
-2010
-1795
-1507
-1168
-796
-410
-27
330
642
917
1140
1318
1445
1530
1578
1587
1559
1502
1415
1297
1141
939
698
415
98
-260
-648
-1056
-1468
-1864
-2225
-2529
-2762
-2912
-2953
-2884
-2699
-2414
-2037
-1568
-1052
-508
30
544
1019
1414
1730
1962
2102
2177
2188
2154
2092
2010
1939
1876
1814
1766
1714
1647
1563
1446
1289
1079
822
539
222
-124
-467
-799
-1105
-1385
-1606
-1773
-1889
-1943
-1947
-1886
-1788
-1657
-1499
-1335
-1169
-1017
-894
-798
-725
-679
-654
-657
-663
-661
-659
-644
-593
-509
-412
-285
-138
22
186
349
493
611
715
790
829
839
831
805
766
728
685
641
607
582
557
533
511
485
450
410
371
325
270
230
207
201
218
259
338
437
544
670
803
920
1002
1060
1083
1062
978
849
699
505
283
56
-155
-340
-510
-649
-745
-799
-828
-839
-831
-810
-797
-820
-857
-922
-1027
-1163
-1324
-1486
-1648
-1790
-1888
-1932
-1910
-1815
-1633
-1386
-1062
-676
-252
197
640
1076
1473
1811
2101
2320
2472
2566
2598
2593
2553
2483
2390
2271
2132
1987
1819
1619
1383
1098
784
435
39
-388
-827
-1274
-1714
-2118
-2472
-2776
-3009
-3163
-3228
-3203
-3101
-2914
-2662
-2350
-1995
-1611
-1191
-785
-402
-36
302
596
824
1015
1158
1245
1290
1271
1202
1108
977
811
628
430
221
21
-184
-373
-533
-662
-754
-821
-834
-802
-735
-627
-483
-318
-123
82
284
505
716
922
1126
1314
1499
1668
1816
1963
2090
2187
2256
2301
2307
2272
2190
2052
1876
1661
1388
1074
725
357
-17
-399
-759
-1088
-1394
-1649
-1864
-2027
-2134
-2199
-2211
-2186
-2122
-2032
-1914
-1772
-1618
-1466
-1312
-1148
-996
-856
-716
-586
-469
-357
-243
-139
-33
82
191
307
434
558
683
813
938
1066
1191
1296
1391
1467
1518
1542
1539
1505
1441
1346
1218
1054
868
655
414
157
-115
-394
-669
-933
-1173
-1389
-1577
-1735
-1856
-1934
-1975
-1972
-1923
-1836
-1707
-1543
-1356
-1131
-880
-599
-298
12
336
654
953
1227
1459
1642
1773
1840
1823
1730
1567
1329
1039
697
321
-58
-446
-799
-1112
-1374
-1553
-1662
-1689
-1637
-1511
-1317
-1079
-803
-489
-181
117
405
666
896
1094
1266
1406
1542
1654
1747
1839
1933
2024
2094
2145
2165
2143
2073
1955
1764
1493
1170
793
376
-74
-535
-984
-1405
-1782
-2116
-2362
-2542
-2669
-2715
-2715
-2640
-2506
-2365
-2188
-1980
-1749
-1492
-1221
-940
-635
-317
5
330
651
957
1234
1459
1634
1754
1803
1789
1696
1536
1342
1102
846
602
368
174
30
-62
-88
-62
9
107
216
324
407
452
460
417
324
199
45
-111
-265
-400
-488
-541
-552
-517
-443
-350
-264
-182
-123
-107
-136
-205
-316
-458
-615
-772
-912
-1008
-1053
-1043
-959
-810
-600
-358
-93
184
441
645
787
853
843
757
594
367
113
-149
-414
-654
-848
-970
-1032
-1047
-999
-909
-791
-672
-551
-430
-337
-262
-208
-160
-113
-59
18
129
281
469
697
951
1219
1488
1745
1974
2157
2277
2326
2311
2228
2069
1851
1582
1287
976
656
351
73
-171
-392
-577
-733
-857
-958
-1051
-1133
-1216
-1289
-1362
-1414
-1431
-1422
-1377
-1253
-1084
-891
-662
-400
-117
163
421
640
826
944
976
964
883
745
574
364
152
-54
-248
-415
-544
-625
-695
-728
-734
-714
-663
-630
-597
-556
-527
-486
-447
-413
-366
-320
-259
-183
-104
-18
73
162
244
315
361
396
407
389
350
298
251
189
122
67
19
-19
-49
-66
-69
-71
-75
-79
-79
-71
-67
-66
-59
-52
-42
-27
-1
33
68
110
151
195
232
253
270
251
210
157
96
22
-72
-162
-251
-325
-382
-423
-428
-407
-361
-293
-212
-104
11
123
231
342
435
506
570
622
661
676
675
676
665
649
623
582
543
506
443
376
298
210
117
13
-98
-211
-311
-421
-525
-604
-664
-711
-743
-743
-727
-700
-651
-578
-509
-438
-360
-289
-209
-140
-78
-22
29
68
92
118
137
147
147
146
144
132
114
89
61
30
-4
-43
-78
-112
-153
-184
-206
-224
-222
-204
-181
-142
-96
-44
21
83
139
199
246
281
310
334
348
354
357
346
329
319
306
293
269
239
208
172
125
72
18
-37
-98
-163
-214
-254
-284
-310
-321
-315
-293
-267
-238
-194
-148
-102
-62
-29
1
18
21
26
24
19
16
3
-6
-15
-28
-31
-36
-42
-45
-59
-64
-67
-76
-81
-76
-68
-59
-47
-28
3
28
58
95
123
158
187
211
237
249
250
255
255
248
233
206
186
165
131
103
77
52
28
-4
-37
-61
-84
-104
-119
-134
-148
-158
-170
-179
-180
-179
-162
-152
-142
-120
-96
-69
-54
-28
-9
5
29
51
63
76
93
95
96
95
87
74
64
43
3
-16
-33
-57
-79
-101
-110
-115
-117
-122
-113
-97
-84
-69
-52
-32
-6
19
36
57
74
87
103
105
104
113
109
96
86
70
54
34
10
-8
-24
-50
-70
-77
-92
-105
-118
-121
-119
-113
-106
-100
-84
-67
-51
-22
5
26
48
65
82
100
106
109
119
117
104
94
73
53
35
12
-6
-20
-26
-29
-33
-19
-12
-5
11
18
30
43
48
56
61
52
51
54
53
48
35
40
43
38
39
28
32
29
21
16
6
-2
-18
-35
-59
-74
-87
-104
-115
-127
-137
-137
-131
-131
-121
-107
-94
-74
-53
-32
-16
8
36
61
80
99
119
131
147
150
143
136
125
107
89
68
49
22
-4
-28
-45
-55
-74
-82
-98
-106
-102
-108
-105
-96
-96
-90
-76
-65
-50
-36
-28
-13
-1
12
24
42
57
70
82
89
92
87
86
81
65
53
42
23
6
-13
-27
-40
-58
-65
-68
-73
-74
-69
-62
-48
-40
-30
-5
12
35
49
61
88
104
116
124
129
137
132
132
90
79
88
49
22
-10
-21
-23
-40
-68
-93
-91
-99
-105
-113
-126
-127
-121
-127
-123
-122
-116
-100
-98
-94
-82
-61
-60
-45
-25
-12
12
25
43
58
64
75
87
87
107
107
89
95
86
85
79
64
64
47
51
51
43
53
56
55
60
71
71
84
99
107
112
119
124
122
117
108
97
85
66
28
5
-20
-50
-72
-107
-136
-160
-186
-205
-227
-241
-247
-247
-245
-252
-246
-235
-223
-202
-182
-158
-131
-98
-70
-37
-3
24
46
60
70
82
84
81
75
67
50
33
26
19
7
0
-3
9
26
34
48
72
96
115
136
162
177
185
204
211
215
221
213
218
217
209
203
194
181
161
149
128
95
60
29
-1
-40
-81
-115
-149
-182
-203
-222
-233
-237
-249
-253
-251
-243
-232
-224
-212
-194
-180
-160
-140
-120
-89
-63
-43
-13
18
49
72
97
120
129
134
136
141
141
129
115
98
80
59
37
21
7
3
-4
-5
5
13
31
43
48
60
70
83
88
83
76
69
55
34
18
-1
-23
-40
-62
-71
-81
-90
-91
-102
-98
-91
-91
-90
-95
-85
-85
-83
-71
-68
-57
-48
-42
-35
-19
-4
1
14
23
36
42
45
54
59
59
61
66
64
61
65
56
52
48
35
23
10
0
-9
-14
-13
-5
7
18
45
70
96
131
154
182
215
237
248
254
253
243
227
192
146
93
40
-13
-72
-124
-178
-228
-261
-297
-324
-338
-354
-360
-361
-361
-354
-346
-341
-320
-301
-282
-251
-225
-196
-160
-122
-82
-46
-3
45
84
124
170
208
233
260
282
299
316
313
300
288
266
248
221
185
162
133
104
76
54
44
34
18
8
8
8
4
6
13
12
17
23
16
21
27
13
12
10
-3
-8
-19
-24
-26
-40
-54
-63
-70
-72
-80
-87
-91
-91
-97
-101
-102
-107
-101
-103
-107
-103
-101
-93
-89
-81
-70
-60
-46
-32
-20
-18
-2
18
21
23
32
39
39
36
36
35
31
21
22
25
17
19
21
29
36
43
57
67
73
82
90
92
94
99
93
90
86
80
70
62
59
51
45
27
23
16
6
-6
-14
-30
-60
-70
-82
-103
-115
-132
-147
-147
-146
-141
-129
-121
-113
-100
-80
-63
-48
-28
-12
9
29
42
67
86
100
110
113
124
131
134
134
131
132
117
101
86
66
50
22
3
-12
-32
-44
-56
-68
-77
-74
-75
-70
-65
-59
-39
-29
-23
-4
5
11
23
20
21
19
12
11
4
1
1
4
1
-3
-5
-11
-16
-28
-31
-34
-44
-57
-63
-70
-75
-75
-67
-70
-71
-59
-53
-41
-24
-10
-6
14
29
30
44
50
56
60
59
60
61
55
55
56
45
50
51
41
44
49
54
54
58
61
59
64
72
74
66
67
68
60
49
46
44
31
22
5
-13
-29
-48
-61
-79
-97
-114
-120
-134
-150
-154
-161
-166
-168
-170
-170
-162
-153
-138
-118
-104
-84
-62
-37
-16
-2
24
46
63
77
95
112
118
130
133
131
129
131
132
123
119
112
98
91
83
74
71
59
49
40
36
30
18
11
7
9
9
3
3
13
20
26
31
38
46
46
42
34
28
17
9
-1
-18
-31
-47
-60
-72
-83
-89
-103
-116
-115
-124
-133
-138
-138
-132
-133
-125
-118
-117
-114
-102
-89
-74
-61
-44
-21
-11
4
25
40
51
60
70
80
86
89
92
88
90
94
95
99
101
98
102
104
98
90
80
72
60
57
54
43
38
34
31
21
11
5
3
-1
-14
-23
-31
-35
-40
-55
-62
-65
-65
-77
-91
-94
-95
-101
-100
-96
-91
-84
-88
-82
-73
-68
-54
-39
-24
-16
1
22
39
54
64
73
78
79
83
80
75
76
75
71
68
67
60
52
43
33
25
18
4
-1
-7
-21
-24
-25
-23
-22
-17
-13
-2
12
21
31
35
43
41
38
38
29
18
6
-5
-13
-24
-37
-47
-52
-56
-63
-69
-77
-76
-80
-86
-88
-92
-89
-91
-95
-94
-88
-82
-76
-64
-51
-38
-12
5
22
44
62
80
96
110
123
131
137
141
136
136
132
121
116
106
95
88
74
57
35
27
13
-1
-8
-19
-23
-25
-27
-28
-30
-28
-30
-37
-31
-30
-31
-34
-44
-51
-60
-63
-69
-87
-92
-101
-110
-111
-122
-129
-131
-133
-129
-133
-131
-116
-110
-102
-85
-73
-61
-41
-26
-5
14
30
51
64
82
102
118
131
148
163
173
176
172
175
170
168
167
157
151
140
123
116
113
98
85
74
65
57
50
42
32
22
11
-2
-17
-27
-41
-47
-60
-70
-69
-84
-102
-102
-109
-130
-124
-129
-146
-141
-139
-151
-150
-146
-150
-141
-135
-129
-109
-106
-89
-73
-74
-48
-33
-28
7
20
22
34
35
45
44
51
68
73
70
72
85
88
89
90
90
90
84
87
78
81
79
67
71
62
53
58
50
40
42
36
39
41
39
42
31
32
34
15
4
-5
-14
-21
-33
-47
-50
-53
-70
-74
-73
-74
-70
-74
-69
-66
-72
-73
-70
-65
-64
-59
-61
-55
-43
-42
-31
-25
-25
-12
2
1
1
15
18
20
25
26
28
36
42
37
32
46
43
37
38
42
39
39
45
43
46
42
39
37
34
34
31
24
18
20
20
12
6
9
8
-3
-4
-7
-9
-8
-15
-10
-5
-10
-5
-7
-16
-15
-21
-28
-25
-34
-38
-33
-38
-43
-38
-33
-28
-20
-18
-14
-10
-11
-11
-6
-3
-12
-17
-7
-2
-1
3
4
4
7
7
14
22
30
31
31
27
30
21
18
16
8
8
4
1
-7
-3
1
2
-2
2
9
4
1
-7
-11
-6
0
-1
2
0
0
5
-1
3
6
4
4
4
5
-3
-6
-8
-9
-12
-14
-16
-16
-8
-12
-10
-7
-11
-14
-15
-17
-14
-8
-11
-14
-14
-9
-11
-5
3
2
9
9
11
18
22
24
28
29
35
42
42
36
30
32
18
18
13
5
9
4
3
5
4
5
4
-2
-7
-6
-6
-9
-11
-13
-14
-13
-16
-14
-16
-17
-16
-14
-13
-17
-13
-17
-26
-19
-14
-22
-16
-9
-14
-12
-15
-14
-9
-10
-14
-20
-14
-14
-10
-7
-11
-5
-3
-2
-4
1
4
4
6
8
16
13
11
14
15
14
13
10
10
14
11
15
11
8
10
12
14
11
14
15
19
23
26
28
24
24
24
18
25
18
8
8
9
7
4
5
3
2
1
-3
-7
-8
-6
-9
-11
-10
-18
-25
-31
-32
-26
-24
-19
-20
-22
-22
-18
-15
-9
-9
-8
-6
-6
-1
-4
-8
-4
-4
-7
-9
-6
-7
-6
1
-1
-2
2
-1
-2
0
4
-2
-5
-7
-4
1
0
1
9
14
8
11
12
12
16
13
16
24
23
26
26
13
11
8
-1
-1
-3
-6
1
1
-6
2
0
-4
-6
-4
-7
-9
-10
-11
-11
-16
-15
-11
-4
-6
-5
-2
-4
0
0
6
12
13
15
14
11
3
0
4
1
2
7
11
9
9
11
4
-1
-4
-4
-8
-13
-11
-11
-7
-6
-5
1
-1
1
8
7
14
14
10
9
4
0
-2
-2
-7
-6
-1
-11
-12
-10
-10
-9
-12
-11
-5
-1
-7
-9
-10
-9
-12
-21
-13
-14
-16
-17
-16
-8
0
-1
1
11
14
13
15
15
11
10
14
12
16
13
12
13
14
15
7
12
10
10
16
12
17
14
8
15
10
9
8
1
5
-5
-7
-1
-6
-14
-14
-8
-12
-14
-9
-6
-7
-4
-4
-4
-2
-3
-3
-4
-5
-6
-6
-8
-13
-9
-10
-10
-6
-1
-3
0
7
9
5
-2
-6
-10
-13
-13
-14
-16
-11
-14
-16
-8
-1
-3
-2
7
5
-3
4
11
3
-1
-3
-9
-4
-7
-10
-7
-1
-4
0
11
11
21
19
18
27
32
37
31
31
31
21
19
11
14
12
8
13
7
3
1
2
5
-2
-8
-4
-6
-9
-11
-10
-6
-10
-16
-16
-21
-13
-9
-13
-6
-10
-7
-1
-6
-3
3
-5
-1
-4
-1
4
-3
-2
-4
-2
-3
-5
-3
0
1
-2
-5
-5
-9
-14
-11
-14
-17
-22
-23
-15
-14
-6
-5
-1
-1
2
8
0
3
10
6
4
8
5
1
5
4
1
9
15
15
11
13
23
20
15
20
20
14
13
7
2
2
-4
-5
0
-3
-1
0
-3
-3
0
5
6
2
3
4
-1
-9
-17
-17
-17
-21
-20
-19
-14
-7
-4
-5
-1
2
6
10
8
15
11
5
10
6
7
13
9
9
11
9
11
10
8
10
9
6
0
-2
-3
-8
-8
-11
-12
-13
-13
-13
-11
-11
-12
-4
-2
-3
0
-1
-2
-1
1
-1
-6
-3
1
-3
4
3
2
0
2
5
3
3
2
3
0
-4
-6
-4
-9
-11
-9
-10
-6
-9
-5
-1
-5
-2
-5
-7
-3
3
9
8
7
7
-3
-1
3
-1
4
4
5
17
17
23
25
23
22
14
13
16
8
7
8
7
5
3
-2
-4
-3
-5
-7
-9
-11
-14
-13
-12
-15
-10
-16
-19
-15
-11
-8
-13
-15
-15
-13
-9
-9
-12
-5
1
-8
-10
-6
-11
-7
0
-1
3
6
11
11
10
11
11
11
6
8
13
10
6
13
17
15
20
23
19
14
13
10
8
3
6
5
1
6
3
1
1
-3
0
1
-1
-1
2
1
5
6
2
0
-2
-6
-8
-6
-10
-9
-5
-10
-10
-7
-7
-7
-8
-11
-10
-13
-18
-14
-10
-13
-12
-12
-15
-18
-15
-10
-8
-8
-7
-3
2
3
4
4
3
5
6
6
9
13
14
17
13
13
10
10
10
11
10
8
7
3
2
-2
-3
-4
-10
-8
-12
-10
-9
-11
-4
-2
2
12
9
1
9
9
10
10
5
11
9
5
7
5
4
5
1
0
4
1
4
10
7
3
1
-3
-2
-1
-1
-3
-4
-6
-6
-4
2
5
2
0
-2
-1
-2
2
3
2
1
2
0
0
5
4
-4
0
2
-2
1
5
-2
-6
-4
-9
-9
-9
-12
-13
-10
-15
-19
-16
-15
-15
-13
-14
-15
-14
-13
-8
-7
-9
-11
-8
-8
-8
-8
-4
1
2
4
12
13
13
19
20
21
22
17
11
15
18
15
13
13
14
15
14
17
19
18
20
23
21
17
15
15
12
4
2
3
1
-2
-1
-2
-2
-6
-9
-10
-8
-9
-12
-14
-15
-18
-16
-12
-14
-12
-15
-16
-20
-19
-18
-18
-10
-11
-6
-5
-12
-12
-11
-9
-13
-17
-13
-10
-10
-3
-8
-11
-4
0
-3
-7
-8
0
0
-5
-3
2
11
14
11
16
15
17
17
16
17
15
21
17
16
19
17
18
17
17
12
13
15
13
15
5
-1
1
3
2
9
7
6
14
5
1
0
-1
-8
-9
-3
-6
-5
3
-1
-2
-2
-3
-5
-2
-3
-9
-8
-5
-5
-12
-12
-12
-11
-10
-11
-12
-15
-16
-15
-17
-17
-14
-12
-15
-20
-20
-17
-14
-13
-12
-11
-10
-6
-2
-5
0
10
9
6
7
10
6
0
-2
-3
1
5
7
9
9
12
17
18
14
21
19
12
18
19
14
10
13
18
10
13
15
10
15
9
7
9
10
8
7
6
3
6
3
-2
-4
-9
-6
-4
-5
-7
-6
-5
-9
-7
-6
-1
-5
-12
-11
-4
-2
-9
-6
-9
-16
-11
-12
-16
-12
-10
-5
-10
-19
-21
-17
-17
-18
-14
-12
-11
-11
-13
-18
-7
6
-1
-3
7
10
7
9
10
12
14
18
19
13
13
19
11
10
18
18
16
16
16
8
4
9
6
9
5
2
5
-1
-1
1
-2
-2
-6
-11
-11
-12
-9
-8
-9
-9
-4
-2
0
-2
-3
4
2
2
3
1
2
4
4
9
11
6
6
5
4
3
-2
-3
-3
-3
2
2
0
2
-3
-2
0
1
2
-11
-10
-2
-12
-12
-13
-14
-10
-12
-10
-4
-1
-4
-6
-4
-7
-8
-8
-3
-2
-3
-1
-2
2
3
1
4
7
5
4
5
-1
2
6
2
0
2
0
2
2
1
-1
-1
5
2
2
4
1
8
7
3
3
5
6
5
8
6
6
10
9
8
9
14
14
23
20
14
19
16
18
17
11
10
4
3
0
-11
-10
-7
-11
-14
-18
-17
-14
-20
-18
-24
-22
-20
-25
-17
-29
-28
-22
-21
-16
-16
-8
-5
-6
-2
-2
1
6
4
7
5
3
11
7
5
9
9
8
11
11
5
7
9
4
3
4
7
4
4
3
1
5
3
5
4
8
10
12
8
4
9
9
3
-2
1
-2
-8
-7
-6
-1
-1
-3
1
2
8
7
9
10
5
3
3
4
2
-3
-2
-6
-9
-11
-17
-10
-6
-7
-7
-7
-6
-8
-9
-8
-4
-4
-4
-1
-3
-7
-5
-3
0
5
5
6
15
14
10
12
11
13
13
9
10
14
6
0
-2
-1
-4
-2
-4
-5
-5
-6
-4
-3
-2
-6
-5
-8
-7
-10
-10
-6
-3
-4
-8
-7
-4
-6
-7
-2
-3
-8
-9
-7
-5
-5
-5
-5
-9
-8
-3
-3
3
7
6
-2
-2
4
2
8
9
9
10
8
10
9
8
14
17
17
13
14
19
14
6
6
9
0
5
8
0
6
11
4
2
6
6
0
-4
-6
-12
-13
-10
-5
-4
-8
-10
-7
-6
-8
-1
-1
-5
-6
1
7
4
0
-5
-8
-9
-13
-17
-14
-19
-17
-15
-17
-14
-5
-1
-4
-3
-7
-2
0
-1
-1
-5
-5
-2
4
0
-7
-4
0
-1
6
12
10
11
12
9
5
11
14
13
14
5
5
4
2
9
8
11
10
5
9
4
5
4
5
1
-6
1
0
-1
0
-1
2
4
-4
0
2
-4
-1
-6
-7
-4
3
9
9
8
6
4
6
4
4
12
15
11
11
11
8
4
4
-1
-5
-3
-7
-11
-11
-8
-10
-12
-15
-13
-16
-19
-15
-16
-15
-20
-18
-13
-13
-11
-10
-13
-13
-3
-9
-14
-6
-3
-3
-3
-1
3
1
6
7
2
2
4
1
-3
3
3
7
2
-3
5
5
5
6
6
7
12
8
7
8
6
6
10
11
9
10
6
10
10
7
10
10
15
17
18
18
12
14
14
13
14
10
6
10
10
7
8
9
9
7
6
-1
-8
-9
-9
-11
-14
-16
-16
-17
-18
-21
-17
-14
-16
-18
-17
-18
-20
-19
-14
-14
-13
-16
-18
-18
-17
-11
-13
-9
-13
-12
-7
-8
-3
-5
-7
-4
-5
-7
-6
-5
-1
1
-3
1
6
5
6
7
8
12
17
16
17
20
21
25
21
25
28
23
23
28
23
15
18
16
19
14
15
14
12
12
6
7
-1
-3
1
2
-3
-9
-9
-6
-9
-12
-8
-5
-9
-11
-11
-10
-8
-12
-14
-11
-11
-4
-5
-12
-7
-8
-17
-22
-17
-12
-15
-18
-16
-9
-7
-7
-4
-4
-1
-2
-5
-2
-7
-7
-4
-4
-3
-5
-7
-9
-10
-8
-3
-3
3
8
10
11
12
17
14
14
15
15
16
18
21
19
20
22
19
16
11
7
6
3
2
2
0
5
10
2
1
2
2
1
-4
-3
-3
-1
-6
-9
1
-4
-11
-11
-12
-5
-12
-16
-13
-17
-12
-11
-3
0
-2
1
4
-1
-2
1
-4
-1
-1
-4
-6
-2
-1
4
9
8
7
9
10
4
6
7
2
2
1
-7
-6
-4
-1
4
-2
-1
-1
-1
3
6
4
4
5
7
7
2
3
4
6
0
-4
-1
-3
-6
-11
-12
-16
-15
-12
-7
-1
1
-3
-4
-2
-6
-7
-6
-8
-9
-5
-4
-6
-8
-13
-7
-7
-7
1
3
6
3
1
6
7
14
14
6
2
12
15
7
8
12
12
15
18
24
22
17
12
13
10
3
5
6
4
4
1
-1
-6
-10
-8
-10
-8
-8
-6
-6
-7
1
0
-5
-5
-4
-4
-5
-6
-6
-4
-4
-3
0
4
7
2
-1
-1
-6
-10
-12
-16
-12
-12
-14
-11
-7
-5
-2
0
-2
-1
-2
-6
-9
-8
-14
-14
-10
-9
-2
-1
-3
-1
1
5
8
13
11
9
12
8
3
7
2
2
3
3
5
7
9
8
11
13
11
8
12
11
10
13
8
1
3
2
5
11
7
5
5
2
4
2
6
4
-2
-2
-7
-4
-1
-3
-5
0
-1
-5
-3
-4
-5
-5
-6
-8
-7
-5
-7
-6
-7
-7
-7
-9
-7
-12
-17
-17
-17
-15
-10
-7
-8
-14
-10
-6
-13
-6
2
-3
-6
-4
-5
-4
2
3
7
9
10
13
12
11
10
15
16
5
3
2
9
11
9
8
8
5
7
9
5
6
7
8
10
7
13
13
7
6
-1
1
1
-1
2
4
3
2
3
5
1
2
3
1
2
0
0
-2
-2
-4
-6
-1
-2
-5
-1
0
1
-4
-2
-2
-12
-15
-22
-24
-18
-17
-15
-9
-14
-12
-7
-13
-14
-7
-7
-11
-9
-6
-6
-3
-6
-10
-3
-4
-7
-3
0
3
3
2
5
10
16
17
11
9
7
6
8
6
5
7
7
7
9
11
12
16
16
12
6
9
12
9
6
1
3
5
7
5
5
6
7
3
5
8
4
-1
-4
-2
-2
-3
2
-4
-1
5
-5
-4
-2
-9
-5
-4
-4
-6
-11
-7
-13
-10
-13
-18
-8
-8
-11
-7
-7
-6
-6
-5
-3
-4
-1
-1
3
1
-2
-3
-6
-1
-5
-7
-8
-7
-4
1
1
1
9
9
11
8
8
7
1
3
1
1
0
-1
3
7
4
3
3
3
1
5
11
10
10
9
10
6
3
0
-6
-6
-10
-2
2
1
-2
1
5
4
7
5
2
0
-6
-4
-2
-6
-7
-7
-8
-10
-9
-9
-11
-9
-10
-10
-8
-5
-7
-7
-3
-4
-4
-1
1
-2
-8
0
1
-3
6
7
13
16
18
20
15
10
10
12
12
13
13
11
9
8
10
14
11
4
5
10
5
1
-1
1
-3
-9
-4
-10
-14
-9
-5
-3
-5
-3
-4
-4
-5
-7
-6
-11
-12
-18
-16
-14
-14
-14
-14
-9
-13
-14
-12
-12
-12
-15
-8
-14
-16
-14
-14
-17
-19
-9
-1
4
4
4
5
13
18
16
17
20
17
20
18
19
18
14
18
17
21
25
26
24
22
23
18
19
17
16
14
12
13
7
2
-1
1
-1
-9
-9
-6
-11
-9
-6
-12
-10
-9
-11
-10
-9
-14
-17
-20
-25
-23
-25
-21
-12
-15
-13
-9
-11
-5
-6
-6
-3
-7
-11
-13
-6
-10
-12
-8
-13
-8
-9
-12
1
2
-1
3
4
2
2
6
11
14
14
10
14
17
15
16
12
16
21
12
9
7
18
24
23
20
16
19
14
10
10
8
12
7
2
4
2
-3
-5
-10
-11
-6
-13
-17
-11
-8
-9
-7
-5
-4
-3
-8
-9
-10
-14
-12
-13
-12
-12
-13
-8
-12
-13
-10
-11
-6
-8
-5
-2
0
4
-3
-7
-4
-4
-10
-7
-1
4
4
2
5
4
0
4
3
3
8
10
7
9
7
4
9
12
13
14
11
10
13
10
10
14
13
9
5
8
8
2
-1
-5
-8
-6
-3
-6
-6
2
-8
-5
-5
-12
0
-3
0
1
-4
-3
-5
-6
-8
-5
-8
-9
-2
3
2
-2
3
4
-1
-5
-6
-5
-8
-5
-1
-5
-3
-6
-3
2
-4
-2
10
4
2
6
4
-5
-5
0
-11
-12
-10
-9
1
1
0
5
6
12
8
7
2
-1
6
7
6
4
2
0
-1
0
0
0
2
5
5
7
4
2
5
3
4
6
1
2
3
-4
-5
0
-5
-5
2
-1
-2
3
5
7
2
2
2
-6
0
-4
-11
-11
-13
-6
-6
-4
1
1
3
0
2
3
2
2
3
6
-1
-4
-2
-5
-6
-5
-8
-7
-5
-1
5
0
6
8
3
6
10
5
6
5
2
2
-4
-1
-2
1
0
-7
-5
0
2
4
4
3
5
4
2
4
4
0
-3
-3
-2
-3
0
-1
-1
2
1
0
2
-3
-7
-7
-3
0
-5
-3
2
-2
-4
-3
-3
-1
-2
-7
-4
-1
-5
-3
-10
-10
-9
-3
3
4
0
0
3
0
11
11
9
11
3
4
6
0
2
2
1
6
5
6
11
11
7
3
-1
0
3
4
3
7
5
1
0
-5
-9
-9
-5
-5
-6
-7
-10
-2
0
1
0
-4
0
-4
-3
-3
-4
-5
-2
1
1
0
-1
3
1
3
-2
-3
2
2
0
-2
1
-2
-1
1
-4
-2
-4
-7
-9
-8
-9
-9
-1
-2
4
7
0
5
2
-4
3
5
5
6
5
4
5
3
2
9
8
2
1
0
5
5
5
9
7
7
8
4
5
5
2
5
1
-3
-1
-1
1
0
-4
-9
-8
-8
-13
-14
-9
-10
-10
-2
-2
-1
-2
-3
-4
-8
-10
-13
-9
-3
-3
7
3
2
4
0
-1
-4
-3
-2
-2
-7
-4
-5
-6
-1
3
7
5
9
10
7
5
3
6
4
6
5
9
10
7
11
10
9
8
7
8
10
10
11
8
11
8
-1
4
4
-1
-5
-8
-9
-8
-5
-7
-4
-1
0
1
-2
0
-3
-8
-8
-8
-5
0
-6
-7
-6
-9
-12
-10
-11
-11
-4
-2
3
-1
-4
-5
-7
-7
-9
-4
-9
-7
-4
-11
-9
-6
-6
-2
4
2
7
7
4
9
2
1
8
6
5
3
1
4
5
6
10
15
14
14
17
15
12
14
11
4
2
3
6
0
-1
-2
0
3
1
1
-4
-1
3
1
2
0
-4
-8
-7
-7
-11
-12
-9
-2
1
-3
-1
0
-2
4
2
-2
3
0
0
-1
-10
-6
-8
-15
-14
-18
-13
-13
-19
-14
-6
-1
1
6
4
0
4
0
0
4
3
5
4
2
5
2
4
11
13
18
13
18
17
11
10
4
10
11
4
1
3
4
1
0
-2
-2
-2
-2
-4
-3
-7
-12
-7
-10
-9
-8
-9
-8
-8
-5
-6
-7
-5
-9
-4
-2
-1
0
-5
-1
0
-2
0
-3
-2
-3
-3
-1
5
4
5
12
5
4
4
5
5
1
4
1
1
2
-1
6
7
1
5
4
4
6
2
4
5
7
13
11
7
1
1
3
0
0
2
7
6
3
1
2
-2
-6
-5
-8
-6
-12
-14
-14
-17
-7
-2
-2
-8
-6
-4
-5
-6
-7
-9
-6
-6
-3
-2
-6
-10
-12
-8
-6
-6
-8
-4
-3
-4
2
4
2
9
7
3
10
5
4
10
4
5
3
2
6
7
4
1
5
4
2
5
8
5
5
9
8
10
7
7
7
4
8
12
9
9
7
3
8
8
5
0
-1
-5
-5
1
-5
-2
3
-3
-1
1
-5
0
7
-1
-7
-7
-5
-5
-3
1
-5
-8
-5
-6
-13
-12
-11
-10
-7
-13
-15
-12
-12
-15
-18
-18
-13
-6
-1
0
-4
-2
2
-2
-5
-2
-7
-8
0
-1
4
13
10
9
7
8
9
3
7
7
9
11
9
8
9
11
6
5
5
3
6
8
7
9
7
9
12
12
10
9
8
8
6
3
3
4
-2
-1
1
0
10
11
10
4
3
3
2
-2
-2
-4
-7
-10
-11
-5
-8
-9
-8
-10
-9
-9
-8
-12
-18
-19
-17
-17
-19
-15
-18
-20
-20
-22
-10
-8
-2
2
3
8
7
8
6
7
7
2
1
0
-1
1
-1
-1
1
3
3
4
7
9
7
4
7
9
6
7
10
11
12
9
8
8
7
7
9
8
6
8
10
10
15
11
9
8
3
2
-3
-4
2
4
3
1
6
9
2
2
0
-4
-6
-7
-6
-9
-13
-13
-13
-13
-12
-16
-18
-13
-7
-8
-3
0
-4
1
-3
-8
-10
-7
-13
-13
-7
-9
-3
-2
-1
3
-3
-3
-4
5
7
5
7
2
2
7
8
6
4
4
4
2
4
4
4
7
8
12
10
10
12
9
6
1
-2
-1
-2
1
-1
-2
2
2
5
-3
1
5
1
-3
3
6
-4
-5
-4
0
0
-5
-2
-3
-4
6
4
-10
-11
-5
-5
1
5
3
0
-5
-6
-12
-4
-7
-4
10
3
3
4
-7
-7
-2
-17
-16
-6
-9
-8
-3
-5
-7
3
1
3
5
1
10
2
-1
9
9
8
16
15
16
15
9
16
8
4
12
7
4
9
13
13
10
4
6
5
4
3
2
-2
-8
-7
-11
-15
-11
-9
-14
-11
-10
-18
-14
-14
-10
-5
-14
-14
-9
-14
-9
-10
-11
-3
-7
-12
-8
-1
-3
-2
4
8
7
5
-1
-3
-1
-2
3
7
7
8
7
14
12
5
10
6
4
1
-1
3
3
6
5
3
-1
6
9
6
5
5
9
9
7
6
3
2
4
7
6
8
13
10
7
9
6
8
2
-5
-5
-10
-12
-8
-11
-17
-12
-10
-12
-8
-8
-10
-9
-10
-6
-4
-2
-5
-5
-5
-10
-13
-10
-6
-4
0
0
3
2
-1
2
3
4
7
6
1
-3
0
1
4
4
6
4
2
5
-1
1
6
6
9
9
9
8
2
-1
-3
-5
-6
-6
-3
-5
-4
6
3
1
9
5
3
-1
-3
-1
-1
-1
1
1
-1
-2
-4
3
5
4
10
4
2
4
1
2
3
4
-1
-4
1
-1
-5
-8
-3
0
-4
-1
-2
-6
-4
-2
-7
-6
-8
-12
-6
-2
-3
-8
-5
1
-5
-5
-4
-2
1
-2
-1
3
4
4
2
7
9
2
2
5
0
6
8
3
4
3
2
5
2
4
4
1
5
9
4
1
-3
-10
-8
-8
-8
-6
-1
7
7
2
-1
3
4
-4
-4
-9
-7
-6
-11
-3
0
1
6
7
3
1
4
14
8
3
11
3
3
2
-6
-4
-7
-8
-4
-7
-10
-8
-4
1
0
2
0
2
4
-1
3
-1
-2
4
-3
1
-1
-4
3
3
8
10
10
12
5
0
-1
1
1
6
5
1
1
-4
-3
-5
-8
0
0
-6
-8
-1
3
3
-1
-4
-2
-10
-8
-3
-8
-7
-3
-1
-2
-2
3
0
-4
-1
-5
-8
-12
-13
-7
-6
-2
-4
-7
-6
-8
-4
-5
-1
-2
-1
2
-1
6
10
2
3
-1
-3
-1
4
12
11
8
6
11
11
13
13
10
16
17
12
9
10
12
8
6
2
2
-2
-4
-3
-3
3
5
-1
3
0
-7
-4
-10
-7
-6
-6
-3
-4
0
2
-2
1
-1
0
1
-4
0
-2
-2
0
1
1
-2
-1
-4
-4
-6
-6
0
-4
1
1
2
-3
-7
-6
-11
-8
-4
-1
-2
-3
-4
-5
-9
-11
-8
-10
-11
-11
-5
-9
-9
-1
0
-2
2
7
10
12
9
13
8
5
5
4
8
1
0
-1
0
3
1
4
0
5
8
2
2
4
2
2
0
-1
-1
1
4
1
3
2
2
4
7
5
6
10
10
18
10
4
4
1
3
4
-2
-2
3
-3
-4
-3
-2
0
2
1
1
1
4
-1
-6
-6
-7
-10
-7
-5
-6
-9
-6
-7
-7
-11
-10
-4
-1
-1
-9
-2
-1
-6
-5
-7
-2
-5
-1
3
1
0
1
5
2
3
3
5
10
9
10
12
8
-1
0
-3
0
-2
-2
2
1
-1
-9
-4
-7
-8
-9
-13
-7
-3
-5
-6
-7
-8
-6
-4
-3
-2
-2
-1
3
5
6
6
6
11
10
13
9
5
8
7
7
6
11
9
9
16
12
8
9
7
7
5
-3
-3
-1
-11
-14
-13
-13
-9
-4
-3
-4
-2
-5
-7
-10
-3
-3
-3
2
0
-3
-3
5
5
4
10
3
2
3
2
-1
-2
-3
1
3
-1
-2
-5
-7
-4
0
-3
-7
-5
-9
-7
-3
-4
-5
-6
-6
-4
-2
-1
0
1
0
3
5
2
6
3
2
3
-1
3
8
7
5
3
1
2
-2
0
-2
-2
5
-3
1
4
-2
2
0
6
11
7
6
6
3
0
-3
-5
-9
-6
-5
-1
5
3
7
6
2
1
-1
3
-1
-2
0
1
-1
1
3
-1
1
2
6
5
-2
3
3
-2
-2
-1
0
-1
-2
-7
-12
-12
-12
-13
-13
-9
-7
-4
-5
-6
-1
9
2
-2
3
1
3
-2
0
-1
-4
0
0
-3
2
6
8
10
8
1
4
6
5
9
9
5
1
-1
2
1
3
2
-2
-1
-1
3
0
-3
-5
-6
-1
-2
-3
-8
-10
-3
-3
-7
-2
-2
-2
-5
-5
-4
-9
-2
-2
-1
7
4
-1
1
4
5
5
2
2
4
1
4
9
1
4
6
-1
1
8
6
4
6
4
7
10
6
7
6
5
6
5
8
8
3
2
2
2
0
-3
-1
-2
-2
1
-2
-2
-5
-9
-5
-12
-13
-9
-16
-15
-15
-15
-11
-8
-9
-6
-2
-1
-1
-5
-8
-13
-9
-5
-5
-11
-14
-9
-7
-6
-2
4
5
7
5
4
7
0
-4
-1
-4
-1
2
2
7
8
7
9
12
11
8
10
7
4
8
9
11
9
9
10
9
9
13
13
12
14
14
14
10
13
10
5
8
0
0
1
-3
-1
1
2
2
1
-1
2
-5
-6
-5
-9
-5
-7
-13
-12
-11
-13
-13
-12
-13
-14
-10
-7
-8
-9
-10
-8
-4
-2
-7
1
1
-9
-11
-17
-14
-12
-9
-11
-12
-6
-4
-5
-3
2
1
6
5
2
4
3
-2
-3
-3
-3
-2
0
3
2
4
8
13
11
12
15
13
15
10
9
13
13
14
10
13
18
15
7
7
11
10
8
11
10
13
10
4
8
1
1
0
-6
-6
-6
-8
-9
-8
-8
-7
-5
-5
-3
-5
-7
-5
-1
-5
-8
-5
-8
-7
-7
-9
-9
-8
-7
-3
-5
-5
-3
-7
-7
-8
-12
-11
-17
-16
-14
-16
-14
-11
-7
-9
-6
-3
-3
0
3
3
4
1
3
4
10
8
7
5
3
13
15
10
13
13
6
12
13
9
8
5
6
7
7
11
11
12
17
14
9
7
4
6
6
6
2
4
8
4
1
-2
-1
0
-3
0
-4
-8
-4
-1
2
-1
-2
-1
-4
-4
-8
-11
-4
-10
-11
-5
-9
-8
-10
-12
-14
-15
-12
-12
-12
-13
-12
-11
-7
-8
-4
0
-1
0
-6
-6
-4
-6
-4
1
-2
-3
0
-2
1
1
-2
3
4
1
1
3
5
9
5
5
9
5
5
8
11
3
6
17
14
18
16
11
14
14
7
8
6
2
6
5
4
2
-3
7
12
9
8
9
10
13
11
8
5
-4
-5
-4
-8
-10
-7
-4
-3
-5
-8
-14
-14
-5
-6
-6
-5
-6
-13
-16
-18
-25
-22
-17
-12
-12
-14
-6
-5
-4
0
4
2
-3
1
4
0
-1
-1
-3
-5
-4
-3
-5
-8
-2
3
6
8
9
9
7
5
4
3
1
2
5
2
7
9
9
8
7
12
10
6
3
8
12
6
10
13
10
6
2
5
4
2
2
-1
4
8
10
11
8
0
-1
-4
-7
-7
-7
-7
-12
-8
-10
-11
-7
-3
-6
-8
-5
-4
-4
-4
-2
-7
-5
-6
-16
-10
-13
-8
1
-4
2
3
-7
-4
1
4
8
9
8
13
10
9
5
1
5
0
2
3
2
2
0
-4
-2
1
-2
2
2
0
-3
-2
-2
0
0
-6
-6
-4
-2
1
5
5
3
2
3
6
3
7
9
4
4
3
0
3
1
-1
-2
5
4
0
3
-2
-4
-2
-2
-2
-5
-4
0
1
-5
-7
-8
-7
-7
-6
-1
-3
-3
-2
-6
-2
1
4
6
5
5
4
1
-1
5
6
1
-3
-1
9
7
1
4
1
-2
-2
-2
-2
-3
-4
-8
-9
-5
-1
-3
-5
1
-1
-6
1
1
-3
2
-5
-4
0
-2
0
1
8
11
8
5
5
13
4
3
3
-8
2
4
-2
-2
-1
1
1
0
0
5
7
10
5
-3
3
0
1
0
-8
-5
-4
-3
-4
-4
-2
1
3
1
0
-1
-2
3
-2
-5
-2
-5
0
2
0
-4
-4
-1
-2
3
5
9
8
7
7
0
-5
-8
-7
-4
-5
-5
-1
-1
-6
-4
-3
-2
0
3
-2
-3
-3
-8
-4
-9
-7
-3
-5
-4
-7
-2
-2
3
9
7
10
11
12
9
4
1
2
4
0
5
6
5
8
-1
3
10
3
2
4
0
-1
-4
-3
-4
-6
-3
-5
-3
4
-3
-1
3
1
3
3
5
-1
-4
-2
-2
-4
-4
1
-1
-3
2
3
-1
-1
-2
1
-1
5
5
-4
4
3
-2
2
-1
-6
-3
-3
-8
-8
-3
1
-2
-4
0
6
5
3
2
-3
3
5
2
-2
0
-2
-5
-2
2
0
-1
1
3
5
3
-2
1
-3
-6
-3
-4
1
-2
-4
2
-1
-3
1
-1
0
1
2
7
3
4
6
1
-2
2
-3
-7
-4
-3
0
3
2
2
3
4
4
1
3
4
3
6
-1
-4
-2
-1
-1
-3
1
1
1
-2
-3
2
0
-2
-3
-3
-4
-10
-10
-13
-18
-11
-5
0
-2
2
6
9
10
8
4
3
-2
-8
-5
-7
-5
-6
-5
7
12
7
5
4
9
13
12
12
9
5
-1
0
-3
-9
1
-5
-6
1
0
4
0
6
11
10
7
1
4
1
-2
-7
-12
-3
-5
-8
2
-3
-6
2
-1
6
4
3
8
0
1
0
0
2
-2
-2
-8
-7
-2
-4
0
5
2
2
4
4
-1
0
-3
-9
-6
-7
-7
-5
-6
-9
-15
-13
-10
-11
-7
-1
-5
-8
0
4
-1
3
6
3
4
2
2
1
1
9
9
9
11
16
12
11
6
6
4
2
2
0
4
1
4
11
6
4
6
-2
1
-1
-3
-2
-5
-5
-17
-11
-3
-3
0
2
3
7
10
9
7
7
-1
-3
-2
-4
-5
-4
-7
-8
-11
-10
-3
-7
-8
-5
-3
1
1
4
6
3
1
-6
-6
-5
-4
0
-3
-1
-8
-8
3
0
3
2
6
9
2
1
1
-1
5
8
10
7
3
9
6
3
5
1
-2
-2
-4
0
-1
-1
3
0
-6
-6
-7
-9
-8
-5
0
-3
-4
2
6
3
8
3
-2
2
3
5
-3
0
-3
-4
4
6
7
5
2
3
1
-7
-4
-1
-1
2
4
5
5
6
6
4
5
7
2
-2
4
-2
-11
-6
-6
-6
0
-3
0
6
3
0
2
4
-2
-5
-7
-6
-10
-10
-11
-12
-10
-7
-8
-8
-5
-9
-4
-1
-3
-2
1
7
6
7
0
-2
3
0
-2
0
3
2
1
3
3
10
8
13
9
1
7
7
5
3
2
3
2
4
5
2
0
1
1
-3
2
-2
1
4
2
4
2
6
6
2
3
1
2
0
-1
1
2
1
1
0
-2
-3
-4
-3
-3
-3
-2
-5
-8
-5
-2
-4
-4
-5
-14
-13
-6
-9
-9
-8
-9
-6
0
3
0
-2
-3
1
-1
-4
-2
2
3
-2
2
0
3
9
5
4
4
2
5
1
6
6
2
6
5
8
5
8
13
10
10
8
6
-1
-2
-2
-10
-8
0
4
2
4
5
3
-2
-7
-5
-11
-10
-1
-6
-10
-6
-3
-5
-4
4
2
2
9
5
6
6
-1
-1
2
-5
-3
-2
-8
-6
-9
-2
2
-1
2
0
0
0
-2
-4
-6
-11
-7
-5
-8
-6
-6
-4
-4
-4
-1
2
4
2
11
11
10
15
11
9
9
5
4
5
6
3
2
5
6
4
1
1
-1
-3
1
2
6
8
7
5
0
-7
-8
-5
-5
-11
-12
-4
3
-1
-2
2
3
4
-1
0
-4
-7
-2
-2
-3
-4
1
3
2
2
0
4
-2
-4
-1
0
0
-4
-1
-4
-7
-8
-11
-15
-9
-7
-9
-3
0
-1
0
-1
0
1
2
1
2
0
0
-2
-1
-5
-4
4
4
9
7
8
12
9
4
10
3
-5
5
3
0
3
-2
0
3
6
5
6
6
4
7
5
1
4
-3
-3
-3
-6
-3
-4
-2
1
-6
0
4
6
11
10
10
7
2
-2
3
1
0
2
2
1
-2
2
5
0
-5
-6
-3
1
-9
-10
-4
-12
-14
-13
-7
-11
-11
-6
-11
-10
-4
-1
-6
-4
1
-3
-5
-3
-4
-2
2
9
11
6
4
8
6
8
9
6
7
3
4
4
5
0
0
-2
-4
-4
-4
-3
-1
8
-1
-1
1
0
-3
-8
1
-8
-12
-3
-3
2
-3
2
4
-2
4
9
8
10
14
13
12
6
8
9
10
4
3
11
7
8
12
9
8
6
3
3
-5
-9
-10
-15
-9
-11
-10
-7
-9
-8
-7
-7
-4
-4
-8
-8
-7
-11
-11
-13
-12
-2
-5
-7
-3
-1
0
3
4
2
5
8
4
-2
1
0
-9
-5
-4
-4
-3
-7
-7
-4
0
2
0
4
3
-1
-2
6
8
1
6
8
9
11
8
7
5
4
12
14
8
13
12
6
14
16
11
13
11
8
7
8
6
1
-1
-4
-9
-9
-7
-6
-5
-3
-5
-6
-11
-11
-7
-11
-10
-16
-21
-14
-17
-15
-11
-12
-3
5
4
6
9
8
0
-1
-1
-3
3
4
-4
-5
-6
-12
-10
-8
-8
-8
-7
-5
-3
-6
-2
3
-1
-2
3
8
6
9
11
7
6
9
13
15
14
14
17
17
15
14
11
8
5
0
3
-1
-3
2
-2
1
1
1
6
3
1
5
4
1
-5
-2
-8
-11
-9
-12
-10
-11
-5
-4
-4
-1
1
4
2
0
1
