2
1
2
3
-3
-4
-3
-4
-7
-3
-3
-4
6
5
5
7
7
5
8
10
8
5
1
-2
-3
1
-1
2
5
3
7
12
8
11
13
8
7
0
-3
4
4
3
3
5
8
4
6
14
7
2
-1
-1
-4
-9
-4
-1
-6
-6
-5
-10
-12
-7
-5
-11
-9
-8
-5
-4
-5
-2
-3
-1
-4
-7
-6
-11
-12
-16
-15
-14
-16
-6
-6
-7
-3
2
2
5
7
7
8
4
9
9
11
13
11
17
12
12
11
7
6
7
5
6
3
2
5
8
5
2
7
0
-2
2
0
-3
-7
-1
-1
-6
-3
-2
-8
-4
1
-6
-6
-6
-3
-1
0
4
0
-6
-13
-11
-8
-4
1
2
4
2
5
13
12
10
8
4
-1
-6
-1
1
-2
-1
2
-4
-3
-3
-9
-3
-3
1
2
-3
-9
-10
-6
-4
-7
-6
-5
-1
-4
-2
8
2
0
5
4
-2
-4
-2
-5
-1
1
0
-2
2
4
3
7
8
3
1
1
8
9
3
4
5
2
0
3
2
3
2
-1
1
3
7
4
7
9
10
13
10
5
-3
-4
-4
-7
-6
-6
-7
-1
3
2
0
3
3
-4
-8
-8
-16
-16
-11
-11
-10
-8
-9
-11
-6
-6
-6
-4
-6
-2
4
5
5
4
9
9
2
1
1
3
-1
0
0
-4
3
5
5
8
9
8
5
6
9
5
-1
2
0
2
1
-4
-5
2
3
6
11
5
2
0
-1
0
-2
2
-3
-4
-5
-9
-9
-10
-11
-9
-3
-2
3
2
2
7
5
2
5
0
-5
3
2
3
5
4
10
6
1
6
7
9
7
1
0
2
6
4
-3
-2
-4
-13
-18
-17
-13
-7
-7
-10
-2
0
-2
-1
-9
-7
-7
-8
-1
-2
-3
-7
-9
-8
-10
-10
-2
1
0
4
5
4
1
4
6
10
5
4
12
16
15
11
12
14
10
10
16
13
6
7
0
-3
-1
-2
-5
4
4
-3
0
1
0
-4
-10
-9
-8
-4
-4
1
3
-2
-1
4
1
-4
1
5
5
1
2
2
-1
-1
-4
-3
-5
-4
-1
-3
1
1
-5
-10
-4
-7
-6
1
-6
-11
-9
-4
-7
-9
-11
-10
-6
-7
-2
-5
-6
2
0
-1
4
2
0
1
8
6
4
0
-3
2
5
3
2
5
4
4
0
1
-2
-8
3
3
3
-1
-2
6
4
0
-2
0
0
-1
1
0
9
12
11
13
10
6
4
11
9
6
11
1
1
5
-1
1
9
11
10
12
8
9
5
1
7
0
-10
-11
-8
-6
-9
-12
-12
-17
-16
-15
-13
-14
-9
-4
-8
-8
-11
-8
-10
-13
-11
-12
-6
-4
-4
2
6
6
5
10
10
8
10
7
6
0
-3
-5
-9
-4
-8
-6
1
-2
-3
1
1
0
8
16
15
13
9
4
-2
-4
-3
-8
-10
-8
-5
-1
7
9
6
6
4
6
6
5
6
1
-1
-2
-2
-1
1
2
2
8
7
7
10
13
14
9
8
4
4
2
3
3
1
0
-3
-2
-3
-5
-6
-4
-5
-1
1
-6
-2
-6
-9
-10
-12
-7
-12
-15
-14
-12
-4
-3
-5
-3
-1
0
0
-1
0
-2
-2
-5
-8
-5
-3
2
2
3
6
2
4
5
3
7
5
6
0
-1
4
4
2
0
-5
-2
5
6
5
5
6
0
4
5
-2
-5
-5
1
0
2
8
7
7
2
4
8
4
4
-3
-7
0
2
3
4
-4
-3
4
4
4
2
3
1
-4
-5
1
-3
-2
4
2
-3
-6
-2
-1
0
1
-3
-9
-4
0
-6
-5
-5
-3
-2
-9
-7
-4
1
3
-8
-6
-7
0
1
-1
4
3
9
8
2
1
-4
-7
-7
-9
-9
-6
-3
-4
-4
-1
7
6
2
8
7
6
4
6
8
8
9
3
3
-1
3
8
8
10
6
7
0
2
3
2
4
5
7
6
1
-2
-4
-8
-6
1
-1
-5
2
-3
-6
4
-2
-2
-5
-9
-3
-8
-7
-1
-9
-8
-2
-3
-7
-9
-8
-10
-4
-3
-2
1
-2
2
11
7
5
6
1
3
2
1
-2
-3
-3
-5
-4
-2
1
-2
3
5
6
2
-1
1
-5
-6
-4
3
2
-4
1
-2
-1
1
7
9
7
7
6
5
2
1
-1
-6
-2
-3
-3
2
4
5
7
4
0
5
8
11
10
7
7
5
-2
1
-1
-4
2
3
0
-3
-1
-2
-5
-7
-4
-3
-9
-8
-1
1
2
3
3
-1
-3
0
1
0
-3
-2
-4
-9
-6
-4
-7
-9
-10
-13
-13
-7
-5
-6
-9
-6
0
-5
-2
4
7
5
4
10
6
-1
2
6
3
2
5
4
7
2
-3
0
4
1
-4
-1
0
4
6
1
1
2
2
6
8
4
9
6
3
7
4
3
3
6
-1
-8
-2
1
-4
-5
-1
2
7
5
8
8
0
11
10
4
1
3
1
-2
-4
0
1
-7
-4
-6
-8
1
-1
-1
-1
1
0
-4
-5
-5
-4
-2
-4
-10
-8
-3
-5
0
2
-3
-2
-3
-2
-2
-9
-9
-9
-14
-14
-8
-5
-6
-5
-3
0
-1
3
5
1
7
-1
-4
1
-1
3
4
4
6
5
7
9
9
5
6
6
5
5
0
2
7
-4
-2
5
2
5
9
3
1
-1
-4
2
0
-1
1
5
10
5
8
10
3
2
2
2
3
2
2
3
2
0
3
5
9
3
3
5
-2
2
-1
-5
-9
-8
-3
-3
2
-1
-4
-5
-3
-3
-8
-9
-9
-9
-10
-9
-10
-7
-9
-9
-7
-9
-5
-3
-2
1
-5
-8
-4
-9
-4
-5
-4
-3
-3
5
0
2
1
-4
-1
1
3
1
-2
3
9
14
11
7
9
8
1
-2
-3
-5
-4
4
0
3
11
13
17
12
10
11
7
5
2
0
-4
-3
-4
-5
-2
-1
1
5
0
-1
5
7
12
5
6
11
6
6
2
3
1
-7
-5
-7
-2
-3
-9
-7
-6
-3
-10
-13
-7
-7
-7
-10
-9
-8
-12
-8
-5
-4
0
-3
-1
1
-5
1
3
-1
-1
-1
0
-1
5
-1
-2
7
2
-1
2
9
8
8
8
-1
5
1
-5
-4
-1
-4
-5
-2
-2
2
1
2
-1
-2
-3
-4
-2
-6
-6
2
6
2
1
-2
-1
-3
-7
1
8
7
10
13
7
9
10
7
7
2
2
1
-3
-2
-3
-2
-2
3
2
4
12
8
3
6
1
2
4
4
4
2
-2
-5
-8
-10
-6
-2
2
5
7
5
2
1
-5
-10
-9
-8
-8
-12
-6
-1
1
7
0
-4
-9
-13
-7
-4
-5
-6
-9
-9
-13
-15
-12
-13
-12
-5
-5
-10
-5
1
-4
-2
4
9
9
4
1
6
10
11
15
11
5
5
8
9
9
11
6
4
1
7
10
9
6
1
0
-2
4
5
2
8
13
10
8
14
11
6
4
-2
-4
-5
-8
-8
-1
-3
-3
-3
0
0
-2
-2
-6
-7
-1
-4
-7
-4
-6
-8
-10
-14
-9
-5
-1
8
7
3
2
-3
-8
-9
-11
-6
-4
-6
-4
1
-2
-5
-8
-7
-6
-6
-7
-8
-6
-1
-1
-2
-5
-4
2
2
3
-1
3
7
8
15
10
7
8
5
-5
-3
1
3
8
11
9
9
7
4
9
9
6
10
13
17
16
9
6
2
-3
-6
-9
-12
-8
-10
-8
1
2
1
0
0
-3
-4
-4
-5
-6
-6
-6
-10
-14
-7
-4
-6
-1
-3
4
9
3
5
3
0
-1
0
1
-3
-2
2
4
-2
3
4
-4
-5
-4
1
3
3
-1
-2
-8
0
3
2
4
-1
1
1
-3
-1
3
2
0
-1
-3
-1
1
2
5
4
3
0
1
3
1
-5
-5
0
-1
1
3
1
5
-2
-5
-4
-10
-10
-8
-9
-1
0
-2
-2
-7
-5
-3
2
0
4
4
6
3
-7
3
9
3
4
5
11
4
-2
2
-9
-7
-5
-9
-4
1
4
3
6
5
5
6
4
5
11
8
7
12
6
2
2
0
2
3
-1
4
8
9
7
3
9
10
-2
-7
-5
-5
-8
-7
-3
3
1
0
3
5
2
-3
-5
-4
-9
-13
-13
-19
-16
-17
-15
-13
-8
-5
-4
-3
-1
-2
0
5
3
-4
-3
-6
-12
-7
-7
-12
-4
-5
-3
7
5
7
7
8
10
8
4
3
3
-2
0
3
7
9
10
8
5
9
9
2
3
12
9
2
2
3
2
0
5
1
-5
-2
3
0
0
8
5
8
5
1
0
-1
3
2
1
2
0
0
2
0
5
1
-4
0
-1
-7
-5
-3
-10
-13
-10
-4
-8
-7
-6
-4
-6
-7
-8
-7
4
2
1
6
1
-5
-6
-6
-6
-5
-3
-3
1
3
5
4
6
5
2
6
-1
-3
1
-1
-8
-7
-8
-7
-7
-7
-3
4
6
6
8
5
3
6
4
4
8
-1
3
10
5
6
7
6
5
-1
-1
1
-3
2
6
5
3
4
2
2
2
-3
-4
-7
-9
-7
-1
-5
-10
-2
2
-1
0
0
0
-4
-6
-4
-6
-5
-4
-4
1
7
9
12
10
6
7
10
9
5
5
6
8
5
7
0
-5
-4
-4
-7
-8
-9
-8
-1
2
1
-3
-4
-7
-15
-12
-8
-10
-6
-7
-8
0
-4
-2
3
-3
-5
-2
1
-2
1
6
1
-1
3
6
3
5
3
-1
-3
-7
-6
-4
6
10
7
5
3
3
3
4
4
2
-3
-6
-4
-1
-2
-2
-2
-2
-1
2
6
8
14
9
11
12
7
9
11
11
10
10
5
3
4
0
-1
4
3
2
-2
-2
1
0
-3
-8
-9
-10
-12
-13
-9
-6
-9
-12
-9
-10
-11
-10
-11
-11
-10
-8
-4
-5
-3
-6
-5
0
-2
-2
0
7
10
6
3
1
4
5
3
-5
0
1
-1
3
2
6
3
2
6
3
-1
2
1
0
-1
-7
-3
-1
-3
0
5
7
8
10
8
6
11
10
8
8
6
3
1
0
0
0
-4
2
11
6
3
7
9
6
4
8
8
5
0
-2
-5
-9
-9
-12
-14
-4
-2
-6
-1
-3
-5
1
-2
-5
-1
-3
-11
-14
-11
-11
-8
-6
-6
-1
3
7
9
9
7
0
-4
-3
-6
0
-3
-6
3
4
0
-2
-2
-2
-7
-4
-6
-3
3
4
5
0
-2
1
4
-2
1
-5
-9
-6
-7
-6
-3
0
6
10
7
7
6
8
6
2
6
5
7
9
4
2
5
4
7
14
9
15
19
9
4
0
-2
-3
-5
-6
-2
1
-3
-5
2
1
1
1
-2
0
2
-3
-4
-11
-15
-7
-7
-8
-7
0
5
3
1
1
1
7
6
4
1
-1
1
-3
-5
-4
-5
-8
-6
-7
-5
-8
-7
-5
-9
-9
-2
-2
-3
-4
-8
-4
-5
-6
-7
-6
-3
3
6
0
3
4
6
4
2
3
1
2
3
1
5
7
6
10
10
5
9
11
11
14
11
10
11
6
-5
-7
-8
-6
1
0
-1
1
-2
-4
1
-3
-6
-4
-1
3
0
3
4
4
2
0
4
1
2
5
5
3
1
-6
-2
2
-1
1
2
-3
-2
2
0
-3
-3
-1
1
-2
-3
-6
-11
-10
-9
-5
-8
-9
-9
-12
-11
-5
0
-3
-5
-6
-7
-3
1
0
2
5
6
5
3
4
5
5
0
1
4
11
14
0
-7
-6
-3
-4
-3
-2
-3
-3
1
4
7
3
4
6
-2
0
7
7
5
1
0
3
2
2
2
3
9
6
6
10
3
0
0
-3
-8
-6
-5
-9
-5
1
7
10
4
9
5
3
4
-1
-4
-7
-4
-9
-12
-4
0
4
1
-8
-5
-4
-5
2
0
-6
-1
-5
-3
0
-3
-2
-5
-7
0
3
1
-1
-2
1
2
-2
0
2
8
4
-5
-2
-1
-4
-2
-2
1
2
5
11
13
14
18
15
6
0
-1
-5
-10
-7
-5
-7
-8
-1
-4
0
7
-5
-2
-4
-4
0
1
6
3
-5
-6
-8
-11
-6
-2
0
3
3
5
11
3
-3
-2
2
-2
-5
-1
3
1
-5
-6
-6
-11
-6
-4
-6
-2
-4
1
3
2
-2
-5
-5
-5
-4
-4
4
4
12
18
12
12
11
12
8
5
8
4
5
3
4
12
6
5
4
2
7
10
3
6
10
1
0
2
5
2
-3
-3
-4
-3
-7
-9
-13
-9
-7
-7
-6
-7
-1
2
-9
-10
-7
-6
-5
-14
-15
-11
-7
-5
-2
-2
0
3
1
-7
-9
-9
-9
-15
-15
-14
-18
-7
-5
-9
-8
-5
-4
1
5
8
14
12
9
11
6
6
10
4
2
4
7
8
11
16
15
16
18
16
21
25
20
19
17
10
6
3
3
2
0
1
2
-2
3
-1
-1
7
4
6
5
2
0
-6
-6
-9
-7
-11
-12
-10
-11
-12
-9
-13
-15
-14
-14
-14
-16
-10
-9
-12
-9
-3
-4
-6
-3
-4
-8
-13
-13
-10
-9
-2
1
-2
4
2
-3
-2
-2
0
-7
-3
1
-5
-5
-4
4
11
9
9
7
9
9
10
11
11
8
8
11
13
9
2
5
1
-5
5
8
11
14
9
11
14
14
12
7
7
-2
0
3
1
7
7
-2
-8
-10
-4
-2
-4
-2
-4
-1
0
-6
-4
-6
-9
-6
-6
-5
-5
-5
-5
-4
-5
-7
-7
-4
-8
-13
-12
-12
-12
-7
-8
-3
-1
-1
-1
2
4
2
3
1
5
5
-5
0
8
9
7
8
7
2
5
9
6
7
6
2
4
-3
-8
-3
-6
-10
-15
-11
-2
-1
-2
2
1
2
3
-2
-1
-1
-2
1
-4
-7
0
-1
-7
1
4
2
4
-2
0
5
10
14
17
18
15
12
18
12
-4
-2
-4
0
-7
-9
-4
-7
-2
-3
1
5
2
1
-1
-4
-3
-3
-2
-3
-7
-3
-1
1
3
2
3
3
2
3
4
4
-1
-6
-6
2
-1
-1
2
3
9
2
-1
-2
-4
-1
-5
-1
1
-4
2
4
1
-1
-2
-6
-6
-8
-13
-16
-12
-11
-8
-5
-11
-6
-7
-10
-14
-8
-4
-8
-12
-13
-6
2
4
2
6
13
8
3
7
7
5
7
3
-1
5
8
5
7
8
17
21
14
15
22
19
13
11
10
10
8
4
3
8
10
5
1
0
2
8
7
5
9
7
3
5
0
-4
-8
-9
-10
-12
-11
-12
-12
-13
-14
-7
-5
-9
-7
-5
-10
-9
-8
-17
-20
-16
-16
-15
-9
-6
-8
-11
-9
-5
-2
-4
-4
1
-2
-6
-3
-2
-4
-5
-6
-5
-2
2
5
8
13
10
11
11
13
11
7
11
9
7
-1
-3
7
4
3
6
5
9
8
3
5
11
10
7
4
2
4
4
-1
1
8
6
7
11
4
5
8
5
4
10
15
11
6
6
5
3
-2
-3
1
2
-1
-4
0
0
-3
-6
-12
-11
-10
-9
-15
-13
-9
-19
-21
-25
-26
-18
-18
-16
-15
-9
-7
-8
-11
-9
-4
-1
7
9
12
12
5
4
5
2
4
3
-2
-2
2
2
4
9
15
13
7
9
9
4
5
4
1
5
-4
-5
3
3
1
-1
0
5
2
-4
-3
-2
0
-4
-5
-5
-2
5
1
-3
4
8
7
12
8
12
12
7
5
0
4
-3
-1
1
3
7
-1
-1
1
6
1
-1
6
1
-9
-6
-3
-2
4
1
-4
-3
0
2
1
0
-3
-3
-6
-11
-7
-3
-4
-8
-10
-9
-5
-4
-11
-6
2
3
2
-4
1
3
-5
-4
-2
0
2
-3
2
7
-1
1
1
1
1
-1
6
7
9
7
2
-2
-3
-1
-8
-13
-8
-8
-4
0
-4
-10
-4
0
-2
-2
-3
-6
-9
-3
-3
-4
4
4
-1
4
6
7
8
8
13
12
10
10
8
10
14
10
4
6
3
4
4
5
12
16
13
14
11
5
7
3
2
-1
-7
-9
-10
-12
-14
-9
-8
-7
-9
-6
-2
-1
5
6
5
-5
-8
-8
-12
-12
-17
-16
-8
-4
1
1
3
2
1
0
1
2
-1
-1
-1
-2
-3
-10
-13
-9
-13
-11
-11
-10
-3
-7
-1
1
0
4
-1
0
-2
-3
-2
0
4
5
2
1
7
6
3
6
6
3
11
14
15
15
5
6
11
5
6
8
7
6
3
5
7
5
4
8
4
1
5
6
2
0
-1
1
2
4
7
7
4
6
-3
-6
1
-2
-2
1
-3
-4
-2
-2
0
-3
-8
-2
-5
-14
-14
-12
-8
-4
-8
-10
-5
-7
-5
0
-1
-2
2
-1
-4
-5
-5
-3
-3
-5
-6
-5
-5
-6
-7
-3
-3
-9
-2
1
-2
-4
-5
2
2
-2
5
2
-1
5
0
-4
2
1
-1
-1
0
1
7
4
8
7
5
9
-1
-3
4
2
1
6
11
13
10
10
8
7
9
10
8
3
3
5
4
3
-2
-1
4
7
6
5
13
8
5
6
0
2
3
3
0
0
-1
-5
-6
-10
-13
-12
-11
-10
-7
-9
-6
-8
-4
-6
-9
-8
-10
-10
-7
-4
-5
1
0
-6
-1
-3
-7
-4
-2
0
-1
-1
-2
1
5
-2
1
-4
-3
4
3
4
5
6
10
6
4
6
4
1
1
3
2
5
0
1
4
-2
-6
-6
-1
-6
-9
-11
-4
3
-3
1
5
1
3
4
7
6
4
5
1
-1
-4
-5
-4
-4
-2
-7
-2
3
1
5
5
7
5
3
3
1
1
-3
-3
0
5
6
0
1
2
8
6
3
8
4
5
4
-3
-8
-7
-7
-11
-10
-10
-2
8
1
3
8
7
3
2
6
5
1
2
0
4
1
-6
-2
0
-1
0
0
3
9
6
0
0
-3
-5
-6
-10
-12
-13
-15
-16
-11
-9
-5
-4
-3
-2
-6
2
6
-1
-1
0
-3
1
-5
-3
3
0
2
0
2
4
5
4
9
13
5
6
6
4
3
2
1
5
4
-2
-3
-5
-2
2
2
5
3
5
4
-1
-1
1
4
0
2
2
2
4
4
1
-3
-1
0
0
-6
-7
-2
-3
-7
-5
-3
-1
-1
-8
-5
-4
-1
0
-3
2
-2
-6
-3
-3
0
2
0
-3
-3
2
3
4
6
9
13
15
10
4
11
14
5
0
1
4
4
3
-4
-5
5
1
-4
-1
-1
-4
-7
-9
-5
-5
-6
-6
-5
0
1
2
-1
-4
-5
-5
-9
-10
-9
-8
-5
-8
-7
-3
4
6
2
1
8
12
6
1
-6
0
2
-3
5
7
1
-2
-1
1
2
-4
-10
-6
-2
0
-1
-6
-1
3
0
-1
0
4
4
-1
5
8
3
1
2
7
9
6
5
13
17
10
2
-1
0
1
2
-5
3
3
5
9
2
-2
6
4
-2
3
3
0
-4
0
-1
-3
-6
-6
-5
-9
-9
-10
-8
-8
-11
-18
-14
-4
-8
-9
-5
4
6
0
-1
1
0
1
-1
-4
-7
-6
-1
-1
3
3
3
7
2
3
5
1
0
1
7
11
8
4
4
6
4
9
7
7
8
6
12
7
1
6
0
-9
-6
-1
-4
-6
-2
-2
-2
-7
-8
0
1
-2
-3
-2
-3
-2
-1
0
-1
-5
0
-1
-3
-6
-8
-6
-4
-3
0
5
5
1
-2
5
3
-2
1
-3
-2
-9
-11
-7
-4
2
6
6
2
8
7
4
2
0
3
-3
-9
-3
1
-3
0
5
8
10
5
4
9
8
-2
1
-1
0
11
4
1
1
-3
-1
-7
-8
-10
0
11
9
8
8
7
6
2
3
5
3
-4
-9
-7
-9
-9
-6
-4
-3
-1
6
5
3
1
0
0
-2
-8
-11
-11
-14
-14
-16
-12
-9
-12
-10
-8
2
0
3
6
-7
1
2
-4
-8
-3
1
4
6
8
12
10
10
11
14
13
11
9
13
16
10
3
3
-3
-8
0
2
0
1
1
-1
0
3
0
-1
2
-1
-4
-8
-2
2
-8
-5
2
-8
-9
-4
0
-1
3
1
1
2
-5
-1
-3
-1
4
0
2
1
-2
2
1
-2
0
3
5
4
3
-1
-5
-5
-11
-12
-11
-5
-6
-7
2
1
-2
-4
-1
4
8
6
0
1
3
4
7
8
10
8
5
1
3
0
-2
-1
-1
-1
-2
5
11
6
4
6
2
-3
-2
-8
-9
-6
-5
-3
-3
-5
-1
-1
-2
1
3
1
-6
-5
-8
-6
-2
-6
-1
-3
-3
-6
-9
-9
-6
-3
0
2
0
0
0
2
4
4
2
6
2
2
-1
-3
0
-1
0
4
4
7
9
1
11
11
8
8
4
13
13
4
0
5
-2
-5
-5
-4
6
9
7
12
12
6
7
-2
-9
-7
-5
-4
-9
-7
-6
-5
5
3
0
1
-6
-8
-11
-10
-5
-6
-4
0
-5
-7
-10
-5
-5
-10
-2
-3
-3
-5
-6
2
1
-4
-3
-1
3
0
-1
2
4
3
-3
2
-1
-2
4
5
3
4
1
-3
2
-5
-8
1
-2
-4
-4
-4
4
6
7
13
6
2
6
8
7
3
1
1
7
9
6
10
10
9
6
-3
-3
4
2
-3
-3
1
4
-1
-5
-6
-6
-1
-2
-3
2
3
0
-4
-3
-6
-6
-6
-10
-8
-8
-8
-4
-2
-3
0
2
4
0
5
7
-1
7
5
-1
1
-2
-1
-3
0
3
-2
-2
3
6
9
5
1
-3
-7
-4
-3
-4
-5
-3
0
2
-5
-7
-3
-2
0
3
2
-1
-3
7
4
-7
-8
-3
-1
1
4
1
3
2
-1
3
-3
-7
-3
-2
1
-4
-5
0
-2
-5
-6
-4
2
2
2
7
1
-1
3
1
0
-4
-5
-1
1
1
7
7
6
12
12
12
12
6
6
10
3
2
5
6
6
0
-5
-4
-3
1
5
6
2
2
-2
-5
-1
-1
-4
-4
0
-7
-8
-4
-2
0
-4
-2
-2
-5
-3
1
-1
3
2
1
1
-7
-3
-5
-4
3
3
4
4
8
6
-2
-5
2
-7
-10
-7
-5
-2
-5
-3
-2
-1
0
-2
-6
-3
-6
-9
-5
-9
-10
-4
-6
-8
-4
-1
-5
0
7
2
6
4
8
7
1
2
1
1
4
4
4
4
4
5
9
6
9
14
9
6
2
4
2
-1
6
4
-1
1
1
3
7
-2
-3
6
3
1
0
0
6
3
1
2
0
-1
-5
-11
-9
-16
-8
2
3
5
-1
0
3
-4
-1
4
3
1
-2
-2
0
-2
-2
-1
-5
-5
-10
-9
-9
-9
1
-4
-8
-5
-10
-4
-4
-5
6
5
7
6
3
5
1
3
-2
-5
0
-3
4
2
-3
-3
-5
0
3
4
6
7
6
1
-1
-5
-9
-2
-3
-5
-2
4
6
7
9
10
7
5
2
0
1
-2
-2
1
2
3
-1
-1
4
4
2
0
3
2
2
8
5
3
-2
-1
-6
-9
-4
-10
-11
-7
-1
-2
-3
0
5
3
-4
-1
0
2
4
0
-5
-3
-8
-9
-10
-7
0
0
5
6
5
9
9
6
7
4
-5
0
0
3
5
5
6
1
0
3
5
1
2
2
0
0
2
2
3
-4
-8
-3
-5
-6
-9
-10
-4
0
-5
-10
-4
-1
-1
-1
-8
-11
-6
-5
-3
-2
2
10
7
9
10
7
6
7
7
3
0
0
1
3
3
1
3
-1
-5
-5
-3
-3
-8
-2
-3
-5
0
-3
-3
-3
-6
3
4
1
0
-2
7
4
0
2
0
4
8
8
3
0
-3
-2
0
-3
6
3
0
5
2
-3
-2
-2
-1
2
6
8
4
0
0
-1
0
-2
-7
-9
-6
-5
-2
2
-1
0
4
4
2
0
-1
-1
-4
-6
-6
-1
4
-2
-3
2
2
-3
-6
-4
1
5
3
0
2
-5
-4
-2
-5
-4
0
-1
-5
-6
1
2
-2
-2
0
3
-2
-3
5
6
1
3
4
4
4
1
1
3
5
0
-1
2
1
1
1
3
3
-1
1
-2
-4
-7
-10
-7
-4
-5
-2
0
-3
-3
-5
0
5
1
4
8
7
4
-2
0
5
7
10
9
10
14
9
7
10
11
12
7
6
4
2
2
-2
-3
-4
-5
-9
-9
-9
-5
-4
-12
-9
-5
-11
-6
1
-4
-3
-3
-3
-8
-4
-6
-10
-9
-5
-6
-8
-8
-10
-7
-5
-2
-3
4
4
-4
-3
0
0
-3
2
6
10
10
10
12
7
3
7
4
-2
3
7
10
7
3
8
7
8
7
2
5
-1
-5
-3
-7
-2
2
-1
1
1
-2
0
-4
0
2
-2
1
2
4
-2
-2
-4
-6
-4
-5
-1
-3
-6
-1
2
1
-2
0
1
3
4
4
7
8
10
9
1
3
-1
-5
-6
-4
1
2
5
2
9
11
2
1
1
-2
1
4
-1
-1
-2
3
2
-4
-1
-4
1
2
-3
4
4
0
-6
-11
-11
-13
-17
-16
-18
-13
-10
-13
-9
-11
-14
-7
-6
-12
-7
-5
-5
-5
-1
-1
-2
0
5
4
-1
4
10
11
10
11
14
9
7
12
8
6
1
-4
-1
1
2
6
13
14
12
11
16
17
9
9
8
-4
-3
-4
-7
-2
-3
-3
-2
2
5
13
14
17
14
9
12
11
10
3
1
1
-1
2
-1
0
0
3
5
-7
-6
-7
-15
-12
-9
-16
-16
-13
-10
-15
-20
-17
-18
-14
-10
-6
-2
-1
2
2
3
7
6
1
2
1
2
5
2
8
8
3
4
-3
-4
-5
-9
-8
-13
-13
-15
-22
-17
-17
-20
-21
-21
-18
-18
-14
-11
-3
-4
-4
0
3
1
0
4
5
9
8
14
20
15
12
16
17
16
22
19
26
21
17
29
26
20
15
19
24
17
18
21
19
19
13
13
11
6
6
9
9
4
5
1
3
2
-1
-5
-6
-3
-5
-8
-12
-14
-17
-19
-20
-20
-24
-26
-27
-30
-28
-27
-23
-21
-21
-21
-16
-16
-14
-10
-10
-6
1
-4
-1
9
11
13
16
17
16
21
18
14
13
11
8
3
3
-3
-9
-8
-4
-5
-9
-12
-12
-7
-11
-19
-17
-13
-13
-15
-21
-26
-13
-13
-21
-21
-26
-28
-32
-33
-30
-29
-22
-12
-5
3
11
20
29
32
37
47
54
57
59
62
66
65
56
56
59
52
53
55
48
40
39
36
30
27
17
15
5
-9
-11
-22
-28
-37
-43
-44
-44
-44
-41
-36
-33
-36
-45
-43
-45
-44
-40
-39
-41
-35
-27
-27
-19
-8
-5
-5
2
10
12
14
12
22
20
14
16
9
13
14
15
13
9
7
6
9
11
11
3
10
10
7
9
-1
-10
-11
-18
-25
-29
-37
-48
-51
-55
-57
-61
-61
-64
-64
-62
-65
-56
-47
-37
-32
-28
-8
7
20
35
46
64
81
87
91
101
108
110
109
107
112
109
102
96
87
80
67
55
49
41
27
12
1
-13
-30
-46
-57
-63
-67
-72
-81
-78
-78
-75
-74
-69
-54
-50
-50
-35
-21
-22
-20
-14
-7
4
9
11
18
21
20
28
46
46
45
34
25
25
6
-10
-32
-54
-83
-133
-151
-173
-194
-210
-256
-261
-245
-233
-205
-194
-166
-115
-65
-4
58
131
198
254
306
354
432
467
475
473
440
446
413
332
259
173
85
-19
-130
-228
-322
-416
-524
-600
-647
-680
-688
-722
-711
-651
-579
-483
-382
-259
-105
63
235
419
636
817
976
1142
1267
1445
1579
1627
1673
1642
1648
1652
1532
1392
1210
1021
850
609
348
81
-188
-450
-704
-945
-1165
-1350
-1519
-1662
-1760
-1821
-1845
-1840
-1798
-1718
-1612
-1490
-1338
-1166
-984
-789
-591
-386
-184
-5
173
337
473
590
676
736
766
773
754
708
649
567
471
366
257
148
30
-84
-181
-270
-344
-401
-432
-440
-427
-390
-328
-233
-116
17
168
343
532
708
869
1033
1185
1301
1388
1466
1498
1486
1441
1351
1217
1051
860
634
368
90
-194
-500
-801
-1072
-1346
-1590
-1801
-1998
-2133
-2230
-2277
-2277
-2229
-2119
-1984
-1802
-1569
-1306
-1018
-704
-375
-33
307
638
966
1278
1554
1794
2001
2164
2284
2350
2358
2325
2233
2089
1902
1676
1411
1119
813
477
129
-202
-529
-853
-1137
-1395
-1616
-1800
-1945
-2033
-2080
-2081
-2040
-1950
-1817
-1651
-1451
-1215
-957
-675
-383
-86
209
494
771
1022
1245
1432
1579
1686
1739
1751
1712
1629
1512
1361
1181
978
764
537
313
92
-122
-324
-503
-653
-781
-882
-952
-982
-980
-952
-884
-781
-647
-486
-306
-103
112
330
546
759
951
1114
1247
1352
1413
1424
1390
1297
1166
980
743
475
175
-151
-500
-858
-1212
-1550
-1873
-2165
-2420
-2630
-2790
-2895
-2938
-2926
-2844
-2699
-2505
-2249
-1941
-1589
-1208
-798
-367
77
515
938
1348
1728
2063
2357
2600
2794
2932
3013
3041
3004
2915
2771
2576
2343
2066
1759
1433
1087
719
363
15
-325
-638
-932
-1189
-1402
-1577
-1703
-1783
-1823
-1808
-1750
-1659
-1524
-1354
-1155
-947
-716
-483
-244
-9
215
438
630
795
933
1041
1112
1141
1134
1098
1023
916
787
623
443
253
64
-127
-314
-479
-625
-737
-833
-899
-935
-946
-916
-870
-798
-699
-579
-437
-283
-114
60
235
414
580
746
883
993
1083
1138
1162
1148
1098
1010
881
707
499
265
3
-283
-582
-884
-1180
-1462
-1721
-1947
-2139
-2305
-2415
-2466
-2473
-2425
-2315
-2156
-1948
-1694
-1405
-1071
-708
-332
71
474
865
1250
1608
1944
2248
2507
2717
2876
2982
3036
3028
2958
2845
2690
2479
2237
1961
1656
1325
981
643
296
-45
-368
-666
-952
-1220
-1446
-1637
-1795
-1916
-1995
-2027
-2023
-1978
-1893
-1772
-1622
-1446
-1244
-1034
-802
-566
-340
-116
95
287
449
589
701
786
837
850
842
798
730
639
523
405
268
129
-11
-147
-262
-371
-468
-546
-601
-638
-646
-629
-593
-529
-445
-342
-204
-62
93
256
426
588
742
884
1004
1108
1185
1239
1259
1249
1206
1127
1026
890
723
534
335
118
-117
-353
-589
-813
-1024
-1220
-1391
-1540
-1657
-1745
-1795
-1804
-1779
-1715
-1611
-1481
-1318
-1132
-921
-685
-430
-170
94
367
633
896
1137
1355
1548
1717
1851
1937
1996
2007
1962
1882
1762
1610
1416
1187
943
678
408
130
-145
-400
-644
-872
-1080
-1256
-1403
-1515
-1591
-1633
-1646
-1628
-1578
-1504
-1398
-1271
-1129
-963
-798
-615
-419
-235
-43
143
308
464
605
724
817
884
929
947
940
914
866
802
721
635
536
437
342
248
158
76
0
-73
-130
-173
-202
-211
-207
-169
-109
-36
61
172
299
430
560
688
812
926
1017
1097
1162
1205
1223
1209
1169
1104
1011
886
731
550
350
121
-133
-391
-666
-946
-1220
-1488
-1735
-1956
-2155
-2327
-2462
-2541
-2588
-2590
-2537
-2447
-2310
-2138
-1928
-1681
-1411
-1113
-799
-478
-142
191
512
824
1113
1378
1615
1819
1988
2116
2200
2247
2245
2203
2127
2004
1856
1672
1466
1239
991
741
487
228
-25
-274
-514
-725
-915
-1084
-1228
-1346
-1428
-1483
-1502
-1486
-1438
-1355
-1238
-1099
-942
-760
-567
-363
-152
55
253
437
608
760
894
999
1079
1141
1172
1175
1157
1125
1072
1001
920
825
720
608
499
392
284
186
92
10
-57
-107
-142
-159
-160
-143
-103
-63
-1
77
154
232
304
381
456
509
551
582
588
579
547
489
404
284
145
-18
-201
-405
-625
-857
-1091
-1318
-1545
-1755
-1952
-2129
-2278
-2387
-2468
-2511
-2507
-2466
-2379
-2245
-2075
-1862
-1614
-1334
-1023
-692
-340
15
373
734
1089
1421
1726
2010
2244
2444
2591
2680
2726
2721
2668
2574
2441
2255
2030
1790
1524
1232
920
608
299
-17
-318
-593
-838
-1062
-1263
-1421
-1535
-1619
-1662
-1670
-1641
-1572
-1473
-1346
-1190
-1004
-803
-587
-359
-122
119
338
538
736
911
1047
1151
1231
1287
1301
1285
1248
1183
1106
1007
901
787
658
520
390
264
135
8
-114
-215
-302
-376
-428
-457
-471
-462
-434
-387
-320
-244
-154
-55
43
150
239
314
392
443
467
476
454
414
339
233
111
-39
-214
-415
-628
-851
-1082
-1310
-1524
-1725
-1914
-2081
-2225
-2331
-2402
-2437
-2435
-2384
-2286
-2148
-1972
-1757
-1492
-1204
-890
-556
-207
160
517
880
1232
1563
1872
2140
2379
2583
2734
2842
2900
2902
2867
2778
2644
2475
2267
2024
1752
1466
1151
827
504
179
-139
-442
-725
-987
-1223
-1421
-1579
-1705
-1791
-1838
-1848
-1810
-1733
-1618
-1467
-1278
-1063
-827
-568
-305
-38
227
483
718
925
1102
1245
1348
1409
1431
1416
1365
1272
1150
1003
831
654
465
265
72
-113
-296
-454
-585
-702
-788
-845
-870
-870
-837
-782
-696
-580
-454
-307
-158
-1
160
311
450
571
670
745
791
813
795
743
663
536
383
204
-10
-248
-496
-752
-1022
-1284
-1548
-1796
-2018
-2218
-2378
-2499
-2578
-2614
-2605
-2533
-2413
-2246
-2019
-1752
-1439
-1086
-701
-288
130
563
990
1406
1800
2164
2492
2771
3004
3180
3313
3386
3399
3347
3239
3081
2866
2601
2287
1944
1566
1160
739
322
-87
-487
-863
-1210
-1517
-1783
-2001
-2168
-2285
-2348
-2356
-2313
-2224
-2075
-1887
-1667
-1419
-1142
-843
-538
-227
81
377
652
891
1091
1264
1394
1477
1517
1500
1451
1368
1250
1108
948
765
574
386
192
2
-173
-333
-481
-606
-709
-784
-837
-854
-836
-795
-714
-605
-479
-323
-148
23
193
355
510
650
759
848
914
951
958
931
871
779
652
485
292
77
-168
-433
-717
-997
-1280
-1555
-1821
-2066
-2276
-2459
-2597
-2690
-2735
-2725
-2666
-2548
-2374
-2158
-1891
-1580
-1230
-845
-432
0
443
887
1325
1740
2126
2492
2799
3058
3263
3397
3477
3486
3437
3333
3169
2943
2667
2349
1996
1609
1197
781
353
-74
-485
-875
-1235
-1562
-1848
-2086
-2274
-2406
-2480
-2508
-2472
-2375
-2233
-2047
-1815
-1543
-1251
-934
-600
-269
64
376
672
950
1186
1384
1539
1655
1709
1711
1675
1584
1455
1292
1100
886
658
423
185
-44
-257
-456
-636
-791
-915
-1004
-1060
-1081
-1065
-1009
-919
-798
-647
-476
-292
-98
105
312
507
679
836
978
1081
1156
1202
1206
1179
1106
998
859
676
475
238
-29
-311
-603
-900
-1193
-1479
-1756
-2005
-2225
-2414
-2564
-2671
-2725
-2728
-2672
-2575
-2427
-2224
-1981
-1683
-1346
-977
-583
-178
240
662
1081
1489
1869
2215
2522
2790
3001
3149
3254
3282
3239
3148
2993
2783
2518
2205
1861
1493
1092
678
271
-125
-512
-879
-1206
-1488
-1729
-1922
-2062
-2147
-2178
-2155
-2088
-1977
-1811
-1614
-1387
-1128
-849
-564
-279
9
290
556
798
1019
1204
1350
1456
1520
1553
1538
1483
1388
1255
1090
902
703
488
278
70
-142
-327
-497
-639
-755
-857
-919
-952
-960
-929
-866
-779
-663
-524
-368
-192
-7
180
353
525
684
816
923
1004
1051
1059
1035
981
890
760
596
405
182
-59
-325
-616
-904
-1195
-1491
-1778
-2035
-2259
-2462
-2630
-2754
-2826
-2846
-2815
-2732
-2592
-2393
-2146
-1848
-1507
-1129
-716
-283
159
602
1048
1484
1902
2282
2627
2928
3174
3363
3494
3555
3547
3483
3347
3156
2915
2627
2297
1926
1534
1128
714
294
-118
-503
-879
-1223
-1526
-1788
-1996
-2163
-2277
-2333
-2337
-2292
-2196
-2044
-1841
-1613
-1352
-1065
-766
-452
-144
157
449
715
948
1145
1305
1425
1491
1512
1497
1433
1330
1190
1020
832
621
405
179
-42
-250
-450
-629
-779
-900
-990
-1045
-1066
-1053
-1006
-929
-826
-697
-547
-388
-212
-25
161
344
529
698
856
991
1104
1197
1240
1262
1245
1180
1081
933
754
548
309
37
-261
-569
-876
-1186
-1494
-1787
-2052
-2288
-2497
-2665
-2777
-2843
-2856
-2816
-2727
-2568
-2360
-2106
-1801
-1452
-1071
-660
-226
222
683
1139
1576
1996
2397
2753
3058
3305
3502
3639
3703
3700
3620
3473
3257
2966
2638
2278
1855
1395
928
452
-22
-490
-935
-1344
-1725
-2063
-2347
-2560
-2712
-2818
-2846
-2806
-2713
-2561
-2359
-2106
-1807
-1477
-1124
-755
-376
-2
353
679
987
1260
1474
1645
1760
1823
1833
1785
1695
1567
1401
1196
969
739
499
259
19
-198
-389
-565
-703
-816
-891
-926
-934
-910
-845
-756
-645
-508
-358
-181
6
195
394
587
772
944
1094
1226
1323
1385
1419
1406
1350
1259
1118
932
706
445
152
-175
-518
-877
-1236
-1597
-1936
-2249
-2537
-2784
-2979
-3130
-3225
-3258
-3232
-3141
-2991
-2784
-2532
-2223
-1859
-1470
-1049
-603
-152
319
782
1235
1670
2080
2466
2804
3098
3340
3526
3662
3719
3712
3646
3514
3323
3065
2768
2426
2034
1615
1166
705
231
-248
-719
-1160
-1572
-1960
-2294
-2571
-2788
-2941
-3026
-3032
-2966
-2825
-2619
-2362
-2045
-1694
-1318
-912
-497
-86
314
687
1035
1350
1622
1842
2009
2129
2192
2204
2161
2077
1946
1775
1581
1349
1105
845
570
304
48
-193
-415
-614
-778
-905
-997
-1052
-1065
-1040
-984
-894
-782
-654
-514
-373
-223
-71
80
222
355
484
597
699
785
850
890
898
867
800
691
537
339
107
-174
-480
-804
-1138
-1468
-1788
-2083
-2351
-2578
-2764
-2903
-2987
-3021
-3002
-2933
-2813
-2641
-2415
-2138
-1814
-1441
-1035
-603
-145
334
815
1286
1737
2165
2555
2902
3203
3449
3645
3778
3843
3852
3802
3703
3536
3314
3037
2705
2332
1907
1443
959
458
-50
-547
-1027
-1471
-1879
-2242
-2544
-2778
-2942
-3043
-3070
-3027
-2915
-2742
-2517
-2231
-1907
-1548
-1160
-764
-349
60
456
838
1181
1487
1744
1952
2111
2204
2238
2210
2131
2011
1840
1638
1411
1161
902
651
402
167
-53
-267
-455
-615
-761
-885
-975
-1050
-1093
-1105
-1096
-1050
-981
-900
-795
-663
-524
-373
-224
-74
77
220
349
464
573
652
707
734
712
654
560
424
241
7
-255
-541
-847
-1160
-1478
-1783
-2059
-2311
-2524
-2683
-2796
-2844
-2841
-2780
-2658
-2482
-2255
-1981
-1653
-1295
-896
-479
-50
405
864
1309
1741
2152
2535
2879
3179
3445
3645
3789
3878
3906
3876
3777
3625
3419
3160
2845
2479
2086
1670
1220
753
279
-191
-657
-1117
-1538
-1915
-2260
-2557
-2803
-2983
-3096
-3149
-3128
-3035
-2878
-2665
-2398
-2071
-1696
-1292
-872
-438
-11
396
776
1115
1415
1660
1836
1954
2020
2024
1967
1856
1716
1550
1348
1127
903
685
467
240
28
-159
-328
-483
-614
-724
-809
-867
-912
-938
-944
-927
-893
-846
-782
-702
-599
-487
-370
-232
-91
64
209
338
464
580
672
725
750
727
667
564
400
202
-26
-276
-557
-860
-1148
-1416
-1678
-1914
-2114
-2278
-2397
-2483
-2515
-2495
-2429
-2314
-2147
-1922
-1654
-1340
-987
-597
-182
248
699
1140
1584
2014
2412
2776
3102
3377
3593
3751
3841
3879
3851
3754
3609
3408
3146
2831
2482
2100
1676
1217
742
265
-214
-697
-1170
-1609
-2017
-2382
-2706
-2979
-3179
-3321
-3395
-3401
-3339
-3204
-3020
-2779
-2483
-2139
-1766
-1375
-957
-535
-120
284
661
1007
1322
1595
1818
1991
2124
2196
2216
2201
2131
2023
1869
1697
1498
1266
1020
773
524
275
37
-185
-388
-564
-717
-848
-953
-1030
-1082
-1107
-1109
-1091
-1037
-967
-876
-755
-614
-459
-291
-101
89
271
445
603
732
829
886
898
866
779
646
459
237
-14
-295
-591
-891
-1187
-1470
-1739
-1983
-2187
-2354
-2477
-2548
-2572
-2529
-2432
-2290
-2092
-1837
-1544
-1209
-837
-445
-30
395
811
1220
1618
1996
2344
2653
2922
3153
3352
3496
3596
3647
3641
3585
3467
3290
3052
2761
2412
2015
1579
1120
633
127
-370
-855
-1313
-1743
-2128
-2465
-2751
-2977
-3148
-3243
-3276
-3243
-3151
-3007
-2795
-2534
-2231
-1880
-1496
-1087
-669
-253
163
559
921
1247
1528
1760
1952
2075
2150
2186
2162
2099
1999
1865
1697
1505
1295
1066
829
581
337
86
-157
-379
-593
-782
-941
-1077
-1182
-1241
-1266
-1259
-1221
-1159
-1066
-943
-816
-667
-499
-328
-150
27
212
390
551
700
820
914
973
996
965
880
750
567
336
76
-217
-538
-860
-1183
-1499
-1790
-2046
-2254
-2417
-2537
-2599
-2598
-2536
-2417
-2248
-2024
-1744
-1424
-1070
-683
-271
154
580
1009
1426
1824
2208
2553
2862
3133
3351
3512
3622
3680
3676
3622
3507
3334
3108
2827
2502
2134
1725
1285
818
332
-156
-649
-1132
-1595
-2029
-2422
-2767
-3066
-3299
-3457
-3554
-3578
-3523
-3407
-3219
-2955
-2638
-2281
-1878
-1440
-984
-519
-60
390
814
1209
1563
1871
2131
2336
2477
2558
2585
2557
2478
2355
2191
1990
1756
1496
1220
944
650
356
76
-209
-470
-706
-920
-1101
-1257
-1378
-1458
-1503
-1509
-1475
-1394
-1289
-1160
-1000
-809
-603
-391
-158
75
298
505
689
854
994
1094
1144
1149
1114
1024
873
677
438
158
-158
-490
-823
-1157
-1484
-1799
-2084
-2315
-2512
-2669
-2756
-2781
-2744
-2645
-2477
-2244
-1955
-1613
-1231
-813
-367
82
534
983
1409
1805
2176
2516
2812
3063
3270
3434
3542
3601
3605
3551
3450
3288
3059
2775
2441
2059
1631
1165
687
186
-331
-835
-1316
-1761
-2182
-2561
-2881
-3141
-3345
-3486
-3542
-3530
-3448
-3300
-3089
-2805
-2465
-2077
-1644
-1175
-686
-197
283
750
1182
1573
1913
2201
2437
2603
2711
2765
2770
2721
2623
2485
2311
2107
1864
1596
1318
1014
700
387
76
-213
-488
-736
-948
-1124
-1265
-1382
-1463
-1512
-1521
-1499
-1448
-1362
-1251
-1108
-943
-762
-556
-345
-129
99
319
521
702
858
972
1045
1059
1024
928
767
561
296
1
-319
-663
-1008
-1341
-1652
-1950
-2216
-2440
-2611
-2736
-2818
-2838
-2790
-2684
-2528
-2316
-2044
-1723
-1371
-983
-567
-131
312
745
1171
1586
1977
2332
2650
2943
3202
3407
3546
3651
3739
3755
3702
3583
3444
3253
2957
2614
2246
1842
1373
850
350
-121
-647
-1193
-1671
-2067
-2447
-2858
-3159
-3332
-3463
-3568
-3589
-3458
-3260
-3057
-2799
-2417
-1955
-1512
-1073
-577
-27
471
887
1304
1734
2106
2362
2559
2749
2902
2928
2855
2788
2699
2519
2237
1955
1707
1389
993
627
324
8
-360
-700
-934
-1142
-1382
-1595
-1714
-1778
-1861
-1932
-1927
-1857
-1796
-1739
-1622
-1439
-1250
-1075
-859
-590
-317
-82
150
419
669
857
990
1102
1178
1167
1086
973
817
598
312
10
-295
-626
-987
-1330
-1634
-1924
-2192
-2401
-2535
-2616
-2645
-2600
-2453
-2243
-1998
-1677
-1303
-888
-456
-31
420
868
1279
1657
2011
2347
2636
2873
3069
3237
3361
3432
3464
3456
3406
3303
3148
2950
2703
2405
2063
1687
1286
851
399
-51
-509
-966
-1403
-1801
-2168
-2501
-2791
-3025
-3195
-3314
-3366
-3353
-3266
-3124
-2923
-2655
-2336
-1975
-1578
-1147
-687
-227
223
666
1080
1459
1801
2078
2299
2465
2556
2591
2570
2502
2391
2225
2027
1809
1561
1293
1023
751
472
187
-83
-334
-568
-782
-970
-1123
-1253
-1358
-1433
-1468
-1483
-1464
-1414
-1343
-1246
-1133
-991
-833
-653
-456
-253
-47
166
371
550
712
841
929
978
970
909
798
633
416
163
-119
-426
-738
-1051
-1350
-1625
-1863
-2058
-2206
-2294
-2329
-2312
-2239
-2120
-1953
-1746
-1508
-1230
-923
-611
-276
70
418
763
1094
1420
1728
2013
2269
2492
2689
2849
2974
3044
3080
3084
3042
2961
2832
2670
2460
2207
1922
1601
1244
859
457
40
-377
-798
-1205
-1586
-1939
-2246
-2509
-2720
-2873
-2965
-3002
-2973
-2872
-2727
-2532
-2286
-1988
-1656
-1302
-922
-534
-137
253
621
984
1310
1588
1823
2014
2170
2271
2310
2307
2264
2172
2043
1878
1685
1464
1221
970
717
456
189
-63
-304
-536
-745
-930
-1096
-1225
-1328
-1409
-1458
-1472
-1457
-1413
-1348
-1257
-1138
-1005
-849
-674
-483
-288
-88
117
322
510
671
808
920
998
1008
979
909
780
593
357
98
-192
-505
-824
-1131
-1416
-1676
-1899
-2075
-2185
-2250
-2268
-2224
-2129
-1985
-1814
-1603
-1358
-1099
-831
-556
-266
18
299
582
857
1134
1398
1654
1904
2137
2358
2550
2715
2858
2953
3002
3004
2959
2873
2724
2529
2282
1981
1651
1281
879
460
27
-409
-829
-1223
-1585
-1905
-2171
-2387
-2542
-2624
-2651
-2617
-2531
-2400
-2218
-2001
-1746
-1471
-1174
-847
-523
-189
156
497
828
1137
1417
1673
1895
2065
2185
2261
2294
2261
2183
2057
1880
1674
1431
1161
876
575
276
-15
-303
-574
-817
-1033
-1228
-1395
-1522
-1625
-1699
-1748
-1755
-1733
-1692
-1614
-1510
-1385
-1231
-1042
-842
-627
-398
-160
84
325
551
757
938
1072
1161
1190
1165
1086
942
741
499
218
-93
-415
-738
-1038
-1329
-1586
-1793
-1964
-2082
-2164
-2191
-2162
-2094
-1990
-1851
-1673
-1472
-1251
-1006
-741
-459
-153
170
499
847
1196
1544
1874
2190
2484
2743
2966
3133
3250
3313
3328
3286
3195
3051
2863
2643
2370
2068
1736
1388
1018
625
230
-169
-555
-942
-1318
-1660
-1969
-2245
-2485
-2666
-2774
-2834
-2836
-2765
-2630
-2443
-2209
-1923
-1598
-1251
-885
-512
-141
229
570
878
1157
1396
1586
1739
1847
1913
1945
1924
1864
1777
1666
1514
1324
1123
895
647
378
107
-155
-417
-668
-901
-1105
-1289
-1431
-1534
-1595
-1620
-1613
-1564
-1480
-1366
-1243
-1105
-940
-763
-580
-399
-201
4
202
394
587
775
934
1066
1174
1237
1247
1207
1117
977
783
538
264
-32
-346
-671
-989
-1279
-1549
-1793
-2002
-2161
-2267
-2339
-2362
-2332
-2248
-2119
-1951
-1742
-1485
-1190
-879
-542
-187
184
548
912
1275
1619
1935
2220
2474
2696
2881
3018
3126
3199
3224
3210
3153
3061
2923
2737
2500
2215
1886
1527
1135
709
282
-158
-584
-991
-1373
-1699
-1988
-2224
-2399
-2522
-2588
-2611
-2589
-2519
-2407
-2271
-2093
-1882
-1648
-1387
-1104
-796
-472
-140
189
513
814
1090
1331
1528
1678
1782
1843
1845
1805
1719
1600
1446
1264
1064
844
610
372
136
-104
-334
-552
-747
-924
-1077
-1196
-1288
-1338
-1354
-1332
-1283
-1208
-1107
-990
-850
-706
-548
-383
-220
-46
127
299
470
636
785
914
1020
1086
1120
1109
1048
937
781
578
334
59
-239
-539
-847
-1148
-1420
-1673
-1900
-2092
-2238
-2349
-2418
-2441
-2428
-2368
-2261
-2108
-1909
-1665
-1373
-1049
-695
-309
94
505
915
1310
1685
2037
2348
2619
2846
3026
3171
3265
3322
3340
3310
3239
3117
2956
2760
2512
2235
1919
1567
1194
811
417
27
-358
-728
-1067
-1380
-1667
-1918
-2117
-2273
-2392
-2454
-2464
-2430
-2353
-2234
-2080
-1882
-1659
-1416
-1146
-863
-569
-279
13
300
566
798
1001
1178
1313
1407
1458
1473
1455
1391
1297
1180
1034
876
701
519
327
141
-44
-228
-394
-538
-660
-775
-860
-912
-947
-957
-945
-915
-865
-796
-717
-624
-522
-407
-288
-179
-66
53
163
266
359
442
505
553
586
597
579
527
443
322
176
1
-207
-435
-678
-920
-1163
-1395
-1598
-1790
-1946
-2062
-2145
-2178
-2170
-2107
-2009
-1870
-1689
-1467
-1215
-945
-649
-335
-15
312
635
963
1284
1582
1869
2140
2392
2616
2813
2979
3112
3213
3265
3276
3245
3183
3071
2909
2718
2485
2214
1907
1578
1238
881
502
126
-243
-600
-948
-1280
-1573
-1841
-2076
-2283
-2448
-2564
-2638
-2671
-2665
-2600
-2492
-2337
-2151
-1927
-1668
-1395
-1110
-818
-510
-223
47
306
542
753
932
1080
1193
1271
1323
1336
1318
1289
1225
1132
1027
908
777
637
484
341
196
50
-82
-202
-308
-404
-487
-545
-588
-630
-656
-663
-662
-650
-637
-606
-561
-511
-455
-390
-311
-229
-145
-64
16
85
148
190
212
224
205
164
96
3
-113
-246
-389
-542
-700
-863
-1019
-1160
-1287
-1390
-1465
-1513
-1537
-1524
-1478
-1402
-1303
-1173
-1021
-840
-631
-417
-193
56
312
573
838
1095
1345
1590
1829
2054
2263
2448
2615
2755
2868
2955
2999
3003
2975
2908
2794
2637
2444
2209
1938
1623
1285
938
572
188
-205
-579
-943
-1289
-1624
-1919
-2177
-2418
-2608
-2741
-2830
-2882
-2888
-2844
-2753
-2620
-2451
-2245
-1999
-1725
-1442
-1144
-821
-493
-174
127
420
699
952
1172
1363
1521
1645
1734
1781
1799
1786
1736
1652
1553
1424
1271
1097
910
715
509
306
104
-92
-276
-450
-609
-744
-866
-965
-1039
-1091
-1119
-1129
-1116
-1079
-1029
-959
-875
-787
-687
-583
-473
-365
-256
-158
-72
4
66
113
143
142
116
75
5
-80
-179
-300
-427
-567
-700
-822
-938
-1039
-1127
-1181
-1208
-1213
-1182
-1116
-1031
-912
-767
-597
-404
-196
33
267
512
764
1012
1261
1514
1751
1969
2176
2359
2522
2657
2753
2822
2860
2866
2825
2748
2644
2489
2293
2078
1831
1543
1225
885
540
172
-197
-565
-932
-1275
-1598
-1896
-2155
-2380
-2570
-2715
-2815
-2863
-2871
-2846
-2771
-2649
-2487
-2296
-2060
-1786
-1503
-1196
-871
-545
-212
109
414
709
973
1208
1404
1566
1699
1782
1824
1835
1802
1738
1640
1519
1384
1223
1050
869
676
491
302
111
-69
-240
-396
-543
-664
-765
-855
-924
-976
-1006
-1024
-1024
-1008
-982
-945
-903
-851
-792
-728
-662
-594
-529
-468
-412
-361
-318
-287
-267
-255
-247
-255
-274
-298
-329
-354
-382
-413
-438
-457
-464
-467
-462
-437
-404
-360
-305
-244
-164
-68
26
123
240
362
486
613
749
883
1023
1159
1293
1418
1526
1638
1725
1803
1867
1904
1931
1930
1901
1861
1811
1727
1623
1500
1354
1191
1002
800
580
354
115
-129
-376
-621
-859
-1093
-1298
-1496
-1670
-1814
-1943
-2021
-2072
-2106
-2111
-2076
-2009
-1916
-1794
-1648
-1474
-1284
-1082
-860
-625
-393
-172
50
268
472
651
812
955
1066
1165
1223
1264
1280
1241
1204
1149
1083
1000
891
785
678
567
456
343
226
117
6
-102
-200
-291
-383
-466
-537
-604
-652
-692
-727
-746
-759
-756
-741
-734
-718
-704
-675
-642
-620
-601
-587
-569
-545
-530
-524
-521
-519
-504
-482
-466
-437
-406
-366
-313
-261
-201
-133
-55
28
107
195
280
364
448
512
577
640
692
737
763
791
813
823
831
819
802
797
780
766
742
713
694
681
669
640
611
598
576
550
521
479
438
397
354
315
270
202
142
81
15
-54
-132
-202
-279
-361
-439
-498
-554
-609
-655
-703
-714
-712
-727
-724
-710
-685
-636
-602
-562
-502
-446
-383
-313
-242
-168
-105
-45
26
88
142
192
234
274
308
327
343
354
348
335
324
310
292
259
220
190
154
116
72
36
2
-36
-72
-106
-131
-158
-190
-217
-240
-255
-270
-285
-295
-305
-311
-312
-308
-310
-316
-311
-296
-293
-289
-286
-282
-262
-253
-235
-213
-194
-161
-127
-100
-64
-33
5
44
73
111
141
168
191
209
235
251
264
273
279
286
286
276
274
271
257
250
241
236
230
218
210
208
211
204
199
203
208
208
211
215
216
214
216
218
215
220
222
214
199
184
161
138
127
102
64
34
8
-21
-58
-91
-115
-143
-174
-198
-217
-236
-249
-268
-279
-285
-296
-299
-292
-284
-282
-276
-256
-240
-223
-208
-183
-144
-118
-88
-59
-29
2
33
48
61
85
94
101
106
112
121
119
114
108
103
94
75
57
45
19
-7
-28
-53
-74
-97
-124
-135
-149
-164
-165
-171
-169
-170
-178
-164
-154
-159
-158
-147
-140
-131
-122
-109
-92
-81
-70
-50
-24
-9
-1
21
42
59
79
98
123
140
159
168
178
193
196
201
200
197
197
188
183
180
165
149
133
113
100
91
77
59
50
43
34
33
30
26
25
26
38
48
51
58
67
71
81
85
90
96
92
94
102
93
86
79
67
63
49
38
28
12
-2
-17
-38
-54
-66
-81
-96
-107
-121
-133
-144
-158
-164
-170
-176
-179
-177
-176
-171
-167
-162
-155
-148
-135
-124
-109
-94
-78
-59
-45
-27
-7
6
16
32
45
45
59
67
73
72
72
79
77
74
61
61
59
49
42
34
33
17
4
-6
-15
-17
-32
-43
-47
-55
-64
-69
-72
-73
-72
-76
-68
-61
-59
-57
-61
-52
-45
-38
-27
-17
-5
3
20
31
42
45
50
67
70
76
80
80
88
90
91
92
92
88
79
70
64
58
43
34
31
22
13
8
2
-3
-5
-8
-1
4
12
20
33
52
71
80
91
105
119
128
125
130
135
127
117
114
109
99
83
70
58
41
27
10
-10
-29
-47
-64
-87
-110
-130
-152
-170
-182
-194
-210
-215
-213
-222
-225
-226
-226
-218
-210
-194
-178
-162
-141
-125
-99
-70
-46
-19
8
36
52
78
94
108
122
129
144
148
148
154
154
145
141
131
113
93
77
59
34
14
-8
-29
-47
-62
-77
-86
-104
-111
-114
-125
-133
-138
-133
-133
-130
-128
-123
-116
-113
-95
-83
-65
-44
-30
-10
12
27
47
68
87
99
109
127
133
136
154
159
160
162
160
159
157
143
132
121
108
93
81
73
62
47
34
29
25
21
21
20
23
32
35
38
45
52
55
62
72
80
93
103
110
117
122
131
137
135
128
117
111
98
80
67
44
9
-19
-48
-82
-119
-154
-188
-221
-259
-288
-318
-348
-370
-394
-408
-422
-426
-427
-414
-398
-378
-345
-323
-284
-235
-191
-136
-83
-26
28
77
124
171
209
245
275
297
321
335
345
338
331
324
313
300
278
242
213
181
139
97
56
20
-19
-49
-74
-105
-132
-156
-175
-188
-200
-210
-219
-225
-216
-212
-207
-187
-167
-143
-120
-91
-54
-32
-5
26
49
74
98
117
130
139
141
146
155
154
147
150
152
153
151
142
129
121
118
103
90
77
68
62
49
39
36
32
27
21
16
16
23
24
27
28
32
36
45
45
44
42
37
37
33
25
18
15
12
5
-10
-17
-17
-27
-38
-44
-54
-64
-77
-90
-98
-105
-118
-128
-128
-142
-150
-148
-149
-145
-141
-135
-127
-119
-114
-108
-100
-90
-78
-68
-58
-42
-26
-9
10
27
36
47
61
73
84
89
85
96
106
103
108
108
105
97
89
84
72
63
49
41
30
21
14
2
3
4
-6
-15
-24
-35
-35
-40
-54
-57
-64
-68
-69
-65
-61
-61
-52
-54
-51
-41
-45
-39
-38
-48
-44
-32
-20
-13
6
22
28
41
50
57
63
70
71
71
78
78
88
101
101
107
110
99
100
104
97
92
88
74
71
66
52
50
41
37
34
29
25
25
16
8
9
-5
-6
-17
-25
-24
-36
-43
-50
-55
-59
-58
-65
-76
-77
-73
-77
-82
-82
-79
-80
-80
-75
-79
-74
-73
-73
-74
-76
-70
-66
-72
-74
-65
-66
-63
-58
-50
-41
-38
-33
-30
-24
-17
-14
-3
11
23
35
46
60
62
71
77
77
84
87
83
83
77
70
68
60
49
43
37
28
20
19
9
2
-3
-18
-23
-33
-37
-39
-52
-60
-70
-72
-69
-64
-60
-52
-50
-46
-33
-22
-6
-1
8
21
25
34
41
42
43
45
48
50
47
51
59
58
58
54
48
46
40
42
39
33
27
20
23
13
4
5
-2
-6
-3
-9
-17
-14
-13
-10
-11
-16
-16
-14
-9
-4
-4
0
6
12
11
7
9
9
7
8
7
4
1
-4
-9
-15
-19
-22
-28
-33
-36
-37
-37
-44
-47
-49
-52
-54
-53
-51
-55
-55
-51
-52
-51
-49
-38
-36
-30
-19
-12
0
2
11
24
25
30
32
35
37
39
47
45
48
51
47
45
41
37
38
40
32
30
25
16
13
9
-1
-8
-13
-24
-30
-35
-36
-36
-42
-46
-47
-48
-48
-49
-42
-31
-29
-23
-10
-3
-2
6
19
24
30
36
36
41
50
52
57
61
62
62
61
64
63
57
51
49
46
44
41
31
24
16
7
-2
-12
-14
-18
-19
-22
-26
-25
-27
-24
-17
-14
-9
-2
5
15
18
23
31
31
29
31
29
24
25
20
12
5
-1
-9
-23
-31
-35
-43
-45
-55
-68
-72
-79
-82
-91
-99
-100
-102
-104
-103
-95
-90
-88
-76
-71
-58
-43
-36
-24
-8
7
12
21
33
45
50
58
67
75
80
81
86
81
78
82
77
73
64
57
57
44
31
23
11
8
-1
-17
-27
-37
-48
-57
-60
-72
-76
-72
-74
-74
-79
-76
-69
-64
-54
-37
-20
-11
2
16
27
43
54
63
73
80
87
90
91
94
100
99
93
92
83
71
65
59
53
45
33
24
12
2
-7
-23
-30
-36
-42
-42
-47
-46
-46
-49
-45
-42
-44
-36
-29
-23
-16
-3
9
12
20
29
32
33
35
38
37
36
34
29
24
20
12
7
-4
-16
-23
-33
-46
-61
-68
-73
-79
-81
-78
-81
-85
-79
-80
-78
-73
-70
-63
-53
-45
-39
-32
-22
-17
-14
-3
3
11
21
26
30
36
40
44
50
47
47
44
45
46
39
33
31
32
26
16
18
21
19
16
9
8
6
-6
-15
-14
-13
-14
-17
-18
-16
-10
-9
-9
-3
-3
-6
-2
4
4
3
1
6
7
6
6
6
8
8
4
6
5
-3
6
11
15
15
16
17
19
13
3
7
6
3
4
7
8
11
14
17
14
9
13
6
7
10
11
16
15
16
20
23
21
18
16
25
20
17
20
12
10
12
6
-9
-12
-17
-26
-23
-36
-39
-38
-45
-44
-48
-48
-45
-46
-46
-49
-49
-45
-33
-33
-28
-27
-30
-16
-13
-11
-6
-9
-1
8
10
16
16
16
17
17
21
20
19
22
19
14
13
11
10
12
6
2
4
1
5
2
0
2
6
3
-2
-1
-2
-3
0
4
3
10
8
11
14
7
5
7
11
11
9
10
10
11
12
5
6
11
4
5
2
1
5
3
-1
4
8
0
2
0
0
4
2
2
2
1
-4
-3
0
-4
1
4
-1
2
4
2
7
10
9
8
5
2
2
2
2
7
12
9
4
4
0
0
-4
-9
-6
-13
-14
-14
-16
-15
-10
-12
-21
-17
-17
-26
-26
-25
-26
-25
-22
-18
-16
-17
-16
-10
-8
-8
-4
-2
-1
-3
-1
4
0
8
13
7
10
10
10
12
13
11
7
-1
-5
-2
-1
2
5
3
7
4
3
7
4
-1
-9
-5
-3
-6
-4
-2
1
5
6
4
6
8
6
11
12
7
7
3
0
2
-1
-4
-3
2
5
3
2
0
-1
-1
-2
-4
-10
-9
-4
-8
-10
-1
3
8
9
4
3
9
14
9
5
5
6
13
10
5
8
15
13
12
18
20
22
27
30
28
25
21
20
16
9
7
0
-5
-6
-4
-3
-2
-5
-10
-8
-15
-17
-16
-19
-23
-19
-20
-23
-20
-24
-29
-31
-24
-23
-24
-24
-29
-23
-22
-25
-20
-18
-20
-19
-17
-15
-12
-8
-8
-9
-5
-5
-6
-2
1
5
-1
2
4
3
3
5
11
10
12
15
12
12
15
12
7
14
14
12
10
12
12
14
18
11
12
11
8
11
11
11
15
10
11
13
10
7
10
7
5
11
5
5
7
5
5
1
-7
-9
-12
-16
-8
-6
-6
-5
-4
-4
-6
-8
-5
-7
-6
-7
-5
-2
-4
1
2
1
3
5
9
11
13
10
10
13
8
4
9
3
2
6
4
6
7
9
7
7
9
9
5
1
-2
-5
-6
-4
-5
-4
-6
-11
-8
-12
-12
-14
-14
-12
-18
-17
-15
-19
-15
-17
-21
-21
-18
-13
-11
-7
-2
-3
-10
-6
-7
-10
-11
-9
-13
-13
-7
-10
-5
-5
-1
0
-1
-1
-4
-1
-2
1
0
0
3
-4
0
3
2
4
7
16
12
8
17
17
14
19
14
17
20
20
19
17
11
10
11
5
3
-2
2
2
3
7
8
9
9
10
7
4
8
0
0
2
-1
4
6
2
1
-2
-2
-4
-2
0
3
6
-2
-4
-4
-3
5
3
0
3
6
7
7
7
7
5
-1
-5
-5
-2
3
0
-1
-2
3
-2
-4
-3
-5
-2
-8
-7
-7
-10
-7
-15
-17
-11
-12
-8
-12
-14
-13
-10
-12
-12
-13
-17
-13
-14
-11
-11
-12
-10
-10
-12
-8
-7
-5
-3
-10
-3
-1
-4
-8
-9
-5
-7
-3
-2
-2
-2
-1
4
6
4
9
6
4
5
8
11
7
9
10
11
13
6
9
13
12
15
16
19
14
10
14
11
8
5
5
5
8
9
7
14
15
13
9
9
10
6
12
6
3
4
-5
-1
-5
-8
-5
-5
-6
-5
-7
-6
-5
-12
-10
-5
-6
-5
-4
3
-2
-9
1
5
4
8
9
4
3
4
1
-2
0
3
0
2
2
4
2
2
-1
0
4
-2
-1
0
-3
-1
2
2
0
-6
-5
-5
-13
-15
-18
-16
-12
-12
-8
-10
-16
-15
-16
-15
-13
-13
-6
-10
-16
-13
-18
-16
-16
-15
-10
-7
-1
0
1
3
1
-3
-3
-6
-4
-2
-4
0
0
4
9
10
14
13
15
15
14
14
12
10
5
8
9
9
14
16
16
14
15
18
14
15
18
16
16
13
11
13
6
6
5
3
8
6
6
7
1
2
3
-10
-11
-4
-7
-11
-8
-8
-8
-6
-10
-7
-6
-5
-4
-5
-4
-5
-5
-6
-10
-8
-6
-12
-6
-2
-1
-4
-1
5
1
5
5
5
4
6
10
3
3
3
-4
-2
-1
-1
-4
-3
2
-1
-1
-2
0
-2
-3
-1
-1
-2
-3
-7
-11
-15
-14
-10
-11
-10
-16
-3
4
-1
0
-6
-7
-1
-11
-17
-9
-11
-11
-16
-15
-3
-6
-4
-2
-2
1
-1
-8
-3
0
0
5
3
2
-3
-5
-8
-12
-6
2
5
6
9
15
15
13
18
20
24
26
22
30
32
28
27
27
20
17
20
16
16
13
11
9
6
11
8
-1
-10
-5
-6
-13
-8
-10
-8
-14
-12
-4
-12
-16
-16
-21
-21
-16
-19
-14
-8
-9
-9
-10
-9
-12
-7
-4
-9
-5
-2
8
4
4
17
7
6
10
11
8
4
1
2
3
-3
-5
-8
-9
-5
-4
-5
-1
4
6
1
-4
-1
-6
-8
-7
-1
-4
-3
0
5
13
0
9
16
6
0
4
3
-10
0
-12
-17
-14
-19
-23
-24
-16
-17
-5
-7
-6
7
9
-4
-6
-2
-15
-17
-13
-15
-10
-1
2
5
12
13
13
21
22
14
19
26
26
29
31
23
22
24
15
10
8
7
10
4
5
9
5
-4
-3
-3
-12
-12
-12
-11
-7
-9
-13
-12
-8
-13
-13
-10
-4
2
3
-2
-5
-7
-5
0
-5
-1
2
2
0
0
10
8
6
10
11
11
7
7
0
-1
4
-6
-14
-15
-16
-13
-13
-12
-5
1
2
1
2
2
3
-3
-4
1
-5
-6
-1
0
1
5
2
5
3
7
11
3
6
2
1
3
-2
0
0
-1
-3
-3
-2
-7
-7
-8
-3
-4
-7
-4
0
1
-2
-6
-8
-10
-6
-6
-13
-8
-3
-3
-4
-3
-4
-6
-5
-10
-9
-8
-9
-5
-5
-2
5
8
9
4
5
3
1
0
2
14
14
11
15
15
16
16
9
6
4
2
6
11
10
14
11
9
14
10
10
13
15
13
9
5
-2
-3
-3
-8
-11
-13
-14
-9
-8
-10
-3
0
2
-2
-4
0
-4
-6
-8
-4
0
-7
1
2
-3
-6
-8
-4
-4
-4
-1
3
11
2
3
5
-3
-1
-6
-12
-15
-8
-1
-2
-5
-2
5
1
-3
-3
3
4
2
-1
2
4
0
-1
-2
-2
2
5
-6
-4
0
-5
-2
-1
3
2
-2
0
-3
-4
-10
-18
-15
-15
-19
-25
-20
-19
-15
-7
-6
2
5
1
1
3
-2
-2
-2
0
4
5
2
7
6
5
13
10
16
19
14
14
11
14
14
14
13
17
15
12
18
21
18
16
17
13
14
7
6
4
-3
6
1
-1
4
-6
-6
2
-11
-11
0
0
4
-9
8
0
-18
1
-12
-5
-12
-4
-2
-17
6
-6
-5
-2
1
6
-1
-2
-12
-9
-14
-11
-22
-19
-14
-19
-10
-21
-13
-13
-15
-1
-3
4
3
3
1
-8
-3
-8
-14
-17
-10
-2
-7
0
8
12
11
14
12
9
15
10
7
4
3
5
-1
3
5
-2
0
7
10
16
21
15
10
6
0
-4
-8
-1
1
-13
-9
0
2
-2
-5
0
-4
-13
-5
-5
-8
-4
-1
-1
-5
5
5
-2
-3
-3
-4
-4
-1
1
3
10
10
13
19
13
5
4
11
10
8
12
13
6
2
13
13
7
13
16
10
4
1
-4
-1
-7
-11
-8
-6
-2
-4
-6
0
0
-2
-5
-4
-5
-12
-12
-12
-13
-8
-9
-11
-10
-6
-4
-6
-5
-2
-6
-6
-6
-5
-6
-9
1
-2
-4
1
-1
-5
-5
-1
-2
-2
-2
-5
-3
1
0
-3
-4
-7
-3
-2
-2
3
3
4
6
12
6
3
7
8
14
9
9
16
12
9
13
16
11
4
6
6
3
-5
-7
-9
-15
-10
-3
-1
-6
-7
-4
-7
-6
-13
-12
-5
-6
-3
-5
-3
-7
-5
3
-7
-2
-2
-3
4
2
2
3
5
10
10
7
12
15
16
13
8
9
17
12
8
13
9
7
4
1
4
3
2
4
3
2
1
0
-2
-9
-4
-6
-15
-18
-17
-16
-15
-14
-14
-10
-5
0
1
-7
-6
-6
-7
-2
2
0
-4
5
6
2
0
5
8
3
1
-2
4
4
-3
-1
-6
-6
3
-2
-2
1
3
1
-2
3
-1
-2
3
3
7
11
5
6
1
1
1
-2
5
3
4
1
-6
0
-7
-7
-10
-9
-10
-9
-4
-3
3
1
-3
-1
3
0
-9
-11
-12
-16
-18
-12
-9
-4
-1
-3
-2
-3
-1
1
-4
-5
1
4
2
1
7
11
12
8
11
22
22
21
22
21
20
19
10
15
18
11
8
5
5
4
5
2
-1
5
4
3
6
2
2
0
-4
-2
-5
-10
-10
-9
-13
-9
-12
-19
-17
-14
-11
-15
-15
-10
-14
-9
-8
-10
-9
-10
-9
-8
-7
-1
1
1
2
1
3
4
9
8
4
0
-3
2
-3
-1
3
4
3
0
4
4
-1
-3
3
8
10
7
4
5
2
4
2
-5
-3
1
4
2
2
2
2
5
4
1
-3
-7
-6
-1
-3
-6
-2
-6
-6
-1
-8
-6
-1
-5
-3
0
1
1
0
-2
-11
-17
-15
-15
-10
-9
-11
-8
-8
-4
-3
-2
2
5
14
20
16
18
16
13
17
16
15
14
11
14
20
23
21
21
18
11
12
12
12
12
6
6
3
-2
0
-3
-4
-10
-14
-10
-12
-10
-4
-4
-8
-14
-16
-11
-12
-22
-25
-20
-11
-10
-9
-4
-7
-14
-12
-10
-9
-5
-8
-5
2
-4
-3
-2
-5
-8
-5
-5
-5
0
1
0
-2
0
1
-1
-8
-9
-9
-11
-2
1
7
13
6
5
4
3
8
10
11
9
13
16
20
18
9
8
13
8
4
1
2
9
7
3
7
10
8
4
1
-1
-3
-5
-4
-8
-7
-5
-4
-4
-11
-6
-3
-6
-2
-1
-2
0
2
6
7
1
-3
-3
-3
0
0
-1
-3
0
-3
-4
-3
-6
2
8
7
4
7
7
3
-2
-4
-2
-7
-10
-9
-8
-4
-6
-7
-7
-6
-4
1
1
-1
0
0
3
-3
-3
1
0
0
6
5
3
2
1
3
4
5
6
0
-1
2
5
2
5
1
-2
3
6
5
6
5
8
3
-1
2
-1
0
-3
2
2
-6
-12
-10
-9
-12
-9
-6
1
-1
-5
2
3
2
0
-4
-5
-4
-3
-3
-2
-1
2
5
6
2
-3
-1
-5
-5
6
5
1
0
3
-1
-8
-6
-7
-5
-9
-10
-1
1
1
4
2
3
6
-2
-5
6
2
-5
1
1
2
2
4
11
10
9
9
12
13
12
10
3
2
5
7
5
15
18
10
15
11
2
7
-1
-3
0
-1
-6
-7
-3
-9
-12
-20
-21
-17
-12
-8
-12
-12
-11
-12
-13
-9
-7
-1
3
3
-1
-2
-2
-5
-5
-3
-3
-1
2
3
9
8
5
5
0
0
6
3
-9
-10
-3
-3
2
3
0
2
7
12
11
6
5
4
-4
-3
-5
-6
-3
-2
5
9
2
2
2
1
2
2
-1
8
4
-4
1
2
-5
-9
-5
-1
2
8
5
-2
4
3
0
-4
-4
-7
-2
4
1
3
1
-1
0
-3
-8
-10
-5
0
1
-3
-1
1
-1
-2
-2
3
3
4
4
-3
-3
-2
2
1
0
2
-1
0
6
4
-5
0
7
9
7
3
4
4
4
4
4
4
6
6
3
4
3
-1
-2
-4
-8
-5
-4
-2
3
4
2
0
1
-2
-6
-4
-3
-2
-2
0
-1
-5
-3
3
2
0
-2
-2
-4
-7
-6
-8
-4
-7
-8
-7
-5
-6
-9
-4
-2
3
0
1
10
6
5
2
-2
-3
-3
-2
-1
0
-1
-3
-3
-5
-7
-8
-4
-4
-2
1
5
5
1
10
11
7
14
12
13
9
5
12
6
6
2
-4
-3
-1
0
1
2
0
-1
-2
-3
-4
-5
-5
-4
-7
-7
-1
-5
-4
-4
-1
1
-2
2
7
7
6
15
10
7
6
-5
-5
-5
-8
-6
0
-1
-5
0
3
4
5
4
1
2
2
-3
3
7
7
4
-3
-9
-8
-6
-7
-12
-11
-5
-3
-8
-7
-1
1
0
-1
-7
-4
-4
-6
-3
-5
-2
2
1
6
9
6
8
9
7
2
-1
-3
2
1
-1
4
0
1
-1
-4
-3
-1
3
1
0
8
9
8
7
4
0
-7
-8
-10
-8
0
0
0
3
6
4
4
5
8
8
2
1
4
1
-3
-1
0
-3
-6
0
2
2
0
-2
2
-1
-7
-7
-7
-4
-10
-12
-12
-15
-12
-12
-11
-8
-6
-3
4
9
1
2
2
3
6
5
6
3
2
6
3
-3
5
7
10
11
10
13
12
9
13
8
3
1
-2
0
2
0
0
2
2
3
9
12
12
14
14
10
6
2
-4
-8
-5
-1
-1
-4
-4
-1
-7
-9
-7
-8
-12
-12
-11
-17
-16
-13
-12
-13
-12
-9
-8
-4
-7
-11
-11
-6
-9
-11
-4
-4
-4
-3
2
4
0
5
5
1
5
11
7
9
11
13
11
12
10
10
6
-2
-1
4
6
6
7
6
7
4
5
6
4
6
6
7
6
8
9
1
2
4
-5
-6
-3
-2
-2
-3
0
1
-2
-3
-5
-4
0
-7
-18
-15
-13
-11
-10
-11
-2
2
-3
-7
-8
-8
-12
-7
-8
-8
3
1
7
11
11
13
11
6
6
7
9
10
12
11
7
5
3
7
2
2
6
-1
8
8
-1
0
-3
-10
-10
-4
-5
-6
-9
-8
-3
-1
-1
2
-2
-5
-3
-3
-6
-3
-1
-6
-8
-6
1
4
0
-7
-4
1
4
-1
1
3
1
3
-1
-2
-6
-6
-2
0
4
9
9
6
12
9
7
5
2
0
-2
-1
-3
2
6
-3
-2
-3
-7
-5
-5
-2
1
-4
-10
-6
-7
-9
-5
-5
-7
-3
-1
6
2
2
9
4
3
5
5
6
4
8
5
-2
-5
-3
1
0
-5
-4
0
-1
2
2
-2
1
1
2
-1
2
5
5
4
5
12
12
9
8
6
6
3
3
-1
-3
-3
-5
-4
-7
-8
-3
-3
-1
2
1
2
2
3
4
8
11
5
-4
-6
-3
-8
-9
-7
-9
-12
-9
-5
1
5
-2
-8
-7
-2
-6
-3
-3
-1
-2
-10
-3
-7
-1
3
-7
-6
-3
3
4
5
6
2
4
-5
-5
0
-2
-8
-8
-5
0
5
-1
2
7
5
7
8
7
9
8
4
8
7
5
9
8
3
8
8
7
8
4
0
-3
-3
-5
-2
4
3
1
1
0
0
-1
-3
2
3
2
0
3
8
3
-1
0
0
-5
-6
-6
-6
-4
-7
-5
-6
-5
0
-6
-4
1
-2
-12
-6
0
1
-1
-4
-2
0
-2
2
3
1
8
0
-1
1
0
0
-5
-4
-1
-1
-7
-4
0
-3
