8
7
11
7
4
6
2
3
6
5
5
3
4
1
-5
-3
0
-2
0
0
-5
-3
-3
-6
0
2
-2
-5
-5
-2
-3
-12
-11
-5
-4
0
6
1
0
0
-4
2
1
-3
3
6
1
-2
-6
-6
-2
-5
-8
-5
-1
-3
2
2
-1
-5
-3
-1
-5
-2
-4
-5
-11
-13
-11
-10
-3
1
-2
2
7
8
5
5
8
8
8
3
0
-4
-6
-1
-5
-2
4
3
2
3
6
7
8
4
1
8
4
-1
-5
-5
-5
-5
-2
-4
-2
-4
1
4
6
9
5
6
-3
0
-3
-6
-3
-2
2
3
1
4
15
8
3
6
5
3
0
-4
-2
2
1
-2
0
3
-1
-2
1
3
4
2
0
4
5
4
3
2
-3
-6
1
1
2
2
-2
-1
-5
-5
-7
-8
-10
-6
0
-7
-6
-7
-7
-3
-6
-7
-5
-7
-7
-3
-3
-1
-1
1
-5
-4
-6
-7
-7
-10
-5
-3
-3
-2
2
-1
1
1
-3
1
-1
2
0
1
-1
-4
-2
6
8
9
16
13
8
8
11
12
8
7
11
12
11
8
5
8
6
10
11
7
8
6
6
6
12
12
10
7
1
2
4
3
3
-1
-2
-4
-5
-5
-10
-11
-6
-7
-4
-6
-11
-11
-17
-11
-16
-20
-12
-18
-15
-16
-20
-17
-16
-16
-14
-10
-11
-8
-4
-6
-7
-7
-3
-1
-3
-1
1
0
1
-2
5
7
5
7
5
5
3
6
8
11
11
10
10
10
13
14
17
13
15
18
15
11
14
14
12
14
14
9
9
5
3
8
2
2
-1
4
4
3
11
5
6
6
1
7
7
1
-1
-3
-9
-12
-11
-13
-18
-19
-11
-12
-11
-7
-8
-8
-11
-13
-9
-13
-17
-17
-15
-12
-13
-14
-14
-9
-8
-6
-6
-9
-9
-5
-6
-6
-4
-7
-7
-6
-5
-5
-3
-1
2
2
0
3
4
3
0
6
9
5
9
8
4
5
11
10
11
17
19
15
16
21
21
18
14
13
14
16
11
10
11
14
8
4
8
8
2
4
6
1
3
4
4
5
1
2
-6
-12
-13
-11
-10
-17
-14
-7
-11
-12
-11
-13
-11
-14
-10
-10
-9
-7
-7
-5
-4
0
-5
-5
-4
-3
4
0
-3
1
-2
-7
-5
0
-4
-10
-5
-3
-10
-8
-7
0
-3
-7
-2
-1
0
0
0
4
4
3
1
3
3
0
0
3
2
4
6
8
10
7
4
1
4
0
2
6
3
12
12
13
13
11
12
5
2
9
4
2
1
-7
-3
-7
-7
-1
2
1
1
1
-1
6
8
4
6
4
-2
-5
-4
-3
-4
-1
3
4
5
8
6
2
-1
-4
-7
-10
-8
-10
-7
-5
-6
-5
-7
-7
-11
-7
-4
-6
-4
-1
-4
3
5
0
-5
-6
-5
-9
-9
-9
-4
3
4
2
6
10
12
11
9
12
3
5
7
-1
-5
-6
-3
-1
-6
-4
-1
-1
4
1
-2
2
0
5
0
-3
-6
-8
-2
-1
1
-3
-2
2
1
1
3
4
5
5
2
2
0
3
6
3
-1
-1
0
0
-1
-1
3
2
0
-1
1
-1
-1
3
2
2
2
3
4
3
0
-3
-4
-2
-5
-3
5
6
8
7
4
8
3
5
5
7
3
-5
-1
-6
-8
-5
-6
-11
-7
-10
-8
-7
-10
-6
-9
-3
-3
-6
-7
-13
-10
-11
-8
-7
-6
1
3
4
3
5
6
3
3
6
11
10
8
9
7
8
3
1
8
3
-3
3
6
10
12
6
0
6
6
0
-3
-8
-4
-3
-1
-4
-2
3
-1
-1
-1
1
2
5
2
-1
0
1
1
1
-2
2
5
6
3
3
5
-1
3
4
2
0
-3
-6
-8
-10
-12
-6
0
0
2
-2
-6
1
2
-7
-8
-10
-7
-9
-14
-11
-11
-5
1
-2
-3
-1
1
1
-1
1
1
-5
0
-1
-1
-2
-2
0
-1
-1
2
6
5
5
2
1
3
1
2
-1
3
7
-5
-3
1
1
4
4
6
9
11
12
11
13
9
8
12
11
6
3
6
5
1
-2
1
2
1
4
1
2
3
3
-3
-5
-3
-5
-4
4
4
1
3
-2
-6
-6
-9
-7
-8
-13
-9
-6
-3
0
1
8
5
-2
0
-2
-5
-7
-9
-13
-13
-10
-7
1
0
-2
-5
-6
-10
-13
-9
-8
-8
-6
-7
-6
-5
-3
1
2
0
2
0
-1
-2
1
8
12
8
10
11
6
3
5
6
3
3
4
5
6
9
4
9
12
4
12
3
2
4
4
9
4
3
0
2
7
7
11
8
5
1
-5
-5
-9
-11
-8
-8
-3
2
1
0
-1
8
2
-1
2
-6
-7
-6
-2
-4
-5
-7
-10
-8
-6
2
0
-5
2
1
-3
-2
-2
0
-8
-7
-3
-7
-10
-3
-5
-4
7
4
11
6
9
12
5
3
-1
2
-1
-2
0
-4
2
0
3
9
2
3
3
0
-3
-3
0
-4
-5
-3
-2
-1
0
4
4
-3
0
3
-6
-4
-4
-10
-4
-4
-2
-2
-6
0
-4
-7
-4
-5
0
1
3
11
8
4
1
2
1
-1
2
5
8
7
6
5
0
5
0
2
6
2
5
2
-3
-1
5
6
-2
-2
2
-8
-9
-9
-4
3
-4
5
9
8
13
10
6
3
5
3
1
4
-1
-1
-3
-5
-9
-7
-4
-5
2
2
-2
-2
3
5
-2
-7
-9
-13
-15
-16
-14
-10
-11
-8
-10
-2
3
-3
3
6
2
5
7
3
3
-2
-3
0
2
1
-1
3
5
-2
0
3
3
8
10
11
7
-4
1
0
2
6
1
2
2
0
3
2
-4
-3
3
3
2
6
2
-1
1
-3
0
4
5
1
-5
4
2
-6
2
6
2
5
2
1
0
-6
-4
0
-4
-1
5
3
0
-1
1
4
5
4
6
7
2
-6
-8
-7
-5
-13
-10
-6
-12
-6
-10
-11
-4
-2
4
1
3
5
0
1
2
-1
-4
-3
-5
9
7
-1
7
2
0
1
-4
-1
-2
-2
-2
-7
-7
-7
-2
-7
-9
-5
-4
1
-1
3
9
9
5
9
13
7
-3
0
3
0
8
6
1
6
5
5
5
2
7
5
3
5
-3
0
2
0
1
7
5
9
16
10
9
8
7
5
3
-1
-5
4
9
2
-4
-12
-11
-6
-14
-9
-11
-20
-13
-13
-16
-10
-10
-11
-11
-9
-2
0
-3
0
7
1
1
0
2
7
1
4
-3
-7
-3
-7
-7
-4
-4
-4
-9
-4
-6
-3
3
-4
-5
3
8
3
5
13
6
3
10
7
5
5
8
6
4
14
6
1
8
7
8
3
4
6
3
4
4
9
8
3
9
7
1
1
7
7
5
6
2
-2
-3
-1
-4
-3
-5
-8
-10
-9
-8
-6
1
-5
-2
-1
-6
-5
-8
-8
-6
-5
-5
-9
-6
-4
-8
-8
-5
-7
-4
-1
-3
2
0
4
1
-5
-3
-4
-4
0
5
-8
-2
3
1
2
1
5
3
6
3
3
4
3
9
6
2
4
5
0
-1
-5
-1
0
0
2
5
4
2
-1
1
4
-1
-3
3
0
2
6
7
17
12
3
8
9
7
6
2
1
1
-5
-10
-8
-10
-7
-5
-5
-7
-5
1
-3
0
5
2
-2
-1
-2
-3
-1
-6
-7
-2
-5
-4
5
4
-1
3
1
2
2
-3
-3
-3
-6
-9
-3
-2
-4
-1
8
3
3
2
-4
-1
-1
2
3
0
5
3
-2
-5
-6
-2
-6
0
2
2
-1
-3
0
-3
2
0
-1
4
7
3
-4
1
1
2
1
-2
0
1
1
-3
-7
-2
0
1
1
-3
0
2
5
5
4
-1
-1
-1
3
3
2
3
1
-1
-4
-2
1
8
6
7
0
-6
5
5
2
4
5
1
7
11
7
12
11
7
2
-3
-10
-2
4
-4
0
2
-7
-10
-8
-12
-12
-6
-9
-7
-1
0
0
-5
-4
1
1
-2
-8
-8
-9
-5
-5
-9
-2
0
3
9
8
9
4
0
0
-3
-7
-7
-2
-1
-4
-5
-4
-4
-3
2
-1
-4
-2
-3
-3
-3
-1
2
6
-1
3
6
1
4
6
10
9
4
6
10
6
8
10
11
14
10
9
7
2
4
6
5
1
0
1
-2
1
-6
-10
2
2
-3
1
6
5
-5
-6
-6
-8
-9
-8
-8
-8
-3
-2
-5
2
2
2
-3
-5
0
1
2
-5
0
0
-4
-3
-5
-1
-10
-11
-8
-9
-6
-6
-1
-1
-1
3
5
-1
-4
-1
-6
-8
-4
-5
-7
-9
-10
-7
-2
3
3
3
9
10
11
8
4
6
-2
4
9
3
4
6
6
6
7
11
9
10
15
17
14
13
11
7
2
1
1
-2
2
2
2
-1
-2
1
-4
-4
-1
0
-2
-1
-3
2
-3
-9
-5
-7
-8
-13
-13
-17
-13
-5
-6
-8
-5
2
-2
-1
-1
-3
2
-4
-10
-7
-9
-10
-9
-7
-1
-1
-4
4
1
-1
1
-1
-3
-4
-1
1
-6
-4
-2
-1
-1
-2
0
5
6
12
18
14
14
8
4
6
7
1
-6
-3
-5
2
3
5
10
12
9
8
10
12
9
7
7
2
1
2
4
10
9
4
7
7
-1
3
4
-4
0
2
-3
-7
-8
-6
-11
-9
-6
-3
-7
-8
-2
-6
-7
-9
-10
-6
-10
-7
0
-9
-11
-11
-8
-4
-2
1
-1
-3
-1
-2
3
2
-1
1
-2
0
-4
-1
-1
-2
2
-3
1
7
1
1
0
0
4
5
6
5
-1
1
-2
2
1
0
3
-1
0
-3
0
4
2
-1
0
-6
-6
-1
-3
-4
4
2
-6
-9
-3
1
3
2
-1
2
-2
5
5
1
8
4
7
10
10
7
3
11
12
10
11
12
12
16
12
7
8
6
3
1
2
3
1
-1
-6
-4
-5
-10
-6
-8
-14
-17
-13
-7
-7
-3
-3
-5
-1
-2
-9
-4
-2
-7
-5
-3
-3
0
1
7
8
1
1
7
6
5
10
6
6
6
3
-1
-3
1
-1
-6
-3
-7
-14
-7
-14
-12
-13
-16
-13
-18
-15
-23
-26
-19
-18
-15
-16
-10
-7
-6
-6
-3
3
5
3
9
8
3
10
12
6
3
6
2
4
13
13
14
10
12
17
13
15
14
13
17
14
8
7
15
16
18
19
17
22
23
21
12
10
9
7
12
9
5
6
6
3
-3
-2
-1
0
-1
-1
-5
-8
-13
-16
-11
-15
-13
-16
-14
-14
-16
-8
-8
-10
-6
-7
-12
-8
-11
-12
-10
-10
-14
-18
-18
-18
-16
-9
-8
-5
0
2
3
8
6
6
3
-4
-7
-10
-7
-10
-7
-4
-7
-9
-13
-10
-8
-5
-4
-4
-2
-7
-6
-10
-9
-8
-8
-6
-4
2
6
11
9
13
18
16
13
10
12
13
7
5
4
1
-4
-3
4
5
10
11
13
21
17
19
24
24
25
23
25
26
17
21
21
18
20
18
23
24
20
16
12
7
7
3
5
5
-9
-10
-13
-19
-17
-13
-10
-16
-15
-9
-11
-6
-3
-9
-5
-4
-9
-15
-16
-19
-14
-9
-13
-16
-7
-2
-9
-13
-1
-4
-16
-12
-15
-9
-6
-8
-12
-15
-14
-20
-21
-23
-21
-25
-28
-31
-33
-33
-34
-33
-28
-26
-28
-16
-13
-13
-14
-5
1
0
7
3
3
8
7
7
10
12
14
11
13
10
10
11
10
13
12
10
4
13
25
27
35
38
50
59
60
60
62
65
61
60
58
54
52
45
41
31
27
30
26
29
22
15
15
7
0
-1
-6
-8
2
8
-9
-18
-3
-2
-19
-21
-17
-28
-38
-42
-52
-51
-45
-53
-60
-53
-54
-62
-56
-46
-58
-66
-51
-45
-50
-37
-27
-28
-30
-26
-24
-25
-18
-14
-10
-9
-4
-5
1
-2
-11
-1
9
6
5
8
8
0
-6
-4
-16
-25
-30
-37
-41
-48
-47
-43
-42
-30
-13
1
15
30
42
50
60
67
70
73
71
79
84
91
101
105
117
119
112
121
120
97
77
62
49
20
-11
-21
-29
-46
-60
-47
-30
-29
-20
4
29
32
29
41
46
32
24
17
1
-5
-14
-20
-26
-24
-17
-33
-38
-39
-48
-69
-101
-106
-111
-130
-141
-137
-129
-124
-112
-94
-74
-54
-43
-33
-14
0
4
3
6
10
9
5
11
17
14
14
17
25
31
28
34
43
46
42
33
35
39
37
30
29
35
34
33
34
39
47
50
49
51
48
29
16
5
-11
-25
-37
-42
-45
-48
-43
-36
-25
-17
-11
-5
-5
-2
4
6
14
18
17
19
23
36
45
49
59
74
82
93
93
79
69
49
14
-15
-28
-48
-66
-75
-73
-67
-65
-51
-27
-8
1
8
21
31
29
23
21
23
20
14
7
8
12
6
5
8
14
6
-12
-26
-30
-46
-74
-94
-105
-108
-121
-118
-106
-95
-81
-69
-46
-30
-20
-4
2
10
21
20
25
26
31
46
55
71
100
103
118
180
203
209
205
223
269
246
214
202
190
199
209
196
210
216
232
264
258
253
203
124
56
-51
-195
-341
-432
-536
-649
-708
-717
-654
-629
-622
-514
-390
-292
-241
-196
-112
-62
-36
-8
29
82
133
193
273
405
548
612
660
718
759
769
687
599
478
267
28
-185
-341
-479
-566
-619
-598
-501
-393
-223
1
256
453
596
698
762
746
672
614
565
483
362
289
269
247
222
234
266
247
161
37
-115
-324
-574
-832
-1082
-1305
-1487
-1624
-1685
-1639
-1530
-1373
-1155
-883
-608
-377
-176
13
172
282
340
379
431
485
510
501
545
636
673
650
669
729
725
647
600
608
577
506
460
445
426
400
389
383
387
407
411
385
370
378
340
239
135
22
-134
-321
-505
-688
-856
-960
-1033
-1140
-1195
-1123
-1040
-1037
-1015
-881
-758
-735
-720
-624
-491
-400
-329
-224
-55
144
299
393
539
766
898
895
914
1009
1038
923
791
719
638
483
275
109
26
-37
-150
-256
-228
-100
-35
-27
87
319
464
463
512
655
720
649
582
622
638
551
456
450
495
465
384
330
310
223
3
-234
-401
-579
-863
-1155
-1336
-1460
-1619
-1744
-1715
-1579
-1446
-1324
-1133
-889
-685
-524
-350
-145
35
151
226
301
356
377
389
432
501
540
537
530
547
570
586
599
627
645
637
610
579
563
565
574
580
583
577
568
542
491
460
425
359
219
30
-128
-286
-493
-745
-918
-1020
-1158
-1344
-1469
-1443
-1393
-1414
-1407
-1278
-1098
-1005
-978
-864
-639
-469
-384
-242
-2
232
380
529
766
1033
1183
1274
1396
1517
1571
1523
1462
1425
1310
1120
927
747
571
353
158
24
-58
-118
-161
-124
-15
106
194
294
409
496
510
470
453
418
343
256
215
212
208
186
190
212
179
83
-73
-274
-535
-855
-1193
-1528
-1838
-2119
-2307
-2410
-2424
-2338
-2185
-1947
-1659
-1349
-1024
-713
-437
-205
-12
152
295
400
476
550
654
756
839
920
1024
1146
1216
1247
1278
1303
1297
1208
1098
1027
957
847
703
622
618
610
560
543
611
712
744
694
675
701
632
396
131
-31
-217
-577
-1005
-1256
-1365
-1589
-1922
-2099
-2017
-1953
-2073
-2141
-1948
-1679
-1605
-1624
-1408
-1000
-740
-658
-454
0
427
627
802
1189
1610
1801
1848
2009
2234
2267
2091
1942
1880
1689
1318
965
739
516
190
-87
-208
-248
-329
-404
-348
-235
-160
-159
-108
2
59
40
-7
42
110
135
143
223
390
502
542
542
582
552
350
75
-214
-490
-877
-1312
-1664
-1923
-2145
-2389
-2498
-2458
-2339
-2231
-2061
-1752
-1412
-1089
-811
-467
-116
152
364
553
786
940
1039
1130
1246
1362
1396
1432
1475
1508
1478
1403
1361
1314
1259
1152
1063
1010
950
849
710
627
554
485
378
300
308
328
338
306
334
376
358
227
28
-124
-343
-667
-1076
-1403
-1629
-1907
-2203
-2432
-2449
-2421
-2461
-2457
-2317
-2059
-1920
-1822
-1617
-1309
-1015
-829
-559
-177
216
519
784
1160
1519
1775
1914
2077
2262
2310
2252
2144
2088
1908
1643
1353
1093
875
558
329
159
69
-23
-114
-62
-22
48
46
97
171
166
170
113
149
109
79
65
79
168
169
241
297
389
406
336
292
167
-12
-322
-632
-947
-1295
-1615
-1927
-2108
-2231
-2256
-2200
-2082
-1832
-1566
-1245
-960
-657
-343
-110
85
201
365
474
545
608
687
842
936
1034
1142
1300
1436
1454
1487
1520
1537
1423
1273
1177
1048
886
659
543
423
280
159
84
75
-7
-5
17
45
-2
-49
-1
-57
-206
-425
-528
-687
-992
-1325
-1568
-1693
-1968
-2262
-2418
-2395
-2362
-2461
-2404
-2175
-1894
-1752
-1642
-1303
-937
-660
-517
-206
265
603
842
1091
1576
1951
2116
2256
2482
2728
2662
2499
2393
2342
2102
1636
1336
1126
892
490
192
149
96
2
-133
-7
155
205
183
223
394
363
270
150
193
223
118
110
195
411
469
523
649
777
770
545
381
160
-171
-661
-1136
-1468
-1845
-2212
-2499
-2567
-2546
-2553
-2454
-2225
-1917
-1704
-1510
-1246
-974
-791
-702
-522
-302
-138
-13
168
450
690
861
1047
1282
1472
1536
1534
1562
1566
1441
1253
1099
998
825
589
422
321
239
49
-82
-115
-124
-162
-259
-194
-89
29
48
120
332
453
498
393
423
422
225
-94
-413
-542
-848
-1252
-1615
-1747
-1801
-2067
-2202
-2165
-1945
-1877
-1875
-1626
-1298
-996
-882
-601
-174
183
433
660
1099
1453
1664
1813
2058
2329
2370
2339
2362
2460
2361
2098
1930
1821
1612
1191
893
750
546
222
-56
-53
-55
-177
-277
-182
-17
-51
-123
-85
42
15
-125
-155
-53
45
-1
19
182
365
398
320
325
311
115
-304
-703
-1015
-1425
-1952
-2424
-2680
-2875
-3083
-3186
-3066
-2821
-2641
-2457
-2157
-1764
-1459
-1231
-950
-608
-328
-145
83
410
734
947
1144
1397
1653
1785
1850
1955
2041
2007
1841
1718
1620
1476
1236
1025
908
754
573
380
339
317
239
143
124
230
241
254
313
530
704
720
832
1025
1246
1187
1053
1011
913
601
64
-291
-609
-1043
-1657
-2130
-2284
-2477
-2700
-2891
-2717
-2473
-2393
-2292
-2041
-1550
-1297
-1168
-1014
-678
-342
-267
-81
236
703
959
1160
1578
2066
2467
2543
2690
2855
2863
2577
2156
1919
1558
1077
489
133
-17
-259
-450
-544
-373
-247
-213
-130
9
178
120
46
-6
-18
-72
-199
-210
-162
-70
-27
47
159
226
193
53
-88
-305
-616
-998
-1343
-1640
-1967
-2248
-2398
-2398
-2388
-2347
-2181
-1910
-1652
-1465
-1229
-933
-663
-478
-309
-71
187
400
602
852
1144
1426
1673
1901
2111
2281
2390
2415
2340
2223
2067
1857
1558
1242
993
774
550
307
186
141
100
5
-69
-33
-34
-67
-160
-149
-70
-12
20
54
219
364
446
387
337
311
120
-236
-694
-1027
-1392
-1908
-2447
-2778
-2901
-3104
-3302
-3299
-3053
-2822
-2725
-2535
-2190
-1816
-1592
-1424
-1102
-666
-290
5
417
1019
1641
2115
2533
3072
3592
3841
3851
3843
3835
3565
3027
2487
2066
1590
953
397
108
-44
-252
-391
-292
-63
94
150
275
446
467
303
139
61
-66
-270
-407
-367
-225
-118
14
287
581
717
712
676
559
225
-290
-826
-1331
-1898
-2499
-2943
-3165
-3290
-3364
-3274
-2965
-2594
-2277
-1951
-1571
-1203
-954
-790
-603
-382
-205
-60
156
455
790
1115
1432
1776
2091
2305
2419
2459
2409
2249
2002
1712
1406
1077
758
486
289
135
-3
-96
-136
-145
-188
-267
-320
-315
-340
-421
-431
-303
-119
-4
120
395
745
930
919
942
1029
898
439
-60
-388
-780
-1439
-2105
-2456
-2611
-2868
-3147
-3116
-2774
-2480
-2346
-2072
-1533
-1002
-718
-502
-74
452
769
934
1280
1824
2249
2454
2718
3183
3546
3587
3515
3528
3452
3060
2479
1996
1573
987
304
-197
-471
-726
-1039
-1194
-1103
-991
-1006
-1010
-856
-685
-688
-767
-699
-544
-493
-517
-395
-107
114
189
307
537
645
489
240
50
-217
-725
-1337
-1800
-2153
-2575
-2998
-3194
-3141
-3036
-2937
-2697
-2268
-1830
-1500
-1179
-783
-423
-195
-14
232
509
717
915
1210
1576
1905
2176
2470
2792
3012
3060
3031
2983
2819
2480
2052
1672
1295
830
372
46
-180
-410
-622
-705
-681
-670
-696
-682
-594
-499
-473
-454
-347
-166
-11
79
221
464
684
744
690
678
635
365
-101
-555
-917
-1366
-1963
-2480
-2742
-2876
-3056
-3165
-3009
-2650
-2344
-2117
-1772
-1280
-855
-609
-384
-19
380
634
839
1200
1689
2121
2440
2805
3255
3602
3727
3712
3658
3484
3076
2483
1891
1325
713
73
-471
-810
-1019
-1181
-1253
-1160
-959
-799
-697
-559
-400
-331
-382
-429
-407
-397
-437
-430
-312
-158
-42
39
138
235
213
52
-175
-434
-759
-1207
-1673
-2045
-2342
-2600
-2785
-2800
-2636
-2405
-2148
-1797
-1365
-951
-609
-307
-12
254
443
578
751
963
1166
1364
1590
1866
2140
2332
2480
2614
2672
2613
2441
2227
1983
1649
1247
849
506
176
-164
-442
-631
-739
-815
-871
-855
-778
-684
-620
-559
-461
-356
-296
-270
-218
-104
-5
62
146
262
387
441
400
315
190
-38
-395
-823
-1239
-1644
-2062
-2446
-2701
-2789
-2763
-2644
-2395
-2009
-1558
-1129
-721
-316
62
351
546
721
910
1087
1258
1471
1764
2105
2434
2753
3058
3303
3400
3351
3176
2867
2406
1823
1197
560
-58
-621
-1083
-1406
-1593
-1676
-1654
-1516
-1303
-1074
-837
-605
-400
-243
-156
-115
-104
-121
-150
-186
-207
-196
-171
-133
-108
-96
-116
-193
-324
-528
-779
-1048
-1322
-1587
-1811
-1953
-2001
-1972
-1848
-1625
-1338
-1016
-680
-342
-24
242
462
654
807
931
1041
1145
1252
1352
1460
1560
1634
1680
1688
1657
1559
1420
1249
1027
791
537
291
74
-122
-285
-401
-465
-481
-456
-417
-347
-247
-146
-77
-30
33
99
137
146
198
269
318
364
405
452
467
408
268
81
-140
-419
-782
-1160
-1467
-1733
-1995
-2201
-2255
-2190
-2094
-1935
-1676
-1353
-1042
-751
-465
-190
53
239
378
513
672
833
978
1164
1414
1680
1903
2117
2345
2506
2539
2449
2285
2015
1614
1121
577
38
-461
-917
-1292
-1525
-1602
-1565
-1456
-1252
-951
-653
-416
-214
-32
76
77
23
-23
-70
-121
-153
-140
-58
58
170
280
380
447
441
336
159
-59
-345
-682
-1006
-1284
-1494
-1642
-1684
-1586
-1408
-1174
-872
-521
-185
109
366
568
708
784
823
836
836
845
869
909
963
1040
1122
1182
1218
1230
1194
1088
932
744
528
283
32
-188
-361
-487
-555
-566
-524
-448
-346
-240
-144
-56
0
22
20
5
-20
-46
-63
-48
-13
16
57
89
86
27
-80
-242
-476
-778
-1104
-1428
-1746
-2041
-2271
-2396
-2422
-2363
-2204
-1935
-1592
-1209
-812
-394
23
388
698
976
1237
1450
1609
1753
1897
2025
2101
2167
2255
2324
2326
2267
2198
2060
1789
1422
1040
615
108
-391
-810
-1140
-1410
-1588
-1606
-1487
-1309
-1089
-782
-430
-124
105
298
452
518
494
442
414
402
394
398
455
550
605
583
506
403
220
-86
-458
-812
-1173
-1562
-1928
-2174
-2299
-2348
-2291
-2103
-1799
-1454
-1119
-780
-444
-154
69
256
428
580
703
820
939
1071
1207
1335
1455
1549
1625
1650
1599
1478
1298
1081
816
532
281
91
-60
-172
-202
-154
-79
-12
81
194
267
251
208
186
110
-26
-143
-167
-149
-163
-146
-20
138
170
97
56
18
-212
-629
-1017
-1313
-1689
-2204
-2621
-2768
-2800
-2882
-2873
-2568
-2072
-1647
-1289
-809
-198
302
550
754
1079
1365
1425
1375
1475
1690
1773
1718
1774
2000
2150
2077
1977
1994
1932
1617
1182
843
540
84
-446
-801
-953
-1094
-1243
-1205
-925
-590
-329
-16
409
785
981
1076
1183
1251
1158
962
828
749
624
471
383
402
394
276
138
34
-133
-457
-870
-1257
-1633
-2064
-2480
-2760
-2893
-2947
-2925
-2735
-2385
-1997
-1597
-1136
-647
-215
140
455
738
941
1084
1212
1319
1406
1495
1589
1677
1742
1778
1808
1793
1706
1579
1429
1241
990
707
466
265
58
-131
-235
-255
-261
-257
-200
-108
-49
-37
-23
-22
-91
-208
-309
-394
-518
-654
-732
-751
-800
-903
-963
-981
-1048
-1226
-1406
-1507
-1620
-1832
-2042
-2115
-2084
-2058
-2019
-1819
-1469
-1105
-761
-363
128
596
950
1227
1498
1742
1852
1853
1862
1897
1882
1806
1762
1782
1810
1786
1741
1715
1655
1510
1283
1021
742
437
117
-163
-375
-503
-535
-488
-347
-124
141
417
674
880
1022
1090
1075
967
783
561
317
57
-204
-433
-596
-732
-878
-1005
-1115
-1234
-1416
-1651
-1884
-2132
-2403
-2670
-2866
-2954
-2964
-2887
-2689
-2352
-1928
-1468
-965
-421
121
588
968
1309
1591
1765
1834
1870
1918
1929
1881
1847
1868
1893
1859
1790
1753
1705
1578
1367
1149
948
712
422
137
-71
-236
-392
-536
-621
-635
-613
-603
-606
-573
-485
-430
-442
-445
-375
-283
-281
-306
-249
-140
-121
-221
-297
-312
-411
-656
-928
-1104
-1249
-1501
-1786
-1920
-1904
-1897
-1935
-1858
-1589
-1275
-1053
-827
-452
-23
289
495
750
1072
1289
1353
1413
1560
1680
1673
1663
1754
1886
1924
1903
1941
1994
1927
1735
1530
1321
1020
621
243
-53
-307
-542
-695
-688
-586
-461
-283
-42
211
401
504
552
541
437
234
-18
-271
-505
-744
-957
-1093
-1173
-1236
-1278
-1305
-1333
-1384
-1479
-1608
-1735
-1849
-1962
-2034
-2032
-1943
-1761
-1503
-1164
-759
-319
132
560
956
1315
1610
1836
1994
2081
2123
2122
2075
1992
1905
1812
1703
1575
1449
1332
1195
1034
855
656
444
218
-31
-274
-500
-693
-842
-956
-1024
-1026
-977
-908
-826
-716
-589
-493
-439
-395
-351
-325
-358
-414
-438
-458
-510
-609
-692
-739
-820
-967
-1123
-1237
-1341
-1496
-1653
-1735
-1737
-1729
-1713
-1602
-1376
-1119
-873
-584
-212
180
508
803
1122
1440
1676
1825
1964
2116
2217
2235
2233
2256
2276
2227
2126
2052
1989
1854
1642
1417
1194
933
612
280
3
-235
-466
-654
-741
-741
-698
-620
-480
-307
-150
-37
35
89
85
-2
-129
-255
-392
-556
-711
-834
-909
-979
-1053
-1109
-1156
-1212
-1303
-1420
-1539
-1650
-1760
-1844
-1866
-1819
-1688
-1478
-1198
-844
-434
5
435
842
1215
1520
1747
1885
1945
1944
1884
1775
1648
1522
1398
1273
1152
1049
941
811
668
502
321
109
-126
-358
-572
-761
-923
-1034
-1078
-1064
-1005
-900
-751
-583
-411
-264
-140
-38
26
40
25
3
-36
-87
-147
-186
-210
-245
-307
-386
-464
-570
-737
-925
-1092
-1253
-1419
-1552
-1610
-1584
-1506
-1371
-1156
-873
-541
-207
125
466
787
1051
1260
1420
1543
1629
1662
1683
1711
1734
1746
1774
1816
1859
1877
1867
1833
1742
1604
1405
1144
840
502
163
-177
-474
-718
-892
-973
-982
-915
-777
-602
-421
-244
-101
-16
11
-36
-141
-289
-464
-647
-823
-965
-1068
-1113
-1114
-1085
-1028
-965
-917
-889
-898
-947
-1022
-1125
-1214
-1284
-1325
-1309
-1212
-1039
-802
-502
-171
177
526
839
1103
1299
1431
1506
1512
1476
1412
1330
1246
1154
1074
1006
952
906
852
786
702
598
477
329
158
-22
-196
-350
-483
-576
-617
-618
-576
-493
-384
-264
-147
-52
9
24
-1
-66
-163
-275
-391
-494
-577
-633
-668
-696
-702
-705
-727
-763
-822
-888
-961
-1039
-1114
-1146
-1142
-1108
-1023
-886
-700
-492
-243
33
307
586
834
1053
1237
1372
1475
1524
1547
1548
1515
1466
1417
1376
1340
1299
1255
1213
1151
1065
952
804
632
423
209
-12
-230
-424
-576
-673
-727
-721
-655
-552
-434
-300
-167
-75
-28
-23
-62
-141
-250
-373
-498
-611
-705
-764
-801
-818
-811
-799
-800
-812
-830
-868
-929
-995
-1036
-1071
-1088
-1057
-972
-838
-664
-441
-188
76
337
592
819
994
1132
1230
1280
1295
1279
1246
1191
1133
1071
1001
929
841
745
635
506
359
203
50
-105
-244
-357
-426
-472
-498
-478
-444
-401
-365
-320
-281
-258
-247
-254
-256
-278
-287
-297
-294
-273
-246
-204
-186
-172
-189
-220
-286
-398
-516
-659
-794
-937
-1066
-1153
-1188
-1172
-1108
-972
-795
-565
-315
-64
205
462
690
862
1012
1133
1218
1262
1285
1330
1342
1352
1359
1382
1418
1421
1407
1381
1333
1236
1088
900
698
462
198
-58
-300
-494
-656
-767
-816
-797
-729
-636
-511
-382
-258
-164
-110
-98
-127
-193
-282
-389
-495
-593
-671
-718
-752
-766
-776
-782
-787
-805
-840
-898
-957
-1016
-1069
-1100
-1100
-1058
-981
-849
-662
-443
-204
48
302
534
745
920
1059
1159
1209
1230
1225
1201
1167
1113
1051
990
931
880
812
722
634
545
437
322
194
65
-47
-150
-247
-331
-388
-412
-421
-434
-424
-381
-336
-327
-319
-278
-237
-242
-267
-249
-223
-225
-239
-225
-176
-169
-215
-250
-253
-291
-406
-530
-582
-623
-734
-840
-846
-766
-714
-696
-580
-379
-213
-117
14
214
381
456
499
602
705
731
732
778
858
909
933
989
1077
1116
1112
1108
1090
1013
861
700
541
328
84
-124
-287
-435
-558
-615
-609
-570
-514
-424
-309
-216
-147
-87
-54
-82
-148
-200
-260
-360
-455
-498
-512
-522
-519
-485
-430
-378
-357
-346
-332
-332
-374
-438
-453
-441
-446
-440
-365
-237
-125
-9
139
306
436
523
605
659
692
684
650
610
570
549
509
454
424
411
389
347
298
257
215
128
29
-49
-133
-219
-296
-351
-380
-391
-386
-375
-342
-290
-240
-208
-176
-132
-110
-127
-149
-158
-175
-217
-262
-281
-283
-275
-282
-270
-233
-190
-159
-161
-162
-145
-155
-214
-263
-278
-288
-324
-343
-280
-186
-114
-24
126
293
414
499
598
688
710
679
660
643
599
537
499
516
544
556
575
642
710
713
661
631
596
460
267
107
-1
-172
-393
-519
-542
-592
-664
-636
-528
-446
-409
-319
-202
-146
-137
-152
-166
-199
-267
-361
-431
-444
-450
-487
-486
-404
-316
-298
-283
-208
-156
-191
-238
-238
-239
-284
-307
-275
-224
-155
-66
36
156
281
398
497
564
621
657
650
609
559
518
453
348
264
235
205
148
112
127
146
129
101
92
83
35
-39
-89
-113
-156
-214
-232
-208
-199
-209
-195
-157
-133
-146
-158
-152
-159
-196
-233
-243
-251
-267
-286
-281
-264
-250
-236
-221
-198
-177
-154
-143
-139
-131
-120
-123
-126
-117
-88
-52
-24
20
85
169
237
290
348
413
456
468
466
462
457
423
377
359
370
365
356
383
438
467
443
424
417
367
254
126
18
-87
-233
-375
-454
-480
-506
-525
-484
-398
-317
-265
-207
-139
-100
-104
-134
-161
-188
-228
-281
-303
-292
-271
-257
-230
-164
-94
-57
-50
-24
-2
-21
-59
-84
-84
-96
-121
-115
-71
-17
27
88
165
236
289
323
358
380
372
347
315
286
245
194
156
131
114
101
89
90
99
92
77
75
68
39
6
-14
-40
-75
-101
-111
-118
-130
-134
-127
-118
-116
-120
-113
-114
-140
-176
-193
-201
-229
-258
-261
-237
-225
-225
-193
-142
-114
-112
-87
-55
-52
-70
-81
-66
-62
-70
-70
-36
12
36
75
138
206
245
265
296
324
321
281
247
228
205
153
117
126
158
164
163
219
285
297
278
285
303
253
152
76
22
-65
-178
-255
-282
-296
-319
-327
-283
-223
-187
-149
-106
-66
-43
-58
-92
-111
-116
-147
-196
-198
-169
-155
-150
-118
-49
-7
-2
9
35
50
24
-9
-17
-23
-35
-38
-33
-10
27
57
86
122
165
191
194
199
208
207
185
156
137
124
98
69
57
52
53
38
30
41
39
13
-10
-20
-37
-75
-121
-135
-137
-162
-182
-170
-141
-120
-114
-106
-71
-61
-85
-106
-113
-125
-151
-173
-180
-171
-159
-140
-105
-66
-27
14
50
76
87
91
89
84
60
36
26
19
14
12
27
61
93
106
125
154
173
176
169
158
147
127
105
88
80
76
80
92
117
138
165
197
202
196
189
174
143
81
21
-32
-90
-156
-206
-225
-237
-241
-241
-217
-178
-151
-120
-93
-76
-77
-89
-104
-108
-120
-133
-130
-122
-105
-92
-75
-36
2
19
35
44
41
37
28
20
12
-2
-11
-13
-3
18
39
69
85
99
114
132
150
158
165
148
120
101
81
67
65
59
46
27
16
18
23
22
14
5
-16
-44
-60
-66
-79
-93
-106
-112
-107
-99
-90
-80
-62
-58
-68
-71
-74
-78
-87
-93
-95
-99
-103
-92
-78
-61
-45
-36
-18
-10
-3
0
-4
3
5
2
13
25
34
47
65
88
111
117
128
143
151
149
140
133
120
93
73
61
48
34
21
24
33
39
46
51
55
58
47
27
8
-1
-20
-50
-68
-68
-70
-82
-84
-69
-54
-49
-48
-41
-26
-30
-42
-42
-36
-35
-47
-54
-44
-39
-40
-43
-40
-28
-29
-35
-36
-28
-36
-45
-51
-51
-39
-39
-28
-16
7
33
43
60
87
103
106
107
105
105
96
76
64
49
39
28
20
17
20
25
23
28
28
25
10
-5
-21
-32
-48
-66
-76
-74
-74
-73
-63
-53
-34
-27
-19
-5
-4
-1
-5
-9
-14
-32
-48
-50
-56
-61
-64
-62
-55
-54
-47
-37
-37
-34
-34
-35
-36
-43
-46
-44
-42
-34
-17
12
34
59
92
117
140
161
174
180
179
174
159
134
109
77
47
28
7
-11
-18
-23
-26
-27
-27
-24
-27
-26
-29
-46
-51
-59
-71
-69
-69
-59
-49
-28
-2
10
38
60
78
93
88
89
73
50
43
13
-7
-29
-52
-62
-78
-82
-81
-83
-78
-80
-73
-58
-58
-42
-32
-28
-8
-8
4
21
19
39
45
47
61
56
68
68
61
68
52
47
44
22
20
9
-11
-19
-48
-63
-79
-103
-114
-137
-141
-139
-148
-136
-132
-114
-92
-84
-56
-38
-18
9
26
42
48
56
70
67
69
73
70
66
66
69
66
52
49
46
31
23
10
3
-6
-27
-33
-32
-38
-29
-21
-3
22
52
90
118
145
169
187
201
194
187
178
152
125
95
67
29
-7
-28
-51
-69
-91
-113
-138
-157
-172
-182
-196
-205
-203
-198
-193
-182
-163
-142
-106
-72
-38
-3
32
70
98
120
132
134
131
114
91
66
39
20
-3
-26
-41
-53
-55
-57
-57
-47
-40
-30
-16
2
26
44
63
88
112
129
152
168
180
192
200
203
198
182
163
148
124
98
65
39
8
-28
-70
-107
-138
-166
-188
-219
-247
-256
-262
-272
-283
-279
-265
-251
-228
-204
-176
-144
-109
-76
-48
-15
16
44
66
86
100
109
117
117
110
105
92
76
58
38
22
8
-7
-21
-31
-34
-23
-21
-15
-4
16
33
56
81
99
128
150
166
185
199
210
218
219
210
188
172
146
112
77
36
2
-35
-78
-111
-141
-169
-186
-195
-203
-204
-203
-201
-195
-181
-161
-138
-118
-101
-71
-41
-14
12
39
62
79
95
108
113
108
100
92
75
53
31
5
-17
-37
-59
-70
-75
-76
-72
-61
-46
-24
-4
19
46
68
96
117
137
150
158
172
176
180
169
155
151
134
122
100
74
59
34
3
-26
-55
-83
-110
-136
-165
-179
-192
-210
-210
-216
-216
-204
-193
-174
-164
-147
-126
-111
-93
-77
-56
-41
-28
-7
5
11
22
27
30
31
30
28
21
15
9
7
10
11
15
25
35
50
63
75
88
92
97
103
100
104
103
102
116
115
117
133
140
152
148
143
139
126
108
79
48
7
-25
-61
-95
-113
-122
-135
-142
-137
-132
-123
-111
-98
-83
-79
-68
-61
-62
-60
-64
-60
-51
-40
-28
-9
8
26
40
54
64
64
62
54
48
34
15
0
-11
-23
-33
-37
-35
-26
-17
-12
4
21
27
43
56
66
74
72
73
67
67
64
56
54
50
50
52
44
37
28
22
13
-2
-14
-29
-50
-64
-82
-91
-98
-106
-104
-103
-95
-88
-84
-72
-59
-47
-34
-28
-16
-6
-8
-1
1
-3
4
9
9
10
12
10
3
3
5
6
1
-2
-7
-17
-12
-12
-8
0
1
8
13
15
19
25
32
34
32
36
42
44
42
49
48
44
47
43
40
38
36
28
16
13
4
-6
-9
-14
-19
-27
-33
-38
-36
-34
-25
-20
-20
-13
-11
-8
0
2
-5
-10
-10
-13
-12
-8
0
10
15
22
24
32
39
40
38
29
23
14
10
6
1
-8
-12
-15
-12
-6
-2
8
13
13
14
10
12
12
6
7
8
-1
-9
-10
-10
-6
-4
-10
-2
-8
-12
-3
-8
-12
-22
-26
-30
-44
-42
-41
-48
-52
-55
-58
-53
-44
-41
-37
-29
-24
-18
-14
-13
-5
1
-1
3
10
13
15
13
20
22
20
24
32
26
31
33
27
25
24
25
21
20
17
14
17
21
16
20
17
15
24
24
24
28
26
21
23
20
17
13
10
10
3
2
1
-1
0
-6
-9
-13
-17
-16
-19
-22
-20
-26
-24
-24
-28
-24
-24
-21
-16
-15
-23
-24
-20
-21
-24
-18
-8
-7
-3
2
3
4
0
2
-1
-1
2
-1
7
8
3
5
5
13
13
6
7
6
7
4
7
8
8
11
14
18
19
18
15
20
15
10
8
3
2
5
4
3
1
-6
-5
-4
-4
-3
-4
-7
-12
-16
-9
-17
-23
-23
-26
-21
-23
-25
-22
-22
-20
-18
-11
-10
-4
-5
-3
-2
1
3
-5
0
3
8
9
7
6
8
12
16
21
22
28
29
29
27
20
22
13
9
8
4
13
8
6
12
16
15
12
16
12
10
9
4
0
-6
-9
-15
-19
-16
-20
-17
-16
-22
-19
-18
-19
-17
-17
-15
-17
-24
-22
-20
-22
-15
-18
-17
-14
-16
-13
-9
-3
-1
7
15
13
19
22
20
16
15
12
6
10
11
9
17
16
8
14
18
12
16
19
26
28
19
24
22
14
16
11
8
9
9
5
1
-3
-5
-7
-2
-6
-9
-8
-14
-9
-10
-13
-17
-19
-17
-18
-20
-21
-25
-29
-23
-24
-25
-20
-22
-19
-18
-18
-20
-20
-17
-19
-21
-23
-25
-23
-14
-6
-6
1
7
11
21
17
20
26
24
23
19
22
20
24
27
25
27
28
28
26
25
23
16
15
10
15
15
10
14
8
8
2
-4
-3
-5
-6
-9
-13
-11
-8
-2
-3
-4
-3
-4
-7
-9
-8
-8
-11
-8
-8
-9
-17
-22
-25
-26
-22
-17
-17
-13
-12
-10
-7
-11
-7
-1
0
-3
-2
2
7
10
9
11
12
12
12
15
14
15
19
23
23
27
30
26
27
25
15
15
11
5
10
7
3
-2
-7
-11
-10
-9
-16
-13
-14
-15
-15
-17
-19
-21
-21
-22
-20
-20
-18
-14
-10
-12
-12
-11
-12
-3
-9
-10
-3
-3
1
-2
-6
-10
-10
-5
-6
-8
-9
-7
1
6
10
9
6
15
13
8
15
18
20
21
20
18
15
16
17
14
9
12
13
9
8
14
14
9
12
9
4
4
5
2
4
0
2
-1
-10
-9
-14
-19
-18
-18
-13
-14
-16
-7
-7
-12
-10
-10
-11
-11
-12
-11
-12
-11
-12
-13
-13
-12
-13
-15
-9
-4
-7
-3
-6
2
12
9
14
18
15
11
9
14
10
13
21
19
22
21
22
25
26
29
32
28
22
23
22
17
8
1
-2
-9
-15
-18
-18
-19
-16
-17
-21
-17
-16
-19
-14
-13
-12
-11
-18
-21
-20
-22
-23
-24
-20
-23
-22
-15
-13
-8
-5
-6
-2
2
2
-1
-4
-1
-3
-2
3
6
7
8
12
10
9
12
12
12
15
18
20
20
20
22
15
14
16
17
16
12
7
8
12
7
7
12
10
4
-1
-2
-3
-7
-13
-12
-14
-17
-19
-21
-15
-15
-12
-10
-7
-3
-6
-3
1
-1
-3
-3
-6
-4
-5
-10
-9
-7
-6
-6
-8
-9
-15
-10
-10
-9
-1
-3
-1
2
-1
-2
5
7
9
11
12
14
17
22
18
19
27
28
29
26
26
24
21
19
23
23
24
20
5
11
8
-1
-3
-1
-6
-9
-12
-21
-20
-22
-23
-22
-23
-20
-18
-18
-17
-17
-19
-20
-26
-29
-25
-26
-26
-22
-18
-18
-11
-10
-7
-1
-3
-5
-5
-1
-2
-6
-9
2
8
4
8
11
13
12
14
19
17
19
21
17
14
16
12
13
12
7
7
6
9
6
11
14
11
12
13
16
16
9
7
7
8
10
8
5
0
-6
-4
-3
-3
1
1
4
1
-2
-3
-8
-9
-16
-18
-17
-17
-21
-24
-24
-30
-36
-28
-23
-19
-13
-12
-7
-13
-14
-7
-10
-9
-6
-4
0
6
7
11
21
26
31
35
38
42
38
36
31
28
26
19
17
14
14
4
3
8
5
3
2
1
2
1
-8
-11
-9
-10
-18
-23
-21
-20
-14
-11
-17
-16
-13
-11
-13
-12
-14
-16
-13
-13
-7
-10
-12
-9
-12
-10
-11
-7
-6
-6
-3
-5
-3
-1
-6
-8
-5
-7
-12
-4
0
2
8
6
10
12
15
12
14
19
16
18
15
16
17
7
11
13
10
5
8
14
7
7
16
15
15
15
9
11
11
3
2
0
-4
-6
-13
-16
-14
-12
-9
-10
-8
-8
-11
-8
-13
-15
-12
-13
-14
-19
-19
-16
-20
-12
-7
-10
-3
-2
-1
-2
5
11
6
11
5
8
9
4
9
4
8
9
8
20
19
17
18
16
19
22
19
20
17
8
7
6
-1
-7
-11
-12
-10
-7
-9
-11
-10
-10
-6
-11
-11
-7
-10
-7
-6
-6
-10
-6
-2
-5
-4
-3
-3
-6
-5
-9
-4
-7
-7
-1
-3
-7
-11
-6
-5
-7
-8
-10
-10
-8
-7
-7
-7
-8
-3
1
7
10
7
7
11
9
6
7
12
12
13
9
5
9
11
12
16
17
9
7
12
9
7
6
5
5
4
6
4
5
5
-1
-3
-6
-8
-3
-1
-6
-6
-6
-8
-12
-11
-10
-14
-13
-14
-17
-18
-13
-10
-7
-2
-2
2
-2
-1
8
3
2
3
0
1
-1
1
4
9
11
11
10
12
13
16
13
15
21
19
16
19
14
7
9
8
6
6
2
-5
-5
-5
-6
-4
-4
-2
-9
-10
-14
-15
-17
-15
-15
-12
-11
-14
-11
-18
-17
-18
-14
-9
-6
-2
3
6
-4
-2
-1
-10
-12
-6
-11
-14
-13
-11
-11
-8
-5
-1
0
-3
2
-1
2
5
4
10
10
9
13
8
9
15
16
19
19
16
16
16
17
20
22
20
18
17
14
11
9
5
2
1
0
2
-1
-5
-1
0
2
0
-1
2
-2
-7
-5
-10
-15
-19
-20
-17
-20
-16
-18
-16
-14
-12
-13
-8
-9
-5
-1
-3
-7
-4
-1
-3
4
4
1
2
0
5
12
4
8
8
5
7
6
8
6
3
3
5
5
5
4
6
4
0
6
6
4
8
6
5
3
-3
-2
-2
-4
-1
-6
-4
0
-4
1
-2
-9
-7
-8
-7
-6
-3
-2
1
0
1
0
-1
-6
-9
-5
-2
2
0
5
1
-5
0
2
3
4
0
-3
-3
-6
-7
-7
-9
-7
-5
-6
-1
4
7
8
5
8
2
1
6
-1
-5
-1
-6
-11
-2
0
-2
3
0
4
11
10
5
4
4
0
-4
-5
0
0
-2
-1
-4
-5
-1
2
6
8
13
16
17
18
10
10
10
3
6
3
0
7
9
8
17
16
8
7
3
2
3
2
-3
-11
-17
-11
-7
-7
-7
-3
-1
-5
-7
-7
-5
-5
-6
-3
-8
-10
-4
-6
-12
-12
-16
-21
-14
-14
-17
-20
-19
-16
-12
-8
-4
-1
0
2
7
1
-4
0
-5
-6
-6
-3
2
4
6
5
8
7
5
11
9
9
6
8
16
12
9
13
14
17
12
17
19
16
11
9
13
6
5
6
8
4
-4
0
0
-1
5
4
4
2
3
5
5
2
-2
4
0
-7
-7
-7
-6
-11
-16
-14
-9
-8
-11
-12
-12
-8
-8
-15
-14
-14
-19
-17
-12
-11
-4
-3
-7
3
0
0
4
1
4
7
8
5
10
10
0
0
3
0
2
3
4
3
3
10
7
13
15
7
5
6
4
3
4
6
11
10
5
7
7
-3
-2
-2
-10
-8
-11
-9
-12
-8
-5
-9
1
-2
-13
-5
3
-2
4
0
-3
11
1
-2
3
-4
-2
8
3
-6
2
-2
3
10
-1
1
8
3
2
4
-5
-5
-6
-10
-4
-5
-8
-8
-3
3
8
3
4
5
-3
0
-1
-8
-3
-4
-5
-5
-10
-14
-4
-1
-4
0
4
8
8
8
5
4
3
-2
3
6
2
8
10
12
14
9
10
9
11
12
5
-4
-3
2
-2
-2
-1
-1
-5
-8
-6
-10
-17
-9
-9
-7
-2
-2
-4
-3
-3
-7
-8
-11
-7
-9
-12
-7
-3
4
6
1
3
2
-2
-1
1
1
6
7
5
13
10
7
12
7
3
9
5
5
10
9
11
15
12
10
9
5
3
2
-1
-4
-6
-9
-14
-13
-12
-10
-7
-9
-6
1
3
5
4
-2
-1
-7
-6
-9
-15
-8
-6
-5
-7
-5
-1
-5
-9
-2
-3
-7
-7
-10
-4
-1
-8
-6
-6
-5
0
2
5
3
1
3
2
4
6
7
9
5
4
9
8
7
5
2
1
4
3
6
9
6
3
6
12
10
7
6
7
5
-4
-4
0
-1
-5
-2
-1
0
2
7
6
3
1
-3
-4
2
2
-2
-1
3
0
-6
-7
-11
-11
-5
-5
-2
3
4
1
-1
-3
-4
-1
1
-5
-8
-1
1
5
3
-1
0
4
7
4
3
-1
-1
0
-4
0
-5
-9
-9
-10
-5
-7
-6
-1
-3
-4
-1
-4
-4
-1
-4
-5
-7
-5
-4
-4
-2
1
6
-2
-3
4
1
7
12
7
8
5
0
3
5
7
2
4
7
4
6
2
5
4
2
4
2
4
4
2
1
5
-1
-2
3
0
-3
-2
-1
-1
-1
0
-3
-3
0
-1
0
-2
-5
-4
-3
-2
2
-4
-1
0
-5
-1
-2
-1
-2
-8
-9
-2
-1
-1
2
3
-1
-2
5
1
3
3
1
-1
-2
0
-8
-5
-4
-8
-3
-2
3
10
10
9
5
6
4
-2
5
2
-4
2
-1
-5
2
1
-2
7
9
5
8
13
6
9
4
-5
1
0
-1
0
-8
-8
-4
-2
0
-2
-1
5
-2
2
3
1
0
-7
-7
-11
-9
-13
-12
-13
-12
-14
-13
-9
-14
-3
0
-4
2
1
-1
-2
-3
-4
-3
2
-1
-2
6
5
6
7
3
2
6
5
6
11
6
6
8
10
6
4
6
5
0
4
8
10
8
7
10
9
7
5
5
0
-5
-2
3
-1
-4
2
3
2
2
0
0
-3
-1
0
2
-2
-1
-4
-8
-5
-9
-12
-12
-10
-10
-14
-11
-6
-7
-3
4
-1
-3
-1
-3
2
3
-1
-4
0
-1
-5
-1
-1
-3
0
2
1
5
7
9
13
6
0
1
-2
-1
4
1
2
2
3
6
3
2
3
3
4
1
5
2
-3
1
0
0
-2
-2
1
5
4
0
3
5
-2
-1
4
4
-4
-7
-3
-4
-6
-9
-7
7
-2
-4
0
-3
1
1
-1
-4
-2
-5
-8
-7
-9
-9
-5
-4
-3
1
4
2
3
8
1
2
5
0
2
8
4
0
-4
-4
-2
-6
-4
3
-1
2
4
2
3
5
8
8
8
4
2
-1
-6
-5
-3
-2
1
4
12
7
4
7
6
5
0
-5
-11
-10
-7
-4
-1
-1
3
1
-5
4
7
1
4
-2
-1
4
5
8
11
7
0
-1
-2
3
2
7
11
4
3
-5
-9
-4
-1
5
1
-5
-6
-6
-3
-6
-16
-14
-1
-11
-9
-3
-12
-13
-2
-8
-8
-1
-17
-12
-7
-11
-3
-3
-3
6
4
-1
5
0
0
6
5
2
6
10
13
12
5
12
14
14
15
10
7
13
15
15
20
11
6
1
-5
-2
-3
-4
4
5
-1
0
5
3
0
1
-5
-7
-8
-12
-13
-14
-14
-11
-9
-11
-9
-6
-7
-5
-5
-5
-6
-6
-5
-3
-5
-5
-5
-6
1
-2
3
5
-1
-1
2
6
8
10
7
7
7
0
-5
-5
-5
-12
-8
-3
-4
-7
-5
-2
-6
3
10
5
12
13
7
11
11
7
5
-1
4
10
5
11
11
7
11
8
1
3
9
8
6
5
3
-1
0
1
-7
-6
-10
-11
-7
-8
-2
-4
-6
-4
-5
-6
-5
-5
-2
-1
-4
0
-6
-5
-6
-6
-2
-2
-3
-5
-4
-5
0
3
2
9
3
2
4
1
-2
-5
-3
-4
-5
-4
-7
-9
-5
-4
-5
-2
-3
-5
-5
-3
-3
-3
-3
-1
3
8
6
11
12
11
15
7
8
6
2
4
0
2
-1
4
4
2
10
8
5
5
6
4
4
3
3
-3
-2
-5
-15
-14
-10
-10
-8
-4
-1
0
1
4
4
2
0
6
0
-4
-2
-1
-3
-8
-4
-3
-4
-2
4
5
6
11
7
8
6
0
-3
-8
-5
-6
-8
-7
-8
-2
0
1
2
0
5
2
-2
-4
-7
-4
0
0
0
4
-1
1
8
4
4
6
9
11
9
12
10
6
9
6
5
0
-6
-3
-5
-9
-7
-8
-10
-2
-6
-11
-4
0
-1
-1
0
-2
-7
-8
-9
-5
-5
-5
-1
-1
-2
6
10
7
11
6
4
2
-2
6
4
2
6
5
7
9
5
1
3
1
-4
-2
-3
-6
-5
-10
-10
-7
-12
-18
-14
-8
-7
-9
-11
-4
-7
-3
-3
-2
-1
0
3
-3
4
5
12
12
9
3
3
5
5
8
8
8
7
10
8
2
1
-2
-5
-4
-2
-1
1
3
7
8
3
6
7
4
3
-1
0
-1
-5
-4
-7
-6
2
2
8
9
2
7
10
8
5
3
4
3
-1
-2
-1
3
1
0
10
8
3
4
-1
-4
-5
-8
-11
-11
-5
-4
-7
-7
-3
-3
-8
-8
-10
-6
0
-2
-8
-3
-8
-8
-9
-13
-8
-7
-8
-8
-9
-11
-12
-5
-1
-6
0
3
2
5
1
-4
-4
0
-1
-3
1
-3
2
4
8
7
6
10
8
11
11
9
4
3
0
2
2
0
-3
-3
-6
-6
0
2
5
1
4
8
4
6
6
6
5
6
4
8
12
12
12
10
13
14
10
13
12
9
8
9
6
1
0
-3
-4
-7
-2
0
2
6
10
12
4
6
6
-1
-3
-6
-8
-9
-6
-12
-14
-14
-14
-12
-14
-17
-16
-13
-12
-14
-14
-15
-11
-15
-11
-16
-18
-17
-28
-26
-20
-16
-13
-8
-5
-4
1
3
2
0
0
0
-2
-3
-2
-2
2
2
8
10
13
17
19
24
22
29
24
22
26
19
23
24
15
12
13
11
11
13
14
17
15
10
14
10
5
2
2
5
0
-1
-4
-7
-2
-2
-2
-4
-4
-2
-1
-6
-5
-2
-7
-10
-10
-14
-13
-13
-16
-16
-14
-19
-18
-19
-19
-12
-16
-14
-14
-11
-11
-15
-15
-16
-12
-13
-14
-14
-10
-6
-8
-8
-3
2
3
7
4
3
9
3
7
10
9
11
12
22
14
15
22
12
12
13
15
20
16
20
27
22
15
9
11
15
15
18
14
16
11
10
11
10
11
7
1
-2
-3
-4
-4
-6
-7
-3
-3
-9
-8
-6
-5
-15
-16
-13
-16
-10
-10
-13
-15
-19
-23
-20
-19
-21
-24
-22
-19
-22
-14
-10
-11
-9
-3
-1
-4
-7
-4
-4
-3
-2
-4
-6
-4
-1
-3
2
3
5
6
-1
-1
-1
0
4
-1
-3
5
9
4
14
14
15
20
11
16
18
10
16
21
22
23
19
18
16
14
12
13
15
16
19
19
16
13
14
12
3
2
4
1
-1
-2
-1
4
1
-5
-2
-6
-6
-4
-10
-12
-14
-16
-15
-17
-22
-19
-20
-16
-16
-14
-11
-12
-12
-14
-14
-11
-17
-18
-18
-22
-13
-10
-10
-6
-7
-7
-5
-8
-11
-7
-6
-11
-5
-9
-8
1
-4
1
0
-1
2
0
3
9
11
9
17
20
18
15
17
16
15
17
12
13
10
12
16
16
16
24
21
19
23
19
17
16
5
3
2
3
4
-2
4
3
3
1
1
3
-3
1
-4
-9
-11
-13
-12
-17
-17
-20
-15
-15
-13
-7
-13
-14
-10
-6
-6
-5
-5
-6
-6
-13
-7
-8
-9
-5
-7
-5
-4
-3
-4
-3
-2
-2
-1
0
2
0
-1
0
-1
-3
-2
-2
-2
1
0
3
8
6
8
9
11
11
12
8
6
9
10
8
3
3
-1
-1
1
-1
1
0
-2
3
13
11
4
5
7
5
2
1
0
1
2
-2
5
6
6
7
3
3
0
4
0
-3
-2
-6
-7
-8
-6
-2
-6
-5
-6
-2
4
3
0
-5
-2
-2
-9
-3
-5
-2
-3
-7
-6
-10
-9
-10
-8
-8
-10
-10
-7
-2
-2
-3
-4
-9
-7
-4
-5
-4
-4
-1
1
3
4
8
4
6
9
8
6
5
8
7
3
3
4
0
-3
1
2
2
1
5
1
1
3
2
7
7
6
7
6
4
0
1
-1
-1
-2
4
8
7
4
6
10
8
0
-2
-1
-4
-4
-5
-11
-10
-3
3
8
7
5
7
6
-1
0
2
7
7
8
10
3
5
3
-2
-4
-4
0
-3
-6
-4
-2
-3
-2
-5
-2
1
-5
-3
-5
-6
-11
-16
-18
-17
-17
-16
-12
-13
-15
-8
-9
-12
-9
-4
-8
-9
-5
-9
-7
-2
-4
-2
-3
-2
5
10
11
11
11
9
11
9
5
4
3
5
9
8
8
11
15
17
19
13
7
11
2
1
8
8
11
11
12
14
8
10
12
8
7
11
8
1
0
1
0
-4
-7
2
-2
-2
0
-3
0
-1
-11
-11
-4
-14
-13
-9
-17
-14
-7
-11
-12
-10
-11
-15
-11
-11
-11
-4
-3
2
-1
-7
-7
-11
-15
-10
-10
-10
-8
-7
-4
-1
4
6
9
14
11
13
11
3
1
1
3
3
2
0
1
5
2
6
7
7
12
8
11
8
4
0
-1
5
7
5
6
6
2
-1
1
2
0
4
6
3
5
2
-1
1
1
-3
-6
-2
-2
-2
-3
-7
-8
-2
-1
1
1
1
2
-1
-3
-5
-4
-2
-4
-3
-2
0
1
3
4
-6
-10
-12
-11
-7
-13
-9
-6
-4
-3
-4
-6
3
8
2
3
2
1
-1
4
4
3
7
9
4
0
0
3
-3
-4
-1
1
2
7
9
7
4
-1
6
3
4
3
4
-2
-11
-5
-4
-3
1
3
1
-1
2
-2
7
9
5
7
6
4
2
-1
-5
-2
-3
-4
-2
-1
-1
0
6
9
6
7
6
3
2
-10
-5
-4
-12
-11
-8
-3
-3
-7
-8
-9
-11
-5
0
-8
-3
-2
-9
-2
-7
-12
-8
-2
-3
-4
-2
0
-1
-3
2
5
6
0
5
7
5
4
1
6
4
-2
0
5
2
1
3
4
5
9
14
13
13
14
11
12
5
1
6
3
0
0
5
5
3
5
3
8
3
5
2
-8
-8
-10
-5
-11
-14
-7
-6
3
1
-1
2
-1
1
1
0
-4
-8
-9
-7
-9
-10
-11
-7
-6
-11
-10
-6
-5
-5
-3
-5
-2
4
3
3
-1
3
2
-1
1
-4
-1
1
7
9
0
-1
5
4
2
1
0
0
0
4
5
0
0
0
6
13
10
6
9
6
3
3
0
6
2
-1
3
-1
-3
-1
3
2
1
0
6
11
5
4
5
4
4
3
7
7
2
6
3
6
6
2
3
0
-5
-11
-10
-8
-13
-20
-18
-13
-11
-10
-14
-13
-11
-6
-7
-8
-7
-12
-12
-9
-9
-8
-8
-6
-7
-5
2
1
-2
0
5
6
5
8
2
0
6
5
5
4
1
6
11
10
10
13
12
11
7
9
14
12
11
8
10
8
8
11
6
5
5
4
2
4
2
2
8
9
6
8
8
3
1
4
-1
-1
1
-7
-7
-9
-8
-4
-8
-8
-3
-7
-11
-13
-16
-17
-15
-11
-15
-17
-14
-17
-13
-10
-9
-2
2
2
-3
-2
-3
-7
-5
-6
-1
-3
-3
-2
-3
4
4
4
4
0
-3
3
3
-1
0
2
1
3
3
5
8
6
4
6
9
7
6
12
11
5
10
13
12
12
12
13
10
8
7
4
5
3
7
10
4
6
7
11
7
4
7
6
5
-2
-7
-6
-10
-12
-8
-6
-8
1
0
-5
-1
-9
-14
-13
-18
-16
-12
-14
-11
-13
-12
-11
-9
-8
-5
0
-5
-4
-1
-2
-1
-5
-1
3
-3
1
3
4
0
0
3
-1
-3
-2
-3
-1
2
3
0
2
6
4
3
1
7
4
2
8
6
10
10
12
12
10
14
13
9
3
7
11
3
2
3
1
1
-1
2
1
-2
-2
-4
-10
-4
7
6
5
4
-2
-4
-4
-8
-10
-12
-9
-7
-3
1
-8
-5
-2
-4
-3
0
-4
-9
-8
-9
-10
-8
-5
0
3
5
6
3
8
8
-3
1
2
-4
-3
-2
3
-1
-6
0
-1
0
2
-3
-5
-3
2
2
2
3
6
6
4
4
9
9
3
1
1
6
7
8
7
9
10
5
5
2
2
7
1
-3
-2
-6
-4
-5
-3
0
-7
-7
-3
-5
-7
-8
-10
-4
-4
-3
-4
-5
-8
-11
-10
-12
-6
-6
-5
-1
-1
-1
3
2
-2
1
-3
-2
3
1
7
9
11
14
13
15
13
15
12
9
8
11
8
4
0
-2
3
3
3
2
1
3
1
-1
-1
-3
-4
-3
-10
-14
-8
-6
-8
-8
-7
-8
-3
-5
-5
-2
-4
-2
-4
-7
-7
-4
-8
-8
-8
-8
-6
-5
0
-3
0
2
3
9
11
10
5
4
3
0
2
-1
-2
-6
-11
-9
-3
4
3
7
11
12
15
12
11
9
12
12
8
6
3
3
2
-1
-1
1
1
4
5
1
5
6
1
-1
-3
-3
-4
-5
-6
-5
-5
-7
-3
-3
-3
1
2
-2
-2
-3
-6
-7
-13
-8
-9
-12
-5
-4
-3
0
-4
-6
-3
-1
-3
-5
-5
0
-2
-4
-2
0
3
3
-2
-2
-3
-4
-3
-1
2
2
2
4
3
1
2
-3
-4
-4
0
1
2
5
1
5
14
12
7
13
17
20
14
13
7
2
6
6
4
5
6
4
8
4
3
1
0
2
3
2
1
2
-3
-5
-4
-8
-11
-12
-9
-3
-9
-8
-1
-4
-7
