1
3
2
0
5
5
2
8
10
4
4
2
2
0
-2
0
-3
0
3
0
1
-2
-6
-7
-9
-7
-5
-7
-4
-1
-8
-10
-8
-7
-8
-8
-12
-7
-8
-10
-5
-10
-6
-3
-8
-4
1
5
3
3
0
-1
2
0
-3
-2
0
0
-4
-4
-5
-2
1
1
4
3
1
4
7
8
6
6
7
1
-4
-2
2
0
-3
3
5
7
10
13
17
17
16
11
8
5
7
11
9
9
7
5
-2
2
2
2
9
5
6
5
7
6
5
6
6
-2
-7
-8
-7
-6
-14
-12
-9
-9
-9
-10
-7
-10
-11
-14
-13
-11
-17
-14
-15
-18
-16
-16
-16
-10
-8
0
3
-5
-5
-7
-6
1
1
3
5
8
6
5
5
5
1
5
7
4
5
4
5
7
7
7
9
6
5
5
7
5
1
4
5
5
5
6
5
7
8
9
10
5
2
2
1
-5
-3
-1
-4
4
0
3
4
1
4
1
2
1
-1
-1
-1
-5
-8
-5
-5
-6
-5
-2
-7
-3
-1
-7
-3
1
1
3
-1
-6
-2
-6
-7
-2
2
2
-1
2
3
1
-1
7
6
6
7
3
5
0
-4
-3
-4
-6
-7
-4
-1
-6
-4
-3
-2
1
0
0
-1
-1
-2
-6
-3
-1
-2
2
2
0
1
-3
-5
4
5
1
4
3
4
8
3
1
3
1
-2
0
3
-2
-5
-7
-5
-4
-2
7
14
9
2
4
2
-7
-8
-6
-5
-8
0
7
2
-1
0
3
2
4
10
3
-3
1
1
0
0
-2
4
4
0
0
0
-4
-3
2
-2
0
2
0
-1
-2
-2
-1
-4
-6
-2
-5
1
0
-3
5
4
2
2
3
-3
-1
0
1
2
-2
2
5
3
3
4
2
-3
2
3
-3
-1
-4
-2
1
-2
-2
0
5
5
3
4
2
2
-1
3
1
-3
4
0
5
4
-8
-7
-6
-6
-1
3
0
-6
-9
-7
-7
-1
3
0
-7
-6
-2
-3
3
3
3
-1
0
0
-1
1
-5
-9
-2
2
3
4
3
5
-1
1
4
4
6
-1
2
3
3
3
0
5
3
4
4
-2
1
2
6
0
-3
-1
-7
-7
-3
-4
-8
-5
-7
-9
-9
-15
-14
-5
-7
-5
-4
-1
6
2
2
6
11
10
8
9
8
5
5
2
5
11
5
4
3
2
6
5
1
10
7
5
11
8
8
7
1
1
-1
-7
-5
-2
-1
-2
-3
0
6
6
1
0
0
-1
-5
-6
-9
-7
-7
-10
-12
-9
-6
-8
-7
-4
-1
0
1
-2
-2
-4
-8
-9
-7
-15
-12
-1
-3
-4
-2
-6
-3
0
-2
3
-3
-5
-2
-4
-4
-9
0
-3
-7
1
1
1
3
5
3
7
10
11
12
12
9
8
8
4
3
4
10
10
10
12
16
16
11
9
14
16
13
12
7
7
5
3
0
-5
-4
-3
-3
0
-4
-5
2
-5
-7
-9
-12
-6
-11
-13
-14
-19
-15
-10
-5
-8
-13
-2
-1
-2
-5
-3
-3
-6
0
-2
-5
-4
-8
-8
-8
-4
-5
-5
-3
-6
0
0
-3
-2
1
5
4
3
6
3
-2
4
0
-4
1
0
-1
1
5
3
8
7
4
6
4
6
3
1
4
5
6
8
7
6
9
8
8
11
8
10
11
13
17
13
8
1
-1
-2
-1
2
-3
-4
2
2
-2
-5
-6
-3
-2
-5
-6
-6
-12
-9
-8
-10
-7
-8
-2
-2
-12
-9
-11
-9
-9
-14
-7
-5
-9
-10
-10
-9
-8
-12
-11
-4
-7
-10
-5
-4
1
0
-4
7
2
6
9
-1
10
7
6
11
8
12
9
10
14
8
11
6
3
2
2
5
2
8
11
13
12
15
18
12
13
11
8
4
1
0
0
-1
-4
-9
-8
-3
-5
-8
-10
-5
-2
-2
1
-4
-2
-1
-9
-9
-7
-10
-9
-10
-9
-7
-8
-3
0
2
2
-3
-4
-2
-3
-2
-6
-3
0
-9
-9
1
1
1
0
-3
-4
-5
1
1
2
6
-2
-2
2
0
-2
-5
-1
2
2
6
1
1
4
2
4
8
6
2
2
-5
-8
-8
-6
-2
3
6
1
4
6
3
2
6
10
9
10
7
3
6
3
-1
0
2
3
1
3
2
0
2
4
6
5
4
0
-1
0
0
-1
-6
-3
1
0
2
4
5
0
-3
-4
-4
-1
-5
-7
-4
-7
-8
-8
-7
-4
-11
-4
3
1
-2
-4
-4
-4
-3
-4
-5
-2
-2
-6
-5
-10
-10
-10
-7
-6
-6
-2
1
1
2
4
4
-1
-1
-5
-5
2
2
4
8
8
8
10
7
6
11
17
17
20
25
22
16
14
5
4
7
-2
-7
-4
-5
-5
-6
-4
1
-1
-5
0
-2
-7
-7
-12
-9
-9
-15
-15
-12
-8
-9
-8
-5
-3
-4
-5
2
1
1
5
4
2
4
6
4
4
8
2
-1
1
-3
-1
-2
1
2
1
8
-1
-3
-4
-3
2
-2
0
1
1
-2
-2
0
-1
-2
-6
-1
3
1
-1
-2
0
4
-3
-4
4
7
3
4
6
3
5
7
6
9
6
-2
3
7
-2
-4
-2
4
8
-1
-1
2
4
-2
-4
1
2
6
4
-3
-6
0
-7
-12
-9
-3
0
-1
-2
5
7
2
-1
2
4
0
-3
-6
-3
-7
-7
-7
-6
-1
-7
1
4
2
4
-4
-3
-1
-7
-7
-7
-9
-10
-10
-10
0
-5
-7
-11
-10
-1
-3
0
2
5
8
8
2
1
9
7
3
4
2
-5
-9
0
5
-1
1
7
6
4
-3
2
2
3
8
7
10
11
16
18
16
11
12
10
7
10
9
7
6
8
9
8
8
6
8
6
6
-1
-3
0
-4
-7
-9
-6
-3
-5
-9
-7
-4
-10
-11
-8
-7
-6
-9
-8
-12
-13
-14
-14
-13
-13
-15
-12
-10
-16
-14
-13
-16
-13
-9
-8
-9
-7
-3
-4
-7
-5
-6
-7
-9
-7
-6
-1
0
-2
6
6
4
7
7
12
14
8
7
8
8
9
5
13
10
8
9
6
12
14
15
20
26
24
21
21
21
20
14
15
17
15
11
7
7
11
20
15
4
7
12
13
4
10
4
-10
-7
-18
-17
-2
-5
-14
-13
-19
-23
-20
-15
-11
-24
-27
-21
-21
-32
-31
-27
-25
-22
-27
-20
-20
-24
-14
-14
-15
-17
-15
-10
-10
-12
-2
-2
-5
3
3
5
5
5
15
16
10
10
6
9
4
6
14
15
14
11
14
16
18
20
19
22
22
18
15
19
19
18
17
15
19
16
12
10
14
13
7
3
6
11
4
0
3
4
-1
-3
1
0
-7
-8
-5
-3
-7
-16
-23
-22
-15
-18
-15
-8
-11
-7
-13
-16
-11
-9
-8
-11
-9
-9
-15
-12
-9
-12
-10
-14
-13
-7
-8
-5
-3
-2
-2
1
0
-1
1
-2
-2
-2
-4
-3
-6
-5
3
7
7
8
9
10
6
8
6
2
1
1
5
2
3
0
-2
2
4
5
6
14
14
11
10
10
12
8
4
7
10
5
5
7
10
10
6
3
8
9
8
11
7
6
0
-1
-2
-2
5
-2
1
8
2
0
0
-6
-3
-1
-7
-11
-13
-12
-14
-17
-14
-11
-7
-7
-10
-9
-8
-7
-6
-9
-1
8
2
-5
-7
-11
-8
-7
-7
-3
-6
-5
-6
-2
1
-1
6
3
0
0
0
-1
-5
-3
-7
-3
-4
-5
-2
-5
3
7
4
9
11
8
3
-1
3
0
-6
1
5
2
4
4
12
15
12
14
9
10
9
9
7
6
14
12
5
1
1
1
0
0
-3
2
3
0
1
-4
0
-3
-5
1
-1
3
2
-2
5
5
2
2
2
4
-1
-4
-3
-8
-6
-6
-8
-11
-9
-6
-5
-8
-9
-1
2
5
5
4
0
-8
-8
-8
-8
-11
-12
-12
-8
-8
-12
-5
2
4
1
0
0
-6
-9
-10
-15
-13
-11
-13
-2
-3
-1
6
3
6
4
3
7
7
7
5
2
0
-1
0
6
7
1
7
2
4
11
13
16
19
19
18
21
17
17
13
8
8
6
5
-1
0
4
5
5
6
9
9
8
6
-1
-6
-3
0
-6
-9
-5
-14
-11
-5
-6
-8
-10
-4
-1
-4
-6
-3
-4
1
-4
-7
-2
-7
-7
-6
-5
-7
-8
-6
-8
-6
-5
-4
-8
-7
-3
-10
-8
-4
-8
-10
-7
-2
-2
-1
1
2
-1
-2
-4
-6
0
1
-3
-6
-8
-6
-3
-2
-3
1
-7
-9
-2
-3
-2
-5
-3
8
8
11
14
11
12
15
16
6
8
15
13
12
13
14
15
17
16
6
6
7
5
4
7
8
2
2
2
2
3
8
4
0
4
6
6
3
6
9
0
3
4
-3
-1
-5
-9
-4
0
-2
-6
-4
-3
-10
-15
-7
-11
-15
-9
-12
-15
-12
-14
-12
-7
-9
-5
-3
-5
-2
5
6
4
6
7
4
0
-1
1
-2
-11
-14
-12
-13
-12
-7
-4
-2
-2
-6
-3
0
-3
-4
-10
-15
-13
-19
-19
-9
-10
-10
-6
-3
3
6
8
10
13
9
12
11
7
5
-2
1
4
3
8
9
9
13
16
10
9
12
11
9
8
8
7
2
-2
-4
-1
6
5
10
19
14
19
19
19
24
25
22
17
16
16
11
6
13
8
7
17
13
8
5
1
0
-5
-10
-13
-18
-20
-20
-15
-15
-17
-16
-20
-23
-15
-14
-13
-16
-13
-6
-8
-4
-5
-3
-1
-2
-3
-2
0
-1
3
6
9
6
2
-4
-12
-14
-24
-29
-31
-36
-38
-33
-31
-26
-26
-24
-20
-27
-22
-18
-16
-20
-27
-22
-23
-21
-25
-20
-15
-9
-4
-1
9
14
17
19
17
19
24
21
25
35
41
38
43
56
65
68
71
71
69
72
62
55
44
39
37
25
21
18
18
19
18
16
19
26
24
27
25
20
15
9
1
-13
-15
-18
-24
-26
-31
-36
-39
-46
-45
-42
-37
-38
-38
-41
-47
-53
-59
-56
-53
-62
-57
-39
-36
-29
-19
-8
-1
0
1
0
4
-3
-11
-11
-4
1
-11
0
29
45
26
3
2
-7
-75
-156
-213
-307
-407
-505
-543
-506
-559
-600
-522
-396
-260
-204
-135
26
180
243
284
440
601
670
720
842
1129
1316
1330
1442
1551
1649
1649
1499
1420
1241
948
699
484
279
7
-238
-362
-388
-425
-509
-494
-392
-330
-350
-358
-248
-158
-189
-229
-140
11
45
31
138
320
398
345
356
445
400
187
-45
-212
-438
-809
-1203
-1462
-1656
-1897
-2133
-2226
-2167
-2117
-2093
-1991
-1773
-1551
-1437
-1335
-1139
-926
-797
-708
-515
-230
3
187
465
824
1114
1301
1490
1715
1842
1819
1764
1751
1694
1516
1329
1233
1140
964
762
636
545
318
-23
-328
-599
-972
-1483
-1950
-2250
-2495
-2795
-3021
-2986
-2749
-2509
-2282
-1894
-1326
-793
-411
-47
434
911
1208
1410
1715
2099
2378
2532
2749
3080
3314
3349
3334
3368
3321
3039
2636
2303
1981
1483
890
448
160
-193
-618
-864
-880
-909
-1076
-1153
-995
-841
-909
-1004
-888
-728
-786
-934
-871
-676
-636
-719
-649
-380
-208
-243
-228
-53
51
-106
-339
-436
-521
-824
-1260
-1558
-1722
-1986
-2371
-2624
-2643
-2638
-2761
-2815
-2619
-2335
-2163
-1999
-1634
-1152
-770
-477
-70
464
920
1252
1589
1982
2343
2562
2684
2828
2961
2988
2900
2780
2716
2634
2450
2243
2099
1999
1869
1683
1550
1475
1369
1226
1058
883
680
423
142
-192
-595
-995
-1381
-1796
-2230
-2604
-2837
-2983
-3148
-3236
-3153
-2979
-2798
-2626
-2373
-2020
-1685
-1404
-1101
-739
-344
33
373
727
1093
1430
1709
1913
2075
2188
2211
2144
2030
1878
1673
1433
1201
1011
811
568
403
343
275
132
23
49
91
13
-101
-74
24
0
-109
-109
14
42
-49
-77
20
74
-14
-92
-59
-18
-103
-256
-322
-346
-474
-708
-910
-1041
-1212
-1486
-1751
-1889
-1985
-2156
-2313
-2321
-2214
-2155
-2127
-1949
-1630
-1345
-1115
-789
-294
179
525
892
1384
1858
2141
2326
2572
2816
2873
2788
2768
2814
2744
2541
2401
2370
2284
2073
1872
1797
1726
1546
1345
1242
1199
1051
795
567
389
107
-337
-825
-1249
-1680
-2227
-2796
-3224
-3511
-3775
-4037
-4159
-4089
-3953
-3842
-3682
-3395
-3032
-2718
-2438
-2084
-1653
-1222
-831
-388
130
649
1111
1542
1989
2375
2632
2777
2862
2878
2766
2538
2283
2051
1795
1506
1248
1105
1038
971
924
948
1044
1102
1093
1049
1012
958
812
610
422
278
138
-20
-128
-134
-85
-49
-4
99
229
291
274
240
187
55
-181
-458
-705
-958
-1265
-1578
-1809
-1966
-2126
-2285
-2380
-2392
-2378
-2406
-2413
-2333
-2208
-2086
-1936
-1691
-1343
-973
-583
-121
372
846
1266
1648
1979
2227
2380
2465
2499
2481
2401
2287
2194
2116
2014
1910
1862
1846
1808
1750
1700
1664
1598
1469
1305
1102
842
527
149
-303
-800
-1296
-1784
-2304
-2828
-3272
-3605
-3874
-4104
-4250
-4273
-4160
-3992
-3803
-3551
-3218
-2800
-2378
-1985
-1537
-985
-400
146
677
1235
1797
2294
2704
3020
3237
3376
3429
3360
3162
2918
2695
2459
2183
1911
1716
1605
1524
1426
1333
1293
1275
1202
1043
885
789
671
464
267
195
171
84
2
27
94
89
48
52
71
11
-100
-203
-312
-465
-665
-879
-1093
-1331
-1621
-1942
-2234
-2490
-2757
-3051
-3283
-3396
-3459
-3522
-3509
-3351
-3128
-2891
-2586
-2153
-1667
-1197
-680
-89
491
989
1458
1929
2328
2610
2809
2959
3045
3077
3046
2954
2843
2758
2670
2523
2356
2242
2146
2001
1838
1718
1625
1504
1376
1251
1081
868
642
380
4
-480
-959
-1403
-1928
-2526
-3042
-3400
-3681
-3955
-4137
-4154
-4026
-3853
-3694
-3459
-3102
-2702
-2345
-1982
-1528
-1019
-532
-42
523
1105
1608
2078
2585
3022
3265
3380
3478
3494
3301
2949
2612
2320
1963
1546
1191
1006
915
801
705
738
898
985
923
866
902
859
584
255
81
-64
-369
-672
-735
-633
-613
-643
-496
-222
-52
-88
-164
-177
-278
-591
-1008
-1318
-1515
-1783
-2134
-2360
-2369
-2368
-2492
-2577
-2494
-2396
-2447
-2514
-2437
-2309
-2261
-2202
-1975
-1614
-1254
-880
-370
257
875
1382
1853
2364
2816
3064
3130
3196
3260
3151
2878
2644
2515
2352
2083
1860
1798
1784
1684
1570
1589
1694
1696
1573
1529
1605
1569
1295
989
820
596
94
-528
-967
-1323
-1872
-2562
-3063
-3309
-3597
-4011
-4283
-4261
-4184
-4232
-4246
-4023
-3669
-3405
-3158
-2728
-2137
-1554
-1016
-378
384
1105
1700
2242
2785
3192
3366
3405
3401
3285
2975
2579
2231
1924
1588
1265
1076
1002
970
998
1088
1164
1214
1266
1286
1146
859
620
442
126
-320
-607
-639
-666
-780
-732
-416
-90
60
191
429
586
486
242
26
-207
-580
-1025
-1391
-1624
-1804
-2015
-2183
-2172
-2074
-2114
-2254
-2275
-2199
-2281
-2501
-2538
-2376
-2264
-2186
-1892
-1356
-797
-254
383
1110
1785
2352
2808
3133
3354
3470
3404
3164
2929
2739
2436
2037
1785
1702
1558
1369
1362
1451
1403
1286
1258
1218
1036
872
814
717
522
356
262
121
-100
-373
-669
-986
-1370
-1879
-2491
-3023
-3428
-3881
-4385
-4677
-4675
-4641
-4676
-4535
-4093
-3603
-3211
-2763
-2147
-1475
-907
-382
235
900
1478
1947
2402
2869
3226
3427
3562
3690
3723
3563
3307
3080
2821
2407
1943
1631
1448
1188
864
760
883
901
764
732
887
889
559
262
153
-19
-437
-833
-894
-856
-929
-984
-764
-351
-103
9
204
496
609
423
202
67
-96
-468
-924
-1149
-1286
-1540
-1875
-2048
-2022
-2118
-2336
-2453
-2399
-2371
-2485
-2493
-2302
-2070
-1909
-1702
-1268
-741
-273
195
771
1420
1912
2244
2578
2885
2990
2878
2755
2654
2434
2106
1864
1787
1697
1515
1409
1443
1437
1253
1040
951
851
603
326
220
227
129
-43
-108
-84
-188
-516
-860
-1133
-1489
-2051
-2662
-3070
-3372
-3747
-4085
-4152
-3980
-3814
-3671
-3361
-2870
-2410
-2097
-1778
-1329
-900
-594
-302
117
641
1101
1518
2037
2616
3071
3353
3573
3747
3742
3504
3165
2850
2487
2019
1585
1341
1227
1090
983
1048
1225
1298
1236
1222
1252
1124
797
469
268
59
-272
-540
-562
-444
-382
-307
-33
349
593
654
723
809
706
330
-108
-441
-820
-1334
-1837
-2133
-2283
-2500
-2745
-2825
-2772
-2809
-2971
-3085
-3056
-3054
-3179
-3221
-3053
-2773
-2516
-2203
-1680
-1033
-448
76
678
1309
1791
2096
2346
2593
2720
2661
2547
2521
2493
2365
2216
2215
2329
2329
2212
2161
2175
2044
1667
1261
999
731
299
-122
-236
-145
-147
-242
-143
173
310
112
-123
-175
-325
-826
-1442
-1799
-1975
-2367
-2872
-3070
-2935
-2837
-2932
-2866
-2489
-2130
-2042
-1997
-1723
-1402
-1279
-1225
-925
-441
-23
340
853
1533
2094
2450
2757
3063
3199
3065
2811
2556
2253
1829
1390
1070
871
739
682
754
930
1173
1427
1626
1745
1799
1779
1604
1275
896
556
207
-188
-522
-661
-653
-631
-571
-391
-133
23
17
-33
-116
-350
-785
-1287
-1734
-2162
-2635
-3054
-3281
-3333
-3316
-3280
-3125
-2842
-2569
-2407
-2309
-2146
-1985
-1954
-1969
-1859
-1618
-1355
-1079
-659
-51
591
1155
1695
2285
2823
3135
3269
3364
3418
3318
3048
2785
2617
2434
2165
1914
1802
1759
1613
1412
1309
1255
1091
819
643
581
446
277
260
411
497
496
601
776
799
598
375
182
-196
-807
-1438
-1959
-2470
-3073
-3626
-3955
-4089
-4176
-4253
-4170
-3861
-3522
-3277
-3013
-2589
-2075
-1719
-1397
-888
-293
221
612
1123
1747
2183
2460
2744
3044
3173
3041
2917
2846
2632
2271
1943
1819
1702
1443
1307
1411
1572
1557
1483
1631
1769
1620
1330
1136
1001
612
48
-325
-507
-745
-1081
-1222
-1027
-822
-769
-684
-415
-129
-141
-331
-427
-498
-758
-1225
-1609
-1794
-2004
-2329
-2591
-2586
-2467
-2477
-2506
-2357
-2077
-1909
-1892
-1781
-1517
-1288
-1184
-1044
-684
-242
85
417
904
1471
1935
2273
2626
2995
3226
3244
3162
3104
2961
2627
2253
1983
1749
1441
1120
957
898
743
533
413
364
251
47
-97
-120
-90
-53
-25
54
211
363
394
236
28
-154
-494
-1092
-1767
-2310
-2768
-3330
-3926
-4278
-4369
-4389
-4409
-4310
-3996
-3592
-3244
-2923
-2539
-2069
-1618
-1246
-823
-297
245
748
1275
1873
2438
2903
3344
3774
4098
4256
4320
4348
4247
3994
3689
3400
3095
2753
2447
2245
2120
1997
1877
1835
1821
1685
1448
1207
946
544
-5
-480
-835
-1219
-1619
-1838
-1805
-1721
-1679
-1517
-1222
-980
-901
-889
-895
-1010
-1257
-1567
-1894
-2207
-2467
-2689
-2879
-2971
-2939
-2876
-2832
-2750
-2601
-2465
-2408
-2346
-2235
-2115
-1983
-1786
-1517
-1187
-753
-222
315
853
1477
2140
2658
3032
3411
3736
3834
3734
3623
3479
3190
2833
2532
2278
2035
1831
1681
1558
1461
1375
1235
1030
826
654
440
170
-34
-89
-79
-124
-139
-15
150
122
-95
-273
-443
-854
-1532
-2162
-2605
-3092
-3724
-4217
-4341
-4311
-4345
-4302
-3986
-3552
-3213
-2939
-2638
-2268
-1889
-1600
-1316
-887
-312
286
875
1591
2419
3138
3711
4254
4695
4873
4836
4730
4493
4044
3548
3151
2755
2301
1963
1835
1759
1615
1518
1550
1567
1377
1057
802
561
119
-510
-1014
-1306
-1608
-1998
-2222
-2105
-1867
-1736
-1576
-1210
-820
-652
-639
-605
-602
-794
-1166
-1503
-1761
-2072
-2443
-2735
-2836
-2885
-3023
-3118
-3055
-2944
-2933
-2960
-2840
-2615
-2440
-2283
-1984
-1508
-986
-477
101
793
1524
2186
2762
3286
3769
4129
4304
4347
4329
4238
4029
3745
3480
3220
2914
2607
2365
2143
1878
1598
1360
1116
774
396
85
-190
-489
-751
-848
-811
-808
-812
-665
-406
-295
-424
-551
-604
-887
-1523
-2194
-2615
-3004
-3623
-4208
-4397
-4325
-4355
-4426
-4224
-3796
-3468
-3309
-3066
-2647
-2214
-1873
-1494
-903
-194
492
1172
1969
2850
3568
4077
4554
5006
5185
5040
4823
4599
4167
3501
2877
2437
2042
1630
1340
1249
1258
1290
1365
1474
1557
1555
1404
1081
623
90
-483
-1059
-1550
-1908
-2159
-2264
-2152
-1861
-1509
-1137
-703
-329
-197
-287
-455
-716
-1170
-1737
-2261
-2697
-3109
-3458
-3655
-3671
-3532
-3322
-3100
-2849
-2557
-2302
-2160
-2054
-1859
-1632
-1493
-1327
-982
-494
5
556
1292
2131
2884
3533
4149
4683
5018
5145
5128
4991
4699
4271
3796
3312
2821
2331
1883
1513
1211
928
616
291
-31
-378
-796
-1248
-1656
-1998
-2291
-2522
-2621
-2505
-2166
-1700
-1205
-684
-92
415
629
600
530
363
-144
-922
-1632
-2183
-2784
-3421
-3792
-3818
-3762
-3760
-3639
-3298
-2908
-2622
-2363
-2021
-1645
-1337
-1087
-733
-172
498
1164
1885
2760
3653
4364
4915
5418
5810
5908
5711
5344
4863
4248
3513
2764
2104
1597
1219
883
593
485
538
507
309
158
119
-98
-632
-1181
-1507
-1848
-2391
-2836
-2891
-2757
-2741
-2679
-2279
-1711
-1339
-1146
-869
-547
-495
-762
-1059
-1268
-1553
-2020
-2477
-2689
-2758
-2874
-2972
-2868
-2565
-2300
-2154
-1944
-1612
-1321
-1175
-1034
-754
-396
-67
286
797
1431
2047
2643
3250
3864
4409
4785
4995
5085
5043
4832
4450
3981
3493
2963
2387
1824
1338
924
563
243
-56
-351
-654
-971
-1315
-1661
-1946
-2143
-2291
-2375
-2324
-2075
-1689
-1282
-849
-346
145
434
471
417
312
6
-554
-1180
-1681
-2164
-2759
-3305
-3574
-3602
-3611
-3623
-3444
-3069
-2696
-2428
-2127
-1672
-1169
-766
-411
78
672
1221
1736
2336
2995
3538
3913
4230
4503
4563
4391
4160
3916
3528
2964
2458
2125
1789
1355
1011
907
853
651
426
373
354
115
-244
-481
-640
-978
-1467
-1805
-1949
-2124
-2355
-2402
-2194
-1963
-1847
-1665
-1329
-1027
-931
-962
-940
-952
-1149
-1455
-1681
-1797
-1943
-2124
-2186
-2072
-1910
-1787
-1612
-1316
-999
-778
-588
-335
-77
113
285
534
847
1167
1492
1883
2338
2787
3161
3453
3688
3865
3871
3664
3357
3039
2671
2155
1585
1132
795
412
-13
-301
-418
-540
-787
-1006
-1094
-1182
-1392
-1587
-1572
-1443
-1389
-1304
-976
-511
-180
59
474
963
1112
901
700
568
123
-723
-1512
-1996
-2532
-3333
-4030
-4245
-4163
-4193
-4227
-3902
-3260
-2720
-2399
-1984
-1310
-645
-259
68
635
1290
1766
2158
2738
3415
3869
4123
4423
4716
4718
4426
4112
3828
3344
2642
2035
1633
1222
699
331
262
228
60
-45
57
102
-130
-415
-538
-721
-1170
-1629
-1803
-1897
-2161
-2340
-2149
-1800
-1613
-1462
-1081
-624
-432
-466
-457
-410
-517
-840
-1198
-1401
-1512
-1682
-1879
-1899
-1686
-1476
-1393
-1236
-904
-625
-563
-518
-305
-126
-130
-105
147
469
696
959
1387
1872
2234
2506
2780
3013
3120
3056
2882
2685
2440
2090
1670
1287
981
669
295
-9
-163
-316
-582
-805
-845
-856
-1031
-1200
-1104
-895
-827
-779
-460
52
410
577
851
1257
1496
1388
1102
901
647
58
-807
-1566
-2057
-2614
-3394
-4010
-4194
-4183
-4271
-4334
-4039
-3525
-3128
-2831
-2406
-1832
-1323
-914
-439
182
796
1342
1934
2613
3260
3707
4049
4399
4638
4572
4262
3985
3716
3232
2558
2004
1649
1296
896
565
411
381
375
241
5
-106
-84
-311
-919
-1358
-1392
-1602
-2225
-2579
-2294
-1994
-2085
-1994
-1314
-604
-346
-176
273
678
699
480
297
173
-63
-466
-884
-1086
-1111
-1241
-1466
-1445
-1188
-1104
-1236
-1203
-949
-894
-1097
-1137
-913
-779
-805
-655
-228
226
583
991
1519
2040
2422
2655
2797
2880
2854
2633
2264
1929
1665
1331
884
569
488
381
137
-5
55
61
-129
-306
-318
-358
-553
-703
-648
-533
-505
-408
-63
343
556
667
914
1198
1113
617
163
-82
-584
-1585
-2525
-2948
-3244
-3897
-4544
-4611
-4296
-4169
-4198
-3937
-3333
-2759
-2409
-2101
-1584
-912
-344
81
604
1360
2117
2679
3239
3936
4508
4791
4980
5174
5096
4655
4175
3793
3223
2388
1654
1227
881
403
-8
-123
-30
-15
-189
-330
-268
-228
-525
-1001
-1219
-1202
-1407
-1837
-1929
-1546
-1217
-1171
-927
-236
394
547
571
880
1139
874
316
-32
-202
-639
-1337
-1799
-1867
-1919
-2200
-2403
-2244
-1988
-2024
-2197
-2102
-1870
-1893
-2100
-2069
-1769
-1590
-1539
-1246
-644
-84
315
812
1478
2070
2434
2697
2994
3219
3211
3033
2880
2760
2493
2087
1783
1648
1455
1143
909
864
834
619
403
371
364
179
-53
-83
13
9
-74
7
290
517
531
511
640
744
511
-8
-410
-672
-1210
-2106
-2887
-3235
-3561
-4230
-4820
-4867
-4619
-4568
-4618
-4270
-3519
-2866
-2448
-1931
-1129
-285
299
769
1407
2134
2684
3054
3478
3979
4310
4393
4450
4512
4348
3915
3470
3085
2522
1742
1068
644
221
-334
-714
-706
-602
-667
-715
-472
-149
-120
-283
-284
-161
-277
-641
-816
-691
-632
-738
-695
-324
92
249
348
604
824
773
470
153
-131
-583
-1195
-1776
-2192
-2473
-2793
-3054
-3081
-2938
-2809
-2733
-2544
-2243
-2036
-1962
-1847
-1610
-1375
-1243
-1021
-564
-19
494
1007
1697
2497
3118
3573
4013
4450
4685
4582
4372
4215
3921
3393
2793
2358
2017
1525
1005
695
537
319
-8
-207
-244
-380
-640
-833
-907
-992
-1156
-1261
-1227
-1188
-1149
-1010
-853
-782
-732
-592
-512
-741
-1108
-1346
-1610
-2161
-2895
-3409
-3660
-3980
-4396
-4588
-4369
-3973
-3670
-3341
-2745
-1979
-1335
-877
-391
244
821
1202
1562
2046
2548
2941
3283
3680
4063
4290
4373
4379
4293
4030
3587
3077
2554
1969
1326
745
329
33
-215
-352
-287
-104
49
164
353
578
648
548
453
385
193
-118
-329
-377
-444
-586
-616
-441
-274
-275
-301
-233
-243
-498
-879
-1205
-1504
-1936
-2460
-2853
-3032
-3127
-3247
-3289
-3117
-2786
-2502
-2318
-2052
-1644
-1303
-1145
-985
-638
-219
85
349
800
1360
1838
2243
2680
3161
3532
3727
3849
3934
3900
3732
3470
3156
2794
2363
1912
1492
1084
643
215
-107
-348
-635
-969
-1202
-1279
-1398
-1649
-1852
-1827
-1712
-1750
-1829
-1666
-1285
-1005
-917
-771
-441
-166
-178
-384
-542
-649
-938
-1462
-1970
-2272
-2464
-2695
-2927
-2954
-2705
-2362
-2077
-1793
-1378
-855
-412
-130
119
451
816
1088
1278
1525
1898
2286
2590
2868
3176
3452
3608
3631
3545
3345
3046
2673
2219
1690
1188
801
482
170
-59
-105
-18
42
60
160
331
386
263
135
90
-38
-331
-628
-750
-798
-961
-1126
-1097
-937
-887
-979
-995
-895
-924
-1194
-1480
-1613
-1751
-2082
-2447
-2574
-2528
-2563
-2665
-2559
-2222
-1931
-1792
-1600
-1206
-814
-616
-458
-126
290
574
785
1146
1635
2022
2289
2611
3000
3276
3367
3399
3420
3346
3118
2789
2452
2108
1720
1288
863
522
262
-16
-310
-503
-596
-723
-926
-1065
-1111
-1194
-1355
-1455
-1422
-1363
-1348
-1274
-1072
-786
-522
-337
-161
77
275
225
-24
-237
-383
-725
-1345
-1861
-2073
-2270
-2657
-2962
-2876
-2554
-2358
-2261
-1929
-1384
-943
-722
-527
-174
210
401
524
822
1247
1625
1935
2315
2793
3174
3338
3480
3616
3509
3206
2878
2509
2016
1394
816
478
167
-213
-369
-295
-182
-47
42
170
417
512
459
384
248
130
-71
-462
-755
-866
-1005
-1165
-1245
-1151
-925
-846
-873
-771
-681
-760
-946
-1171
-1321
-1453
-1714
-1979
-2096
-2085
-2041
-2004
-1879
-1551
-1178
-929
-659
-318
-35
136
240
371
528
574
604
777
997
1169
1340
1596
1955
2274
2426
2565
2761
2819
2674
2417
2147
1894
1533
1036
628
333
41
-261
-552
-733
-812
-927
-1052
-1123
-1179
-1246
-1313
-1380
-1444
-1483
-1514
-1476
-1365
-1275
-1145
-914
-620
-318
-129
35
283
467
460
287
146
56
-195
-605
-973
-1128
-1221
-1456
-1645
-1604
-1386
-1254
-1231
-1072
-791
-544
-449
-400
-223
-2
157
282
485
830
1188
1491
1819
2196
2545
2738
2830
2903
2855
2651
2347
2048
1742
1363
1009
762
597
443
332
349
375
364
381
394
356
195
-9
-189
-426
-750
-1107
-1366
-1532
-1721
-1894
-1924
-1800
-1652
-1552
-1403
-1170
-968
-871
-844
-819
-813
-877
-982
-1074
-1097
-1068
-1036
-975
-843
-658
-494
-375
-253
-122
-51
-50
-38
9
47
75
180
374
590
824
1119
1459
1760
2004
2218
2379
2426
2377
2273
2116
1894
1639
1404
1167
908
662
463
263
3
-245
-443
-651
-906
-1146
-1299
-1450
-1640
-1766
-1797
-1810
-1825
-1755
-1587
-1416
-1254
-1012
-713
-477
-309
-110
108
202
157
118
118
37
-154
-336
-422
-464
-564
-690
-734
-691
-659
-698
-752
-747
-696
-703
-768
-770
-643
-458
-310
-130
200
634
1024
1346
1692
2062
2356
2507
2560
2583
2555
2448
2273
2081
1906
1758
1629
1494
1368
1281
1229
1135
964
784
613
380
52
-293
-587
-864
-1180
-1467
-1664
-1770
-1852
-1923
-1935
-1878
-1804
-1760
-1721
-1666
-1593
-1537
-1498
-1433
-1340
-1230
-1105
-952
-779
-628
-485
-335
-211
-165
-191
-201
-187
-224
-323
-369
-299
-174
-83
4
226
545
802
969
1142
1387
1595
1658
1647
1685
1757
1735
1604
1517
1523
1481
1330
1174
1099
1029
855
627
443
282
38
-262
-525
-758
-1013
-1297
-1511
-1637
-1751
-1864
-1881
-1746
-1560
-1433
-1269
-937
-527
-223
-53
174
546
824
834
751
806
910
776
410
148
107
-9
-383
-777
-897
-877
-1037
-1339
-1466
-1354
-1278
-1373
-1426
-1256
-992
-819
-688
-411
-27
316
626
997
1411
1747
2023
2338
2606
2695
2679
2713
2748
2577
2230
1964
1837
1616
1185
805
675
590
293
-50
-170
-167
-355
-735
-986
-1072
-1290
-1716
-2084
-2221
-2313
-2545
-2717
-2608
-2340
-2146
-1966
-1593
-1099
-715
-468
-187
155
364
364
358
450
493
376
261
308
402
366
270
320
456
451
302
236
301
285
123
14
90
194
187
201
384
659
848
958
1142
1394
1537
1515
1464
1458
1401
1190
905
706
548
301
-22
-266
-400
-576
-842
-1066
-1171
-1273
-1453
-1616
-1641
-1598
-1619
-1658
-1584
-1417
-1275
-1181
-1027
-759
-456
-193
56
371
766
1118
1330
1447
1558
1656
1586
1275
883
558
238
-227
-784
-1194
-1377
-1503
-1700
-1830
-1723
-1467
-1276
-1169
-979
-653
-340
-144
25
299
629
912
1183
1502
1840
2148
2422
2667
2808
2815
2767
2676
2457
2059
1618
1273
939
485
-5
-306
-424
-607
-924
-1135
-1121
-1121
-1341
-1632
-1731
-1716
-1866
-2146
-2251
-2122
-2014
-2011
-1867
-1476
-1044
-736
-426
47
530
807
956
1171
1401
1436
1275
1158
1139
1031
765
507
398
338
152
-89
-207
-228
-315
-514
-660
-681
-715
-831
-924
-872
-747
-665
-556
-321
-3
284
529
813
1127
1358
1443
1465
1476
1405
1197
911
651
415
126
-199
-443
-585
-733
-913
-1034
-1072
-1112
-1203
-1283
-1283
-1282
-1322
-1346
-1288
-1165
-1041
-875
-603
-263
105
509
954
1375
1724
2039
2306
2409
2304
2117
1925
1612
1075
489
73
-259
-720
-1223
-1480
-1490
-1526
-1685
-1744
-1545
-1301
-1254
-1275
-1122
-839
-642
-581
-436
-109
253
526
785
1137
1523
1812
1983
2106
2172
2108
1919
1672
1389
1028
619
238
-69
-340
-629
-854
-946
-956
-1001
-1077
-1074
-984
-935
-1008
-1080
-1037
-969
-991
-1039
-945
-733
-561
-435
-209
146
454
647
854
1127
1328
1352
1302
1309
1274
1080
800
581
409
143
-200
-471
-638
-816
-1042
-1224
-1290
-1300
-1357
-1401
-1328
-1199
-1097
-993
-797
-508
-232
32
367
758
1109
1368
1603
1828
1958
1940
1830
1694
1493
1189
831
524
252
-58
-376
-614
-763
-919
-1106
-1222
-1246
-1269
-1342
-1380
-1311
-1193
-1111
-1023
-831
-561
-324
-121
153
498
837
1116
1352
1587
1800
1925
1929
1829
1653
1409
1047
581
76
-388
-783
-1180
-1569
-1866
-2010
-2055
-2102
-2120
-2033
-1844
-1680
-1572
-1422
-1171
-865
-590
-344
-48
307
643
907
1139
1384
1605
1744
1800
1815
1810
1764
1675
1534
1332
1126
940
738
468
193
32
-47
-184
-374
-440
-347
-300
-385
-407
-236
-61
-68
-136
-26
179
214
112
139
347
480
421
393
545
692
643
495
468
493
336
8
-266
-420
-649
-1032
-1377
-1551
-1673
-1883
-2070
-2069
-1959
-1886
-1838
-1669
-1388
-1134
-927
-681
-365
-57
201
445
710
971
1169
1324
1469
1577
1599
1550
1489
1402
1219
961
725
522
262
-67
-351
-524
-676
-878
-1049
-1072
-1021
-1003
-972
-825
-590
-401
-221
36
309
518
725
968
1165
1288
1386
1488
1543
1522
1454
1363
1251
1118
917
627
363
162
-104
-514
-882
-1085
-1290
-1623
-1911
-1980
-1955
-2010
-2044
-1887
-1629
-1416
-1225
-982
-724
-500
-286
-108
8
119
274
413
486
581
762
963
1122
1272
1429
1549
1642
1710
1658
1472
1301
1174
919
517
197
51
-115
-379
-548
-501
-405
-381
-319
-142
51
160
252
348
399
409
395
350
285
241
209
166
136
139
143
105
76
53
-55
-229
-406
-599
-849
-1143
-1407
-1610
-1800
-1954
-2020
-2007
-1914
-1759
-1553
-1291
-978
-651
-332
-33
265
543
754
915
1064
1186
1234
1247
1261
1262
1221
1150
1077
980
863
717
547
363
175
-9
-192
-353
-474
-543
-583
-583
-502
-380
-254
-110
87
296
450
570
724
880
939
939
987
1042
1004
929
889
839
727
582
440
260
5
-266
-520
-830
-1181
-1491
-1732
-1957
-2188
-2310
-2315
-2284
-2221
-2062
-1817
-1579
-1355
-1088
-790
-541
-335
-103
134
340
532
746
984
1196
1395
1618
1841
2007
2106
2171
2211
2190
2061
1867
1645
1410
1141
808
479
264
145
-27
-238
-285
-146
-86
-202
-210
0
102
-72
-217
-110
-51
-247
-432
-374
-264
-328
-398
-308
-153
-79
-95
-115
-105
-142
-295
-547
-771
-931
-1164
-1483
-1697
-1745
-1797
-1909
-1910
-1722
-1521
-1417
-1264
-974
-678
-492
-330
-78
193
380
514
685
902
1081
1168
1232
1351
1453
1450
1374
1322
1291
1189
1006
837
729
610
447
304
228
205
177
156
194
276
357
428
513
589
630
645
648
609
521
408
291
163
-2
-190
-341
-452
-584
-738
-855
-906
-955
-1058
-1147
-1169
-1194
-1287
-1394
-1438
-1470
-1542
-1611
-1628
-1573
-1480
-1393
-1249
-1011
-741
-482
-232
47
328
555
717
844
979
1074
1110
1124
1145
1208
1264
1306
1392
1496
1598
1667
1692
1724
1685
1547
1355
1125
880
597
270
-22
-244
-406
-530
-582
-546
-453
-338
-215
-79
49
131
152
131
77
-15
-133
-256
-376
-471
-538
-581
-597
-592
-573
-558
-563
-590
-641
-723
-834
-956
-1082
-1201
-1301
-1368
-1368
-1316
-1218
-1065
-858
-609
-339
-62
195
419
600
733
827
878
887
870
846
815
794
787
792
809
824
827
820
784
719
643
541
427
316
216
135
84
61
73
109
162
227
283
324
343
331
275
191
74
-70
-225
-392
-548
-692
-818
-916
-981
-1015
-1031
-1025
-998
-976
-956
-946
-957
-962
-981
-1011
-1022
-1019
-965
-876
-755
-571
-352
-79
208
474
751
997
1184
1323
1395
1430
1419
1351
1276
1197
1127
1093
1076
1096
1138
1168
1214
1234
1199
1122
979
798
586
305
21
-232
-463
-638
-764
-826
-791
-719
-618
-486
-362
-236
-163
-147
-149
-198
-288
-393
-523
-635
-718
-782
-812
-817
-796
-748
-701
-656
-618
-613
-636
-685
-755
-835
-921
-997
-1037
-1039
-988
-886
-733
-525
-276
-15
257
525
759
958
1102
1193
1224
1207
1150
1069
976
885
813
758
731
727
741
769
786
775
747
691
594
475
335
186
59
-42
-102
-118
-89
-22
65
161
245
292
293
241
128
-30
-234
-464
-705
-935
-1121
-1281
-1397
-1470
-1493
-1449
-1389
-1319
-1238
-1157
-1060
-976
-910
-841
-765
-676
-565
-426
-263
-74
144
373
609
851
1065
1261
1397
1469
1519
1516
1471
1383
1239
1097
956
809
678
549
438
351
274
205
140
88
35
-16
-70
-121
-160
-202
-241
-274
-301
-309
-306
-301
-281
-254
-212
-161
-118
-70
-26
8
30
28
4
-40
-100
-170
-246
-329
-413
-488
-543
-578
-604
-604
-599
-564
-503
-449
-382
-318
-251
-180
-122
-72
-18
25
66
113
168
224
282
355
426
494
553
605
642
656
649
617
564
499
421
336
261
197
141
92
56
35
17
0
-16
-26
-39
-52
-69
-91
-103
-128
-156
-178
-205
-231
-265
-298
-340
-381
-430
-495
-544
-596
-650
-696
-740
-773
-792
-804
-805
-796
-775
-722
-656
-573
-470
-351
-210
-57
112
277
447
611
752
873
978
1062
1126
1163
1170
1169
1154
1142
1110
1060
1006
937
859
775
678
574
467
359
256
166
90
26
-17
-44
-53
-60
-64
-65
-80
-101
-135
-182
-239
-299
-363
-424
-473
-509
-534
-541
-538
-522
-507
-497
-491
-503
-532
-577
-634
-695
-750
-804
-845
-871
-880
-869
-834
-773
-705
-620
-524
-425
-315
-212
-101
3
93
183
265
342
404
468
528
584
648
704
754
810
846
874
891
880
850
803
737
660
570
485
406
335
286
251
237
240
241
247
264
256
229
182
110
24
-91
-209
-326
-447
-552
-634
-688
-716
-727
-713
-689
-655
-615
-589
-573
-569
-576
-586
-589
-580
-562
-522
-454
-360
-248
-131
-12
95
192
271
322
348
358
353
336
323
324
337
368
419
482
553
626
687
718
740
730
695
642
565
473
380
304
231
177
134
104
89
80
66
52
35
2
-45
-108
-182
-265
-359
-453
-538
-604
-655
-693
-692
-667
-621
-552
-486
-407
-330
-267
-218
-184
-168
-173
-186
-201
-210
-211
-206
-171
-124
-68
-2
61
126
174
214
249
263
267
259
251
233
217
214
214
231
261
299
341
383
420
458
482
483
470
441
410
362
311
259
205
155
109
74
42
17
-5
-33
-60
-90
-132
-179
-226
-282
-349
-409
-465
-517
-559
-588
-607
-613
-614
-606
-587
-567
-543
-514
-487
-472
-445
-409
-381
-337
-293
-245
-193
-146
-88
-25
36
104
163
229
293
343
389
428
465
495
511
531
553
577
597
611
637
666
699
725
745
763
780
782
767
747
696
643
578
497
403
307
215
116
16
-73
-151
-235
-316
-394
-467
-546
-615
-676
-747
-798
-837
-860
-867
-868
-855
-822
-771
-712
-651
-585
-516
-444
-375
-313
-252
-198
-140
-90
-48
-6
23
52
77
106
119
134
160
173
186
201
213
237
253
266
291
310
329
348
360
379
392
400
412
412
409
406
392
375
351
316
287
252
209
171
128
82
35
-6
-46
-84
-117
-151
-174
-192
-207
-222
-232
-236
-241
-245
-246
-251
-261
-265
-269
-280
-283
-284
-286
-281
-271
-261
-256
-240
-223
-200
-176
-160
-139
-109
-85
-58
-23
9
46
78
112
149
186
225
258
285
317
349
377
409
431
444
458
465
467
462
452
437
417
396
365
321
278
227
172
109
43
-17
-84
-155
-225
-277
-324
-372
-415
-452
-478
-502
-517
-521
-532
-532
-528
-517
-491
-465
-440
-416
-375
-330
-290
-250
-211
-171
-127
-86
-54
-18
21
50
85
115
143
172
195
211
227
243
257
274
282
287
292
301
303
300
297
297
297
291
289
280
267
253
242
231
214
195
176
153
128
106
79
59
40
19
1
-15
-27
-42
-59
-68
-79
-96
-113
-122
-128
-141
-151
-163
-175
-179
-190
-191
-195
-203
-211
-223
-220
-219
-216
-222
-225
-217
-212
-203
-199
-190
-183
-172
-150
-134
-115
-99
-77
-55
-36
-9
13
38
60
82
109
132
153
172
185
206
231
238
240
241
249
245
245
243
227
223
216
203
194
174
152
133
113
94
75
51
30
8
-10
-32
-50
-55
-76
-95
-106
-116
-117
-123
-122
-123
-118
-109
-111
-110
-108
-108
-98
-93
-92
-87
-86
-75
-62
-60
-60
-58
-49
-40
-34
-25
-26
-29
-27
-23
-22
-24
-28
-24
-22
-22
-10
-10
-8
0
5
13
25
26
14
14
21
23
21
19
16
22
30
34
43
47
53
62
68
75
72
68
73
74
77
70
70
71
63
74
73
69
72
63
55
42
37
28
13
0
-17
-28
-43
-54
-61
-62
-68
-79
-85
-90
-87
-78
-79
-84
-79
-74
-73
-67
-62
-53
-39
-29
-20
-11
2
10
16
26
34
39
36
38
48
46
39
36
35
32
31
31
33
33
29
30
33
28
23
25
18
11
6
2
-2
-5
-10
-13
-15
-14
-13
-14
-11
-15
-16
-24
-31
-34
-37
-45
-53
-53
-60
-56
-60
-62
-52
-48
-39
-30
-24
-16
-16
-14
-9
-8
-2
-1
0
2
11
15
23
34
42
49
51
53
51
47
43
29
16
7
-3
-12
-13
-12
-6
3
11
22
31
46
63
65
59
58
57
55
52
46
52
53
52
55
44
43
47
45
41
40
40
25
17
3
-15
-30
-50
-67
-79
-88
-98
-96
-101
-104
-100
-98
-88
-85
-86
-79
-75
-72
-71
-75
-67
-56
-43
-34
-24
-11
-2
10
16
26
32
34
33
30
30
29
24
22
21
16
24
29
28
32
38
39
40
44
42
40
38
38
34
29
28
31
35
39
43
44
47
44
39
37
34
29
20
15
11
0
-4
-9
-17
-19
-23
-34
-34
-36
-41
-39
-40
-39
-40
-46
-41
-38
-36
-34
-31
-26
-21
-21
-19
-16
-11
-9
-12
-6
-5
-6
-7
-8
-7
-6
-13
-12
-5
-5
-1
0
1
5
6
20
25
28
36
36
41
34
29
34
34
34
38
33
34
31
26
29
24
21
19
13
6
2
-1
-7
-13
-18
-27
-34
-38
-46
-42
-45
-45
-45
-42
-37
-36
-28
-28
-25
-28
-22
-21
-22
-16
-14
-12
-5
-3
-1
5
15
18
18
18
20
26
27
23
24
29
22
21
20
20
23
21
22
25
23
17
15
11
11
9
8
10
5
5
3
6
13
9
14
16
17
21
16
20
18
14
10
5
3
-7
-16
-13
-27
-37
-39
-43
-44
-51
-49
-49
-48
-47
-45
-43
-46
-42
-40
-42
-40
-31
-28
-28
-15
-9
-3
6
8
15
17
16
15
22
24
24
28
27
26
32
37
34
35
40
43
41
42
46
41
41
41
40
36
33
31
26
16
11
11
11
9
5
3
0
-5
-11
-14
-19
-23
-29
-29
-34
-33
-37
-40
-35
-29
-25
-23
-22
-28
-27
-21
-20
-16
-6
-10
-20
-12
-9
-11
-8
-4
-2
-6
-2
4
4
0
0
11
8
5
9
11
9
5
2
-2
-2
-5
1
5
5
15
15
13
14
12
14
16
11
13
11
5
8
8
9
10
12
19
21
19
14
19
20
14
12
5
-1
-1
-4
-4
-14
-21
-23
-22
-30
-31
-28
-32
-31
-32
-22
-21
-22
-17
-15
-13
-15
-18
-11
-9
-12
-6
-6
-3
3
8
10
18
22
27
25
23
25
20
18
20
22
18
14
14
19
21
19
14
15
14
7
8
7
9
12
5
3
3
-2
-5
-11
-9
-10
-9
-9
-8
-6
-8
-8
-10
-12
-14
-13
-10
-17
-19
-16
-22
-23
-15
-15
-17
-15
-18
-16
-14
-23
-18
-20
-21
-15
-15
-8
-11
-7
2
4
8
10
15
18
20
22
21
19
25
29
26
22
25
25
19
18
14
9
12
15
15
17
13
9
7
7
3
-2
-2
-6
-5
-4
-7
-4
1
3
6
8
6
6
0
-5
-8
-12
-16
-15
-17
-19
-20
-20
-22
-20
-16
-19
-20
-17
-18
-16
-19
-21
-18
-20
-17
-15
-7
-6
-7
1
3
3
7
9
17
16
19
21
19
19
15
19
21
13
12
15
12
10
9
6
7
4
5
5
0
2
2
-1
5
5
3
4
9
12
10
10
6
8
8
4
1
1
1
-3
-8
-10
-9
-14
-20
-19
-20
-20
-22
-15
-12
-14
-14
-12
-13
-22
-21
-23
-22
-13
-15
-16
-10
-6
-2
4
9
15
20
24
27
32
31
27
27
26
19
14
10
8
5
8
13
15
15
15
16
13
14
7
-1
-2
-9
-13
-14
-14
-17
-15
-9
-7
-7
-5
-5
-3
2
4
3
0
-3
-8
-8
-13
-15
-16
-18
-19
-23
-23
-22
-24
-17
-8
-13
-13
-13
-14
-10
-15
-13
-14
-17
-11
-8
-5
1
3
13
14
7
14
18
21
15
17
24
23
20
20
22
19
15
19
25
22
24
24
24
22
11
17
18
18
18
12
15
9
6
7
4
1
2
4
4
0
-2
-3
-13
-19
-24
-24
-25
-33
-35
-32
-32
-32
-26
-20
-19
-22
-16
-21
-24
-21
-22
-15
-14
-11
-8
-11
-9
-9
-2
-3
0
8
7
14
11
16
23
16
17
18
20
18
11
19
22
19
17
19
20
18
17
15
10
8
2
-6
-10
-13
-13
-7
-12
-7
-3
-5
-5
-6
-2
-6
-5
-3
-5
-2
-2
-1
2
-2
-3
2
-2
-6
-4
-5
-5
-3
-2
2
6
4
-3
-1
2
-5
-8
-12
-11
-5
-7
-6
-5
-2
6
5
8
7
4
6
7
7
1
4
9
8
8
5
12
14
9
14
14
12
14
13
9
11
7
-2
0
-2
1
2
-6
-9
-7
-3
-8
-13
-12
-13
-11
-17
-19
-17
-23
-24
-24
-31
-25
-19
-16
-11
-10
0
1
0
6
10
10
9
5
3
6
4
4
7
9
8
6
8
8
10
13
16
19
23
26
23
18
15
13
9
5
6
9
10
8
9
6
1
-1
-6
-10
-11
-11
-6
-7
-9
-8
-11
-10
-10
-9
-7
-13
-12
-7
-6
-4
-5
-3
-2
-1
-1
2
-1
-8
-9
-10
-14
-12
-9
-12
-10
-8
-8
-7
-7
-4
-11
-16
-12
-14
-10
-4
-5
-3
-3
-1
1
3
10
11
10
14
19
24
23
23
18
18
17
12
14
15
12
11
13
12
8
6
11
16
13
12
11
11
1
-1
-4
-8
-8
-11
-6
-8
-7
-5
-6
-8
-9
-7
-6
-13
-10
-9
-12
-9
-8
-8
-5
-7
-10
-2
0
-4
4
6
-2
-2
4
1
-11
-9
-8
-6
-9
-8
-2
-1
1
10
7
2
6
6
3
1
1
4
2
-2
-7
-1
4
8
4
1
2
5
8
0
1
1
-1
-2
-11
-8
-7
-16
-16
-10
-11
-9
-6
-6
0
1
5
-1
-5
2
0
3
8
9
4
6
8
2
0
2
1
0
-3
-3
2
0
4
2
1
-1
0
-1
-2
-6
-2
3
1
7
10
13
13
10
9
7
4
8
11
9
7
14
17
12
15
17
13
12
17
12
4
6
10
5
3
5
1
4
2
-4
-4
-7
-12
-10
-15
-17
-19
-18
-17
-23
-24
-24
-28
-29
-29
-29
-26
-23
-22
-18
-15
-15
-15
-14
-10
-11
-7
-7
-8
1
1
2
10
14
13
12
14
16
21
21
16
17
16
16
17
17
18
16
16
13
15
22
14
16
17
15
17
15
12
5
4
4
2
4
-2
-6
-7
-10
-7
-9
-12
-12
-13
-4
0
-6
-8
-4
-2
-10
-13
-8
-13
-14
-12
-9
-3
-5
-1
-4
-10
-13
-11
-6
-13
-11
-8
-13
-13
-12
-8
-6
-6
-7
-6
-3
2
7
6
11
12
14
15
12
16
13
11
14
19
15
12
11
10
11
11
9
9
9
7
3
4
6
-2
-7
-2
-6
-8
-7
-8
-7
-9
-9
-5
-4
-2
-4
-1
1
-2
-2
1
0
-3
-3
1
1
-1
0
5
-1
0
2
0
5
0
-5
-3
-2
-2
-3
-1
-5
-6
-6
-11
-7
-3
-3
-3
-6
-3
0
-2
1
3
3
3
3
4
6
4
1
6
7
4
9
10
7
11
7
5
3
7
6
-2
-2
-5
-11
-12
-14
-19
-23
-16
-15
-15
-8
-9
-8
-12
-10
-10
-11
-4
-10
-13
-12
-8
-2
-2
3
7
9
5
6
7
5
11
11
8
10
12
15
14
15
21
19
14
18
19
21
18
17
13
8
13
19
13
5
6
5
0
2
1
3
4
4
6
3
-1
-3
-3
-3
-4
-10
-11
-12
-11
-10
-18
-15
-17
-15
-10
-10
-7
-10
-6
-5
-10
-9
-17
-16
-11
-16
-22
-20
-13
-18
-12
-3
-2
-1
-2
-7
-7
-7
-4
4
3
4
3
2
4
4
7
5
6
5
9
13
6
8
11
11
10
6
6
3
3
3
3
5
3
8
7
7
10
9
13
8
5
-2
-5
-4
-2
5
1
3
2
-8
-7
-2
-3
-6
0
3
0
2
5
9
6
6
8
-1
-4
2
-3
-5
-3
-1
3
-1
2
3
4
3
-6
-8
-11
-11
-10
-5
-2
-1
-4
-4
-2
-1
4
4
1
5
6
1
7
11
7
1
-1
1
0
3
10
12
10
3
5
5
4
6
0
-2
-7
-5
-5
-6
-4
-4
-7
-10
-7
-14
-13
-10
-12
-6
-5
-14
-16
-17
-15
-17
-22
-20
-21
-19
-10
-9
-6
-6
-3
0
4
7
5
4
4
5
9
7
9
12
14
18
18
20
18
20
19
14
14
13
15
11
7
10
7
8
7
4
14
11
13
14
8
12
8
7
8
5
6
-2
-7
-7
-9
-12
-15
-11
-5
-6
-2
-6
-6
-7
-8
-7
-15
-16
-15
-16
-13
-7
-12
-17
-17
-15
-10
-13
-9
-9
-4
-5
-14
-13
-8
-9
-8
-9
-9
-3
-3
7
6
-1
5
3
5
2
3
1
0
11
11
8
7
8
16
16
9
8
11
12
17
11
13
17
14
20
17
18
16
9
11
11
8
9
5
5
1
1
-1
-5
-2
-9
-9
-6
-8
-5
-10
-19
-16
-15
-19
-20
-19
-19
-17
-10
-10
-7
0
2
3
6
5
4
1
-3
-3
-1
2
-4
-2
0
0
6
4
1
0
2
1
-7
-4
-2
-8
-7
-9
-7
-5
-6
-5
-5
1
3
0
1
0
4
10
2
1
2
-4
1
-4
-5
-6
-2
1
3
4
5
12
7
6
7
5
7
7
5
3
7
9
4
3
-2
0
4
3
4
-3
-2
0
1
3
2
1
-3
3
2
-3
3
9
6
6
8
4
3
4
4
10
13
15
11
4
3
0
3
4
-4
0
3
2
-3
-4
-3
-7
0
-1
-10
-14
-14
-15
-19
-19
-16
-10
-7
-13
-11
-10
-6
-10
-14
-8
-9
-11
-10
-12
-14
-10
-10
-13
-9
-4
0
-1
2
-1
-3
-2
-3
4
3
4
-1
-6
0
2
-3
3
3
5
14
10
10
16
11
14
15
14
17
11
12
16
12
14
15
12
14
17
19
14
10
11
13
12
9
8
13
9
6
2
-1
-7
-12
-6
-4
-6
-7
1
4
-3
-6
-7
-8
-11
-10
-8
-12
-13
-11
-7
-4
-4
-10
-8
-6
-7
-4
-4
-9
-7
-8
-11
-6
-7
-6
-6
-9
-13
-13
-13
-12
-9
-13
-10
-6
-9
-8
-5
-6
-2
-4
-7
-6
-11
-5
-5
-8
-6
-2
1
2
4
4
4
6
8
10
15
16
13
18
20
15
22
19
21
30
20
20
22
16
16
17
15
14
9
11
5
0
5
2
0
1
7
6
7
7
8
4
4
5
5
6
1
3
1
-3
-3
-8
-5
-7
-7
-7
-13
-16
-17
-15
-17
-24
-24
-27
-28
-29
-28
-24
-23
-25
-23
-17
-18
-19
-15
-14
-17
-14
-9
-13
-9
-7
-1
3
3
9
12
11
11
12
12
15
11
5
2
-2
5
8
4
3
0
1
6
10
7
6
6
9
12
12
15
13
9
13
11
10
8
9
20
24
20
27
26
23
31
30
24
21
21
19
14
11
10
6
2
-1
0
-4
-7
-5
-8
-9
-13
-15
-19
-23
-27
-30
-28
-32
-33
-31
-30
-29
-24
-20
-19
-13
-11
-6
-8
-3
-2
-7
-7
-7
-2
-2
0
0
0
6
3
4
6
5
9
9
4
6
6
-1
-2
1
-2
-8
-8
-10
-12
-11
-8
-4
-6
-2
0
1
-1
-1
0
4
7
5
16
12
11
12
13
20
17
17
16
18
19
18
20
19
23
13
5
4
-4
-4
-2
-3
-5
-4
-4
-8
-9
-5
-7
-6
-3
-6
-5
-9
-12
-13
-12
-7
-2
7
6
7
14
10
6
6
9
11
9
14
6
9
7
2
6
6
4
3
-3
-6
-10
-17
-17
-17
-17
-14
-15
-17
-16
-12
-8
-12
-15
-16
-13
-13
-8
-9
-2
1
-3
1
3
5
0
-4
-1
2
1
0
8
10
6
6
1
-4
1
0
-6
-4
0
-5
-3
-2
-3
-2
-7
-5
-7
-4
-3
-4
2
1
3
7
5
2
9
9
9
10
10
21
22
20
18
20
24
21
19
18
14
11
13
8
4
3
3
5
13
12
5
6
4
7
2
-3
-2
-9
-11
-13
-12
-9
-10
-12
-15
-15
-16
-20
-23
-23
-18
-19
-18
-16
-21
-17
-16
-26
-24
-18
-13
-11
-16
-16
-11
-7
0
2
3
3
5
7
5
6
8
6
6
7
5
7
11
5
3
10
12
13
11
11
15
11
10
10
10
7
6
10
10
10
8
12
11
12
12
12
13
6
6
11
10
13
11
5
6
8
8
3
5
6
-1
-2
-5
0
-2
-6
-2
-7
-11
-13
-10
-9
-11
-11
-10
-8
-13
-13
-13
-17
-20
-19
-16
-16
-12
-7
-7
-7
-3
-5
-8
-8
-8
-4
-2
-5
-3
4
4
1
2
1
0
-1
-5
0
-1
-2
-3
-8
-6
-2
-3
-3
-2
0
3
1
5
5
5
7
5
3
1
1
4
5
8
15
12
13
16
18
16
14
13
13
13
13
13
11
8
10
6
8
10
8
14
9
4
3
-1
4
8
0
-3
-5
-3
-4
-9
-7
-9
-10
-9
-6
-6
-3
-5
-7
0
-5
-9
-7
-8
-10
-9
-10
-12
-10
-8
-8
-8
-4
-5
-3
-2
-4
-1
-6
-4
-7
-12
-9
-12
-11
-12
-9
-5
-10
-6
-5
-5
-2
-1
0
0
2
1
0
2
4
6
6
8
4
13
12
9
14
10
9
15
17
12
8
5
6
7
3
7
9
5
7
4
8
10
7
5
-3
-5
0
0
-3
-8
-7
-6
-12
-12
-8
-2
-1
0
-4
-2
2
4
3
2
4
0
-2
-2
0
0
-1
-2
-1
1
0
2
5
-1
0
3
-4
-2
0
0
-1
-3
0
-2
-1
-2
-2
7
0
1
5
4
7
5
5
-2
-4
1
-3
-5
-1
3
0
-2
-1
-4
-3
1
-3
-5
1
1
-1
-6
-5
-7
-15
-11
-6
-6
-5
-10
-5
-3
-6
-7
-6
-15
-13
-8
-11
-4
-4
-10
-1
-1
-4
0
-1
3
5
3
7
3
3
10
12
12
16
16
9
18
16
13
21
14
10
12
12
12
11
10
12
8
3
3
2
4
3
2
4
1
3
7
8
4
0
2
-5
-9
-5
-5
-5
-9
-7
-5
-4
-5
-8
-7
-5
-6
-8
-12
-14
-12
-11
-15
-12
-15
-12
-9
-12
-10
-8
-10
-10
-13
-14
-8
-14
-13
-8
-13
-11
-6
-5
0
2
-1
0
-1
2
6
10
14
13
10
15
13
18
18
15
13
12
17
15
17
21
18
20
19
14
16
15
13
8
3
7
8
4
2
0
-2
-8
-3
0
-6
-5
-3
0
-2
-3
0
-6
-3
-8
-11
-7
-11
-12
-12
-15
-14
-14
-18
-14
-12
-11
-10
-12
-10
-11
-6
-6
-5
-3
-6
-6
-6
-13
-15
-8
-4
-2
-1
2
4
7
8
7
7
7
7
6
6
4
8
11
16
20
19
21
21
20
24
20
17
13
11
9
7
-1
-1
-5
-11
-7
-6
-6
-8
-14
-12
-10
-14
-15
-18
-11
-11
-12
-13
-14
-8
-11
-4
-6
-5
2
1
2
-2
3
5
0
4
8
10
11
7
8
9
6
3
0
1
-2
2
6
1
3
2
5
6
8
8
6
1
-5
-2
1
0
5
6
2
5
0
-1
6
3
2
0
-3
2
-2
-6
-1
-1
0
4
7
0
-3
0
-5
1
-5
-9
-4
-5
-4
-6
-11
-17
-18
-14
-14
-14
-13
-15
-11
-8
-8
-8
-7
-9
-6
2
-4
-5
-2
-1
1
-3
4
8
8
14
14
12
14
11
11
8
