1
5
6
3
6
5
3
6
6
7
6
3
9
9
7
8
4
5
7
6
3
5
7
7
6
5
7
15
15
4
4
5
10
8
5
1
-2
2
-2
3
-1
1
2
-1
0
-1
-1
-3
-4
-2
-3
-3
-4
-5
-4
-4
-5
-7
-5
-5
-4
-3
-2
-4
-8
-10
-8
-7
-5
-7
-5
-8
-9
-7
-11
-13
-14
-18
-15
-17
-18
-16
-19
-20
-22
-16
-15
-14
-18
-21
-20
-19
-14
-15
-11
-11
-8
-11
-11
-11
-9
-10
-11
-11
-9
-11
-14
-8
-9
-10
-9
-11
-7
-8
-9
-8
-10
-7
-9
-13
-14
-16
-13
-16
-14
-12
-10
-10
-13
-12
-12
-11
-11
-16
-16
-10
-10
-14
-13
-7
-5
-4
0
-8
-9
-4
-11
-15
-14
-9
-15
-11
-9
-11
-11
-9
-9
-8
-6
-8
-7
-9
-9
-6
-7
-3
0
-8
-7
-4
-2
-5
-5
-4
-4
-2
0
1
-1
-2
-2
2
0
5
4
-1
0
-8
-5
-7
-2
2
2
7
5
7
8
9
6
5
4
7
2
0
2
2
3
1
5
4
3
3
0
1
0
-1
0
-2
-2
-7
-5
-6
-8
-3
-5
-5
-7
-7
-7
-5
-6
-9
-8
-7
-5
-4
-6
-6
-2
-3
0
1
-2
-4
-3
-1
-3
-5
-1
-1
0
1
6
0
-11
-10
-9
-8
-9
-8
-8
-10
-6
-11
-13
-9
-8
-12
-7
-5
-9
-6
-9
-8
-8
-11
-4
-1
0
4
0
3
4
-1
2
-1
1
-1
-2
4
0
3
6
5
7
0
2
-2
-1
-2
-3
1
-9
-6
1
3
-2
6
6
1
3
1
1
3
1
1
1
0
0
3
2
2
-1
-2
-3
-5
-5
-4
-3
-3
-4
-8
-4
-2
-3
-10
-14
-10
-9
-13
-12
-14
-17
-11
-17
-16
-16
-14
-8
-9
-11
-18
-18
-16
-17
-24
-26
-19
-21
-17
-20
-20
-17
-21
-20
-20
-21
-20
-21
-23
-22
-23
-23
-23
-20
-21
-24
-22
-24
-21
-18
-19
-18
-20
-19
-18
-21
-18
-17
-20
-21
-18
-17
-15
-17
-19
-19
-25
-18
-16
-16
-19
-23
-22
-20
-19
-19
-27
-26
-23
-29
-18
-22
-22
-19
-16
-13
-16
-14
-16
-15
-15
-14
-11
-12
-17
-16
-14
-13
-15
-12
-11
-15
-16
-14
-16
-14
-14
-19
-21
-21
-22
-21
-19
-21
-19
-18
-20
-21
-25
-21
-22
-24
-23
-25
-20
-20
-21
-17
-15
-10
-9
-13
-13
-12
-16
-19
-16
-23
-16
-19
-18
-15
-16
-14
-18
-18
-16
-17
-12
-14
-16
-15
-13
-14
-16
-18
-16
-14
-15
-16
-15
-17
-15
-12
-14
-13
-10
-14
-11
-13
-10
-10
-13
-10
-12
-12
-17
-19
-18
-13
-10
-10
-10
-12
-11
-8
-8
-9
-11
-9
-8
-11
-12
-11
-8
-8
-8
-10
-9
-6
-7
-6
-4
-4
-8
-5
-7
-6
-7
-11
-9
-11
-10
-8
-6
-7
-8
-7
-6
-6
-5
-4
-6
-7
-4
-4
-4
1
-2
5
8
8
4
3
7
8
7
3
3
10
11
7
7
0
3
3
3
-1
2
4
10
6
-1
4
7
6
2
4
2
2
3
4
4
5
5
6
11
9
13
10
13
14
9
8
9
7
9
7
10
11
7
13
13
17
8
5
7
1
-2
-2
10
2
-4
4
5
5
6
6
6
3
7
5
5
7
2
3
2
4
3
6
5
0
1
3
0
2
3
2
3
0
0
-1
3
-1
-4
-3
-1
0
-3
0
-3
-4
-5
-4
-5
-4
-5
4
7
-1
-2
2
0
-1
-7
-7
-3
-4
1
-4
-1
5
1
-2
2
0
0
3
2
2
2
3
3
2
2
0
0
2
3
3
6
7
7
8
7
8
7
9
7
9
7
9
10
10
5
3
9
4
5
7
7
8
6
7
7
8
3
-1
3
1
6
12
10
12
12
13
16
14
18
17
12
13
15
17
13
13
16
16
16
15
14
13
13
13
13
12
7
10
7
5
10
5
7
10
11
15
10
8
5
5
8
2
5
7
8
10
7
7
12
17
15
15
11
9
11
2
1
6
8
4
4
8
6
5
9
8
8
11
8
8
6
7
11
8
9
7
4
10
8
8
8
6
8
8
9
9
12
11
14
16
16
16
16
14
13
9
5
16
15
19
16
18
17
19
25
19
21
20
19
22
20
18
18
16
22
24
21
23
23
25
24
25
22
24
23
24
23
20
21
18
17
18
19
21
20
21
18
17
20
18
18
18
16
18
20
19
19
19
20
20
26
25
22
19
18
19
19
21
20
28
23
22
13
15
15
17
16
12
14
15
19
18
17
10
15
13
13
16
16
17
14
14
13
12
13
13
17
21
17
21
18
23
22
20
21
14
20
18
17
21
23
19
24
23
24
22
17
18
12
20
14
11
16
22
19
16
22
19
20
20
21
17
20
19
18
18
18
18
15
19
20
18
15
15
14
14
15
16
15
11
14
19
15
16
12
13
14
14
16
12
16
14
12
10
11
15
16
15
20
17
13
13
12
13
5
10
16
12
13
8
8
10
8
10
9
7
8
10
7
6
6
9
7
9
8
5
7
8
9
8
12
12
11
10
8
12
9
6
8
7
8
9
8
6
4
1
5
2
0
-2
-4
-4
-2
1
0
4
-3
-10
-11
-14
-2
-2
1
1
2
4
2
4
4
2
1
0
3
6
2
4
8
2
4
2
4
3
0
2
3
0
2
0
0
2
-1
-1
-1
4
1
3
6
2
2
4
2
3
3
6
7
5
5
7
14
17
15
12
17
15
9
9
4
7
10
9
10
11
12
14
15
16
14
14
16
12
13
15
17
18
14
16
12
19
18
15
16
10
14
13
13
15
16
16
13
11
18
16
18
17
15
10
3
11
14
16
15
13
14
17
17
24
18
14
12
13
13
9
12
10
10
12
11
12
10
10
8
8
9
7
7
10
7
6
4
4
2
1
3
3
4
0
3
4
5
-1
1
1
1
3
9
11
6
9
8
12
13
19
17
14
12
12
16
13
15
22
17
12
8
7
9
13
9
12
6
9
14
6
7
8
11
8
9
12
13
7
11
10
9
10
9
11
11
18
15
15
16
16
17
14
10
14
12
16
18
14
18
18
21
15
10
13
11
15
11
13
7
-3
6
13
13
12
13
17
17
16
13
16
18
15
14
15
14
15
15
19
18
13
15
12
12
11
15
13
15
16
17
14
16
13
12
13
15
15
9
11
10
12
13
11
14
12
13
15
20
16
11
11
8
7
3
8
10
7
5
5
7
7
4
3
5
4
5
4
1
1
2
0
0
1
4
1
0
2
1
2
3
1
-2
2
0
0
3
2
2
2
0
-1
3
1
-4
-1
-3
-5
-6
-10
-4
-5
-8
-9
-6
-9
-12
-6
-12
-13
0
-3
1
-3
0
0
0
3
6
6
-2
-3
1
3
3
3
2
-1
-1
5
2
6
3
2
5
3
2
-2
2
2
-3
-2
-1
0
5
0
1
0
-1
1
-3
-1
0
1
-1
0
2
2
7
9
4
6
6
7
2
-3
-3
-2
-1
-3
-1
1
-3
2
0
2
5
3
6
3
1
3
4
3
-2
-1
-3
0
0
-4
-4
-4
-1
-2
-2
2
-3
0
1
0
5
1
2
0
-5
-7
-3
-4
-4
2
-1
0
1
8
5
4
6
6
4
4
1
0
-2
0
3
2
2
0
3
4
3
4
4
2
2
6
6
5
3
0
2
2
2
3
6
3
4
6
3
5
6
7
4
7
12
11
5
8
10
13
17
16
16
13
17
12
13
12
12
17
12
14
8
4
6
9
7
6
4
7
11
8
4
5
9
6
7
9
7
6
4
6
8
6
4
11
16
12
16
14
12
17
11
11
8
9
13
12
18
16
16
17
20
16
12
8
8
9
11
14
5
-1
8
14
7
8
12
9
12
11
10
12
10
10
8
8
12
12
13
13
14
11
9
10
8
11
11
11
7
8
9
9
11
6
4
1
5
6
3
5
3
7
5
2
3
7
10
10
8
4
8
3
2
-1
-3
2
-1
1
-3
1
3
-4
0
-1
2
0
-3
-3
-3
-2
-4
-4
-6
-2
-2
-3
-6
-5
0
-2
-3
1
1
-2
-1
-2
-1
-1
0
0
-3
0
-1
-2
-3
-2
-3
-8
-5
-7
-14
-11
-14
-8
-8
-10
-14
-13
-15
-8
-2
-7
-5
-3
-4
-1
-1
-3
0
0
-1
0
2
2
-3
-2
-1
-4
-1
-1
-4
-5
-7
-7
-6
-5
-11
-9
-12
-10
-12
-13
-6
-12
-11
-11
-11
-11
-11
-14
-15
-14
-13
-14
-13
-9
-12
-5
-11
-8
-8
-9
-4
-12
-11
-14
-19
-17
-15
-16
-15
-15
-16
-15
-12
-12
-12
-11
-11
-12
-13
-8
-8
-9
-6
-6
-6
-9
-8
-7
-9
-7
-5
-3
0
-3
-2
-2
-1
1
-1
4
-1
-7
-3
-4
-3
-4
-3
7
4
4
5
7
12
12
7
3
4
10
7
5
4
5
6
8
8
8
10
9
10
9
8
6
7
8
9
7
4
4
3
6
4
7
8
4
7
6
8
4
8
4
3
6
8
9
5
10
14
14
12
9
10
8
10
10
11
9
10
13
8
12
5
-1
0
2
0
-7
-4
-1
1
-4
-5
-2
-1
-4
0
2
-1
1
-4
2
0
-4
-2
-2
4
0
-1
3
4
2
1
1
0
-2
2
2
3
3
1
10
11
9
5
2
5
-4
-3
8
2
-4
-3
7
8
4
6
6
7
8
10
11
8
9
8
9
10
7
11
10
10
9
9
9
11
12
13
11
14
10
14
13
14
12
8
12
10
12
13
11
9
13
7
10
8
13
17
12
17
12
14
9
9
7
6
9
7
11
6
8
10
7
8
8
7
8
10
10
7
5
5
8
6
10
6
6
7
10
11
8
10
8
10
8
9
11
8
6
4
4
4
7
5
2
0
0
-2
2
0
0
-3
-3
-2
-6
-5
-8
-10
-9
-10
-4
2
-1
-2
-2
-1
2
1
2
2
2
-2
0
1
2
0
1
3
-1
3
1
1
3
0
4
2
-1
0
-4
2
-4
-5
-2
-2
-1
-2
-1
-4
-3
-2
-3
-3
-3
-7
-1
-2
3
4
2
13
5
6
3
5
7
0
0
0
1
-1
2
7
3
2
4
3
7
6
5
4
5
7
8
10
8
8
7
6
5
8
5
6
6
8
7
9
12
10
9
8
12
12
10
15
11
8
10
8
9
9
16
16
17
22
18
23
22
18
16
18
20
14
15
15
17
19
18
17
19
19
18
19
21
17
18
20
21
18
15
16
12
11
13
12
12
14
15
15
17
13
13
17
15
13
16
15
13
17
21
22
24
16
19
21
22
21
19
26
17
24
21
19
19
14
15
14
17
11
12
11
15
16
13
12
10
14
13
14
15
11
14
13
9
13
14
15
20
17
18
18
22
23
21
21
18
19
20
19
23
21
18
24
23
29
22
20
20
17
18
18
18
8
11
18
19
18
19
22
25
23
22
22
19
22
23
16
19
20
20
19
24
24
20
19
19
19
20
25
23
21
23
22
28
22
22
21
18
22
19
19
20
17
20
17
16
17
18
29
28
19
13
18
17
14
12
13
15
10
10
10
9
13
11
11
11
11
12
10
11
9
7
7
10
10
9
10
7
10
14
14
12
14
13
10
12
10
11
9
11
9
14
10
11
11
7
5
5
8
1
6
6
4
1
3
6
5
3
-1
-4
-5
6
8
3
5
10
9
10
9
10
11
10
8
10
12
8
9
9
12
6
7
10
6
9
5
8
9
2
5
4
2
1
-3
5
-1
3
4
1
3
-1
0
-2
-1
-3
-6
-5
0
3
3
1
2
6
1
5
2
0
1
-4
-2
-1
-4
-7
-4
-3
-4
-1
-2
-3
-4
-2
0
-5
-4
0
0
-3
-3
0
-2
0
-3
-3
-3
-4
2
1
-1
0
0
1
-1
1
2
2
-3
-3
0
-1
-4
-9
-1
4
5
6
4
7
2
5
3
-2
3
-2
-2
-4
0
-2
-2
-1
-3
-1
2
-1
-1
-1
-2
-3
-2
-1
-5
-1
-6
-3
-2
-4
-4
-2
-4
-1
-5
-1
-1
-3
0
0
2
2
4
1
6
6
6
11
9
6
6
10
16
13
11
17
19
17
12
13
5
4
4
8
7
4
9
8
8
9
8
11
13
10
11
13
11
12
10
10
11
14
14
17
17
18
20
21
27
21
22
21
20
23
21
23
24
20
30
29
24
21
17
21
23
21
19
24
12
10
21
24
20
22
22
25
25
23
24
27
22
19
21
20
21
23
19
22
24
18
20
19
19
23
20
16
19
20
21
22
23
19
18
20
18
17
18
18
19
19
17
16
18
21
19
20
16
19
18
11
15
12
13
13
12
15
11
14
15
12
12
12
13
10
10
12
13
13
12
12
12
13
15
12
13
13
15
13
14
11
10
13
12
11
11
13
12
13
11
13
13
7
7
6
5
6
10
5
1
6
3
4
-1
-2
-6
-6
-8
4
5
2
9
3
6
6
6
8
10
6
3
6
10
8
7
10
6
6
6
9
9
5
5
5
7
4
1
1
-2
1
-2
-1
-1
0
6
3
0
0
-1
0
2
-2
0
-1
0
4
4
8
3
9
10
8
6
5
5
1
3
0
2
4
5
3
2
3
4
8
3
6
6
5
2
5
7
6
4
4
5
5
7
6
5
7
10
6
9
10
7
6
11
13
8
15
9
5
5
2
10
6
7
12
11
16
12
12
16
10
9
5
11
10
10
11
5
9
9
13
10
11
15
12
14
12
11
11
10
10
9
6
9
7
6
9
6
11
8
9
6
9
9
6
8
9
7
8
9
10
13
15
14
16
17
12
11
11
16
22
23
14
21
17
14
16
7
5
11
10
4
5
6
11
7
7
4
5
9
10
13
10
7
7
7
9
8
9
7
8
14
11
15
17
18
15
15
17
14
11
15
13
15
14
15
21
17
13
12
10
8
6
8
10
9
3
7
14
10
15
13
12
17
15
11
14
12
12
10
13
12
10
12
18
15
13
12
11
15
14
14
12
12
11
16
16
13
11
9
10
7
11
15
11
14
14
10
12
9
14
19
20
13
8
12
11
7
1
9
9
4
7
3
6
7
6
4
5
5
4
3
6
2
0
2
-2
3
2
1
1
3
5
3
1
1
0
3
1
-3
1
-2
-1
1
-2
0
0
-2
-5
-5
-3
-4
-5
-12
-15
-13
-15
-13
-12
-11
-12
-18
-23
-20
-11
-8
-14
-10
-10
-8
-8
-9
-9
-12
-14
-12
-10
-9
-13
-11
-11
-14
-14
-10
-15
-11
-15
-16
-12
-15
-16
-18
-19
-19
-21
-23
-22
-20
-19
-16
-15
-20
-21
-20
-26
-19
-22
-21
-19
-20
-15
-13
-10
-10
-14
-15
-10
-11
-16
-19
-21
-22
-20
-22
-20
-17
-17
-20
-19
-18
-19
-20
-18
-19
-21
-17
-16
-16
-14
-17
-16
-16
-16
-18
-18
-22
-22
-19
-18
-15
-15
-18
-18
-19
-18
-20
-16
-15
-16
-22
-28
-25
-21
-20
-16
-17
-19
-19
-11
-6
-15
-19
-17
-15
-15
-16
-16
-17
-16
-17
-15
-16
-18
-16
-15
-15
-13
-16
-15
-13
-12
-14
-17
-15
-17
-17
-13
-14
-14
-14
-16
-15
-15
-14
-18
-16
-16
-14
-11
-13
-12
-10
-7
-8
-7
-3
-3
-4
-7
-5
-8
-7
-2
4
-4
-6
-3
-8
-9
-9
-7
-10
-11
-12
-3
-3
-8
-9
-6
-4
-8
-4
-4
-7
-5
-4
-5
-1
-8
-1
0
-1
4
3
6
4
3
4
4
3
1
1
5
2
3
2
6
10
4
2
-3
1
2
1
5
-7
-4
5
5
6
6
5
2
3
3
2
6
4
4
2
1
3
2
2
7
5
3
2
2
3
3
5
1
1
4
1
5
1
0
-2
-2
1
-2
-4
-3
-2
-6
-6
-4
-8
-6
1
-1
0
-2
-11
-9
-10
-11
-10
-17
-10
-12
-14
-12
-13
-14
-13
-11
-15
-17
-18
-20
-18
-20
-21
-20
-22
-21
-22
-24
-19
-18
-17
-18
-23
-22
-17
-21
-21
-22
-21
-22
-23
-20
-21
-23
-23
-28
-27
-29
-28
-30
-32
-31
-31
-28
-24
-22
-30
-29
-30
-38
-43
-26
-22
-24
-21
-22
-18
-20
-23
-19
-17
-21
-24
-19
-16
-22
-22
-22
-23
-24
-19
-21
-23
-22
-25
-20
-21
-25
-25
-29
-29
-30
-31
-29
-31
-26
-24
-28
-29
-32
-28
-33
-34
-31
-30
-25
-30
-25
-25
-24
-23
-22
-27
-29
-28
-28
-31
-35
-35
-32
-35
-32
-30
-34
-32
-31
-31
-31
-28
-30
-30
-34
-32
-35
-30
-29
-31
-27
-33
-29
-30
-31
-32
-28
-28
-30
-29
-27
-29
-27
-26
-27
-25
-27
-27
-25
-31
-37
-33
-31
-24
-27
-28
-30
-25
-25
-29
-27
-28
-25
-24
-27
-25
-25
-26
-27
-28
-25
-26
-25
-21
-23
-21
-18
-20
-23
-20
-21
-23
-22
-23
-22
-20
-21
-20
-21
-20
-20
-17
-15
-15
-17
-15
-13
-11
-5
-11
-10
-5
-6
-1
-5
0
1
2
4
6
7
5
9
10
6
7
5
-2
2
1
2
-1
0
1
7
4
1
3
8
5
4
10
8
6
7
10
7
5
8
5
11
12
11
12
15
18
15
12
14
14
16
15
16
19
17
16
21
19
13
7
9
7
7
10
11
8
5
12
10
10
14
13
14
15
13
12
14
16
12
13
10
9
12
12
14
14
12
10
9
11
11
9
10
7
8
9
11
12
6
8
8
8
11
7
11
4
3
7
3
8
8
9
11
7
3
4
7
1
1
8
-1
2
2
2
6
-1
1
0
3
4
0
2
2
-1
0
0
0
1
0
1
4
5
4
4
4
1
4
5
3
7
6
6
5
6
5
7
2
0
1
0
3
-1
1
-2
-5
-5
-4
-2
-1
-2
-8
-11
-6
-11
-3
-1
1
5
1
1
4
3
4
5
0
3
5
6
5
4
4
1
6
4
4
1
5
3
1
3
0
-1
0
-4
-2
-2
-2
-2
-2
3
-1
-2
-3
-7
-6
-5
-7
-1
-6
0
1
1
2
4
5
2
2
0
6
-2
-3
-1
-1
-2
-4
0
-2
-3
-1
3
5
3
0
2
-1
-1
6
4
5
5
2
5
4
4
4
1
5
4
4
8
5
7
8
9
9
6
10
8
1
6
10
13
12
19
15
10
14
14
22
17
20
16
12
14
15
16
13
15
18
20
23
21
25
24
22
23
23
25
26
26
26
27
28
26
26
27
28
31
29
29
29
32
34
32
34
30
32
37
38
40
37
34
39
44
42
42
39
38
42
45
49
43
46
50
45
47
41
40
37
39
37
33
33
37
39
37
36
34
40
35
37
36
35
35
32
35
36
33
30
37
37
39
36
39
41
38
38
31
36
35
34
37
35
37
38
36
41
38
34
33
27
29
24
35
30
18
24
35
35
34
35
33
33
33
34
32
36
29
27
29
28
31
29
32
32
30
28
25
27
29
28
30
30
29
28
28
29
27
25
25
29
26
27
27
26
29
25
28
24
21
25
29
36
30
27
23
18
17
19
19
14
17
16
15
19
19
18
21
20
14
15
15
12
14
11
10
11
12
10
11
12
10
14
11
10
9
13
9
8
12
7
7
6
7
9
4
8
5
2
2
-1
-5
-3
5
3
-2
-4
-1
-6
-7
-8
-11
-15
-10
-2
-4
-6
-3
-2
-2
-2
0
0
0
-4
-2
1
-2
0
-3
-2
-5
-5
-4
-3
-3
-7
-5
-5
-5
-5
-9
-8
-8
-8
-9
-10
-9
-8
-10
-8
-13
-11
-12
-13
-13
-17
-10
-11
-12
-6
-7
-2
-3
-5
-5
-9
-5
-6
-11
-15
-14
-11
-12
-10
-9
-7
-8
-8
-5
-10
-5
-4
-6
-6
-5
-4
-1
-1
1
-2
-1
0
-3
-4
-3
1
2
3
7
3
4
4
5
12
7
10
7
0
6
4
2
11
13
19
13
13
16
15
18
20
16
13
16
13
16
15
15
16
17
17
20
21
21
23
23
22
18
21
21
21
24
21
19
18
19
20
23
24
21
22
22
22
22
20
19
19
24
25
22
20
23
25
27
29
24
25
22
29
28
25
29
28
28
25
25
20
20
19
17
16
16
14
15
20
13
12
16
16
13
11
11
14
11
12
10
9
9
9
16
14
15
17
14
15
14
14
13
11
10
11
13
11
12
13
15
16
13
11
11
6
6
3
3
10
0
5
12
15
11
7
11
13
11
10
13
10
8
9
8
8
7
9
12
12
6
9
9
8
6
9
8
5
5
7
8
8
6
5
2
3
5
2
3
0
5
1
-4
6
3
3
5
4
4
2
1
-1
-8
-4
-4
-5
-5
-7
-7
-5
-5
-8
-5
-5
-12
-10
-10
-9
-13
-14
-11
-11
-12
-10
-11
-14
-10
-9
-11
-10
-9
-9
-9
-11
-10
-10
-10
-9
-7
-12
-10
-11
-13
-17
-16
-15
-19
-23
-25
-21
-20
-22
-18
-19
-23
-22
-28
-31
-26
-21
-23
-17
-15
-16
-15
-13
-14
-9
-10
-16
-16
-13
-13
-18
-15
-17
-19
-16
-16
-17
-18
-15
-20
-16
-22
-22
-21
-25
-19
-24
-25
-22
-21
-19
-19
-20
-19
-20
-21
-20
-23
-21
-22
-19
-17
-17
-12
-14
-12
-11
-10
-17
-13
-11
-18
-14
-11
-11
-15
-10
-12
-11
-11
-12
-9
-9
-9
-7
-7
-9
-5
-7
-8
-6
-8
-7
-7
-5
-5
-7
-8
-7
-2
0
-3
1
-2
-2
0
-2
-1
-2
-1
-3
-5
-5
-4
4
3
-2
0
3
9
5
7
6
0
4
3
3
-1
2
2
5
7
3
8
9
7
9
9
7
6
6
11
6
5
8
5
6
7
4
8
4
5
9
8
8
6
8
8
9
7
12
11
13
15
16
18
18
17
14
19
17
16
20
22
24
22
22
21
12
12
12
16
11
10
14
14
15
13
10
13
12
10
11
12
7
8
10
8
8
7
7
10
11
11
10
11
12
14
11
9
9
10
12
12
13
15
8
13
13
10
4
2
5
2
5
11
6
-3
3
6
0
4
6
5
5
7
4
4
4
4
1
1
1
2
2
3
4
-1
0
-2
-3
-2
-2
-2
0
-3
-1
-3
-4
-5
-7
-7
-8
-5
-9
-12
-9
-11
-10
-12
-14
-7
-10
-6
-6
-10
-10
-15
-16
-20
-17
-16
-22
-16
-18
-21
-16
-24
-21
-21
-22
-25
-26
-23
-22
-22
-24
-23
-23
-24
-25
-23
-22
-21
-21
-21
-19
-24
-20
-20
-19
-19
-21
-19
-21
-18
-20
-20
-22
-21
-21
-27
-25
-24
-25
-28
-29
-23
-24
-23
-25
-30
-35
-32
-38
-33
-23
-26
-24
-24
-21
-21
-23
-20
-19
-19
-23
-18
-15
-14
-18
-15
-16
-19
-16
-17
-16
-18
-18
-14
-17
-19
-20
-19
-23
-23
-22
-22
-17
-17
-18
-20
-20
-19
-19
-23
-25
-20
-23
-20
-18
-14
-16
-14
-12
-11
-11
-12
-12
-15
-14
-21
-19
-19
-19
-21
-18
-21
-19
-18
-17
-16
-16
-14
-15
-15
-17
-13
-11
-14
-14
-14
-15
-12
-13
-12
-15
-13
-11
-12
-9
-9
-6
-9
-8
-5
-6
-4
-7
-17
-13
-7
-6
-7
-8
1
0
2
0
4
7
5
3
-5
-2
-1
-1
-1
-2
0
2
1
1
-1
0
3
1
1
-2
-2
0
2
0
0
-1
-2
-1
1
1
2
0
0
2
2
3
2
7
3
3
8
3
4
6
10
10
8
8
9
11
10
9
5
9
11
13
16
8
9
3
3
6
7
1
0
2
4
3
0
-1
4
5
0
1
2
-1
-1
0
1
1
1
2
4
5
7
8
8
7
7
4
6
6
7
7
11
8
7
10
12
13
2
3
2
2
1
-2
2
-2
-6
-3
5
1
-1
1
6
6
1
2
4
0
-2
-2
-2
-2
-2
0
0
-2
-1
-5
-5
-2
-3
-3
-4
-5
-6
-3
-2
-7
-7
-7
-12
-10
-9
-9
-13
-9
-11
-16
-13
-17
-10
-6
-11
-15
-20
-13
-16
-17
-22
-25
-18
-20
-19
-19
-21
-18
-21
-21
-18
-20
-19
-19
-23
-23
-23
-24
-22
-24
-21
-23
-22
-18
-18
-20
-22
-20
-21
-19
-23
-19
-19
-16
-16
-16
-15
-15
-15
-15
-19
-23
-21
-17
-16
-27
-30
-25
-20
-18
-20
-20
-20
-22
-31
-34
-22
-15
-14
-15
-13
-13
-13
-9
-10
-10
-12
-13
-11
-11
-11
-13
-9
-12
-12
-10
-13
-9
-7
-7
-5
-8
-10
-9
-12
-13
-13
-15
-10
-8
-9
-11
-7
-6
-10
-10
-11
-9
-16
-15
-11
-7
-4
-6
-4
2
-2
0
0
-3
2
-4
-3
-4
-3
-6
-6
-1
-3
0
-2
-1
0
0
2
1
0
-1
1
5
6
6
5
2
1
6
3
2
1
3
5
7
7
4
4
5
7
5
5
5
2
-1
-4
-8
0
2
6
8
4
3
11
11
5
7
6
4
8
2
2
4
6
6
4
4
5
4
6
6
4
4
0
7
6
3
3
1
4
2
1
3
4
1
2
4
4
4
1
3
3
7
6
4
5
7
8
6
10
16
16
10
6
7
8
8
18
19
8
6
5
-2
0
1
1
0
-4
1
3
4
2
-3
1
2
0
1
2
3
0
0
2
2
0
0
4
7
10
7
8
12
10
9
4
6
8
7
10
10
9
13
13
16
7
4
4
5
7
7
13
-3
-1
12
10
4
8
12
11
10
11
9
10
9
8
8
5
6
6
8
7
6
5
2
2
3
2
3
4
2
1
2
3
1
2
-2
-5
-2
-3
-4
-3
-8
-6
-8
-7
-7
-5
-2
-2
-5
-12
-14
-10
-7
-16
-20
-13
-13
-13
-17
-15
-15
-15
-13
-16
-16
-14
-18
-16
-18
-20
-19
-16
-17
-15
-18
-20
-16
-16
-14
-14
-17
-16
-16
-14
-14
-14
-16
-15
-14
-16
-14
-15
-16
-13
-22
-19
-16
-20
-21
-24
-20
-24
-19
-20
-23
-20
-24
-30
-35
-20
-13
-20
-13
-17
-14
-11
-12
-12
-14
-16
-16
-12
-10
-12
-12
-12
-12
-11
-10
-7
-9
-8
-11
-7
-10
-16
-13
-12
-13
-13
-14
-12
-13
-11
-5
-11
-9
-10
-13
-9
-11
-13
-9
-8
-7
-4
-1
-2
-2
-1
0
2
0
-2
-5
-8
-8
-6
-5
-6
-5
-6
-3
1
-2
-1
0
0
1
-3
-1
1
1
4
-1
1
0
-1
1
1
1
0
3
3
2
4
5
4
7
8
9
8
5
7
4
1
2
1
10
8
10
12
8
14
13
16
14
14
14
12
12
13
14
12
16
16
15
16
14
16
17
17
20
17
18
20
17
17
16
16
16
10
14
16
16
16
17
14
14
16
16
13
17
17
19
16
18
22
19
17
20
21
21
19
21
23
17
24
26
20
19
17
10
9
14
13
9
8
8
13
13
7
5
10
10
7
9
14
11
10
11
9
11
12
11
14
11
13
15
12
15
14
14
11
9
14
10
12
12
11
14
16
18
10
6
7
4
3
6
9
1
-1
7
5
6
9
6
7
5
3
4
9
6
2
3
2
3
2
0
5
4
0
-1
-3
-1
1
-2
-1
-3
-1
-1
-1
-2
-8
-7
-8
-7
-6
-8
-10
-9
-13
-9
-10
-9
-7
-9
-5
-12
-11
-13
-14
-14
-22
-20
-17
-18
-15
-21
-18
-17
-15
-17
-15
-15
-16
-19
-18
-15
-18
-18
-18
-15
-16
-18
-18
-17
-14
-12
-15
-12
-13
-12
-12
-10
-11
-14
-15
-12
-11
-13
-12
-13
-13
-20
-21
-13
-17
-23
-26
-25
-17
-15
-19
-19
-21
-21
-25
-31
-21
-20
-20
-14
-11
-11
-15
-13
-14
-13
-15
-18
-16
-13
-18
-19
-15
-19
-19
-17
-17
-19
-21
-19
-18
-19
-18
-21
-20
-20
-23
-22
-21
-20
-21
-18
-17
-21
-20
-21
-21
-22
-24
-21
-20
-18
-21
-19
-12
-8
-6
-9
-13
-13
-10
-16
-22
-18
-20
-18
-17
-12
-15
-17
-14
-11
-12
-11
-12
-11
-11
-14
-4
-7
-10
-6
-11
-5
-8
-7
-7
-7
-7
-7
-3
-2
-3
-6
-6
-3
-2
-2
4
-4
-5
-2
-4
2
5
9
10
3
6
10
11
10
6
12
8
9
7
6
10
5
7
8
9
12
11
11
13
13
14
14
14
16
15
13
12
12
11
12
11
12
13
13
10
12
14
13
11
11
13
10
19
14
12
14
17
23
17
19
22
19
20
14
21
19
18
21
21
22
13
10
9
13
17
15
11
14
18
17
10
10
13
14
11
14
13
11
11
12
12
13
12
12
14
15
15
15
20
19
14
11
12
12
11
13
15
16
15
13
18
15
16
17
6
5
3
13
7
-2
6
10
8
6
9
5
9
8
6
8
9
8
7
5
5
8
6
6
8
4
3
0
1
3
2
4
3
5
3
6
8
6
3
0
3
1
1
4
1
2
-1
0
1
1
6
7
6
3
0
0
-2
0
-5
-4
1
-1
-1
-2
-2
-4
-3
-2
-4
-3
-3
-5
-3
-6
-8
-5
-4
-6
-4
-7
-6
-5
-6
-2
-2
-3
-3
-2
-2
-1
-3
-4
-5
-6
-3
-7
-5
-6
-11
-13
-17
-13
-9
-12
-13
-15
-14
-13
-19
-17
-21
-17
-19
-25
-10
-13
-14
-12
-9
-6
-11
-6
-9
-8
-13
-13
-8
-6
-7
-9
-4
-8
-9
-7
-8
-6
-8
-8
-7
-8
-9
-9
-11
-10
-11
-9
-10
-7
-5
-1
-6
-10
-10
-8
-12
-10
-9
-9
-4
-9
-7
-2
-2
3
0
5
7
1
0
-1
-2
-5
0
-2
-3
1
-2
-1
2
0
2
3
4
4
0
5
8
7
8
9
8
5
6
9
9
5
5
9
7
12
10
11
11
11
14
11
11
11
15
14
5
4
11
14
15
13
13
16
16
18
17
12
15
14
15
12
12
15
14
16
14
14
15
14
17
13
15
12
10
16
11
17
13
11
13
13
12
9
13
12
11
11
13
11
13
9
11
12
16
14
9
15
16
18
18
12
14
16
16
15
13
10
12
18
15
15
8
5
11
6
7
4
6
7
10
9
3
6
6
8
3
5
10
6
6
5
4
4
5
9
9
7
9
11
11
11
12
12
7
9
7
9
11
9
10
11
14
14
7
4
5
6
4
7
5
-8
1
8
8
3
3
5
6
6
3
5
5
5
3
3
3
3
3
5
9
1
3
0
0
1
1
2
0
1
-1
1
-1
2
-1
-1
-2
0
0
2
0
-1
1
-4
-1
-3
-5
4
7
5
-3
-4
-1
-4
-10
-6
-1
-1
-6
-4
-3
-1
-3
-2
-1
-5
-3
-4
-5
-4
-4
-3
-4
-1
0
-5
-4
-4
1
1
0
-1
-2
-4
-3
0
-3
-2
-2
-2
0
-2
-1
-2
-8
-5
-4
-8
-7
-5
-4
-7
-10
-9
-9
-8
-13
-12
-9
-14
-2
-5
-9
-6
-5
-3
-2
-1
-1
1
-2
-3
0
0
-3
-2
-1
-5
-5
-2
-2
-3
-2
-5
-3
-5
-5
-5
-5
-3
-6
-9
-4
-5
-2
1
-3
-1
-5
-5
-5
-8
-7
-6
-4
-2
1
6
6
6
3
6
4
6
5
-1
-4
-3
-2
-2
-1
2
1
3
3
1
6
5
4
6
3
4
5
7
7
6
7
5
7
6
3
1
2
4
8
4
9
3
4
8
8
11
5
5
0
-5
3
7
6
6
5
9
5
10
10
7
8
10
3
4
5
5
5
5
6
6
7
7
9
7
5
5
5
5
5
7
5
5
1
2
2
0
1
2
1
3
1
0
5
2
4
3
2
7
7
9
8
9
13
13
10
6
11
15
14
13
18
12
10
16
17
13
8
7
7
9
7
6
3
3
10
5
4
5
5
5
3
3
7
5
3
8
3
3
1
3
5
5
6
4
6
12
2
5
5
3
3
1
6
6
3
6
9
6
4
4
-1
-6
-6
-1
-8
-10
-1
4
-4
-2
0
3
3
3
2
3
6
5
1
2
0
3
1
3
6
0
3
2
2
2
1
2
0
1
4
4
4
1
2
5
1
0
2
2
4
5
3
1
-2
1
4
6
7
5
5
0
2
0
-3
4
-2
1
-2
-3
-2
-2
-4
-5
-8
-5
-3
-5
-3
-5
-7
-6
-5
-2
-1
-5
-2
1
3
4
3
-3
1
-1
-1
0
-2
-1
-1
0
-2
-1
-2
-6
-4
-11
-11
-7
-8
-8
-14
-16
-9
-8
-7
-8
-14
-15
-18
-8
-2
-4
-6
-5
-5
-2
0
-2
2
1
-5
-6
-2
-1
-1
0
-3
-4
-1
-4
2
1
-4
0
-5
-2
-7
-6
-4
-6
-3
-7
-6
-4
-3
-3
-4
-2
-4
-5
-7
-7
-6
-5
-7
-4
0
-3
1
-1
-3
1
1
-2
-1
-4
-5
-2
-5
-4
-4
-7
-7
-5
-5
-5
-4
-6
-2
-6
-5
-3
-3
0
-2
0
-2
0
-3
1
-2
-3
-2
-3
1
-1
-3
-1
-3
1
1
0
1
-1
-2
-3
-4
-4
-5
4
4
2
6
5
8
9
6
6
7
11
7
8
9
5
8
8
8
10
12
13
12
11
10
9
12
14
14
12
11
10
9
10
9
9
12
10
10
11
12
9
8
11
12
16
16
20
15
16
21
20
20
25
23
25
22
21
26
14
19
24
19
23
18
13
12
15
15
9
13
14
16
13
11
14
16
13
13
16
11
11
14
10
14
12
10
13
15
19
18
18
18
21
16
13
13
12
11
12
14
14
16
17
18
16
12
8
3
2
3
15
5
-1
5
7
9
6
14
10
12
10
9
14
12
11
9
10
8
10
7
10
10
8
5
5
6
7
7
5
5
4
6
10
5
5
4
1
7
5
5
5
4
6
4
3
3
3
8
7
5
8
6
6
3
-3
-6
-2
1
0
-2
1
1
-1
-2
-2
-2
-2
-3
-5
-6
-7
-5
-7
-5
-4
-7
-7
-6
-4
-3
-2
-2
-5
-2
-4
-7
-1
-6
-9
-6
-8
-6
-3
-4
-9
-11
-11
-13
-6
-11
-17
-11
-12
-10
-13
-15
-19
-17
-13
-18
-13
-3
-8
-8
-8
-8
-3
-5
-3
-3
-2
-5
-4
1
-2
-5
-3
0
-4
-2
-1
1
0
2
0
1
-2
2
-1
-4
-2
-4
-1
0
2
3
3
3
3
0
0
2
1
-1
1
5
7
12
10
15
9
17
12
15
18
24
17
125
134
82
133
101
169
221
241
267
250
218
296
302
364
390
328
328
286
340
363
335
329
321
228
220
194
192
199
120
93
20
-35
-42
-64
-85
-139
-239
-271
-311
-348
-357
-413
-450
-510
-562
-550
-495
-517
-563
-594
-586
-538
-525
-494
-461
-451
-446
-423
-369
-288
-264
-226
-179
-154
-124
-89
-2
80
95
86
125
182
234
256
303
346
338
325
367
415
456
432
521
512
435
657
708
601
521
574
707
770
690
677
618
584
656
675
676
519
488
529
470
394
371
299
261
200
79
-3
-45
-47
-118
-240
-345
-432
-484
-516
-602
-659
-771
-886
-913
-979
-1070
-1131
-1053
-936
-985
-1173
-1231
-1117
-875
-773
-862
-893
-825
-692
-584
-484
-368
-263
-263
-236
-118
50
149
179
309
395
335
315
487
700
726
603
587
683
734
716
742
817
766
594
542
632
664
578
478
460
409
297
225
491
434
252
190
201
293
213
266
320
331
175
210
252
341
318
325
358
233
260
291
363
344
307
235
211
184
191
190
151
91
-20
-84
-168
-185
-236
-363
-394
-513
-673
-750
-813
-861
-988
-1165
-1166
-766
-918
-1287
-1446
-1254
-813
-788
-1017
-1130
-955
-782
-680
-713
-434
-368
-417
-388
-289
-32
26
12
202
375
213
118
308
747
770
481
428
626
788
723
639
816
889
620
487
628
813
709
481
534
590
472
300
341
646
626
250
156
335
455
442
327
389
381
239
246
381
510
437
272
289
351
317
353
343
382
353
215
139
203
302
264
118
-14
-49
-86
-99
-166
-249
-314
-531
-691
-756
-766
-768
-947
-1200
-1311
-1317
-1270
-1329
-1138
-1194
-1484
-1599
-1441
-1026
-900
-1097
-1227
-1007
-843
-723
-723
-444
-250
-315
-369
-285
22
235
271
286
406
363
374
519
832
941
763
625
709
883
947
891
886
928
774
614
642
792
830
650
469
426
453
492
449
466
429
252
225
285
387
399
297
249
300
274
269
292
394
432
303
247
283
378
452
411
355
355
330
325
350
396
379
276
187
139
153
123
28
-92
-183
-331
-427
-512
-565
-643
-859
-1012
-1153
-1218
-1250
-1362
-1437
-1508
-1451
-1295
-1533
-1638
-1563
-1293
-1049
-1156
-1331
-1203
-930
-730
-668
-691
-444
-369
-297
-232
-65
166
240
228
376
495
493
579
737
949
893
744
784
985
1092
1015
886
941
970
835
765
807
881
782
561
501
566
602
545
423
426
366
219
260
397
594
390
34
102
354
468
374
283
314
315
187
310
455
494
405
257
352
427
430
435
467
479
406
241
260
367
410
258
39
-50
-63
-149
-287
-346
-397
-559
-866
-937
-996
-1022
-1157
-1357
-1477
-1603
-1641
-1728
-1590
-1335
-1518
-1856
-1909
-1590
-1136
-1095
-1373
-1367
-1105
-870
-820
-785
-447
-264
-317
-368
-235
120
328
335
424
523
493
526
717
1042
1115
917
793
915
1125
1173
1049
1054
1083
927
775
799
943
982
747
572
620
585
463
470
622
597
307
125
259
457
460
256
153
229
259
235
231
306
317
241
173
250
337
374
342
352
416
379
318
362
494
514
412
287
312
374
371
254
170
96
-29
-146
-247
-315
-339
-424
-732
-836
-947
-1025
-1116
-1287
-1336
-1484
-1666
-1812
-1768
-1750
-1496
-1586
-1851
-1922
-1844
-1436
-1240
-1267
-1400
-1309
-1128
-858
-803
-639
-410
-352
-278
-302
-83
229
413
464
524
489
587
733
956
1142
1082
976
945
1063
1220
1226
1157
1153
1036
931
891
936
1022
925
724
581
553
646
626
523
483
418
368
279
271
440
453
218
197
231
274
256
237
378
357
215
150
284
445
493
332
332
399
425
430
411
524
539
399
313
337
420
405
237
136
101
-49
-180
-245
-259
-304
-536
-750
-905
-909
-988
-1108
-1296
-1422
-1547
-1673
-1767
-1838
-1798
-1796
-1617
-1765
-1923
-1956
-1745
-1372
-1217
-1348
-1489
-1304
-998
-701
-719
-605
-413
-268
-211
-172
89
399
528
515
553
609
788
932
1107
1213
1152
1047
1075
1248
1386
1331
1184
1147
1079
1035
1000
1010
1027
909
698
554
551
599
629
581
468
336
231
197
288
505
423
132
68
156
288
288
267
309
303
181
153
306
471
508
379
365
376
438
506
535
603
583
420
336
409
490
483
321
169
80
1
-96
-198
-178
-247
-509
-744
-883
-888
-913
-1038
-1281
-1478
-1586
-1673
-1751
-1812
-1816
-1848
-1673
-1795
-2006
-1996
-1743
-1368
-1248
-1427
-1583
-1352
-977
-694
-736
-671
-462
-313
-222
-170
71
383
510
461
506
598
792
945
1104
1203
1110
1030
1092
1269
1402
1345
1171
1130
1095
1050
1015
1028
1032
889
672
544
543
590
532
395
294
285
380
226
88
116
220
283
120
72
173
149
93
236
317
282
142
159
438
515
413
361
451
636
580
438
550
668
704
538
432
529
574
439
321
278
208
38
-130
-182
-184
-292
-548
-703
-794
-855
-1032
-1223
-1284
-1387
-1582
-1751
-1843
-1888
-1898
-1961
-1765
-1767
-2007
-2069
-1914
-1515
-1281
-1431
-1601
-1426
-1073
-775
-829
-777
-472
-308
-245
-271
-69
322
495
456
463
556
732
872
1000
1161
1154
1062
1048
1182
1359
1371
1206
1143
1131
1047
978
958
1023
962
729
530
493
542
546
403
298
232
192
371
244
87
95
114
228
248
168
108
112
167
368
360
250
203
302
554
548
417
456
569
678
657
503
589
701
713
595
465
498
494
412
321
206
61
-75
-188
-241
-250
-438
-725
-846
-925
-989
-1164
-1370
-1451
-1545
-1695
-1906
-1997
-1944
-1820
-1657
-1845
-2121
-2116
-1786
-1384
-1303
-1472
-1553
-1340
-1035
-815
-775
-647
-409
-303
-269
-230
2
332
530
519
487
511
706
929
1091
1190
1114
1055
1084
1222
1362
1366
1274
1209
1110
1031
984
1033
1087
1006
750
548
515
571
581
481
354
240
109
107
409
275
18
-124
124
347
111
-12
85
314
289
231
171
281
420
495
628
467
465
574
740
814
738
639
687
763
798
723
570
629
582
507
292
141
103
49
-76
-213
-372
-569
-743
-823
-850
-1004
-1258
-1424
-1504
-1569
-1715
-1931
-1971
-1947
-1774
-1682
-2005
-2181
-1998
-1594
-1302
-1433
-1647
-1520
-1167
-908
-839
-853
-590
-376
-315
-267
-182
115
383
478
461
508
566
780
976
1136
1156
1047
1052
1180
1316
1388
1325
1236
1237
1139
1051
1014
1076
1118
947
696
579
596
633
567
427
345
247
153
363
241
91
88
74
125
161
138
73
74
116
294
245
166
204
336
546
479
363
473
628
701
685
584
654
762
736
682
606
660
622
485
402
348
212
98
-69
-135
-131
-317
-601
-781
-799
-871
-1078
-1300
-1364
-1489
-1635
-1799
-1949
-1911
-1856
-1660
-1819
-2136
-2149
-1867
-1475
-1348
-1523
-1666
-1446
-1150
-895
-860
-812
-552
-394
-347
-359
-175
184
398
399
400
427
550
805
980
1120
1072
1001
1013
1160
1325
1365
1273
1221
1195
1094
1027
1031
1126
1109
901
649
589
627
654
563
434
341
201
100
82
281
492
233
-176
-200
102
352
274
92
150
185
124
146
325
583
562
355
334
526
660
713
703
786
804
615
512
667
902
870
545
326
388
363
201
55
2
-43
-234
-583
-694
-688
-765
-959
-1227
-1341
-1438
-1667
-1799
-1809
-1812
-1755
-1685
-1976
-2145
-2079
-1748
-1406
-1434
-1600
-1672
-1473
-1131
-893
-882
-765
-620
-493
-401
-366
-113
218
353
360
324
394
607
834
1009
1104
1015
974
1026
1192
1403
1392
1294
1234
1198
1141
1111
1114
1215
1141
928
723
658
739
759
641
501
384
245
182
135
219
226
464
159
-357
-192
219
364
187
73
88
120
2
191
560
590
413
186
394
725
679
689
726
850
813
600
464
839
1034
872
404
309
490
472
223
46
64
-38
-231
-646
-661
-557
-738
-1097
-1230
-1334
-1413
-1653
-1788
-1707
-1733
-1636
-1726
-2086
-2061
-1830
-1571
-1378
-1492
-1646
-1538
-1305
-1034
-856
-875
-666
-580
-489
-365
-283
-1
269
326
320
344
404
704
872
1023
1026
935
978
1089
1219
1356
1334
1241
1225
1154
1116
1096
1143
1197
1085
828
699
697
759
737
571
456
378
231
174
154
199
236
331
49
-289
-176
175
323
107
25
25
53
-1
213
499
521
292
150
425
699
671
601
659
817
773
543
485
799
1012
790
359
306
482
442
243
-10
8
-67
-281
-600
-645
-563
-786
-1115
-1274
-1256
-1402
-1669
-1788
-1686
-1527
-1507
-1924
-2148
-1926
-1543
-1393
-1492
-1616
-1535
-1356
-1196
-1028
-922
-733
-600
-612
-550
-367
-169
72
175
256
280
282
407
679
888
970
857
799
956
1093
1199
1205
1216
1199
1138
1028
1022
1071
1152
1094
901
729
681
704
724
660
514
416
282
197
166
175
169
97
-45
229
73
-227
-180
91
271
166
16
-35
62
174
414
453
342
316
411
550
669
576
698
732
730
669
589
598
764
764
607
374
230
316
236
71
-137
-183
-263
-496
-761
-798
-867
-1036
-1251
-1353
-1471
-1614
-1756
-1616
-1311
-1611
-2002
-2093
-1685
-1276
-1299
-1614
-1617
-1343
-1089
-1039
-1098
-832
-521
-488
-598
-547
-270
87
142
163
239
317
356
485
710
977
930
754
808
985
1197
1151
1087
1152
1220
1068
930
935
1155
1193
958
731
679
751
731
641
555
525
388
223
143
189
244
156
-49
-152
76
257
-76
-289
-60
204
184
-29
-54
187
310
248
265
351
512
522
459
594
714
732
692
652
783
839
674
579
651
755
606
324
232
313
212
-28
-264
-305
-191
-436
-851
-963
-973
-1012
-1233
-1472
-1534
-1574
-1636
-1440
-1551
-1829
-1867
-1734
-1452
-1334
-1498
-1574
-1416
-1202
-971
-1053
-1006
-713
-547
-527
-497
-441
-103
78
103
160
200
342
476
578
750
864
757
808
894
1060
1122
1035
1048
1138
1114
993
924
1000
1145
1009
794
699
734
768
690
527
509
461
328
201
146
190
189
-4
-136
-148
-27
287
-71
-327
-119
92
64
-42
29
278
249
39
189
423
566
508
403
553
769
638
640
664
849
912
616
455
638
784
673
354
228
371
208
-26
-258
-229
-163
-392
-846
-933
-877
-1028
-1209
-1407
-1388
-1497
-1600
-1443
-1546
-1761
-1759
-1659
-1435
-1313
-1496
-1571
-1393
-1142
-968
-1060
-1036
-722
-594
-575
-532
-425
-130
-3
6
78
185
299
419
491
689
774
672
706
853
1020
1043
943
941
1081
1072
960
895
981
1098
952
729
696
761
781
663
495
511
496
357
204
192
249
226
-12
-119
-113
73
359
-99
-381
-81
221
83
-56
19
336
252
14
183
467
578
466
334
525
777
598
584
613
846
856
534
365
615
775
630
261
153
334
225
-87
-302
-233
-197
-466
-866
-931
-866
-1045
-1257
-1404
-1347
-1420
-1412
-1482
-1634
-1683
-1610
-1461
-1382
-1364
-1484
-1439
-1306
-1047
-991
-983
-889
-686
-629
-577
-469
-274
-76
-43
26
79
213
313
462
579
703
670
651
737
905
1027
985
940
950
1044
1001
938
926
1047
1042
871
702
728
804
791
636
511
508
462
348
223
247
284
167
-37
-129
21
208
106
-161
-234
1
111
-2
-43
132
242
140
26
190
463
525
379
356
534
673
604
531
674
819
758
518
475
663
762
577
321
295
385
246
-36
-141
-77
-157
-448
-692
-699
-709
-918
-1204
-1241
-1206
-1306
-1557
-1422
-1252
-1470
-1714
-1732
-1403
-1189
-1281
-1530
-1415
-1169
-956
-1056
-1063
-782
-533
-571
-679
-535
-220
24
-66
-36
114
284
290
324
542
793
729
569
659
886
1051
925
863
973
1080
962
826
874
1077
1068
826
672
720
803
747
598
526
558
451
289
185
254
280
173
-57
-84
-80
266
276
-224
-316
-2
237
67
-45
72
321
100
43
218
484
502
370
301
563
650
539
551
608
837
711
425
389
663
760
568
179
211
355
228
-68
-211
-138
-155
-488
-809
-742
-734
-888
-1237
-1302
-1222
-1297
-1591
-1449
-1241
-1422
-1690
-1785
-1442
-1197
-1221
-1501
-1413
-1207
-955
-1076
-1094
-786
-540
-552
-694
-567
-282
10
-84
-29
87
252
270
268
487
767
741
548
603
794
1009
892
821
936
1044
933
779
809
1046
1058
817
651
672
767
708
579
523
568
447
282
164
241
291
197
61
66
-20
-75
-27
-12
63
21
-23
-108
-78
53
244
190
131
148
256
349
372
412
521
596
539
524
515
665
728
690
591
542
517
548
490
400
393
267
149
-48
-115
-150
-247
-370
-537
-697
-833
-913
-1085
-1100
-1130
-1272
-1457
-1537
-1354
-1217
-1467
-1686
-1565
-1374
-1236
-1352
-1419
-1260
-1115
-1039
-1047
-994
-771
-570
-596
-564
-451
-262
-101
-81
33
178
230
256
345
529
707
673
605
711
852
916
869
857
976
1031
941
856
877
978
994
851
750
758
750
710
615
560
544
466
343
262
235
245
216
91
19
-7
73
31
-56
-61
37
75
27
-35
40
200
204
179
193
313
393
394
377
516
602
608
548
569
702
740
658
587
637
658
605
452
402
415
386
219
27
-54
-18
-162
-373
-448
-479
-636
-872
-1010
-995
-1023
-1186
-1356
-1464
-1444
-1277
-1255
-1533
-1634
-1567
-1353
-1265
-1306
-1362
-1271
-1135
-1047
-1016
-946
-742
-602
-557
-546
-436
-283
-81
-4
85
174
208
277
386
576
712
689
637
721
828
926
907
918
985
1002
938
864
899
996
1016
886
763
718
737
729
660
562
528
455
343
256
231
291
236
101
31
-6
32
64
32
-26
-13
37
16
-41
39
202
225
128
116
249
382
407
370
456
550
568
514
533
667
737
663
555
558
614
627
507
423
401
388
248
74
1
6
-105
-303
-387
-462
-538
-778
-885
-899
-946
-1129
-1294
-1362
-1371
-1396
-1386
-1311
-1476
-1569
-1627
-1479
-1314
-1196
-1345
-1358
-1240
-1089
-991
-987
-796
-652
-562
-598
-513
-367
-92
4
27
72
157
269
346
493
658
738
638
651
748
918
958
918
932
988
963
892
882
988
1063
935
773
699
756
764
703
588
547
481
372
270
234
320
333
131
-20
-15
39
84
65
10
-26
-29
-35
-26
48
178
210
99
71
185
326
397
373
410
495
507
480
508
639
729
662
541
518
585
609
544
483
439
356
243
176
114
67
-22
-216
-361
-375
-421
-643
-785
-816
-880
-1054
-1223
-1240
-1290
-1332
-1387
-1376
-1304
-1430
-1603
-1552
-1365
-1194
-1200
-1384
-1332
-1144
-973
-964
-925
-751
-578
-590
-589
-428
-238
-24
-21
12
126
240
318
405
560
733
728
612
696
886
1022
977
915
975
1041
998
936
969
1072
1074
917
759
774
834
817
706
598
564
494
378
318
309
316
364
123
-44
-48
115
167
78
-84
-52
15
-27
-20
61
214
177
56
24
254
349
399
315
373
493
493
432
486
673
742
619
421
493
617
648
488
399
403
377
215
103
95
104
8
-294
-398
-354
-413
-630
-723
-774
-910
-1098
-1204
-1203
-1239
-1282
-1436
-1414
-1285
-1407
-1608
-1572
-1319
-1172
-1241
-1443
-1324
-1120
-947
-940
-949
-784
-600
-580
-589
-412
-208
-19
-52
-21
127
264
348
418
554
702
701
599
700
887
1017
948
861
934
1033
990
918
951
1036
1013
845
730
768
825
770
649
531
517
443
345
278
277
228
238
94
-66
-76
-14
99
35
-103
-159
-81
-76
-36
3
92
105
20
-3
156
317
339
297
286
442
461
427
462
594
697
615
433
429
593
660
542
338
381
418
270
135
142
164
16
-225
-333
-351
-356
-486
-667
-747
-847
-929
-1144
-1207
-1138
-1191
-1418
-1566
-1367
-1214
-1436
-1626
-1568
-1348
-1195
-1296
-1422
-1307
-1060
-948
-1017
-993
-769
-557
-560
-578
-429
-230
-62
-57
9
181
285
316
373
536
717
709
625
724
890
967
907
868
987
1055
976
894
921
1016
1008
863
759
772
785
722
614
550
524
444
325
255
224
236
201
30
-55
-45
-22
-27
-36
-81
-119
-132
-104
-61
-23
47
70
42
35
117
227
324
319
338
390
447
487
515
591
632
622
554
533
571
623
574
491
422
410
344
223
178
179
96
-80
-231
-309
-296
-378
-551
-659
-732
-813
-992
-1086
-1085
-1131
-1229
-1368
-1403
-1283
-1213
-1353
-1509
-1466
-1237
-1136
-1192
-1268
-1124
-978
-900
-877
-783
-623
-483
-448
-418
-269
-125
28
68
166
291
371
381
470
645
778
761
699
798
925
996
952
946
1008
1043
976
917
945
1000
971
856
764
747
742
690
620
542
494
409
314
239
222
181
118
-6
26
19
-92
-140
-155
-51
8
-41
-205
-156
-56
73
75
67
93
130
169
272
353
373
448
436
513
535
555
588
669
680
648
546
536
598
612
541
421
365
329
259
134
160
56
-98
-207
-276
-378
-424
-565
-647
-715
-849
-949
-1111
-1131
-1135
-1213
-1330
-1383
-1393
-1206
-1265
-1447
-1514
-1331
-1103
-1101
-1235
-1188
-1026
-920
-793
-785
-694
-529
-415
-397
-308
-184
18
97
132
259
330
375
453
598
739
769
677
742
862
960
961
899
929
983
957
893
877
913
944
847
719
660
673
662
601
482
413
359
268
201
149
125
67
-31
-130
-53
-112
-179
-204
-224
-163
-143
-137
-224
-165
-106
21
0
13
73
157
198
237
283
365
456
430
492
503
588
607
612
608
630
602
567
537
548
530
433
335
287
269
145
96
-3
-83
-171
-249
-377
-467
-495
-575
-723
-829
-857
-997
-1055
-1160
-1158
-1242
-1299
-1341
-1234
-1165
-1326
-1442
-1386
-1144
-1056
-1077
-1206
-1084
-926
-783
-777
-721
-539
-406
-374
-366
-224
-59
123
117
188
275
376
425
494
642
762
728
659
734
870
965
895
865
891
947
882
818
835
899
866
722
620
609
630
574
492
397
364
276
201
142
126
101
10
-110
-170
-175
-134
15
-110
-362
-337
-90
-4
-127
-169
-53
35
-35
-11
139
283
279
194
234
423
493
462
474
569
689
601
478
554
748
772
575
403
493
621
509
313
286
335
267
33
-74
11
0
-161
-400
-455
-376
-483
-678
-794
-721
-761
-993
-1215
-1127
-1015
-1139
-1298
-1258
-1102
-1166
-1323
-1380
-1132
-939
-946
-1131
-1092
-874
-712
-669
-703
-529
-374
-337
-384
-232
-7
155
115
110
269
403
442
446
601
749
748
616
669
846
972
908
806
844
925
890
797
809
871
868
713
591
597
660
616
504
402
383
319
229
165
164
147
51
-89
-136
-125
-51
33
-142
-309
-245
-53
-44
-110
-147
-7
17
-45
-1
159
259
242
201
253
403
430
473
487
584
637
574
493
620
755
751
598
473
586
646
544
374
384
440
315
101
31
98
107
-81
-286
-332
-296
-396
-546
-622
-569
-701
-950
-978
-963
-1008
-1090
-1175
-1243
-1203
-1044
-1137
-1323
-1273
-1097
-1008
-1048
-1054
-991
-872
-794
-725
-682
-559
-424
-369
-351
-228
-97
7
68
136
264
305
336
418
550
641
651
622
678
758
803
812
810
841
848
825
785
790
794
790
732
653
602
577
555
514
438
368
316
240
192
138
99
44
-9
-101
-54
-46
-91
-229
-221
-66
-93
-128
-162
-89
-72
-2
5
76
91
134
188
243
279
333
411
435
517
485
549
557
608
675
648
589
589
600
599
560
489
466
404
373
260
196
172
113
-20
-93
-147
-245
-327
-361
-436
-546
-662
-720
-773
-850
-918
-1052
-1098
-1121
-1165
-1242
-1183
-1088
-1129
-1273
-1338
-1173
-1004
-927
-1022
-1031
-932
-805
-724
-655
-528
-423
-351
-353
-265
-131
67
140
165
215
290
350
425
550
674
704
624
633
730
860
872
832
816
838
823
767
770
820
835
729
603
547
576
571
523
430
356
288
205
160
134
129
64
-32
-154
-95
12
-81
-241
-208
-39
-53
-115
-211
-76
34
63
5
45
130
201
239
280
371
371
414
432
539
589
617
548
616
691
689
610
569
645
661
556
429
443
441
405
251
173
144
108
-10
-118
-188
-205
-297
-426
-489
-563
-585
-737
-817
-868
-913
-1033
-1100
-1154
-1179
-1165
-1211
-1164
-1161
-1201
-1315
-1249
-1049
-929
-1010
-1048
-930
-850
-682
-631
-571
-474
-341
-305
-256
-153
30
155
159
227
287
373
440
548
647
709
662
650
721
826
886
840
811
824
839
799
777
774
800
743
624
545
544
550
518
421
324
275
206
156
107
84
50
-39
-156
-175
-49
-55
-220
-319
-196
-43
-67
-216
-220
-60
43
15
-14
79
175
204
206
293
386
415
425
460
567
621
572
560
651
735
680
560
560
649
660
532
399
417
449
348
206
148
126
78
-70
-171
-226
-243
-355
-488
-555
-541
-654
-832
-877
-864
-897
-1086
-1189
-1200
-1133
-1194
-1282
-1205
-1129
-1184
-1297
-1284
-1113
-956
-939
-1013
-990
-858
-699
-648
-586
-460
-332
-319
-285
-149
8
136
158
213
280
353
411
489
609
704
684
620
658
776
866
825
774
780
798
762
713
727
764
733
610
508
506
522
484
406
319
273
192
110
73
74
42
-42
-162
-205
-208
-150
-19
-199
-339
-353
-80
9
-150
-212
-85
60
7
19
104
280
253
215
258
458
473
477
465
590
712
588
536
594
794
793
577
450
615
686
584
371
358
453
384
179
60
131
132
-10
-240
-276
-221
-289
-500
-544
-527
-577
-774
-899
-844
-831
-939
-1138
-1158
-1135
-1131
-1228
-1217
-1106
-1069
-1166
-1336
-1201
-942
-826
-950
-1003
-879
-714
-620
-613
-485
-346
-263
-296
-245
-72
144
189
170
253
350
411
417
550
707
744
638
591
691
852
865
777
763
790
774
700
695
747
772
654
520
474
507
504
439
359
307
241
143
91
88
107
35
-81
-175
-124
-53
-77
-228
-255
-152
-37
-76
-222
-166
-28
58
6
26
87
171
179
237
320
382
376
381
454
549
585
525
551
601
679
638
544
552
647
637
513
415
429
468
386
262
184
182
136
23
-85
-90
-128
-248
-346
-393
-440
-476
-578
-673
-696
-745
-842
-943
-959
-981
-1047
-1148
-1172
-1163
-1113
-1038
-1117
-1189
-1160
-1066
-975
-895
-872
-872
-815
-719
-603
-533
-431
-362
-291
-220
-147
-67
50
175
247
282
296
368
463
568
630
651
633
643
687
740
780
764
757
729
708
687
679
679
673
615
535
460
435
446
416
351
261
196
146
111
69
35
1
-60
-67
-97
-159
-190
-155
-131
-80
-132
-183
-162
-87
-2
14
21
21
73
116
228
265
305
311
348
409
464
468
494
567
583
583
521
540
583
617
562
485
428
438
420
352
314
267
199
80
35
23
-19
-134
-207
-271
-322
-379
-459
-522
-552
-618
-706
-777
-850
-863
-894
-961
-1071
-1080
-1124
-1166
-1139
-1071
-1013
-1120
-1177
-1169
-1026
-893
-852
-886
-857
-774
-682
-591
-527
-375
-306
-269
-249
-151
-19
119
187
215
272
296
362
450
572
634
621
573
607
682
741
754
719
713
699
663
633
653
665
648
547
460
430
431
423
378
310
245
179
121
95
90
64
6
-80
-150
-158
-130
33
-58
-227
-286
-115
-14
-45
-76
-36
30
-21
14
93
253
254
223
196
327
375
415
439
485
563
503
443
456
633
679
579
417
469
528
511
409
361
409
343
209
88
151
182
99
-93
-139
-135
-191
-303
-330
-323
-411
-516
-643
-641
-617
-635
-776
-868
-866
-901
-992
-1031
-1025
-1029
-1080
-1137
-1056
-980
-1020
-1075
-1049
-931
-818
-798
-832
-771
-619
-508
-502
-465
-337
-206
-158
-144
-47
72
174
208
262
347
414
445
485
574
650
648
612
654
712
746
721
694
712
730
701
637
620
651
629
543
477
455
456
405
335
289
258
219
137
88
72
60
-12
-75
-132
-23
6
-173
-233
-165
-32
-77
-130
-154
-40
-35
-35
-9
72
133
131
133
192
295
293
356
347
437
469
430
427
511
582
568
480
459
548
531
491
416
427
430
369
267
243
268
212
115
36
24
-7
-75
-158
-188
-214
-262
-375
-422
-404
-455
-527
-597
-642
-671
-699
-765
-820
-867
-882
-930
-1008
-1009
-1023
-1015
-1013
-942
-969
-1010
-1006
-946
-824
-746
-724
-753
-696
-583
-468
-438
-338
-256
-189
-139
-86
22
129
218
243
294
337
407
455
531
603
633
616
601
650
700
733
701
680
673
664
634
612
606
602
551
476
424
402
404
366
305
243
189
139
93
67
41
6
-65
-114
-154
-71
-9
-176
-266
-179
-29
-84
-150
-176
-58
5
-22
-20
32
125
142
147
180
295
279
317
335
412
460
415
377
456
565
539
437
386
505
530
448
348
360
409
373
243
183
242
218
113
8
16
15
-54
-167
-191
-199
-252
-337
-415
-393
-393
-475
-571
-600
-578
-611
-722
-773
-765
-782
-860
-940
-951
-914
-934
-961
-953
-884
-876
-918
-932
-832
-700
-657
-683
-671
-552
-453
-403
-381
-268
-162
-107
-98
-26
94
191
246
256
331
395
443
465
536
617
643
609
606
665
714
717
665
664
677
664
611
582
588
584
525
445
412
399
378
315
259
220
179
121
64
50
33
-7
-76
-53
-82
-149
-188
-166
-97
-70
-144
-226
-157
-91
-34
-29
-6
-4
10
40
135
196
219
226
213
297
347
361
363
432
472
459
401
408
486
521
483
395
397
424
402
353
342
337
293
208
151
159
163
103
10
-33
-54
-93
-179
-215
-203
-240
-323
-401
-427
-414
-437
-505
-562
-590
-597
-650
-708
-711
-712
-760
-831
-860
-851
-839
-834
-821
-770
-775
-809
-806
-723
-594
-534
-554
-563
-483
-375
-287
-259
-195
-116
-54
-26
20
120
227
289
291
334
380
437
483
535
586
604
577
560
607
652
665
613
580
576
568
536
506
504
491
439
358
319
312
306
269
210
154
121
80
51
27
23
-5
-70
-123
-130
-116
-105
-106
-151
-147
-166
-151
-117
-84
-65
-48
-52
-35
4
50
117
139
150
162
193
218
279
297
326
342
319
332
348
383
402
390
353
340
331
337
324
298
274
240
190
145
129
115
97
40
-16
-58
-86
-114
-144
-184
-217
-265
-328
-357
-363
-372
-412
-464
-497
-508
-545
-574
-600
-618
-625
-687
-728
-746
-733
-728
-738
-773
-752
-712
-673
-654
-666
-633
-576
-509
-481
-441
-403
-336
-282
-225
-177
-130
-57
2
48
89
140
183
250
297
332
364
382
422
456
491
505
505
508
525
518
506
489
480
484
460
430
400
392
370
342
308
271
253
224
192
166
143
117
90
56
34
24
7
-4
-23
-53
-56
-35
-41
-53
-60
-44
-27
-21
-9
10
33
45
58
72
106
136
145
161
182
205
217
232
237
263
275
275
265
274
305
296
277
260
262
258
243
213
200
198
178
136
101
87
65
31
-7
-30
-55
-81
-120
-153
-172
-192
-231
-271
-287
-298
-323
-365
-384
-397
-419
-447
-476
-491
-496
-523
-545
-568
-577
-572
-590
-595
-599
-588
-568
-548
-525
-490
-480
-468
-427
-377
-334
-309
-283
-240
-187
-135
-98
-66
-16
42
80
107
141
192
240
269
290
320
346
366
394
420
436
438
430
432
442
431
416
399
382
375
355
329
317
303
283
256
229
207
200
180
157
137
122
107
88
79
71
56
45
50
36
29
21
24
35
37
46
38
50
69
82
94
101
109
120
137
150
158
168
172
176
188
191
191
192
197
211
202
193
188
187
187
177
157
148
142
129
105
80
72
55
33
1
-19
-34
-56
-82
-110
-131
-154
-180
-205
-225
-242
-265
-290
-309
-316
-338
-363
-384
-399
-413
-432
-445
-460
-473
-477
-486
-503
-505
-508
-507
-503
-493
-477
-454
-443
-428
-388
-351
-331
-319
-288
-230
-187
-158
-131
-108
-68
-19
14
39
75
104
135
167
198
234
256
278
297
313
326
343
346
362
371
371
358
345
346
346
330
300
278
253
248
236
207
188
178
157
142
130
117
115
109
94
78
73
73
72
62
51
55
56
54
57
64
70
72
75
84
95
100
106
116
126
132
135
135
141
154
162
158
150
151
157
149
146
137
139
139
134
128
122
120
116
104
83
75
63
59
42
26
11
-3
-21
-36
-45
-66
-78
-98
-114
-127
-144
-159
-172
-194
-209
-223
-242
-253
-268
-274
-291
-305
-321
-327
-336
-349
-361
-370
-368
-378
-388
-391
-386
-378
-372
-370
-364
-345
-325
-304
-286
-260
-230
-206
-176
-148
-105
-80
-52
-24
9
35
58
82
106
138
157
171
194
217
232
251
256
264
279
289
294
295
299
297
292
285
279
272
262
246
232
221
205
185
167
154
147
127
110
103
106
109
97
88
91
96
99
94
93
95
95
104
100
113
136
135
126
137
154
158
155
157
167
177
172
164
170
178
177
163
156
161
165
152
140
134
131
124
109
99
101
95
79
68
59
57
43
30
21
15
8
-10
-20
-31
-40
-52
-67
-79
-90
-104
-116
-133
-147
-160
-178
-194
-204
-213
-226
-236
-252
-260
-267
-280
-285
-295
-299
-304
-316
-316
-316
-316
-316
-315
-312
-301
-297
-293
-278
-265
-246
-233
-223
-197
-174
-157
-133
-111
-92
-72
-47
-25
-1
20
42
58
75
92
115
130
136
155
168
175
188
189
192
196
193
192
188
195
196
188
188
181
176
171
162
156
151
142
135
131
128
127
122
119
113
113
115
119
121
123
123
125
129
130
135
132
133
138
137
141
145
144
143
144
144
141
138
132
126
119
116
114
105
98
92
83
74
61
54
43
33
23
12
0
-14
-20
-33
-44
-50
-58
-69
-76
-84
-89
-100
-107
-115
-128
-133
-142
-150
-153
-166
-172
-180
-185
-189
-200
-201
-210
-211
-215
-225
-228
-230
-235
-242
-240
-240
-245
-242
-247
-251
-245
-236
-233
-233
-218
-210
-206
-197
-186
-171
-168
-159
-151
-137
-124
-110
-102
-92
-76
-58
-48
-40
-23
-17
-1
7
19
32
37
45
53
63
71
78
83
91
99
104
108
113
120
125
130
129
138
142
146
150
153
157
157
164
170
177
180
180
179
183
188
188
187
191
191
197
195
186
188
179
176
175
168
163
158
156
159
153
140
135
133
128
120
118
108
98
92
87
79
70
62
59
53
45
40
34
27
20
11
4
-4
-17
-23
-27
-34
-39
-45
-52
-56
-63
-74
-84
-93
-103
-108
-112
-115
-127
-136
-136
-139
-144
-149
-151
-153
-158
-162
-166
-165
-168
-170
-169
-171
-169
-168
-167
-164
-160
-159
-163
-160
-152
-146
-146
-144
-141
-132
-127
-119
-116
-113
-106
-107
-102
-93
-85
-85
-83
-76
-74
-67
-60
-55
-47
-36
-36
-36
-34
-23
-17
-22
-9
-3
8
10
13
25
36
45
47
56
65
76
83
88
94
102
109
117
125
135
141
143
149
157
167
165
170
171
175
178
176
178
178
179
177
175
170
169
168
158
157
149
139
139
139
130
122
114
106
103
97
91
81
69
59
71
67
53
49
45
41
35
25
19
16
4
-5
-8
-13
-21
-28
-35
-40
-50
-55
-59
-66
-69
-77
-80
-87
-90
-96
-103
-112
-112
-115
-118
-120
-123
-123
-126
-124
-133
-131
-131
-133
-134
-136
-133
-132
-128
-122
-98
-93
-121
-114
-93
-78
-68
-72
-89
-85
-71
-61
-59
-59
-60
-68
-68
-55
-45
-54
-64
-64
-59
-50
-51
-60
-53
-47
-49
-61
-66
-49
-46
-53
-59
-59
-48
-41
-38
-40
-27
-21
-18
-14
-2
14
17
11
23
40
46
57
55
69
85
86
90
94
105
114
115
115
120
128
129
128
131
134
137
131
129
131
132
129
122
119
119
118
109
103
105
106
97
87
86
88
87
78
69
69
69
64
55
56
53
51
53
44
44
39
39
36
36
32
23
24
20
16
7
4
4
5
1
-8
-15
-26
-31
-29
-34
-43
-45
-46
-45
-45
-52
-54
-53
-53
-55
-55
-50
-56
-54
-54
-53
-51
-50
-48
-46
-45
-42
-36
-40
-36
-34
-32
-34
-35
-37
-32
-30
-31
-27
-26
-20
-16
-30
-32
-28
-26
-25
-22
-16
-30
-30
-20
-16
-18
-9
-6
-9
-5
-4
-4
1
4
3
10
17
20
20
27
30
31
31
37
36
39
53
53
49
53
56
59
64
64
62
64
65
68
70
67
64
66
65
68
68
63
65
69
74
66
67
67
59
54
54
59
59
55
51
51
53
52
48
48
49
50
45
42
43
41
41
37
38
36
36
34
33
33
37
35
30
30
30
29
26
26
27
28
22
19
21
21
17
13
10
12
13
7
2
6
8
1
2
5
0
-1
-2
-6
-6
-13
-4
0
2
4
-1
-1
-3
1
-1
-1
-7
-9
-5
-5
-11
-13
-8
-10
-13
-16
-15
-19
-20
-21
-20
-21
-25
-25
-30
-27
-30
-33
-32
-33
-30
-30
-30
-30
-29
-28
-30
-31
-31
-25
-24
-28
-24
-21
-20
-21
-21
-21
-20
-15
-19
-18
-20
-25
-22
-22
-20
-18
-23
-21
-20
-15
-14
-18
-17
-20
-18
-16
-19
-12
-11
-12
-12
-10
-6
-7
-8
-8
-5
-1
-2
-3
0
3
0
5
7
5
9
5
9
13
7
8
9
17
21
19
23
23
28
25
27
29
25
31
27
31
31
26
29
32
30
31
32
32
33
36
32
30
30
32
33
31
33
31
25
27
29
29
26
25
26
24
25
22
20
21
22
22
22
21
18
14
17
14
14
16
12
11
12
9
10
10
2
4
2
4
0
-5
-5
-3
-9
-14
-12
-9
-6
-9
-10
-10
-7
-9
-12
-7
-7
-8
-11
-9
-6
-6
-9
-9
-8
-5
-5
-4
-3
-2
-7
-8
-6
-10
-9
-9
-7
-4
-6
-7
-4
-8
-10
-12
-9
-16
-18
-16
-16
-23
-23
-10
-9
-13
-14
-12
-8
-6
-10
-7
-5
-4
-6
-2
-6
-3
0
0
7
5
4
6
9
8
13
13
12
17
16
20
22
18
22
16
18
20
19
22
18
19
20
18
19
17
20
23
22
19
13
17
16
6
9
12
9
9
6
5
6
6
2
2
3
-1
0
-3
-6
-4
-7
-7
-9
-10
-11
-13
-11
-13
-10
-12
-11
-10
-10
-8
-13
-16
-13
-12
-12
-15
-13
-13
-18
-17
-21
-23
-23
-21
-24
-26
-24
-21
-26
-27
-29
-28
-29
-34
-34
-34
-20
-24
-27
-24
-24
-23
-24
-25
-23
-26
-28
-25
-24
-24
-30
-26
-24
-29
-28
-26
-27
-31
-32
-28
-27
-29
-33
-36
-36
-36
-37
-40
-39
-34
-30
-32
-32
-32
-33
-30
-26
-26
-29
-27
-25
-20
-15
-13
-12
-12
-12
-10
-13
-9
-7
-14
-14
-14
-9
-11
-9
-4
-8
-7
-5
-5
-2
-4
-3
-6
-4
0
-4
1
3
1
-3
-1
1
2
2
2
0
1
-2
2
2
-2
4
-2
1
-1
3
-3
-13
-7
-2
-4
-7
-2
2
3
4
6
7
7
8
6
5
8
10
5
5
6
5
7
7
4
5
5
6
4
3
5
4
3
2
2
-3
-3
-1
-3
-6
-5
-6
-7
-8
-7
-3
-5
-8
-8
-7
-5
2
1
-2
2
2
3
4
3
4
5
4
1
-3
2
4
4
1
7
1
-6
-1
1
-1
-3
-7
0
3
-1
-2
-3
2
1
-2
4
5
3
4
5
6
5
9
7
10
11
16
19
16
19
16
17
17
16
19
17
16
16
19
21
21
20
13
11
11
11
7
13
9
-2
6
12
10
9
14
11
10
14
11
10
11
9
6
9
6
7
8
3
8
2
5
6
4
6
5
6
6
5
2
8
5
5
3
2
2
-2
3
0
-1
-3
0
-6
-6
-2
1
-1
-2
0
-4
-9
-13
-14
-10
-9
-14
-14
-12
-11
-10
-11
-14
-12
-11
-11
-11
-9
-11
-13
-12
-9
-9
-8
-8
-11
-10
-8
-9
-3
-6
-6
-5
-7
-4
-4
-5
-6
-5
-6
-4
-2
-5
-4
-6
-6
-5
-5
-2
-6
-7
-6
-6
-4
0
-3
-8
-9
-12
-12
-4
-4
-4
-5
-3
1
-2
-2
1
-6
-8
-7
-3
-5
-5
-5
-3
-5
-5
-3
-2
-4
-6
-2
-3
-3
-2
-11
-13
-10
-10
-14
-9
-7
-9
-8
-10
-9
-8
-8
-11
-14
-18
-13
-13
-13
-6
-10
-10
-7
-8
-7
-7
-7
-8
-9
-14
-15
-14
-16
-15
-14
-17
-16
-14
-15
-19
-16
-16
-18
-20
-18
-20
-21
-17
-20
-20
-22
-23
-22
-22
-22
-24
-22
-22
-23
-23
-22
-22
-24
-26
-23
-26
-23
-25
-32
-31
-35
-32
-33
-33
-25
-27
-25
-29
-30
-27
-37
-34
-37
-39
-39
-42
-41
-42
-41
-38
-39
-40
-41
-43
-42
-44
-47
-45
-43
-47
-49
-45
-46
-46
-46
-50
-48
-50
-47
-47
-48
-48
-49
-51
-48
-47
-47
-44
-43
-51
-50
-43
-44
-39
-40
-36
-42
-45
-41
-36
-40
-43
-40
-41
-39
-47
-48
-47
-44
-47
-53
-50
-44
-44
-45
-48
-46
-44
-50
-48
-46
-44
-48
-52
-50
-48
-51
-50
-46
-48
-43
-44
-41
-40
-40
-38
-42
-40
-43
-44
-38
-39
-37
-34
-32
-27
-29
-36
-37
-36
-37
-40
-33
-29
-40
-39
-26
-28
-31
-30
-27
-28
-28
-30
-28
-25
-30
-30
-31
-32
-31
-31
-32
-32
-33
-32
-36
-39
-37
-37
-39
-42
-40
-38
-38
-39
-39
-42
-41
-43
-40
-42
-41
-39
-44
-45
-44
-44
-42
-37
-35
-36
-42
-39
-37
-39
-36
-43
-41
-40
-38
-39
-42
-37
-41
-36
-38
-38
-39
-41
-38
-37
-39
-39
-42
-38
-37
-36
-37
-37
-38
-38
-33
-31
-31
-28
-27
-29
-31
-28
-26
-25
-24
-25
-26
-26
-27
-28
-29
-31
-28
-33
-30
-33
-36
-29
-27
-28
-30
-33
-37
-37
-34
-22
-24
-23
-23
-19
-19
-19
-22
-20
-17
-21
-19
-18
-21
-24
-22
-20
-19
-22
-17
-19
-21
-19
-20
-19
-20
-24
-26
-30
-28
-28
-28
-26
-28
-26
-27
-24
-27
-30
-34
-34
-35
-43
-39
-38
-33
-34
-36
-32
-32
-32
-31
-35
-29
-33
-39
-39
-40
-37
-39
-35
-36
-33
-34
-34
-31
-33
-33
-30
-33
-34
-32
-33
-28
-28
-28
-30
-31
-29
-29
-28
-32
-28
-30
-28
-27
-29
-27
-27
-24
-25
-27
-22
-26
-24
-28
-33
-28
-29
-22
-20
-21
-18
-15
-14
-13
-12
-18
-18
-15
-17
-19
-15
-17
-11
-9
-11
-10
-8
-7
-6
-7
-4
-5
-6
-3
-4
-4
-4
-4
-2
-3
-3
-3
2
-1
1
3
0
0
0
2
4
4
4
3
6
6
8
11
14
14
12
14
12
11
15
17
21
21
13
17
7
2
5
3
1
4
3
8
10
3
-1
4
8
6
6
9
9
6
3
3
7
7
4
5
9
10
11
12
13
15
9
8
9
10
9
7
10
7
9
10
16
13
13
11
5
3
1
9
5
1
11
11
5
8
14
9
9
10
11
14
15
12
12
12
9
11
11
16
15
14
16
12
14
14
18
16
13
16
14
18
16
13
13
10
11
11
14
15
16
18
14
15
16
13
19
21
23
20
19
15
12
22
16
17
18
21
19
17
20
20
21
23
24
22
21
21
20
20
23
24
25
25
22
22
23
24
26
28
29
27
28
27
26
27
24
26
30
30
30
29
27
24
21
24
24
23
22
20
19
16
21
22
13
17
14
9
2
8
24
18
20
21
22
25
24
27
24
23
22
23
23
24
23
25
21
21
24
24
24
23
23
22
23
20
19
20
14
15
14
12
11
10
13
12
11
9
9
10
8
8
3
8
6
7
11
13
14
14
15
17
15
18
14
8
12
9
11
9
12
11
9
13
14
14
14
15
16
11
11
15
18
18
19
16
15
18
18
17
17
19
18
22
23
28
25
24
25
28
29
25
29
26
23
24
22
24
29
31
33
30
36
35
33
33
33
34
28
31
31
31
33
30
31
34
33
33
32
33
35
33
34
30
33
36
30
34
30
29
31
31
34
30
33
29
32
32
32
33
35
33
34
31
32
34
36
39
40
46
42
37
38
39
39
36
41
39
40
43
35
36
28
27
29
29
24
24
25
29
30
24
25
22
26
24
25
27
23
24
22
21
21
21
23
25
28
28
28
31
29
30
29
27
26
26
27
25
27
28
27
29
35
28
26
22
15
20
20
33
26
12
20
28
28
24
30
30
27
27
22
27
32
25
23
25
23
23
21
25
25
22
21
16
16
19
19
17
18
16
17
15
18
13
12
12
11
16
13
10
10
12
10
11
11
12
13
20
19
12
12
11
10
6
3
7
5
8
4
1
7
1
4
5
6
1
1
1
-3
-1
-1
0
-1
-1
0
-3
-1
-4
-3
-2
-3
-4
-3
-1
-2
-2
-2
-5
-5
-4
-6
-11
-9
-9
-12
-18
-18
-15
-10
-15
-22
-20
-21
-22
-18
-24
-25
-27
-28
-20
-17
-19
-21
-17
-15
-15
-16
-16
-16
-20
-21
-22
-19
-18
-21
-19
-24
-24
-24
-22
-20
-23
-24
-24
-24
-24
-26
-25
-29
-28
-27
-28
-26
-24
-20
-21
-24
-26
-26
-27
-29
-26
-26
-25
-26
-24
-24
-22
-18
-22
-21
-23
-21
-19
-22
-26
-27
-25
-26
-28
-24
-24
-27
-23
-22
-21
-20
-23
-19
-21
-22
-18
-19
-18
-14
-20
-18
-16
-16
-18
-20
-20
-20
-17
-17
-16
-15
-14
-12
-11
-11
-9
-14
-16
-16
-20
-18
-14
-8
-13
-13
-8
-12
-2
-2
-13
-12
-15
-9
-12
-14
-13
-15
-16
-14
-15
-13
-14
-12
-12
-15
-12
-16
-14
-16
-15
-15
-16
-16
-17
-14
-15
-13
-14
-13
-16
-13
-13
-13
-13
-12
-10
-12
-8
-9
-6
-7
-2
0
-1
1
-4
-2
-1
1
-6
-1
2
3
7
2
2
-6
-10
-3
1
-8
-5
-1
2
4
-1
-1
3
3
-2
1
4
3
3
2
3
4
4
2
5
9
9
12
14
16
16
12
12
12
12
14
13
19
16
17
23
23
16
18
11
14
16
19
25
9
13
20
19
17
22
23
23
19
23
25
23
26
19
19
22
24
20
23
25
23
20
21
19
17
23
27
23
23
20
19
25
19
21
19
20
18
18
19
18
20
19
20
21
16
17
17
23
25
18
17
10
15
11
9
15
14
15
14
12
13
10
13
15
17
17
12
14
13
12
12
16
16
15
15
14
15
17
18
18
18
15
17
15
15
17
15
14
15
14
14
14
12
6
9
7
7
9
6
5
0
0
5
5
2
1
-2
-8
-12
-8
-3
-4
-1
2
4
1
0
-1
0
-2
-3
-2
-4
-4
-7
-4
-4
-7
-5
-5
-6
-4
-6
-7
-9
-10
-12
-14
-16
-14
-17
-14
-13
-14
-12
-14
-11
-18
-14
-18
-18
-21
-20
-17
-19
-14
-16
-10
-8
-10
-13
-12
-13
-16
-14
-15
-19
-17
-18
-20
-17
-18
-18
-17
-17
-17
-17
-15
-19
-19
-18
-18
-21
-21
-19
-20
-19
-21
-17
-16
-19
-19
-17
-18
-14
-15
-17
-16
-17
-12
-10
-11
-7
-13
-19
-17
-18
-15
-9
-7
-12
-11
-4
-4
-4
-3
-2
-4
-6
-3
-5
-6
-3
-4
-4
-1
-1
-1
0
-1
-1
2
1
-2
-2
-3
-2
-3
-3
-4
0
-1
-1
2
2
0
3
4
5
4
5
8
7
8
7
6
11
14
13
13
19
20
16
16
18
16
14
17
23
19
26
20
6
13
11
13
8
7
14
9
12
7
9
14
10
10
11
14
13
10
11
12
12
14
14
15
16
15
20
18
20
19
15
13
11
14
12
15
14
11
13
16
13
10
12
7
2
-1
1
6
-2
-9
2
4
-2
-1
3
2
-1
-1
0
1
-4
-5
-7
-6
-7
-7
-2
-1
-6
-9
-11
-10
-10
-8
-8
-10
-11
-11
-9
-8
-11
-13
-15
-17
-18
-17
-15
-21
-18
-18
-20
-20
-25
-15
-15
-16
-18
-21
-20
-22
-22
-27
-26
-24
-26
-24
-24
-26
-23
-26
-22
-19
-22
-23
-27
-25
-26
-25
-23
-24
-23
-22
-23
-22
-22
-20
-19
-25
-27
-23
-22
-23
-22
-21
-23
-23
-23
-23
-23
-22
-25
-26
-26
-26
-30
-34
-29
-28
-26
-32
-29
-30
-34
-32
-39
-38
-37
-27
-29
-33
-27
-31
-29
-27
-25
-28
-32
-30
-30
-27
-29
-33
-31
-29
-29
-33
-30
-31
-28
-28
-28
-29
-31
-28
-30
-33
-33
-30
-32
-30
-28
-28
-26
-26
-27
-26
-30
-30
-30
-30
-28
-29
-26
-22
-20
-22
-16
-21
-19
-20
-17
-13
-19
-22
-22
-24
-24
-23
-19
-23
-23
-17
-20
-17
-20
-17
-17
-20
-15
-17
-17
-18
-15
-15
-18
-14
-17
-16
-15
-15
-16
-17
-15
-13
-16
-11
-12
-10
-7
-10
-13
-16
-18
-13
-8
-13
-8
-6
-4
-8
-7
-2
-2
-4
-5
-3
-3
-3
-3
-4
-5
-2
-1
0
2
1
4
5
4
6
5
4
5
6
7
6
7
7
7
8
6
10
9
9
12
11
14
16
16
16
16
20
25
22
22
26
26
31
28
35
33
36
32
33
37
23
34
35
33
37
29
28
30
27
28
26
28
35
30
27
25
31
28
28
31
29
25
27
29
26
28
29
26
29
32
32
32
30
33
32
28
29
27
28
29
27
29
27
30
36
33
24
24
21
20
20
23
24
12
16
21
22
23
17
18
20
21
18
17
18
12
12
11
10
10
7
9
10
8
7
5
2
3
5
5
4
3
4
3
5
3
0
2
-1
-1
-1
-4
0
0
-3
-2
-4
-3
-3
6
3
-6
-5
-5
-6
-9
-16
-10
-11
-9
-10
-17
-10
-10
-14
-14
-14
-14
-17
-15
-17
-19
-17
-18
-17
-14
-14
-16
-14
-15
-15
-11
-10
-15
-13
-12
-16
-15
-14
-16
-17
-19
-15
-19
-18
-19
-20
-23
-26
-27
-27
-31
-34
-33
-34
-33
-31
-36
-35
-35
-42
-44
-36
-34
-38
-36
-37
-34
-34
-32
-31
-30
-31
-32
-26
-26
-29
-29
-26
-30
-29
-27
-28
-28
-30
-27
-29
-28
-30
-30
-29
-31
-32
-35
-29
-28
-30
-30
-24
-26
-27
-24
-28
-25
-31
-30
-27
-24
-16
-17
-17
-17
-16
-16
-12
-13
-18
-18
-23
-23
-20
-24
-21
-16
-18
-22
-22
-18
-20
-18
-19
-21
-22
-19
-15
-17
-15
-17
-18
-16
-17
-18
-18
-21
-17
-15
-14
-13
-13
-12
-11
-11
-12
-11
-12
-13
-10
-17
-21
-16
-11
-13
-10
-6
-1
-4
-5
0
0
-7
-8
-5
-4
-4
-6
-3
-5
-5
-2
-5
-5
-3
-4
-3
-3
-6
-5
-4
-4
-6
-5
-5
-7
-8
-6
-5
-4
-3
-2
0
-2
2
-1
0
-1
1
7
6
7
6
10
10
12
14
14
14
11
11
8
12
18
13
16
16
6
7
7
7
6
5
11
9
12
12
8
11
8
10
10
11
11
10
12
12
13
14
12
13
13
14
16
15
18
23
17
16
15
15
15
17
15
17
18
21
26
18
13
13
11
11
9
14
20
3
7
17
12
12
15
18
16
15
15
16
19
15
19
17
14
17
16
14
18
17
13
13
11
12
12
13
12
11
11
14
12
13
11
5
7
5
6
5
5
7
3
4
0
-1
8
4
4
1
2
4
0
-4
-9
-5
-2
-2
-3
-7
-3
-4
-6
-3
-5
-7
-6
-9
-8
-8
-7
-6
-6
-4
-7
-10
-9
-7
-7
-7
-5
-6
-8
-5
-7
-4
-8
-8
-8
-9
-8
-10
-11
-13
-17
-11
-16
-17
-17
-18
-21
-26
-22
-12
-17
-19
-23
-27
-27
-26
-17
-23
-18
-15
-17
-17
-18
-12
-10
-15
-18
-20
-13
-15
-19
-17
-16
-18
-19
-15
-17
-18
-19
-20
-21
-21
-23
-25
-28
-28
-24
-28
-24
-24
-24
-24
-26
-26
-29
-28
-30
-28
-32
-31
-27
-27
-22
-21
-22
-18
-18
-20
-24
-19
-21
-26
-30
-31
-29
-29
-29
-25
-27
-26
-25
-25
-25
-26
-24
-27
-24
-22
-23
-24
-23
-25
-27
-23
-22
-19
-24
-25
-26
-23
-23
-20
-23
-22
-20
-19
-17
-22
-19
-21
-20
-24
-27
-25
-26
-18
-13
-17
-16
-19
-13
-9
-13
-14
-19
-15
-14
-14
-14
-15
-13
-16
-13
-13
-14
-12
-13
-11
-11
-15
-14
-11
-12
-12
-13
-14
-17
-17
-16
-16
-15
-15
-15
-15
-17
-15
-15
-17
-15
-13
-8
-12
-12
-11
-12
-6
-10
0
-3
-6
-3
-5
1
-7
-7
-1
-4
-2
-9
-13
-13
-11
-10
-13
-14
-10
-7
-12
-15
-13
-9
-11
-11
-8
-8
-10
-11
-9
-8
-6
-8
-11
-3
-6
-5
0
1
4
0
-6
-5
-4
-3
-2
0
0
-2
1
7
2
-1
1
-6
-9
-10
-8
-1
-9
-8
-5
-3
-2
-5
-1
2
1
-3
-1
2
0
0
3
2
4
1
5
4
-1
0
1
0
0
2
1
1
5
4
4
6
1
5
0
0
2
2
5
0
5
4
3
3
5
12
9
7
3
4
6
5
2
-1
6
2
5
2
1
7
3
1
2
3
-1
1
3
4
0
-1
1
1
0
6
6
6
8
6
8
6
5
5
3
8
6
6
3
4
4
4
7
3
3
-2
1
2
1
-2
-10
-5
0
-4
-3
-8
-7
-4
-6
-6
-13
2
6
1
6
8
8
8
5
8
9
6
7
7
7
8
11
10
7
8
8
11
9
8
10
9
9
7
7
4
4
1
1
5
5
6
8
5
5
5
1
5
4
0
0
3
5
9
7
11
12
11
17
8
9
13
8
6
10
10
9
10
10
9
9
10
12
13
12
13
10
9
11
11
12
12
12
13
11
13
11
11
11
10
15
15
17
17
14
16
15
18
19
17
12
12
13
10
13
16
17
17
22
22
23
26
28
20
17
20
19
20
18
18
18
18
22
21
19
21
21
20
19
20
20
17
20
20
18
16
17
19
17
16
19
18
20
19
18
18
18
18
16
20
22
21
20
23
23
29
24
23
18
21
23
24
23
24
28
29
33
26
21
18
17
18
22
17
18
20
22
22
20
19
19
22
24
22
26
27
27
25
24
24
23
25
28
28
30
34
35
35
34
32
30
28
27
26
29
29
29
32
31
37
39
32
28
23
25
24
29
30
19
27
30
26
27
29
35
33
29
30
32
33
32
30
29
30
25
23
26
27
25
25
25
22
24
23
19
22
22
22
21
20
19
17
14
14
17
14
14
16
14
13
10
13
14
13
14
14
14
10
7
8
3
2
6
1
3
0
-2
2
1
1
-1
-1
0
-3
-4
-5
-5
-5
-5
-2
-4
-1
-3
-6
-2
-3
2
0
2
1
-1
-3
-2
-3
-2
-3
-3
-2
-4
-4
-7
-7
-11
-7
-13
-19
-11
-12
-9
-15
-13
-12
-15
-16
-18
-23
-19
-9
-12
-12
-13
-11
-11
-9
-7
-9
-10
-12
-9
-7
-9
-11
-9
-8
-11
-8
-9
-9
-8
-11
-8
-11
-13
-13
-14
-16
-17
-14
-16
-16
-15
-10
-10
-10
-11
-10
-12
-14
-13
-16
-10
-12
-7
-5
-5
0
-3
-1
-3
-2
-1
-3
-5
-13
-9
-8
-8
-9
-6
-8
-7
-3
-5
-5
1
-1
-2
-5
-4
-1
2
5
-2
2
0
1
3
-2
-3
-1
1
4
6
4
3
2
7
9
9
7
10
1
-5
2
7
8
6
7
9
10
12
17
13
12
11
16
13
8
11
9
10
10
10
13
10
12
12
13
11
12
11
11
12
9
11
10
8
10
13
11
11
10
9
10
8
10
11
7
6
9
10
10
10
8
6
10
14
17
9
5
10
11
13
13
6
9
9
9
8
0
0
2
6
0
-2
-2
1
1
-1
-3
1
-1
-2
0
0
-1
-2
3
0
3
1
-4
1
2
7
8
6
8
7
4
3
0
2
2
0
0
4
4
2
8
2
-2
-4
-4
1
-1
1
-1
-11
-11
-4
-3
-5
-4
-3
-6
-2
-4
-4
-1
-5
-6
-9
-4
-7
-6
-8
-5
-8
-10
-10
-12
-11
-11
-10
-11
-11
-14
-9
-12
-9
-13
-18
-15
-15
-11
-15
-15
-14
-14
-14
-15
-12
-12
-12
-9
-12
-13
-19
-16
-18
-21
-15
-19
-18
-17
-17
-15
-18
-18
-15
-16
-17
-14
-15
-18
-17
-16
-15
-14
-9
-11
-17
-13
-7
-10
-10
-7
-10
-9
-11
-10
-11
-12
-8
-7
-10
-8
-6
-8
-11
-13
-11
-21
-17
-14
-13
-20
-22
-15
-19
-23
-20
-23
-27
-32
-24
-10
-23
-18
-18
-16
-15
-15
-12
-11
-13
-16
-13
-8
-12
-13
-10
-12
-14
-14
-9
-11
-12
-14
-12
-11
-13
-16
-15
-15
-17
-19
-16
-14
-15
-11
-12
-9
-13
-12
-10
-13
-12
-11
-10
-10
-7
-1
-4
0
1
3
2
1
4
3
-3
-3
1
-2
-2
3
3
-1
3
0
4
2
6
6
3
7
4
3
8
6
8
6
8
9
5
6
2
7
8
11
13
10
12
7
12
13
8
12
9
13
9
8
11
15
18
13
15
20
17
15
17
20
16
16
18
13
16
17
17
16
16
17
17
14
17
19
14
18
14
16
18
15
15
12
9
12
11
13
11
12
11
12
11
10
11
10
15
12
12
12
11
15
15
20
18
16
15
18
21
20
15
14
19
22
21
18
20
11
9
14
13
12
10
10
14
16
10
9
11
14
12
13
13
10
13
14
16
15
13
13
15
19
21
23
21
22
24
18
20
19
17
19
20
22
24
28
26
27
24
23
24
19
19
15
20
17
11
20
25
22
20
25
25
22
24
22
23
27
25
23
23
21
21
20
25
24
20
19
19
20
21
22
16
18
18
19
21
22
20
17
15
18
19
16
15
16
18
13
15
15
15
19
19
20
17
16
17
15
9
13
12
10
13
10
8
12
13
10
11
13
8
9
8
7
3
5
5
5
5
8
4
6
8
6
6
7
7
6
5
2
6
5
4
5
5
2
2
-1
-2
-5
-5
-2
-8
-7
-8
-8
-7
-13
-9
-12
-7
-10
-13
-19
-20
-8
-10
-3
-4
-3
-1
-2
-4
-1
-6
-8
-6
-2
-5
-7
0
-5
-10
-7
-4
-6
-7
-9
-9
-10
-11
-13
-12
-8
-9
-11
-11
-11
-11
-9
-8
-11
-10
-12
-12
-11
-13
-11
-8
-9
-6
-2
0
3
1
-1
-2
1
0
-3
-7
-10
-6
-4
-8
-7
-8
-6
0
-2
-3
-1
-2
-2
-4
-4
-2
2
2
-5
-4
-3
-2
0
0
-3
-4
-1
1
1
2
0
0
1
2
2
2
0
-3
-9
-2
2
-6
2
5
7
7
2
7
6
5
9
0
2
1
2
0
-2
-1
-1
4
-1
1
2
0
3
1
2
0
0
0
-2
0
2
0
-1
2
2
0
1
1
1
2
2
2
6
1
7
6
6
5
3
13
9
10
12
13
15
11
10
12
13
4
11
15
17
13
6
5
6
7
2
2
2
9
8
5
5
9
10
2
8
7
6
10
10
8
5
6
5
7
11
9
7
12
11
10
7
5
6
5
6
4
7
4
3
11
9
4
2
-5
-4
-2
-5
3
-4
-16
-10
-1
-5
-6
-5
-4
-4
-5
-6
-4
-5
-6
-6
-5
-8
-5
-5
-3
-2
-5
-7
-7
-6
-4
-6
-4
-3
-8
-5
-3
-5
-5
-8
-10
-6
-5
-6
-7
-7
-6
-4
-5
-4
2
5
5
-1
-2
1
2
0
-6
-4
0
-3
0
-2
1
3
1
0
1
1
0
2
2
-2
1
2
2
5
3
5
3
6
8
8
9
7
7
8
9
11
7
11
11
8
9
6
9
9
6
6
4
7
0
-2
5
5
7
0
3
2
-5
3
4
-4
6
10
1
7
11
9
9
8
9
11
8
5
11
10
8
4
8
8
5
8
8
8
5
2
5
4
2
2
1
2
3
0
2
3
4
5
6
6
5
3
2
3
1
4
5
5
9
11
9
13
12
10
6
5
11
7
0
0
0
0
-1
1
-1
2
0
1
0
2
1
-1
-2
-3
-1
-3
1
-3
-4
-4
-7
-7
-5
-7
-8
-7
-6
-4
-6
-6
-8
-9
-5
-7
-9
-9
-14
-11
-12
-13
-17
-13
-11
-12
-6
-9
-8
-10
-7
-8
-15
-16
-13
-16
-17
-17
-15
-14
-12
-14
-13
-12
-12
-9
-11
-11
-12
-10
-10
-11
-15
-15
-13
-13
-15
-15
-12
-13
-11
-8
-10
-7
-7
-7
-8
-7
-2
-6
-8
-7
1
2
0
4
1
3
2
1
4
8
4
6
7
9
5
2
3
-1
3
-4
-1
-5
1
4
-4
-4
0
0
-3
0
2
-1
-2
0
-2
0
-2
0
4
3
7
4
6
7
5
4
3
3
4
5
3
4
4
7
10
12
4
2
6
3
1
3
11
-3
1
6
5
4
10
11
8
12
11
5
9
8
7
8
8
9
9
12
13
12
13
12
11
12
16
15
14
13
11
17
18
16
12
13
13
11
12
10
10
13
13
10
9
11
15
11
15
16
16
12
13
9
6
8
6
8
7
6
5
6
6
6
7
5
5
5
4
6
3
4
2
2
8
1
-1
2
2
5
4
3
2
2
-1
1
2
2
0
-3
1
-1
-1
0
-7
-6
-7
-11
-8
-8
-9
-13
-10
-6
-10
-4
-11
-14
-9
-23
-16
-9
-9
-11
-11
-7
-5
-1
-6
-2
-5
-10
-4
-3
-7
-6
-7
-7
-9
-9
-6
-9
-8
-9
-8
-10
-12
-11
-13
-12
-13
-14
-15
-13
-11
-9
-12
-11
-16
-14
-17
-18
-18
-18
-13
-15
-10
-8
-9
-6
-10
-14
-8
-6
-11
-11
-14
-16
-16
-18
-18
-12
-16
-13
-14
-15
-12
-15
-11
-8
-15
-12
-11
-12
-9
-7
-8
-10
-6
-8
-9
-9
-13
-10
-9
-7
-10
-7
-7
-12
-7
-7
-6
-3
-6
-9
-9
-4
-6
-8
-2
1
5
5
2
3
7
2
2
3
5
5
3
6
6
9
11
10
7
6
11
9
6
9
8
11
11
10
9
7
9
7
10
11
10
8
10
9
8
7
6
8
6
8
12
12
8
10
9
14
18
16
15
13
15
12
10
12
17
20
14
16
9
4
2
0
3
3
3
4
3
5
2
0
5
5
2
4
5
4
5
5
4
5
6
8
12
12
11
15
16
18
16
13
15
12
14
14
14
16
16
18
23
23
19
18
18
13
10
12
22
15
7
21
23
18
19
24
26
24
24
22
26
24
20
22
23
22
21
22
25
23
25
24
22
24
26
29
28
26
27
28
29
