-3
-2
0
0
3
3
4
-1
-2
1
-5
-4
-2
-7
-7
-6
-6
-4
-4
-1
-3
-5
-4
1
-4
-9
-4
-5
-4
-6
-7
0
-5
-6
-5
-6
-5
-1
2
5
8
4
6
7
9
8
7
8
1
1
5
5
9
1
4
6
-2
1
1
-2
-2
-4
0
-5
-10
-5
-6
-4
-9
-10
0
2
2
1
5
6
4
1
-2
-1
-4
-6
-5
-6
-3
-4
-5
-4
-7
0
0
2
3
0
1
2
-1
-1
-5
-6
-3
3
2
0
5
9
6
7
6
-4
-2
4
1
-3
-2
-4
1
-1
2
10
9
11
11
10
11
7
3
1
3
2
-1
6
3
-1
3
-1
0
-1
0
3
-1
6
7
2
7
2
-1
-1
-7
-6
-4
-10
-5
-7
-5
-1
-3
4
7
-2
-4
-2
-5
-4
-10
-15
-14
-13
-15
-16
-14
-9
-4
-2
-7
-7
-3
-6
-5
-5
-5
-8
-6
-4
-7
-4
-3
6
12
6
4
4
6
5
11
13
10
11
11
12
8
10
10
14
7
7
12
5
2
5
6
7
9
6
5
8
8
4
4
5
5
1
-1
2
-2
1
0
-1
-3
0
6
-1
3
3
2
-2
-6
-10
-13
-11
-11
-7
-6
-6
-7
-10
-6
-7
-10
-8
-8
-11
-11
-7
-8
-11
-9
-7
-3
-1
-2
-3
-2
-1
-2
1
0
1
2
5
2
-2
3
5
1
-3
-1
0
3
8
5
4
10
4
9
11
5
7
3
6
3
2
7
8
8
2
6
5
-1
0
4
3
3
1
-1
0
1
0
3
3
-1
-4
-5
-8
-7
0
4
2
8
8
10
12
5
1
-8
-9
-7
-9
-6
-5
-8
-8
-7
-4
-1
-6
-6
-2
4
4
4
5
3
3
-4
-6
-10
-13
-10
-8
-7
-10
-3
3
3
0
-2
4
6
5
-1
-1
1
-6
-4
2
-1
-1
0
3
8
11
9
5
5
6
1
-1
-1
-6
-3
-4
-4
-2
-5
-2
2
1
2
1
1
2
3
5
4
6
6
6
9
4
-2
-2
-1
-3
-3
0
0
0
1
-1
-4
3
1
0
-3
-1
1
-2
1
-3
-2
1
1
3
0
2
3
1
4
1
-5
-1
-2
-5
-4
-1
-3
-2
8
7
4
10
12
5
4
0
-6
-10
-9
-9
-11
-8
-7
-3
3
5
4
6
-1
-2
2
-5
-4
-1
-4
-1
0
-1
-1
-4
-5
-4
-7
-4
-1
-7
-4
-2
1
4
-2
-3
-6
-2
0
0
1
1
10
9
8
11
7
7
8
7
6
5
2
7
6
4
1
0
3
2
2
1
1
2
5
6
5
1
-3
-4
-1
-1
-7
-8
1
1
0
3
0
-1
1
3
-2
-1
-3
-6
-1
-4
-4
-4
-6
-4
-4
-4
-6
-2
3
1
3
-1
-1
0
-2
-4
-1
0
-1
1
-2
-3
-3
-5
-6
-5
-1
2
3
2
2
0
1
-1
-7
-1
0
-3
-1
-6
-1
1
-2
1
0
6
7
6
8
11
7
5
8
6
7
9
10
8
9
1
-2
0
-10
-10
-9
-11
-10
-6
-1
-1
1
0
2
2
-6
-6
-5
-1
1
-2
5
3
-2
-1
2
5
1
3
1
4
6
7
6
1
-2
1
4
-3
-2
2
5
8
5
4
8
7
6
6
-1
0
-3
-3
-4
-5
-6
-4
-2
-6
-6
-7
-6
-10
-11
-3
-10
-12
-6
-6
-5
-4
0
-2
-2
1
-3
0
2
2
1
-1
-1
-1
3
0
-2
1
-1
-1
-2
1
6
5
8
8
8
11
13
12
5
5
1
-6
-9
-4
-3
-9
-6
-4
-9
-1
4
2
5
2
6
3
2
4
2
-1
-2
0
4
1
4
6
1
3
0
1
13
8
0
3
-3
-3
-1
-2
0
-6
1
-1
-4
-1
-5
1
-6
-4
2
-4
-4
-7
-8
-8
-5
-3
-2
-4
-1
2
-4
-4
-1
-2
-6
-6
0
5
0
-1
4
1
1
0
3
-3
-6
-2
3
8
7
9
7
5
8
6
0
-1
1
-1
2
4
2
9
4
2
3
-2
8
8
4
7
1
4
2
-7
-10
-9
-8
-1
1
0
1
1
3
3
0
0
-1
-4
-7
-11
-11
-10
-15
-14
-11
-12
-9
-8
-2
-2
-1
3
-2
6
8
4
1
-1
-5
-5
0
0
-1
0
5
5
4
5
10
16
12
11
4
3
6
2
2
-2
-1
2
-2
8
14
12
14
5
5
3
-3
5
1
-5
-2
-6
-6
-5
-5
-5
-3
-4
-9
-5
1
5
1
-2
-6
-5
-5
-11
-8
-2
1
-3
-2
-1
0
3
3
0
1
-3
-7
1
1
1
3
1
2
1
1
-4
-5
-1
-5
-4
-3
-2
0
1
-2
-3
-7
-6
-2
-2
-1
-4
-1
2
4
7
4
8
5
3
5
3
10
5
3
12
6
2
3
5
9
8
6
7
5
-3
-3
-2
2
0
-1
1
0
-2
-2
5
-1
-4
-2
-5
-9
-8
-2
-5
0
-3
-11
-7
-8
-6
-3
-9
-8
-8
-7
-2
-3
-1
2
3
-1
0
5
8
12
10
4
8
7
3
6
-4
-2
1
-1
-3
-5
1
-1
-6
-7
-5
-4
-9
-4
-6
-7
3
2
0
0
-2
3
-1
4
3
4
6
8
15
16
13
11
10
1
1
3
-3
-2
0
-4
-4
-4
-5
-1
1
-4
-2
0
3
10
7
5
5
-2
-5
-9
-11
-6
-9
-9
-2
1
1
3
3
-5
-6
-1
1
-3
-5
-2
-1
-1
-5
-8
-7
-4
1
1
-1
-1
2
3
4
-2
-3
-1
1
1
0
0
-3
-5
-5
-4
3
-1
-4
-3
2
9
6
5
11
6
6
7
3
4
0
-1
-3
-3
2
3
6
5
2
1
0
3
-2
-2
-2
-3
0
1
-3
3
6
6
3
-1
2
-2
-4
-4
-5
-10
-15
-11
-12
-7
-2
-2
-3
2
10
7
7
12
4
-2
1
-6
-6
-6
-7
-3
-1
2
3
6
10
12
7
5
6
5
7
7
2
3
1
2
2
-2
-2
-3
-3
-4
-2
-2
2
-3
-7
2
0
-5
-5
-6
-9
-8
-3
-4
-3
1
1
4
2
-1
-3
-2
2
4
0
-1
-2
-3
-2
1
5
0
2
4
0
1
2
3
6
1
-3
0
2
-1
-4
-3
-3
-1
-3
0
6
1
-4
-3
0
-3
-3
-7
-9
-6
-6
-8
-5
3
2
-1
5
4
5
4
2
-2
-2
4
2
6
5
5
5
5
6
6
11
11
6
4
1
2
3
2
2
1
0
0
-1
-1
-7
-9
-9
-10
-9
-7
-4
-1
2
0
2
5
6
3
-5
-3
1
0
0
3
4
7
7
6
-1
-3
1
-1
-4
-8
-3
-4
-2
-2
-1
0
-3
-1
-3
-2
1
-5
-5
1
4
6
4
3
-1
-1
0
-4
-3
0
-1
-7
-2
2
1
5
1
-1
6
0
2
1
-2
0
-2
2
0
-1
-4
-4
-5
-2
-1
2
-2
-6
0
-4
-4
-3
-5
0
1
0
-1
-11
-10
-9
-7
-1
-3
-1
2
9
10
13
13
7
8
8
3
1
5
6
-1
-4
-1
-2
-3
2
7
3
1
2
4
6
9
6
3
9
7
7
1
0
0
-6
-6
-2
3
0
3
6
3
2
4
3
1
1
2
-1
-8
-5
-6
-10
-4
0
2
2
1
-2
-1
-4
-6
-7
-10
-4
-5
-9
-7
-9
-6
-6
-9
-8
-9
-6
-8
-9
-1
-3
-2
-1
1
0
4
11
-2
-2
6
6
3
-1
3
2
1
7
8
4
5
3
5
4
2
6
4
10
8
6
5
-2
4
5
4
-1
-9
-1
0
-1
-1
-8
-5
-5
-6
-4
-4
-1
4
7
6
4
7
6
6
1
-2
3
1
0
1
0
4
7
7
4
-1
1
-3
-3
3
-2
-5
0
0
0
0
-3
-2
-6
-5
-1
-1
1
-2
-6
-3
-6
-5
1
-1
-6
-5
-3
-3
-6
-7
-1
-3
0
-2
-7
-2
-2
-4
-4
-8
-3
7
0
-3
-1
-1
2
5
9
5
7
9
6
3
4
7
-1
0
7
1
2
5
4
3
0
-1
2
2
1
2
-1
-4
-3
-4
-9
-9
-9
-5
-6
-1
3
5
11
7
4
3
4
3
-4
-1
-2
0
5
-1
1
5
6
4
0
2
-5
-5
-6
-2
0
-8
-4
-6
-7
-2
-1
-5
-4
-6
-8
-5
-1
0
0
0
4
6
5
2
2
7
6
5
2
-2
5
-1
0
2
2
6
1
4
4
3
3
4
1
4
6
2
5
2
2
-3
-4
0
-3
-3
2
5
-2
-3
-2
-4
-8
-6
-4
-2
0
-6
-5
-3
-7
-7
-4
-2
-6
-4
-2
-1
0
3
1
2
1
-2
2
0
-4
1
-1
-6
-4
-2
2
7
5
2
4
5
0
-7
-3
1
-1
0
1
-4
-2
7
6
7
10
7
9
12
13
7
-1
1
-1
-5
-5
-8
-6
-8
-3
6
6
3
4
7
6
3
4
9
7
-1
2
-2
-6
-4
-3
-6
-7
-4
-4
-4
-6
-4
-3
2
1
-4
1
3
2
0
-6
-8
-6
-3
-4
-6
-3
-2
5
6
7
3
-2
-6
-8
-5
-3
-6
-5
-4
-8
-8
-5
-3
-1
0
4
0
0
7
8
15
13
11
13
9
8
4
1
3
-5
-2
4
1
7
6
2
4
3
3
0
-3
0
-1
-1
-1
-7
-9
-10
-2
-3
-7
1
-1
3
2
1
-1
-2
-3
-9
-6
-1
-4
4
3
4
8
4
5
1
-1
-3
-4
-3
-9
-2
1
-7
-4
5
7
4
0
-1
2
4
5
3
2
4
1
-5
0
2
0
0
-7
-6
-1
-2
-2
-4
-5
-4
-1
-2
-1
2
-5
-3
-5
-7
-3
0
2
-2
6
5
-3
1
3
1
-2
-1
3
4
7
5
0
2
6
6
5
6
5
11
9
0
-2
0
4
-2
-4
0
-2
-4
-8
-3
-3
-1
1
0
1
4
0
-3
-3
-4
-4
-6
-4
-4
-8
-3
2
2
-2
-3
-1
-2
-1
3
3
3
1
3
5
5
3
0
1
1
2
1
4
4
-2
0
-4
-5
4
-3
-3
1
-5
-2
0
-1
-4
-3
-2
-8
-12
-5
-3
-6
1
3
5
7
7
5
2
5
4
4
2
1
2
3
3
-1
4
4
-3
-7
-2
2
-1
1
1
5
6
6
4
3
2
0
7
0
-6
-4
-3
-1
-3
0
2
1
0
-2
-3
-2
-4
-9
-11
-13
-12
-3
-3
0
8
8
8
8
10
5
4
7
-1
-1
-3
-3
0
-5
-4
-1
3
1
1
0
-2
-2
-7
-6
-1
-7
-8
-10
-10
-5
-4
-2
2
7
7
7
10
2
1
4
5
1
-3
-1
-3
-3
-1
1
-3
-3
6
6
5
4
8
2
0
4
-1
1
-2
-1
3
1
3
-1
-4
-5
-5
2
6
5
6
6
7
4
5
5
0
-2
-6
-6
-10
-9
2
2
3
5
-3
1
6
5
6
1
-5
-6
-2
-1
-3
-7
-7
-7
-6
-7
-1
6
6
5
5
2
4
1
-8
-5
-6
-11
-13
-7
-4
-6
1
4
8
12
9
6
5
2
-4
-2
-4
-2
0
-5
0
2
-7
-1
0
1
6
5
10
6
7
6
1
8
2
-2
-1
-1
0
-6
-5
-3
-4
-6
-8
0
3
4
3
1
0
-3
2
2
-4
-3
-3
0
-1
-3
-6
-1
0
0
4
2
2
0
0
-2
2
4
1
5
1
2
6
-3
4
3
1
8
5
6
3
2
2
-1
-4
-5
-2
-1
1
-2
-3
-2
-4
-6
-4
-6
-1
-2
-4
-6
-4
-1
-5
4
-2
5
7
3
11
2
-2
-2
-3
-4
-3
-3
-3
-5
-7
-4
-1
3
9
7
1
4
1
2
3
-1
-2
-1
-1
-3
-2
-1
-2
3
3
4
9
10
7
8
10
11
13
9
4
2
1
-2
-4
-5
-5
-6
-5
-10
-12
-7
-9
-5
-7
-8
-4
-3
-2
-4
-9
-12
-8
-5
-9
-14
-7
-4
-2
-2
-2
7
9
6
8
8
4
4
2
-2
0
2
2
11
10
5
7
5
5
1
-2
-4
-3
6
8
5
0
2
5
3
2
-2
-3
-4
-4
-5
-4
0
4
6
5
2
8
5
-3
-2
2
3
0
1
0
-4
5
4
2
4
1
6
5
4
1
-1
1
-1
-6
-1
-2
-4
2
-3
-3
-5
-7
-4
-7
-11
-6
-3
-8
-7
-7
-3
1
-5
-6
-10
-5
-1
-3
6
5
0
2
-1
4
-3
-4
1
-5
-7
-11
-14
-10
-7
-6
0
-2
-4
3
4
9
13
12
11
10
9
3
3
0
-2
-3
-5
1
2
4
6
7
4
6
7
1
1
9
9
1
4
5
0
4
3
7
14
12
12
10
7
5
6
6
6
0
-1
-5
-7
-11
-13
0
1
-9
-12
-10
-10
-10
-3
-3
-10
-6
-4
-10
-9
-8
-2
-8
-11
-3
-7
-8
-7
0
3
-1
-1
-3
2
4
4
3
3
0
-1
-1
0
1
5
7
2
6
5
1
-4
-5
-2
-5
-11
-13
-5
-1
-1
4
4
9
11
5
7
7
9
10
4
4
-2
-3
0
0
-2
-4
7
3
2
9
8
7
2
-4
-4
-6
-2
-1
-4
5
2
-1
-6
-9
-10
-8
2
-2
1
5
5
-1
1
1
-1
-1
-9
-4
-11
-8
5
1
1
8
9
9
11
6
3
4
4
-4
-2
-3
-7
-2
-2
-1
-1
2
5
1
3
5
5
6
2
-6
-9
-9
-9
-9
-5
-3
-6
-5
-2
-4
-5
-6
-10
-8
-5
-3
4
-3
-5
2
-2
-2
9
6
6
8
2
2
0
0
2
2
3
5
8
5
1
9
6
0
5
5
3
2
-3
-5
-2
0
-1
-1
-2
0
-3
-2
0
-1
-2
-5
-5
-4
-6
-6
1
3
4
6
10
5
2
-1
0
3
0
1
8
6
3
9
5
2
2
0
-2
-9
-9
-5
-5
-3
-8
-6
-5
-7
-3
-2
1
3
-5
-6
-4
-4
6
7
2
4
-1
-1
-4
-4
-6
-2
-4
-8
-6
-7
1
5
3
3
6
7
4
1
6
4
4
10
9
-2
-5
-1
0
3
6
5
5
5
5
2
-1
3
3
3
-1
-6
-6
-6
-2
-1
0
0
-3
-3
-1
6
5
5
5
-1
-1
1
-2
-3
-5
-3
-3
-12
-14
-15
-7
7
2
-1
-4
-1
1
1
8
11
4
1
1
3
3
3
2
2
7
5
2
3
7
8
4
5
5
1
-1
0
-2
-3
-5
-11
-12
-10
-6
-3
-6
-6
-5
-10
-10
-10
-7
-5
-6
-2
-10
-5
-7
-12
0
2
0
-1
-1
-3
-1
2
8
7
6
12
8
7
10
9
10
7
5
2
2
7
9
13
13
12
9
1
2
4
1
-1
-2
-6
-3
-1
3
4
3
5
7
3
-11
-5
-3
-3
-4
-9
-7
-7
-6
-3
-2
3
0
-4
-3
-3
3
-3
-4
-4
-5
0
-3
-7
-3
-3
-2
-1
2
2
-3
-2
3
0
3
2
-1
0
-2
-6
-5
2
-5
-5
-2
-2
1
4
11
5
0
5
-2
-5
4
5
2
-4
-8
-5
-3
-3
1
0
-5
-3
-4
0
3
2
5
-5
-3
-4
-4
5
5
2
1
2
2
6
10
7
9
9
6
0
-1
-2
-3
-1
-3
-1
1
-4
-1
3
3
3
4
6
4
2
3
1
-6
2
2
-3
3
-1
1
-1
-4
5
5
4
1
-3
0
0
5
4
4
5
-2
1
5
-6
-3
-4
-2
-1
-6
-2
-2
-7
-9
-9
-10
-5
-7
-7
-7
-12
-8
-8
-13
-11
-10
-8
-4
-8
-10
-4
-3
3
5
7
7
6
13
11
6
15
12
5
2
5
7
3
5
8
9
6
11
7
4
7
-4
-2
1
-6
-6
-3
-5
-4
-3
-2
-2
-4
-3
-2
2
3
-2
4
3
-1
1
4
5
7
7
3
8
9
4
12
8
3
4
2
-4
-5
-6
-9
-10
-5
0
-7
-5
-1
0
1
-9
-10
-11
-17
-14
-10
-10
-10
-10
-10
-11
-11
-3
1
-6
1
0
1
8
5
10
9
6
4
2
0
-7
-2
-3
-1
3
2
4
5
11
12
14
18
12
14
10
6
10
2
1
2
-3
-2
-1
-1
-2
2
2
-1
0
0
2
1
4
6
0
-6
-6
-7
-5
-4
-4
-3
2
6
8
10
6
-1
1
0
-8
-4
-5
-12
-8
-10
-9
-5
-8
-5
-5
-3
-2
-5
-5
-8
-7
-4
-1
-1
-1
3
4
3
4
1
-5
2
2
1
5
-1
-3
1
1
3
2
1
-3
-9
-6
-4
-3
6
9
8
13
10
4
6
2
-4
-2
-4
-8
-1
1
-3
4
10
9
9
10
14
17
12
3
0
-2
-4
-4
-6
-5
-6
-3
-1
-1
-1
-1
1
0
-4
-4
-4
-2
4
4
-5
-3
1
-6
-5
-2
-5
-7
-7
-6
-7
-2
-1
3
4
-4
-5
-4
-7
-2
1
3
5
0
1
2
2
6
1
4
4
0
4
5
2
5
4
9
11
1
1
1
0
-1
6
8
5
6
2
0
-1
-5
-5
-3
-8
-7
-8
-15
-6
-7
-6
-6
-8
-6
-11
-7
-8
-9
-8
-9
-7
-2
3
6
6
7
8
1
4
8
4
4
-1
2
8
7
5
1
4
4
2
5
7
9
4
3
9
3
-2
-1
-4
0
0
-7
-2
-4
-7
-7
-5
1
3
3
5
4
3
5
5
1
6
7
8
6
0
1
1
4
9
7
-1
-3
-3
-2
-6
-13
-9
-8
-7
-3
-2
-2
-4
-8
-4
-2
-3
-4
0
6
0
0
1
2
3
7
10
4
4
-1
-11
-5
-4
-9
-2
1
-3
-4
-5
-1
1
1
1
4
3
-2
-4
-4
-7
-10
-14
-11
-8
-3
-6
-3
0
0
1
0
-2
3
2
-2
-1
-3
0
2
5
4
8
11
8
12
10
8
11
13
10
13
14
8
10
6
5
2
-4
-5
-6
-6
-6
1
4
10
5
-1
3
3
-3
-5
-7
-8
-8
-8
-6
-3
-7
-10
-5
-2
0
1
0
0
-3
-7
-2
4
5
1
-1
-3
-4
-4
-2
6
1
-8
-3
-3
2
3
-2
-1
-5
-3
2
7
10
8
1
2
8
7
7
6
11
9
4
3
-1
4
0
2
-2
-7
-10
-19
-16
-11
-8
-10
-9
-6
-10
-6
-3
-8
-15
-14
-14
-12
-6
-5
-3
0
7
14
15
15
15
7
13
21
19
12
3
3
3
5
3
1
2
-6
-5
-4
-2
2
2
-3
-1
2
-1
-2
-10
-11
-10
-1
-6
-6
5
-2
7
12
9
6
5
6
3
10
8
11
12
9
9
4
6
3
2
0
-1
4
1
-1
1
6
5
-1
0
-5
-9
-13
-8
-5
-11
-12
-7
-2
-3
-6
-2
4
-2
-3
2
5
6
1
2
6
8
7
6
1
0
3
3
1
-5
-9
-12
-16
-16
-18
-19
-25
-27
-23
-23
-19
-18
-18
-15
-15
-12
-6
-6
-9
-12
-8
1
-1
3
5
6
8
10
20
17
13
14
19
20
21
16
15
21
18
19
13
10
15
16
15
15
17
13
17
24
24
26
21
15
15
12
11
11
7
1
-2
-9
-7
-4
-8
-10
-9
-7
-8
-9
-12
-15
-15
-14
-17
-17
-16
-18
-20
-19
-15
-16
-26
-25
-18
-22
-16
-11
-6
3
1
-1
2
5
10
8
2
2
8
13
16
16
14
9
5
9
6
-3
-8
-8
-13
-15
-9
-12
-15
-14
-14
-11
-12
-7
-5
-15
-12
-5
-9
-14
-22
-20
-14
-15
-11
-14
-14
-10
-3
3
-2
3
2
11
23
26
28
24
25
27
32
37
33
28
34
32
28
44
39
39
45
40
41
42
31
21
19
5
-2
-10
-20
-24
-23
-22
-21
-18
-21
-18
-10
-13
-15
-10
-16
-15
-17
-22
-20
-25
-26
-25
-25
-19
-16
-18
-16
-14
-16
-12
-8
-13
-15
-15
-11
-6
-7
-9
-2
-5
-3
-3
-3
1
-3
-1
5
8
10
9
8
5
9
7
6
9
2
-2
2
-3
-4
-3
-7
-5
-6
-4
1
-1
-4
-4
-4
-5
-7
-8
-11
-13
-17
-20
-4
-4
-2
6
12
20
31
41
35
32
38
36
31
34
33
31
28
28
28
25
25
25
19
15
12
-2
-3
-2
-8
-12
-12
-18
-22
-21
-23
-22
-24
-22
-22
-23
-22
-23
-14
-11
-13
-10
-6
-4
3
7
4
4
0
-3
-4
-14
-16
-13
-16
-14
-13
-8
-12
-13
-12
-16
-18
-18
-19
-22
-22
-20
-14
-9
-5
-3
-3
2
9
18
17
16
24
31
39
43
41
39
40
39
40
34
32
29
27
21
13
10
2
-3
-12
-21
-29
-33
-38
-46
-47
-48
-50
-57
-61
-62
-54
-44
-38
-35
-24
-15
-6
9
16
26
27
36
54
58
61
61
62
64
70
70
67
60
56
49
41
38
27
13
1
-6
-20
-26
-32
-48
-56
-65
-64
-68
-72
-69
-68
-60
-53
-50
-45
-39
-29
-18
-10
-3
6
12
17
22
27
30
31
32
35
43
48
48
42
39
40
33
28
16
10
5
-7
-7
-6
-13
-18
-25
-19
-20
-19
-14
-16
-12
-10
-13
-8
1
2
1
9
16
20
19
17
23
26
21
25
25
19
21
17
12
12
9
1
-4
-14
-19
-23
-32
-40
-48
-59
-64
-62
-61
-65
-64
-57
-56
-47
-42
-38
-32
-21
-6
-3
6
16
19
32
48
55
57
60
62
68
73
76
77
68
63
60
51
42
31
29
14
-5
-2
-12
-21
-27
-34
-36
-41
-40
-48
-54
-54
-46
-44
-45
-40
-41
-33
-28
-17
-5
4
7
14
20
23
37
48
44
41
39
41
42
31
32
27
19
19
13
7
-1
-3
-2
-7
-11
-21
-25
-31
-31
-36
-37
-32
-31
-27
-18
-9
-2
-1
1
12
17
24
34
31
31
32
35
40
34
25
24
17
9
9
2
-5
-8
-23
-26
-37
-49
-57
-69
-76
-81
-85
-92
-88
-86
-90
-81
-69
-57
-51
-44
-24
-12
-2
11
23
42
55
59
68
81
91
96
101
109
115
115
110
100
95
84
78
68
52
40
22
12
6
-8
-27
-44
-50
-54
-61
-57
-62
-63
-61
-64
-58
-64
-59
-52
-53
-36
-32
-24
-7
-5
0
6
12
23
30
29
29
33
36
27
23
23
18
20
13
10
6
-6
-8
-14
-15
-15
-16
-26
-33
-29
-26
-26
-29
-22
-20
-15
-7
-5
2
15
23
26
37
38
37
41
43
44
39
35
28
26
29
22
20
16
14
5
-7
-13
-24
-36
-48
-57
-67
-73
-74
-78
-82
-77
-70
-73
-67
-64
-51
-39
-40
-25
-12
2
10
22
39
42
52
58
72
80
79
80
80
88
81
80
81
87
78
64
65
54
41
26
10
-1
-16
-26
-36
-49
-59
-67
-69
-73
-72
-65
-73
-66
-56
-59
-55
-47
-38
-33
-29
-18
-13
-3
1
7
18
23
25
30
35
34
39
38
38
38
36
38
30
24
21
17
12
-1
-4
-2
-13
-14
-15
-14
-14
-18
-16
-13
-9
-7
0
5
12
13
12
24
24
27
39
44
39
39
42
42
41
39
32
28
27
17
13
1
-10
-16
-31
-38
-52
-65
-78
-91
-99
-120
-130
-132
-140
-137
-140
-146
-127
-120
-110
-97
-82
-57
-37
-4
17
39
66
87
108
123
141
157
178
193
199
204
224
221
212
203
180
170
145
110
77
49
19
-17
-54
-85
-113
-132
-154
-172
-178
-179
-175
-177
-166
-151
-144
-123
-109
-97
-73
-54
-33
-2
28
57
83
108
133
158
176
189
204
202
201
207
191
170
154
135
105
74
57
35
9
-6
-19
-38
-43
-54
-70
-72
-84
-84
-73
-67
-61
-45
-21
-12
7
33
48
65
83
88
95
110
115
105
106
102
87
70
39
12
-25
-72
-128
-177
-215
-277
-349
-397
-435
-481
-524
-563
-598
-613
-628
-623
-596
-569
-529
-481
-416
-331
-255
-180
-104
-12
82
159
246
335
416
498
565
635
708
758
788
794
810
828
800
748
686
638
577
472
372
287
194
86
-18
-103
-177
-253
-325
-379
-405
-430
-459
-470
-451
-421
-399
-373
-328
-271
-224
-180
-119
-53
9
60
113
186
243
282
315
344
361
350
332
313
281
250
202
153
112
63
15
-33
-72
-110
-152
-182
-196
-208
-215
-209
-195
-177
-167
-150
-132
-109
-78
-69
-47
-12
6
29
42
49
60
47
41
29
13
6
-13
-26
-32
-50
-60
-87
-112
-136
-180
-214
-253
-295
-320
-355
-384
-400
-423
-434
-440
-442
-425
-406
-368
-312
-260
-192
-120
-47
27
102
173
245
321
386
444
503
554
588
621
645
653
655
642
632
607
568
530
475
407
335
247
159
63
-36
-117
-198
-269
-324
-368
-403
-424
-428
-420
-408
-389
-358
-313
-266
-222
-176
-123
-68
-28
10
56
101
136
166
201
236
265
284
301
315
309
301
278
248
219
168
112
54
-8
-60
-111
-157
-203
-239
-263
-280
-287
-288
-279
-269
-246
-214
-180
-150
-123
-85
-43
-6
39
78
109
142
166
187
209
216
211
207
199
178
139
105
65
9
-67
-147
-215
-292
-377
-461
-539
-603
-660
-713
-741
-756
-758
-741
-718
-665
-597
-526
-439
-342
-226
-114
-6
108
233
351
444
546
655
759
835
893
966
1029
1055
1059
1057
1052
1028
960
879
792
701
578
439
304
163
15
-129
-249
-350
-460
-560
-641
-699
-732
-752
-757
-749
-736
-709
-658
-582
-498
-424
-351
-260
-155
-53
48
149
233
298
355
413
463
486
487
472
449
420
379
331
274
201
119
52
-8
-62
-114
-176
-227
-256
-280
-300
-306
-308
-299
-286
-262
-230
-194
-151
-104
-65
-20
40
104
142
166
207
247
271
267
256
261
256
218
164
124
86
21
-63
-144
-199
-267
-374
-476
-543
-597
-678
-768
-811
-814
-839
-869
-855
-791
-709
-655
-590
-472
-325
-199
-97
36
200
352
461
561
686
820
912
961
1025
1094
1130
1120
1093
1080
1054
983
877
778
695
569
412
273
154
26
-133
-279
-377
-470
-581
-681
-733
-752
-786
-820
-809
-749
-699
-661
-598
-499
-395
-309
-218
-100
17
104
182
283
371
431
473
516
560
556
535
517
497
460
390
330
286
228
150
76
34
-12
-79
-149
-188
-204
-233
-270
-291
-280
-263
-270
-260
-225
-190
-158
-134
-91
-36
3
35
80
116
147
163
156
160
162
149
119
83
51
8
-53
-130
-196
-251
-327
-410
-478
-534
-578
-632
-686
-711
-714
-717
-709
-689
-642
-584
-527
-446
-356
-256
-152
-48
64
183
295
389
487
583
671
748
802
855
903
919
917
899
881
862
790
701
630
552
457
335
223
147
42
-87
-192
-265
-332
-421
-491
-524
-539
-557
-585
-564
-522
-492
-453
-398
-321
-247
-185
-112
-32
41
105
153
212
265
290
316
334
361
358
331
314
291
262
210
164
122
71
21
-34
-64
-94
-141
-171
-183
-190
-202
-217
-208
-184
-180
-172
-153
-126
-95
-76
-56
-22
21
50
63
89
120
151
159
155
164
167
159
128
95
76
38
-25
-88
-138
-196
-263
-346
-420
-475
-532
-606
-675
-710
-725
-742
-766
-762
-708
-647
-598
-540
-448
-327
-214
-122
7
163
294
402
511
644
775
852
914
995
1060
1090
1089
1089
1094
1051
969
890
828
742
609
473
363
247
105
-46
-165
-262
-376
-497
-581
-628
-676
-723
-746
-737
-718
-694
-663
-604
-523
-456
-389
-297
-196
-103
-15
65
155
244
310
357
410
449
454
466
459
434
411
369
324
283
231
175
133
77
20
-16
-59
-91
-115
-144
-162
-170
-186
-208
-193
-190
-183
-165
-162
-133
-110
-63
-48
-9
51
56
107
124
129
149
152
129
106
116
39
26
-6
-101
-120
-183
-252
-326
-364
-448
-515
-534
-619
-639
-652
-677
-689
-637
-603
-593
-489
-437
-368
-247
-160
-82
37
157
232
367
480
546
664
754
820
884
945
959
975
998
951
920
864
775
694
592
473
343
234
89
-51
-161
-287
-384
-478
-568
-632
-675
-717
-743
-740
-743
-725
-697
-663
-598
-530
-458
-366
-269
-170
-62
40
137
240
331
410
470
519
555
562
559
546
519
480
430
372
324
273
216
166
127
78
32
-9
-60
-91
-128
-171
-202
-225
-240
-262
-275
-265
-255
-232
-213
-183
-133
-87
-47
-1
50
95
133
169
198
213
203
187
166
126
76
14
-57
-132
-218
-314
-406
-484
-570
-654
-716
-776
-825
-847
-867
-851
-818
-794
-741
-656
-552
-449
-337
-205
-56
90
227
365
514
657
771
871
980
1082
1141
1176
1195
1209
1212
1162
1095
1011
910
796
651
497
351
197
34
-123
-267
-404
-537
-656
-748
-825
-895
-940
-970
-968
-945
-918
-860
-795
-703
-598
-490
-365
-234
-97
36
166
288
408
523
611
687
749
795
823
819
803
774
730
666
597
522
437
346
250
162
81
0
-74
-140
-208
-258
-299
-335
-357
-372
-374
-355
-339
-316
-269
-221
-166
-107
-54
3
57
100
140
167
178
182
168
136
92
40
-16
-91
-173
-252
-340
-431
-514
-594
-669
-735
-791
-830
-863
-875
-871
-850
-821
-777
-708
-634
-548
-452
-344
-219
-94
33
166
297
427
550
671
778
880
970
1029
1076
1103
1120
1122
1083
1025
964
873
776
663
524
386
246
100
-48
-180
-307
-432
-537
-621
-680
-727
-761
-777
-772
-746
-701
-646
-587
-514
-438
-344
-251
-162
-59
37
143
241
337
430
503
567
603
634
641
636
617
578
540
477
417
347
274
201
134
76
15
-27
-74
-102
-121
-143
-159
-178
-182
-203
-214
-219
-228
-225
-218
-196
-174
-148
-109
-67
-29
5
40
67
90
97
91
71
32
-22
-95
-171
-254
-342
-433
-514
-588
-647
-699
-759
-788
-810
-820
-813
-805
-787
-741
-684
-630
-552
-464
-357
-247
-121
15
156
309
462
618
760
898
1029
1136
1222
1278
1312
1337
1333
1292
1234
1156
1066
956
823
680
525
374
217
50
-107
-253
-392
-523
-628
-719
-795
-854
-904
-919
-915
-896
-851
-803
-747
-666
-580
-481
-370
-259
-128
3
128
247
372
486
568
633
668
702
714
686
645
587
516
440
353
264
181
107
42
-15
-63
-110
-145
-170
-202
-223
-246
-255
-263
-270
-261
-246
-231
-210
-182
-143
-92
-42
22
88
157
217
267
297
303
295
258
186
87
-36
-183
-350
-526
-699
-854
-1014
-1164
-1265
-1338
-1373
-1390
-1400
-1354
-1282
-1185
-1066
-952
-813
-651
-488
-309
-127
66
270
477
689
905
1130
1331
1524
1700
1857
1953
2023
2085
2089
2060
1964
1826
1677
1480
1268
1035
773
523
274
29
-198
-408
-604
-775
-932
-1070
-1167
-1252
-1323
-1374
-1410
-1407
-1369
-1319
-1248
-1147
-1023
-854
-670
-482
-279
-76
124
305
463
594
704
775
803
812
795
762
713
638
556
482
402
324
244
170
103
47
-1
-47
-85
-119
-151
-175
-198
-210
-212
-203
-182
-153
-118
-72
-14
48
113
178
240
298
343
382
397
381
351
305
240
144
36
-74
-201
-332
-462
-584
-704
-820
-921
-994
-1047
-1088
-1095
-1083
-1047
-992
-921
-829
-724
-607
-478
-343
-207
-62
74
222
375
527
677
819
961
1100
1231
1337
1423
1486
1523
1513
1464
1388
1270
1110
927
723
517
302
89
-104
-289
-451
-588
-711
-812
-888
-955
-1011
-1045
-1068
-1087
-1101
-1093
-1069
-1031
-969
-894
-785
-651
-510
-348
-173
12
184
347
499
620
713
772
811
816
795
755
689
621
545
464
390
327
265
213
163
115
86
53
16
-23
-49
-71
-101
-122
-126
-114
-91
-51
5
75
145
217
299
379
430
474
502
507
494
440
377
299
186
60
-67
-212
-364
-520
-673
-808
-948
-1083
-1181
-1258
-1332
-1395
-1409
-1362
-1321
-1304
-1225
-1090
-953
-835
-701
-508
-304
-142
25
237
460
633
781
954
1144
1311
1406
1504
1613
1687
1707
1682
1663
1609
1470
1290
1124
946
702
415
173
-30
-266
-521
-720
-849
-979
-1121
-1215
-1232
-1231
-1256
-1261
-1200
-1113
-1055
-1000
-902
-749
-608
-491
-332
-142
46
199
349
523
678
774
855
940
982
972
944
907
837
730
610
508
395
258
121
25
-52
-145
-221
-256
-262
-270
-281
-249
-183
-143
-107
-41
53
119
153
219
323
401
425
460
532
580
553
506
501
468
331
170
56
-72
-278
-521
-703
-845
-1041
-1269
-1408
-1467
-1554
-1661
-1682
-1605
-1527
-1497
-1419
-1236
-1031
-899
-777
-564
-316
-130
14
211
466
683
831
1005
1245
1446
1559
1663
1805
1934
1940
1884
1861
1817
1696
1490
1269
1072
834
547
259
14
-221
-472
-700
-893
-1041
-1161
-1271
-1335
-1368
-1384
-1343
-1302
-1231
-1146
-1059
-922
-786
-667
-531
-372
-216
-80
47
184
324
435
514
598
682
725
737
731
705
661
584
504
428
339
242
152
87
29
-28
-72
-95
-88
-89
-84
-57
-19
18
53
92
145
187
225
277
334
389
430
475
520
543
548
539
519
467
372
264
146
1
-178
-353
-518
-691
-860
-1008
-1118
-1208
-1279
-1318
-1315
-1288
-1244
-1179
-1100
-1008
-910
-798
-689
-580
-453
-305
-155
-23
149
344
523
691
864
1064
1230
1339
1426
1528
1590
1567
1509
1449
1368
1214
1017
850
706
510
267
77
-48
-204
-414
-575
-656
-749
-893
-1004
-1029
-1036
-1088
-1126
-1073
-981
-934
-883
-754
-597
-469
-358
-221
-44
97
178
271
377
461
491
491
511
540
518
474
454
449
423
361
311
287
238
157
74
15
-41
-124
-208
-260
-275
-287
-299
-278
-208
-114
-43
39
157
283
381
449
522
612
661
667
656
649
635
569
480
404
326
207
59
-93
-227
-376
-549
-724
-869
-972
-1085
-1199
-1270
-1268
-1253
-1246
-1220
-1116
-981
-877
-777
-627
-428
-289
-182
-47
148
306
403
511
681
853
967
1058
1185
1329
1396
1404
1409
1425
1368
1229
1062
921
760
527
287
96
-64
-250
-433
-580
-669
-742
-837
-914
-941
-952
-969
-985
-976
-930
-882
-834
-757
-658
-537
-411
-289
-148
-4
133
250
349
445
518
563
585
576
559
531
490
428
363
311
259
201
135
93
52
18
-12
-35
-52
-60
-63
-62
-55
-49
-24
7
41
74
127
199
261
332
414
502
575
622
657
675
662
618
539
445
320
169
6
-164
-332
-493
-647
-787
-902
-990
-1052
-1095
-1124
-1117
-1089
-1068
-1020
-958
-889
-828
-762
-659
-554
-454
-343
-214
-73
69
212
375
534
688
824
942
1047
1131
1191
1208
1199
1178
1129
1048
949
833
713
578
436
289
139
-14
-157
-290
-422
-538
-635
-715
-787
-831
-847
-842
-819
-786
-730
-663
-580
-486
-397
-300
-191
-92
-2
88
174
244
303
360
405
441
453
454
448
426
390
353
316
262
210
157
106
62
10
-31
-62
-88
-114
-132
-127
-114
-106
-98
-70
-23
16
43
78
137
192
225
263
313
366
391
389
397
402
377
313
246
185
101
-11
-126
-227
-326
-440
-553
-636
-691
-742
-802
-824
-814
-804
-791
-767
-722
-663
-605
-549
-474
-378
-283
-192
-95
29
164
279
390
515
637
733
812
885
942
968
964
939
899
840
760
655
546
440
318
195
82
-25
-123
-215
-307
-381
-444
-501
-553
-589
-619
-640
-637
-633
-617
-583
-542
-489
-423
-343
-258
-167
-78
7
88
164
233
294
342
372
389
393
395
385
356
329
300
262
223
194
153
107
64
26
-7
-36
-57
-71
-75
-68
-62
-46
-21
8
38
61
92
125
149
173
208
237
257
268
290
310
309
297
284
254
194
120
45
-47
-158
-285
-403
-501
-612
-716
-794
-844
-876
-911
-917
-879
-839
-809
-764
-685
-604
-541
-481
-389
-279
-192
-114
-14
114
242
349
462
597
723
821
896
976
1040
1065
1054
1028
998
927
826
715
610
499
373
248
125
19
-84
-184
-279
-356
-419
-478
-530
-569
-582
-596
-610
-598
-574
-544
-499
-453
-403
-348
-278
-200
-130
-55
20
89
150
204
249
289
316
337
353
351
349
334
308
279
241
209
178
138
104
80
57
29
8
-3
-11
-9
-12
-11
-6
-3
5
14
30
47
64
84
101
119
129
139
151
156
150
134
106
69
25
-29
-90
-158
-222
-288
-361
-417
-472
-525
-573
-604
-622
-632
-632
-617
-596
-570
-535
-492
-442
-385
-321
-239
-150
-76
10
109
197
293
381
471
571
649
707
756
796
832
855
852
840
832
803
753
688
616
532
426
309
199
96
-11
-132
-237
-330
-416
-490
-559
-601
-630
-658
-668
-670
-668
-662
-647
-612
-562
-506
-451
-381
-298
-206
-121
-41
45
132
200
265
321
357
389
409
420
425
410
384
362
347
322
284
247
221
200
169
134
109
88
64
35
3
-15
-30
-46
-60
-65
-54
-45
-32
-5
26
49
73
99
121
142
149
151
148
133
104
50
-1
-59
-134
-209
-301
-388
-452
-533
-596
-661
-722
-759
-792
-798
-797
-789
-761
-722
-670
-604
-534
-452
-354
-261
-151
-43
72
199
318
441
568
702
817
918
1016
1090
1149
1190
1194
1176
1135
1073
1002
892
760
623
476
322
179
41
-97
-225
-344
-449
-548
-628
-702
-771
-812
-849
-873
-880
-879
-856
-819
-775
-718
-640
-541
-427
-305
-175
-34
98
226
349
453
541
609
654
685
697
683
657
619
575
526
473
432
378
336
296
255
219
175
136
90
49
2
-48
-90
-133
-168
-191
-206
-218
-212
-197
-181
-157
-119
-82
-52
-18
7
23
26
25
8
-26
-67
-116
-169
-238
-305
-371
-437
-492
-548
-601
-645
-678
-699
-713
-723
-709
-701
-672
-629
-582
-508
-444
-357
-259
-154
-47
69
193
313
427
535
650
752
837
895
964
1027
1064
1079
1068
1061
1045
991
909
822
713
581
438
289
149
0
-167
-301
-425
-550
-649
-749
-811
-849
-896
-906
-880
-848
-811
-777
-696
-594
-517
-426
-337
-214
-97
-11
103
209
305
386
455
531
591
625
642
649
656
635
593
550
488
421
339
249
183
114
29
-37
-84
-123
-168
-222
-231
-238
-258
-263
-281
-270
-254
-260
-242
-229
-209
-179
-164
-117
-70
-21
39
78
134
190
221
226
215
185
133
44
-68
-164
-288
-418
-559
-696
-781
-876
-939
-970
-1006
-984
-945
-891
-791
-710
-617
-499
-382
-260
-143
-25
97
238
380
522
695
871
1034
1193
1336
1510
1658
1733
1783
1783
1776
1735
1603
1434
1227
1013
786
519
259
8
-235
-468
-686
-864
-1024
-1158
-1294
-1418
-1489
-1545
-1590
-1616
-1603
-1576
-1518
-1418
-1286
-1128
-945
-729
-492
-247
6
260
506
728
921
1089
1224
1320
1372
1388
1362
1311
1230
1113
997
873
735
598
462
332
210
89
-25
-129
-228
-319
-394
-456
-508
-546
-570
-575
-570
-553
-523
-479
-417
-349
-265
-163
-64
38
138
233
309
359
387
401
378
324
240
134
15
-124
-281
-446
-600
-752
-899
-1034
-1139
-1222
-1286
-1327
-1336
-1314
-1282
-1221
-1131
-1018
-900
-763
-595
-409
-212
-10
204
433
668
892
1097
1302
1507
1683
1822
1933
2010
2052
2050
2000
1918
1785
1598
1386
1155
907
624
323
41
-224
-487
-743
-967
-1153
-1311
-1457
-1567
-1612
-1629
-1637
-1620
-1568
-1458
-1331
-1208
-1051
-862
-657
-454
-248
-20
209
417
598
788
969
1104
1209
1292
1344
1368
1339
1280
1203
1078
935
780
626
464
286
119
-20
-141
-252
-350
-420
-463
-508
-548
-552
-541
-536
-521
-491
-452
-409
-362
-312
-247
-183
-125
-65
7
79
133
182
237
276
289
286
268
239
188
99
3
-105
-235
-373
-513
-652
-784
-909
-1033
-1118
-1170
-1209
-1212
-1205
-1158
-1073
-977
-853
-714
-563
-388
-205
-16
181
375
568
765
954
1140
1326
1476
1602
1710
1787
1848
1881
1852
1791
1696
1573
1426
1238
1017
770
510
238
-39
-305
-576
-824
-1055
-1266
-1427
-1558
-1643
-1694
-1729
-1708
-1645
-1556
-1435
-1314
-1160
-966
-765
-552
-327
-85
154
393
630
864
1085
1281
1444
1564
1651
1694
1682
1628
1535
1396
1233
1043
834
614
392
181
-20
-211
-378
-515
-636
-724
-787
-835
-857
-852
-840
-820
-783
-736
-677
-611
-542
-472
-381
-275
-168
-53
57
167
271
358
426
467
487
493
446
375
289
169
28
-140
-320
-489
-658
-831
-987
-1120
-1228
-1328
-1402
-1426
-1430
-1417
-1385
-1322
-1211
-1086
-959
-796
-607
-394
-169
54
308
574
812
1038
1265
1487
1673
1811
1930
2031
2089
2076
2033
1999
1935
1828
1681
1509
1343
1146
923
681
425
168
-113
-393
-653
-883
-1108
-1318
-1479
-1607
-1675
-1699
-1697
-1649
-1569
-1449
-1284
-1098
-898
-703
-497
-278
-64
145
326
498
659
785
890
970
1038
1083
1079
1071
1057
1022
965
865
758
663
547
408
264
123
-13
-156
-293
-404
-489
-579
-650
-686
-701
-679
-659
-618
-546
-481
-406
-322
-238
-153
-79
-13
53
111
152
177
211
233
241
232
222
207
179
130
80
21
-55
-140
-224
-307
-404
-497
-588
-661
-724
-781
-827
-853
-847
-827
-797
-756
-685
-595
-485
-380
-260
-130
0
129
251
380
500
615
709
790
867
933
978
1007
1027
1028
1026
1005
986
939
886
824
758
684
581
481
366
246
99
-43
-184
-320
-468
-600
-708
-790
-859
-919
-925
-919
-877
-830
-752
-648
-538
-441
-339
-221
-113
-18
36
122
204
273
316
367
436
491
538
563
607
640
639
613
589
558
500
397
307
226
129
25
-79
-152
-224
-286
-352
-379
-384
-389
-400
-389
-373
-350
-325
-325
-304
-284
-262
-244
-218
-187
-154
-119
-85
-50
-23
18
50
61
68
85
94
86
61
45
36
5
-38
-78
-104
-141
-202
-253
-293
-313
-355
-393
-396
-386
-376
-370
-336
-277
-224
-194
-138
-73
-11
38
77
149
212
262
297
341
400
450
475
519
567
595
617
607
618
631
616
578
513
464
429
345
247
173
94
26
-75
-161
-201
-258
-318
-377
-401
-394
-420
-458
-446
-432
-423
-420
-418
-367
-335
-320
-275
-219
-150
-92
-59
9
93
152
193
235
298
334
340
347
373
373
344
309
289
276
223
163
120
91
54
-4
-44
-58
-76
-106
-134
-140
-140
-152
-170
-172
-177
-175
-186
-193
-176
-172
-162
-152
-137
-114
-106
-84
-61
-44
-29
-17
0
12
14
20
26
20
19
14
12
7
-9
-27
-44
-60
-83
-110
-130
-150
-180
-201
-214
-225
-235
-240
-231
-211
-195
-174
-138
-105
-74
-40
-5
45
86
122
168
214
256
295
330
367
401
425
450
472
483
491
487
478
464
436
397
349
305
251
188
120
57
-6
-79
-143
-202
-249
-307
-355
-390
-421
-444
-457
-465
-466
-449
-425
-390
-351
-308
-258
-194
-125
-57
3
69
139
193
248
296
334
367
385
391
390
389
366
334
302
256
210
162
102
42
-14
-74
-129
-176
-227
-271
-300
-335
-365
-370
-378
-387
-385
-377
-351
-329
-292
-263
-229
-174
-117
-61
-8
56
104
159
202
235
275
295
303
294
285
261
233
192
130
63
-13
-87
-171
-243
-323
-393
-464
-529
-561
-600
-617
-634
-636
-617
-585
-543
-487
-416
-333
-223
-114
11
133
267
389
514
636
751
865
937
1010
1054
1095
1134
1144
1141
1125
1101
1059
1016
942
856
752
642
503
332
168
-16
-196
-393
-573
-739
-879
-1005
-1110
-1164
-1201
-1199
-1185
-1139
-1066
-989
-900
-799
-679
-572
-464
-349
-216
-92
18
140
270
398
506
611
714
802
861
886
903
904
858
769
672
576
453
290
140
25
-89
-221
-338
-403
-444
-498
-559
-567
-546
-548
-569
-563
-518
-476
-472
-453
-374
-296
-242
-190
-98
29
122
185
276
398
487
524
555
610
643
597
531
485
423
307
157
37
-70
-209
-371
-506
-595
-689
-807
-885
-905
-920
-941
-947
-898
-828
-774
-708
-601
-473
-358
-252
-109
56
194
326
480
642
773
869
976
1088
1169
1201
1218
1256
1261
1222
1168
1122
1075
987
862
748
645
501
318
147
1
-153
-342
-528
-672
-783
-914
-1054
-1134
-1157
-1181
-1217
-1206
-1124
-1024
-952
-855
-704
-530
-391
-281
-123
61
190
275
386
519
614
646
692
779
820
803
777
782
756
674
587
518
446
316
171
73
-15
-128
-261
-357
-411
-471
-550
-594
-581
-560
-560
-545
-486
-408
-349
-298
-222
-128
-51
1
57
125
183
213
228
254
280
281
274
255
240
230
189
143
100
55
1
-75
-154
-217
-282
-367
-457
-527
-576
-620
-662
-682
-666
-644
-613
-560
-487
-395
-299
-211
-109
0
90
172
259
338
405
463
511
568
616
653
687
715
750
774
774
762
750
732
697
617
535
476
403
303
195
109
35
-63
-169
-239
-282
-331
-400
-450
-465
-472
-500
-539
-536
-519
-518
-509
-487
-438
-396
-367
-312
-240
-163
-103
-48
32
116
169
207
254
295
315
321
322
328
328
304
270
252
239
217
182
153
136
115
85
45
16
-9
-44
-79
-106
-132
-145
-164
-182
-186
-174
-155
-145
-134
-110
-83
-65
-45
-29
-17
-9
-9
-8
-6
-5
-16
-25
-30
-32
-39
-58
-67
-71
-84
-98
-114
-123
-146
-172
-181
-196
-208
-216
-216
-216
-221
-212
-194
-173
-151
-126
-101
-67
-34
-9
28
68
101
132
165
201
230
257
274
292
313
328
333
337
341
334
329
322
312
292
276
267
239
213
190
158
128
92
60
33
-6
-41
-75
-111
-142
-183
-214
-235
-263
-288
-298
-297
-291
-296
-294
-266
-246
-222
-199
-173
-129
-91
-64
-34
5
46
73
92
120
155
176
185
190
200
211
204
191
183
174
152
125
99
79
56
23
-6
-29
-49
-74
-101
-120
-130
-140
-152
-151
-154
-152
-150
-149
-133
-121
-113
-99
-85
-70
-56
-39
-27
-15
-7
-1
13
16
14
16
17
9
-6
-15
-19
-33
-50
-64
-69
-81
-105
-110
-120
-135
-137
-136
-140
-138
-123
-114
-105
-88
-66
-45
-24
-5
15
44
71
87
120
150
173
194
219
244
257
280
290
295
302
309
312
306
300
280
260
233
212
183
145
117
74
42
9
-25
-55
-94
-130
-153
-180
-206
-225
-240
-245
-248
-251
-247
-240
-237
-223
-210
-198
-179
-149
-123
-93
-59
-34
-5
26
45
63
85
102
115
130
140
146
150
151
154
145
132
123
109
94
81
58
36
18
-7
-22
-38
-49
-62
-81
-87
-92
-101
-97
-92
-87
-75
-63
-50
-41
-31
-23
-10
-4
-6
2
4
-1
-4
-21
-29
-42
-55
-68
-89
-94
-113
-132
-135
-145
-156
-160
-158
-161
-161
-158
-154
-153
-148
-137
-127
-113
-91
-71
-45
-20
6
37
54
78
102
119
144
162
181
205
224
241
253
275
288
289
297
293
288
281
263
249
229
204
182
154
129
101
62
32
-2
-33
-57
-87
-109
-135
-157
-173
-181
-195
-207
-205
-201
-196
-185
-172
-149
-127
-111
-88
-65
-43
-23
-6
6
12
21
35
43
49
59
63
66
73
69
71
78
71
63
57
47
30
15
3
-14
-35
-55
-69
-78
-85
-80
-74
-72
-60
-48
-32
-19
-10
5
19
32
39
52
63
67
59
51
45
28
13
0
-22
-40
-62
-87
-110
-141
-165
-197
-231
-257
-287
-304
-322
-336
-347
-353
-345
-340
-328
-303
-276
-241
-202
-158
-100
-43
14
74
139
192
241
298
351
403
457
490
519
547
573
595
590
579
566
548
527
500
472
438
394
347
296
241
185
125
59
-1
-57
-113
-158
-200
-242
-288
-325
-354
-370
-376
-379
-371
-362
-350
-326
-292
-258
-226
-199
-175
-143
-108
-70
-40
-18
13
36
50
70
91
104
108
109
105
103
104
94
79
61
43
18
1
-14
-26
-43
-59
-62
-67
-69
-69
-62
-50
-44
-30
-14
7
16
26
42
50
62
72
77
80
81
74
66
60
45
27
7
-21
-42
-70
-100
-122
-153
-184
-211
-233
-260
-281
-297
-315
-329
-334
-328
-325
-316
-289
-270
-249
-221
-190
-149
-113
-71
-25
19
75
126
181
231
275
328
371
404
431
452
466
473
466
453
440
413
389
371
350
327
293
270
246
217
178
138
102
57
3
-45
-97
-153
-200
-247
-276
-306
-331
-333
-331
-321
-298
-276
-254
-222
-195
-169
-146
-125
-97
-74
-51
-28
-7
15
34
51
73
96
115
140
165
178
197
212
210
207
188
160
131
94
65
30
-6
-43
-69
-89
-110
-120
-125
-139
-142
-143
-144
-135
-138
-133
-127
-129
-127
-123
-113
-105
-108
-104
-101
-99
-99
-98
-100
-107
-116
-125
-136
-148
-157
-174
-189
-201
-218
-231
-233
-235
-226
-217
-198
-172
-148
-110
-71
-41
-2
38
79
117
148
192
229
255
282
316
338
357
375
390
418
438
444
462
477
490
497
492
483
465
433
388
347
301
247
195
133
82
27
-32
-77
-117
-152
-182
-201
-218
-227
-233
-237
-238
-239
-245
-254
-254
-251
-255
-262
-252
-235
-218
-203
-181
-148
-118
-88
-55
-30
-7
17
28
35
43
40
38
29
34
34
30
42
46
56
67
76
80
79
72
67
56
34
17
-5
-26
-38
-48
-55
-51
-51
-42
-31
-31
-18
-10
-8
-15
-11
-11
-29
-37
-52
-68
-77
-82
-93
-101
-101
-107
-105
-105
-109
-115
-121
-134
-146
-152
-158
-162
-169
-174
-174
-165
-155
-146
-119
-89
-57
-27
6
50
85
117
153
186
213
238
262
278
288
299
297
292
293
290
286
277
268
263
242
228
210
184
160
126
90
51
8
-26
-64
-102
-133
-158
-174
-186
-192
-194
-192
-181
-174
-162
-154
-144
-130
-120
-105
-95
-81
-62
-49
-29
-9
16
45
63
83
104
120
129
127
128
126
113
93
80
66
44
26
2
-19
-31
-44
-54
-68
-74
-79
-92
-88
-89
-101
-105
-115
-130
-133
-136
-148
-156
-159
-156
-148
-136
-132
-117
-99
-84
-65
-50
-38
-27
-17
-14
-8
-9
-15
-17
-19
-21
-27
-30
-34
-39
-40
-48
-50
-49
-45
-38
-39
-30
-19
-12
-4
3
14
24
29
36
53
65
84
103
126
153
177
206
229
251
270
284
300
314
316
316
306
295
285
266
236
201
173
142
112
84
66
46
24
6
-12
-18
-40
-60
-69
-85
-100
-117
-144
-153
-164
-180
-188
-188
-181
-172
-155
-131
-100
-73
-39
-1
28
53
78
92
96
101
101
97
94
87
77
71
64
63
48
41
37
18
2
-18
-41
-68
-96
-119
-139
-164
-185
-205
-223
-235
-231
-234
-243
-230
-221
-206
-187
-175
-159
-141
-113
-94
-79
-58
-43
-32
-23
-5
4
19
37
47
64
74
89
97
112
125
134
140
140
143
135
131
121
108
100
88
76
62
49
39
24
17
16
12
13
17
20
26
28
24
22
20
16
13
8
5
-3
-7
-8
-11
-11
-8
0
10
19
27
39
47
50
50
49
48
39
32
21
10
4
-8
-13
-16
-18
-22
-24
-19
-11
-5
-4
-3
-4
-4
-8
-20
-22
-23
-26
-29
-33
-30
-28
-24
-16
-7
-2
6
5
-1
-2
-11
-15
-28
-44
-47
-58
-70
-76
-81
-79
-75
-72
-69
-66
-65
-64
-67
-72
-78
-85
-83
-91
-92
-85
-80
-68
-62
-49
-29
-18
-2
7
15
30
34
38
44
39
46
49
53
58
53
50
44
45
40
38
44
45
44
42
39
33
34
26
23
26
13
10
6
3
5
2
1
-1
0
5
13
17
15
12
18
26
26
27
27
27
23
22
20
18
11
6
6
9
8
10
11
8
11
5
6
7
6
7
2
3
0
-3
-8
-8
-16
-19
-21
-25
-22
-22
-12
0
-7
-9
-3
-4
-5
-4
-1
-5
-11
-15
-13
-14
-18
-18
-17
-17
-14
-17
-19
-9
-11
-13
-6
-5
-4
-6
-3
-3
-8
-6
-5
-7
-2
-4
-8
-9
-9
-10
-13
-9
-9
-9
-6
-6
-6
-9
-14
-12
-17
-20
-19
-17
-15
-18
-17
-13
-12
-11
-8
-8
-7
-2
0
3
0
-6
-2
-3
-3
4
7
7
8
12
12
10
10
14
15
20
18
16
16
13
14
15
13
9
8
5
3
5
6
6
6
3
6
9
11
7
3
3
0
-4
-6
-12
-14
-14
-16
-14
-14
-9
-5
-3
3
3
7
5
0
3
6
2
2
5
4
7
7
4
6
8
8
13
15
19
23
21
17
18
20
16
17
12
10
11
7
9
6
4
7
-1
-3
-1
-5
-5
-7
-10
-13
-10
-16
-19
-21
-24
-26
-33
-34
-31
-30
-30
-22
-17
-25
-27
-26
-28
-25
-23
-27
-26
-26
-23
-19
-19
-15
-14
-12
-10
-12
-6
-9
-9
-5
-10
-11
-10
-10
-11
-8
-4
-2
-6
-5
-6
-2
0
1
4
0
0
3
0
3
9
6
10
13
12
16
19
20
16
19
24
21
30
40
37
39
38
38
36
34
35
29
21
25
19
13
13
7
8
8
14
8
-1
0
0
-2
-2
1
-3
-10
-11
-10
-9
-16
-16
-10
-16
-15
-17
-19
-11
-10
-14
-10
-11
-7
-7
-8
-9
-13
-9
-6
-5
-7
-7
-11
-11
-7
-11
-9
-8
-11
-10
-12
-16
-23
-19
-22
-26
-23
-24
-26
-29
-28
-31
-30
-30
-34
-32
-36
-36
-33
-30
-20
-17
-15
-9
-4
-1
2
8
13
16
13
13
19
16
17
22
26
27
31
34
31
33
37
32
28
27
28
30
34
33
29
28
30
32
24
16
15
8
7
12
12
11
10
10
14
13
10
13
14
10
7
4
1
3
0
-1
-5
-13
-15
-12
-17
-19
-13
-13
-15
-14
-17
-24
-26
-24
-27
-29
-29
-27
-28
-27
-21
-21
-22
-25
-25
-24
-25
-19
-18
-19
-19
-15
-9
-11
-8
-8
-9
-9
-7
-4
-1
-1
2
5
2
5
3
1
9
9
6
8
18
18
18
16
15
14
14
14
7
7
4
4
1
0
0
-1
-1
-4
5
6
3
11
11
15
19
19
25
20
11
7
4
6
2
0
5
4
4
4
7
4
-3
-1
3
-2
-7
-8
-7
-10
-14
-15
-8
-8
-7
-8
-10
-4
-3
-4
-3
-3
-6
-5
-9
-9
-11
-10
-8
-12
-9
-4
-8
-8
-6
-7
-9
-7
-6
-5
-7
-7
-12
-20
-17
-16
-11
-9
-11
-3
-5
-5
1
2
0
3
4
9
11
8
12
12
11
15
19
22
21
24
25
24
27
30
29
25
27
24
16
11
6
9
6
5
12
10
7
5
4
4
0
-2
-4
-6
-17
-19
-17
-17
-15
-18
-15
-14
-16
-14
-15
-21
-23
-20
-25
-23
-25
-25
-25
-26
-23
-27
-26
-22
-26
-22
-24
-26
-24
-21
-20
-21
-15
-9
-7
-13
-10
-5
-2
5
12
12
16
21
16
19
20
20
27
32
31
27
25
25
28
26
25
26
22
21
25
27
26
22
21
18
13
12
4
-1
-1
-5
-1
0
-4
-5
-5
0
2
-3
-4
-7
-10
-7
-3
-4
-5
-3
0
-1
5
8
1
-4
-7
-9
-8
-5
-4
-4
-2
-5
-2
-4
-5
-8
-11
-12
-15
-17
-16
-13
-15
-16
-15
-16
-14
-13
-14
-15
-24
-24
-12
-15
-13
-12
-9
-7
-11
-8
-6
-4
-1
1
0
1
7
6
5
7
9
7
11
11
8
14
12
8
5
2
1
0
-4
-1
-6
-6
0
1
6
4
-3
-1
-1
-1
8
4
8
13
1
11
19
17
19
19
19
17
17
16
10
9
8
3
-1
5
0
0
5
6
7
3
7
2
-1
6
1
-1
-6
-11
-5
-6
-6
-7
-8
-8
-14
-8
-5
-12
-7
-9
-8
-7
-13
-11
-15
-19
-13
-14
-10
-6
-7
-7
-5
-3
-12
-11
-6
-11
-13
-14
-16
-16
-16
-10
-12
-12
-9
-9
-9
-7
-3
-3
2
4
12
17
16
15
12
14
19
19
19
23
17
22
28
19
22
20
18
25
21
21
21
15
13
6
3
-4
-2
4
-6
-3
-1
-6
-6
-5
-6
-12
-14
-16
-19
-18
-19
-22
-20
-17
-19
-20
-20
-20
-15
-9
-10
-4
1
4
0
1
0
1
1
-6
-3
3
-4
-8
-6
-5
-4
2
0
1
-2
-5
-8
-7
-3
-4
-6
-12
-16
-13
-7
-6
0
0
-2
5
6
3
-2
4
9
12
9
11
15
14
18
17
17
18
14
16
20
18
17
15
12
10
10
10
11
6
7
8
4
9
6
-2
-4
0
-3
-10
-4
-8
-12
-7
-5
-3
-7
-7
-7
-4
-3
5
0
2
6
6
8
-1
4
6
4
-1
-3
0
-8
-9
-10
-12
-9
-11
-12
-12
-14
-19
-19
-16
-23
-26
-25
-22
-25
-22
-19
-22
-16
-13
-11
-11
-13
-12
-8
-9
-8
-11
-8
-7
-10
-4
-3
-1
2
4
7
10
12
10
15
16
16
19
19
14
15
16
14
17
14
12
14
20
16
14
18
19
23
19
23
26
27
28
21
18
18
8
10
10
7
13
7
6
3
2
3
5
4
-5
-6
-3
-8
-14
-15
-15
-16
-17
-18
-18
-23
-26
-20
-19
-15
-11
-18
-19
-18
-15
-19
-21
-11
-9
-9
-9
-6
-8
-5
-1
1
2
-1
2
1
-1
2
-2
-1
2
-2
3
2
-7
-5
-5
-6
-6
-3
-2
-8
-6
-6
-10
-6
-6
-6
-6
-6
-3
3
1
-4
1
-4
0
4
0
6
10
12
10
12
11
11
15
15
15
12
12
13
13
12
12
12
8
10
13
12
6
8
10
3
0
0
0
7
0
0
1
-5
0
0
1
1
1
2
-2
-6
-11
-9
-9
-7
-4
-3
0
-2
-4
0
1
5
9
5
2
-1
-2
-5
-8
-11
-8
-13
-9
-10
-13
-6
-11
-6
-4
-5
1
-4
-9
-8
-11
-5
-2
-6
-11
-10
-2
2
1
0
2
10
5
1
3
4
4
0
2
0
-5
-3
-4
-5
-2
-3
-5
-4
0
3
-1
-1
4
0
2
3
-3
1
4
-1
2
1
-4
-4
1
4
6
5
5
6
8
7
3
4
1
-3
-2
0
-3
-2
1
0
5
4
8
12
10
4
0
8
5
-3
-7
-6
-3
-1
3
8
3
4
8
10
11
6
4
-2
-7
-9
-13
-10
-8
-3
-2
2
11
7
7
14
12
5
0
-2
-3
-3
-2
2
2
-7
-5
-5
-10
-9
-4
-7
-6
-8
-5
-1
-6
-7
-10
-12
-13
-14
-20
-17
-14
-18
-11
-6
-2
2
0
-2
1
-3
-2
-1
4
1
1
6
5
4
6
5
4
7
8
5
7
10
11
14
14
8
7
4
0
-5
-4
-3
-4
-1
0
2
1
0
2
7
7
5
10
9
5
9
10
6
5
3
-1
6
3
3
6
-1
3
0
1
2
-3
-3
-6
-4
-6
-8
-5
-7
-7
-8
-5
-11
-13
-9
-9
-5
-5
-7
-3
-5
-6
-8
-11
-10
-12
-12
-11
-3
-5
-4
1
-1
2
-1
4
3
-4
2
-3
-5
0
1
0
1
3
4
6
2
0
7
3
6
5
5
9
10
11
7
11
5
4
12
12
10
6
5
6
6
4
7
4
-1
2
7
4
2
0
-3
-2
0
-2
-2
-3
0
3
-3
-3
1
4
2
-2
-1
-3
-7
-11
-12
-11
-9
-9
-7
-7
-6
-9
-10
-10
-8
-6
-9
-10
-8
-6
-1
-3
0
1
-2
5
10
14
10
5
8
5
-2
-2
0
-2
-2
-3
-7
-10
-8
-7
-5
-1
2
-5
-3
2
1
-1
0
0
-2
-2
-7
-5
1
-6
-7
-5
2
7
9
12
11
11
9
6
6
2
1
3
2
5
2
6
11
14
14
12
18
14
16
13
10
9
1
0
0
4
4
1
-5
1
2
3
2
-2
3
-1
-6
-5
-9
-12
-8
-7
-12
-16
-18
-17
-17
-17
-14
-13
-13
-8
-7
-6
-5
-9
-8
-6
-10
-8
-13
-10
1
-1
-2
1
9
6
-1
9
13
7
9
11
6
2
0
-4
-10
-8
1
-3
-2
5
3
9
9
7
8
8
4
-2
-1
-3
-2
-2
-1
4
4
7
5
8
11
9
12
12
4
4
5
3
0
-1
-3
-5
-4
-4
-5
-5
-2
1
-1
2
4
2
3
0
-4
-6
-8
-9
-12
-11
-9
-7
1
3
1
3
5
13
13
6
5
3
2
1
3
-3
1
1
-2
0
1
8
4
0
-1
-2
1
-5
-11
-10
-11
-10
-13
-10
-9
-8
-3
3
2
-1
-5
-6
-5
-7
-1
-5
-6
1
-2
0
2
1
3
8
6
6
5
0
6
8
1
2
3
6
11
6
3
4
6
7
3
-1
-1
-6
-2
-4
-6
5
1
-3
4
5
6
7
1
-2
-5
-6
-7
-9
-7
1
-3
0
-1
4
9
2
11
11
8
8
4
-2
1
6
0
-2
-1
-7
-8
-11
-13
-15
-15
-10
-3
-8
-2
3
2
2
-1
-4
-6
-7
-10
-4
-5
0
-1
-2
1
0
6
6
2
3
6
3
5
7
4
5
2
-1
1
4
8
1
0
5
6
7
3
0
-2
-2
-2
-3
-3
-10
-7
-1
3
5
-1
2
3
4
3
4
4
-1
4
1
-2
-3
-8
-3
-2
3
3
-1
0
5
10
8
6
-1
-3
-1
-9
-9
-10
-14
-12
-6
-1
3
5
11
13
10
9
5
4
0
-5
-3
-4
-7
-7
-5
3
2
4
5
-3
1
-2
-3
1
-2
-6
-1
0
-3
-4
-5
-1
-2
-3
1
-4
-5
3
7
6
4
3
1
-8
-8
-7
-16
-12
-9
-7
-9
-5
-2
-7
0
5
5
4
4
2
4
4
3
1
1
-2
-4
-4
-3
-3
-2
2
2
4
11
16
11
14
15
12
5
2
3
3
6
5
6
2
5
11
7
5
5
9
2
2
1
0
-2
-6
-2
-3
-3
-6
-4
1
2
-1
-3
-8
-7
-6
-8
-1
-3
-5
0
2
5
2
1
-3
-6
-2
-7
-11
-13
-10
-10
-10
-1
0
-5
-5
-6
-8
-9
-13
-14
-10
-9
-8
-3
-3
-4
0
-1
-1
2
2
2
4
2
6
5
9
12
8
12
10
9
5
5
8
10
12
6
3
9
12
6
5
7
10
6
11
12
5
1
-1
-5
-5
0
-5
-5
-3
-3
-3
0
5
1
3
1
0
-3
-4
-4
-6
-5
-6
-2
0
-3
-2
1
-2
-5
-5
-6
-3
-4
-6
-3
-2
-4
-3
-3
-7
-5
-9
-10
-10
-8
-2
-5
-7
0
-1
1
1
-3
2
1
-3
0
-2
0
-1
2
9
4
8
7
8
4
4
7
5
9
3
4
1
-2
4
4
3
1
1
5
11
8
9
7
-3
-1
-3
-1
-3
0
0
-3
2
4
8
9
10
7
5
3
0
7
9
1
-1
0
-2
-6
-9
-4
-6
-7
-12
-13
-10
-11
-9
-7
-4
-1
2
-2
-7
-3
-7
-4
3
-3
-3
2
2
-2
-6
-6
-4
-6
-11
-8
-11
-9
-7
-7
-3
-7
-11
-12
-6
-2
-6
-5
-3
7
12
8
11
8
5
5
4
5
7
7
7
12
10
4
4
7
5
5
10
12
11
10
14
13
15
15
11
10
9
8
-1
-2
-1
-5
-3
-5
3
5
3
7
4
5
2
0
3
3
-2
-3
-5
-9
-7
-7
-9
-4
-6
-12
-7
-10
-10
-11
-10
-4
-7
-11
-14
-15
-15
-15
-15
-17
-13
-9
-8
0
4
5
5
-1
-1
-3
-3
0
-2
3
0
-1
6
3
2
1
1
6
-2
2
5
4
2
2
4
-3
4
5
4
10
7
10
11
13
12
9
8
-1
2
2
2
0
-1
-4
-1
0
-2
-1
-10
-8
-5
-1
5
1
-1
4
2
4
2
-3
-2
-1
2
3
6
6
5
2
6
8
5
4
4
7
5
2
-1
2
0
2
-1
-3
1
-4
0
3
2
5
0
3
2
0
-3
-12
-9
-8
-11
-12
-14
-12
-9
-13
-12
-5
-9
-9
-3
-8
-7
-4
-3
-4
-8
-2
-1
-5
-2
-3
2
5
8
8
8
9
5
5
9
10
5
9
10
5
5
9
9
6
5
0
0
3
3
1
1
-2
-5
2
2
-4
-8
-7
-5
-11
-10
-10
-5
0
-4
-4
-6
-2
-1
-6
-4
-5
-3
1
1
0
-2
1
5
7
9
8
3
-1
3
2
6
10
5
4
5
4
2
-2
-2
2
7
4
5
8
5
6
6
1
-2
-1
2
0
-3
2
2
-1
-3
-5
-3
-4
-5
-2
-3
-4
-6
-5
-6
-8
-9
-6
-5
-8
-6
-5
-4
2
2
4
4
6
11
5
1
4
6
4
4
2
-1
0
-1
1
4
-1
0
0
4
4
0
4
-2
-9
-8
-6
-12
-12
-8
-10
-7
-5
-4
-6
-3
-9
-8
0
-2
0
0
-2
-3
-6
-1
2
1
4
3
7
13
11
17
11
9
11
7
13
11
8
7
6
8
4
3
6
3
2
2
0
4
1
1
6
5
1
-2
-7
-14
-13
-11
-8
-13
-13
-3
-10
-15
-8
-9
-7
-1
-6
-3
3
1
-1
3
1
-3
0
1
1
1
2
4
5
10
10
10
5
9
10
5
2
-4
-6
-7
-7
-8
-4
-2
-4
-5
1
0
-1
1
1
5
1
-5
3
5
-6
-7
-8
-13
-6
-2
-6
-6
-1
0
5
7
10
9
3
3
2
-3
-6
-8
-7
-1
2
10
11
10
11
8
14
10
3
3
2
3
7
6
-1
0
3
5
4
3
4
5
4
-1
1
-4
-8
-10
-15
-12
-5
-4
-6
-3
-2
0
1
-8
-10
-11
-13
-7
-6
-4
1
-5
-7
-7
-11
-11
-9
-10
-8
-5
0
0
1
0
0
6
5
6
6
7
6
4
7
10
5
6
12
7
4
9
10
11
9
5
5
7
5
6
-1
-2
-4
-4
4
7
7
5
4
-4
-2
1
-3
-4
-2
-5
-4
3
-2
5
0
-5
0
2
-6
-8
-4
-2
-3
-4
-1
-2
-2
3
6
7
6
0
2
1
1
-2
-4
-5
-6
0
-1
-1
-2
-8
-9
-5
-6
-9
-7
-8
-5
-6
-9
-10
-12
-10
-3
-4
-5
0
-2
-5
-2
-2
-4
-7
-5
-2
-4
0
4
3
6
6
6
7
10
11
11
9
6
13
12
10
10
9
10
6
9
7
3
-1
-4
1
2
2
6
10
10
8
11
4
6
10
4
1
-2
-1
-3
-2
-2
0
5
2
0
-1
-5
-5
-7
-11
-12
-13
-10
-8
-5
3
3
0
2
-1
0
-4
-8
-5
-6
-8
-4
-7
-7
-5
-6
-2
-9
-7
-11
-12
-6
-11
-8
-13
-16
-12
-15
-8
-5
-5
1
6
4
6
11
4
5
5
2
3
4
6
5
10
8
6
8
8
8
9
12
8
10
11
6
13
16
16
16
17
12
7
9
6
3
2
0
0
3
5
3
6
7
6
3
1
1
-5
-7
-10
-12
-15
-13
-12
-9
-7
-17
-13
-7
-12
-11
-13
-21
-14
-14
-15
-6
-6
-10
-11
-9
-8
-4
-7
-1
5
0
5
1
0
5
6
10
8
8
8
3
2
11
8
7
7
6
9
5
5
6
4
6
-1
-3
-2
-2
-5
-7
0
4
3
10
7
2
3
1
1
-5
-7
-1
-6
-3
0
-2
1
5
4
2
4
2
4
7
5
10
9
2
2
4
1
5
9
3
4
3
7
6
-1
-1
-4
-8
-12
-15
-10
-11
-10
-4
-1
1
-2
-8
-6
-6
-12
-9
-9
-9
-7
-6
-3
1
3
1
-2
-5
-4
-4
-2
1
-4
-3
1
-5
-2
-3
0
6
-2
3
1
1
6
-1
3
7
7
9
10
10
7
1
2
0
4
3
4
11
5
4
3
5
6
3
4
4
-2
1
-1
-4
-4
-6
3
4
-1
4
5
7
9
5
6
8
3
3
4
-1
-2
-2
-4
-5
-3
-4
-4
3
-2
-7
0
-1
-4
-4
0
-8
-13
-1
-5
-6
3
0
0
-5
-8
-5
-4
-2
-7
-6
-2
-3
-4
-4
0
2
2
1
-3
2
0
-6
-1
0
3
-1
-3
-2
-2
-2
-6
-3
-6
-4
-2
-5
-8
-7
-5
1
0
0
3
8
4
0
7
5
4
10
5
3
2
-2
1
6
2
5
8
11
10
8
14
9
13
17
6
6
6
2
3
4
5
6
8
5
9
9
8
6
0
-1
-2
-1
-6
-5
-5
-7
-10
-4
-5
-6
-4
-5
-4
-5
-10
-11
-9
-6
-6
-6
-3
-4
-5
-1
0
-1
2
-5
-6
-9
-11
-14
-22
-12
-11
-13
-7
-9
-5
-2
-4
2
-1
0
5
-1
4
2
-2
-4
-11
-8
-12
-12
-4
1
3
8
14
13
11
14
21
17
13
12
7
8
5
9
13
11
14
10
11
12
11
12
12
16
12
10
7
2
-2
-10
-8
-6
-7
-3
1
-4
-2
-3
-5
0
-9
-11
-6
-11
-3
-2
-3
2
-5
-9
-11
-14
-11
-8
-6
-2
-3
-2
-4
-4
1
-1
-1
-3
-11
-11
-9
-10
0
2
5
8
5
9
9
3
2
2
-5
-7
-4
-6
-6
-4
-2
-2
-2
0
4
7
9
4
7
6
0
-2
-5
-2
-3
0
-3
-4
1
-1
4
11
7
3
5
3
-2
2
5
5
4
7
7
3
-4
-3
-3
0
0
-4
-3
-2
2
7
1
-3
-2
0
-3
-2
2
-3
0
4
5
8
6
6
8
5
5
2
-4
1
4
2
1
6
2
4
8
1
4
0
-1
0
-2
-1
-8
-7
-8
-14
-13
-12
-12
-11
-12
-11
-7
-7
-6
-8
-13
-9
-5
-8
-3
-1
-3
-1
2
2
8
6
0
3
4
3
5
3
0
-1
5
4
0
3
-1
3
5
9
11
9
11
6
1
0
0
0
4
5
2
-3
2
5
-2
-4
-5
1
6
1
2
4
3
7
9
1
-4
4
4
0
3
6
-1
1
5
5
3
1
-1
-2
-5
-6
-7
-4
2
-4
-4
1
-6
-7
-7
-9
-4
-4
3
3
1
2
3
4
0
-3
-6
-4
0
0
3
-4
-7
-4
-8
-9
-10
-6
-6
-14
-11
-3
-5
-4
5
4
-4
3
1
-4
-3
-5
3
4
-2
3
7
5
5
2
0
-3
-1
0
0
3
4
7
8
6
6
4
4
3
6
10
11
11
11
7
8
13
7
5
3
-3
-2
-5
-4
-3
0
7
4
2
6
5
1
1
1
-2
-5
-6
-3
-4
-2
-5
-6
-5
-6
-2
-2
-5
-4
-1
-1
-3
-3
-2
-3
-4
-6
-9
-12
-12
-13
-5
-3
-6
-6
-4
-2
-5
-6
-8
-6
-6
-11
-7
0
-3
-10
-9
-1
-2
-3
6
7
4
7
2
2
7
10
12
10
12
6
4
4
6
7
9
9
15
20
15
15
15
11
6
0
-4
-2
-1
-2
0
-3
-1
2
-1
5
7
1
0
4
2
-2
-3
-4
-7
-8
-9
-8
-11
-12
-10
-8
-7
-5
1
6
2
4
8
5
-2
-5
-5
-7
-8
-4
-5
-1
4
4
-2
-3
2
-2
0
-3
-7
-4
-9
-5
-5
-7
-6
-1
-4
-4
-2
-2
4
6
2
5
1
-1
3
1
2
1
1
-4
-5
0
0
1
5
2
-1
1
1
5
1
3
5
3
2
0
5
1
4
8
6
4
4
10
7
5
11
9
6
9
4
4
-2
2
6
2
4
2
-1
-1
2
4
2
-1
-2
-7
-10
-10
-11
-3
-2
0
2
-5
-5
-4
-2
-3
-6
-5
-5
-6
-4
-4
-2
0
1
2
-7
-6
2
-4
-2
-5
-6
-2
-3
0
4
-1
-2
-1
-4
-1
-1
-1
-2
-4
-5
-3
-3
-6
-4
-3
-2
3
0
4
11
15
10
7
5
3
6
4
3
3
2
2
6
0
0
2
-4
-1
6
8
0
1
0
3
1
-4
-6
-8
-8
-8
-4
-3
-5
-3
2
0
2
5
8
5
2
4
0
-1
-1
-1
-3
-1
6
9
8
3
4
7
7
5
7
0
-4
-2
3
3
-1
-1
0
1
-6
-6
-4
-6
0
0
-2
2
-2
-4
-2
0
-2
-8
-5
0
1
7
8
-1
-3
-4
-7
-4
-3
-3
-3
-3
-8
-9
-5
-7
-7
-6
-8
-7
-3
3
8
5
4
7
4
0
1
-6
-12
-12
-9
-6
-3
-3
-2
3
1
-4
-3
3
2
-4
-3
3
2
2
3
5
11
13
11
12
16
13
17
15
10
5
4
8
2
3
-1
1
7
4
5
2
5
4
0
1
3
2
1
2
4
0
-1
-1
-4
-8
-7
-4
-7
-7
-5
-3
-5
-2
-4
-6
-3
-6
-1
0
-5
-7
-10
-6
-5
-8
-1
-2
-6
-1
0
-2
-1
-3
-6
-8
-10
-11
-11
-14
-11
-5
-6
2
5
-3
0
6
9
6
6
3
-1
-2
-5
-3
-1
2
3
4
6
9
11
10
12
11
9
9
5
5
8
6
5
6
6
5
4
-1
-1
1
4
4
4
4
3
2
-2
3
1
-1
4
-2
-7
-2
-2
3
7
4
4
1
1
-3
-4
-3
-10
-9
-2
-4
-1
0
-1
-1
-2
-4
-3
2
-1
-2
2
-3
-6
-3
-6
-6
-11
-6
-6
-9
-6
-7
-3
-4
-5
-4
-3
-8
-11
-6
-5
-5
-5
-2
2
0
-1
3
2
3
5
3
8
2
0
2
0
1
5
5
1
3
8
8
9
15
9
9
13
6
6
8
7
6
8
1
-3
2
3
1
-2
-2
-3
-6
-4
-2
2
6
4
5
1
1
1
2
6
0
-5
2
7
8
5
3
3
0
-2
-4
-11
-8
-7
-8
-7
-7
-5
-6
-10
-7
-6
-10
-6
-4
1
0
-4
-3
-4
-5
-8
-9
-10
-9
-11
-8
-5
-10
-7
-7
-6
-2
-2
-6
-1
4
2
4
3
8
10
7
6
5
4
6
7
0
5
16
19
16
15
15
17
15
11
7
5
5
-3
1
2
0
7
4
5
4
3
0
5
5
2
-1
-8
-7
-11
-9
-9
-13
-8
-7
-7
-8
-11
-7
-6
-7
-9
-2
0
-2
4
0
3
1
-2
0
-5
-5
-2
1
-2
2
3
-3
3
5
4
3
2
3
0
-4
-12
-9
-11
-14
-5
-1
-1
0
-4
-3
0
-2
5
4
1
1
-1
-1
-2
-1
1
-1
-2
6
6
8
10
13
9
5
6
5
7
4
1
0
1
1
-1
2
4
5
4
7
8
8
10
11
4
6
5
-4
-2
-3
-4
-3
-9
-7
3
1
0
0
2
-1
-6
-4
-6
-10
-17
-13
-9
-8
-11
-9
-11
-11
-7
-6
-1
-1
2
5
1
2
-2
-4
-6
-6
-3
-3
0
5
9
16
13
10
12
10
7
10
4
2
-4
0
6
0
-1
-2
-4
-7
-4
1
-2
0
4
1
3
2
-1
-5
-7
-6
-3
-1
-3
-1
-1
-2
0
-1
0
1
0
5
2
7
11
1
5
6
4
7
0
3
2
2
11
9
7
7
3
-2
-3
-4
-1
-9
-2
-4
-11
-5
-11
-10
-6
-8
-8
-1
-2
-2
-2
-5
-2
-5
-4
-4
-8
-8
-5
-6
-4
0
0
4
4
6
7
5
5
5
2
0
2
2
0
1
0
-1
0
0
1
1
1
5
5
7
9
8
3
3
0
-6
-4
-5
-6
-4
-4
-3
-1
-1
6
5
2
5
1
3
-1
0
0
-3
3
4
6
7
5
4
-3
-1
-4
-5
1
2
2
5
4
3
3
2
0
3
-3
-4
2
2
5
3
4
2
1
-5
-1
2
-2
-1
-4
-6
-6
-4
-4
-5
-3
-5
-8
-7
-6
-8
-8
-5
-8
-6
-1
-5
-8
-3
1
-3
-8
-6
-1
-3
-4
-3
-7
-9
-2
-5
-3
5
7
5
5
4
2
4
5
7
8
10
12
16
16
12
6
6
11
4
4
7
0
-5
1
3
4
5
3
3
4
6
4
5
9
7
5
2
5
0
-6
-3
-6
-6
-5
-2
-1
-3
-2
-3
-4
-7
-7
-3
-2
-1
-2
-3
0
-3
-2
-1
2
-1
-3
2
0
0
-2
-2
1
-5
-7
-8
-6
-5
-11
-13
-12
-11
-17
-17
-10
-12
-10
-4
-4
-3
3
1
2
5
4
7
6
1
1
-1
-3
-1
3
6
7
12
14
10
13
9
9
10
9
10
8
12
9
8
12
11
12
9
6
10
12
10
5
-2
-2
0
-3
-8
-8
-5
-4
-3
0
-2
-5
-1
-4
-8
-11
-7
-9
-12
-10
-7
-5
-9
-6
1
0
3
-1
-1
1
2
-1
-3
-1
-2
-1
3
4
0
2
-3
-8
-4
-3
-1
-1
0
2
4
7
0
-3
-5
-10
-8
-6
-2
-3
-7
-2
-1
2
4
3
2
-1
-7
-7
-8
-10
-4
-1
-1
2
-1
-1
2
3
6
9
9
10
13
13
5
5
7
1
1
4
3
4
0
5
8
6
10
8
4
7
6
4
0
-1
-3
-2
1
4
5
0
0
-1
-1
-3
-7
-5
-8
-13
-9
-5
-5
-7
-2
-1
-5
-5
-3
-4
-5
-7
-4
-5
-3
6
-3
0
1
-6
3
-1
-2
1
-3
-10
-5
2
0
-2
3
-3
-6
2
8
11
7
5
12
12
7
8
6
3
2
1
-1
0
3
-5
-8
-5
-5
-7
-16
-7
0
-7
-7
0
-2
-7
-3
-1
1
-3
3
5
-3
2
7
8
5
-4
-1
4
4
3
0
0
-1
4
7
2
6
14
4
4
12
10
14
8
0
-1
-4
-1
2
4
-1
2
4
-1
-6
-9
-10
-5
-5
-7
-3
-9
-10
-7
-5
-7
-6
-2
-7
-9
-6
2
2
-2
0
-2
-2
2
-1
-1
0
-2
-9
-10
-8
-7
6
11
8
9
7
9
12
8
8
11
4
3
3
-1
-1
1
0
0
-3
-3
3
4
4
2
7
8
6
4
2
2
-1
-8
-12
-8
-9
-1
0
-2
1
6
4
-2
-2
-8
-8
0
-4
-6
-2
-3
-3
0
-5
-5
-7
-11
-5
-3
-2
1
1
-1
-4
1
6
5
1
0
-4
-5
5
1
1
7
8
8
2
3
2
-4
0
-2
-3
-1
-1
-1
2
1
4
5
4
10
7
3
6
3
-2
-2
-2
-1
1
-2
5
7
4
1
-1
0
3
6
8
10
0
-5
-10
-8
-4
-6
-2
-3
-3
1
3
3
5
4
3
6
4
-3
-5
-2
-3
-2
-3
-6
-3
-5
-4
-3
-6
-8
-8
-7
-6
-4
-5
-3
-7
-8
-3
-8
-7
-3
-4
0
-2
-2
-3
-5
-1
-2
-1
-1
1
6
3
4
10
3
1
3
5
9
10
12
14
14
13
11
9
4
1
2
-2
-4
-3
0
2
0
3
6
3
-1
0
-2
-1
1
-2
-1
0
-3
1
2
4
8
5
2
1
4
-1
-2
2
2
0
-3
-3
-1
-2
-10
-5
-4
-3
-1
-6
-8
-9
-12
-10
-8
-8
-7
-1
-4
-8
-4
-11
-9
-6
-6
-6
-12
-6
-7
-10
1
1
2
-1
0
10
6
3
10
0
4
5
-2
2
6
13
12
11
7
9
9
6
8
8
2
3
5
7
11
8
10
8
4
5
6
1
-8
-1
1
0
1
-2
0
3
6
0
-3
-6
-6
-4
-5
-4
-1
0
-3
-5
-7
-7
-5
-8
-7
-6
-4
-2
-2
-4
-2
-2
1
0
-8
-4
-7
-9
-10
-11
-10
-3
5
1
3
1
1
0
2
3
4
3
1
1
7
10
5
10
4
4
9
4
0
1
1
-2
-3
-3
-1
2
1
0
3
7
7
3
3
-2
-4
-5
-9
-2
2
1
2
3
-2
-8
-2
-2
0
2
0
1
7
2
4
5
2
2
4
4
3
5
4
7
6
2
3
7
9
9
7
2
1
0
-5
-10
-13
-11
-12
-14
-12
-12
-12
-10
-7
-8
0
-1
-7
-7
-4
-5
-6
-4
-6
-3
2
-4
-1
-1
-5
-2
4
3
4
7
5
10
4
1
-1
-3
-3
-5
0
5
9
8
11
15
14
14
12
8
2
1
-2
-4
-2
1
6
0
3
9
4
8
7
5
4
0
1
-7
-9
-6
-4
-4
0
