7
10
9
8
7
3
2
5
4
2
2
-1
-2
-5
-6
-6
-3
3
7
5
8
2
-3
-5
-9
-7
-9
-6
-11
-9
-3
-13
-10
-9
-11
-11
-11
-1
-2
-6
-2
3
2
-2
3
3
4
0
-2
5
10
13
7
7
9
0
3
1
2
4
3
-2
-5
3
1
-1
2
3
5
5
6
9
7
4
2
-1
1
2
-1
-6
-4
1
-4
-7
-4
-4
-6
-5
0
-4
-8
-4
-4
-5
-3
-2
-8
-3
-2
-9
-3
2
1
2
5
8
8
6
3
5
4
-3
0
0
1
4
2
5
7
2
6
10
6
6
4
1
-2
2
6
-2
0
-1
-5
-4
-3
-8
-9
-6
-1
-1
-5
-1
3
2
-4
-4
-4
-4
-6
-4
-1
-2
2
1
1
7
10
8
12
12
5
2
4
2
2
-3
-1
-1
-8
-2
2
5
10
7
7
3
-1
-5
-7
-7
-9
-15
-17
-13
-14
-7
-6
-8
-2
-2
-6
0
-3
-8
-3
-5
-8
-2
4
4
-2
3
7
3
1
4
4
0
2
3
8
11
11
13
11
6
5
5
4
3
4
6
3
5
8
7
4
4
5
5
5
-1
-5
1
-1
-6
-5
-3
3
2
0
1
1
1
1
-3
-4
-3
-7
-4
-10
-8
0
-5
-6
0
3
0
-1
-7
-5
0
-5
-11
-4
-5
-2
1
-4
0
-1
1
1
-7
-7
-6
-6
-7
-5
-4
-3
-5
-6
1
3
7
6
-1
6
9
6
6
3
3
4
0
2
9
4
-4
-5
-3
1
2
0
-3
1
4
0
-1
-3
-2
3
6
5
8
10
13
10
4
12
7
4
4
4
2
2
2
0
3
-1
-5
-8
-4
5
-1
-2
-3
-5
-2
-1
-2
-6
-10
-6
-4
-6
-7
-8
-9
-5
1
0
1
-8
-7
0
-3
-9
-9
-6
-10
-8
-6
0
6
3
5
6
9
8
9
7
11
12
5
-1
-1
4
6
2
-3
0
1
3
-1
-1
2
2
5
3
1
-6
-4
-4
-6
-2
-6
-6
-2
3
7
7
3
2
-3
-2
0
-2
-2
-6
-4
-3
-3
-9
-2
2
3
6
5
7
7
6
3
0
-2
-2
-5
-11
-7
-3
-6
-10
-3
4
3
5
7
6
4
5
6
4
6
5
4
3
4
4
2
-1
-1
1
-3
-4
0
0
0
-3
-2
3
-2
-2
-1
-6
-7
-5
-3
-7
-5
0
-1
-2
-1
5
1
-3
-4
-5
-5
-4
1
4
4
5
1
-1
5
3
3
4
0
3
6
1
-4
-6
-3
-3
-6
-3
-1
-2
5
3
3
6
5
9
5
3
4
4
-4
-5
-1
-3
-5
-2
3
-5
-5
2
4
5
2
1
7
8
-2
1
5
1
3
0
2
2
0
4
4
5
4
-1
-2
2
0
0
-1
-3
-2
-5
-8
-4
-3
-4
-3
-3
-7
-8
-6
-6
-6
-2
-3
-6
-7
-10
-7
-6
-13
-10
-9
-5
-3
-3
0
3
2
5
6
2
5
3
1
6
3
5
10
6
4
10
14
10
8
14
16
10
8
7
-3
-1
-5
-5
3
-5
-4
7
1
1
6
-1
-3
0
2
1
-2
2
10
3
-1
4
-1
-2
-4
-7
1
-1
-7
1
5
1
2
1
-4
-5
-4
-6
-3
-5
-5
-2
-14
-13
-9
-8
-9
-7
-2
-1
5
2
4
5
-2
-6
-5
-3
-2
-1
-2
0
3
5
1
-6
-1
2
1
-1
-13
-1
3
-1
0
-2
17
7
3
9
4
4
1
0
4
-6
-8
-2
4
5
-2
3
2
1
2
4
7
7
6
5
5
6
10
-3
-5
-2
-1
-4
-11
-3
-4
-2
-2
-2
-4
-4
0
2
6
13
10
7
11
5
3
4
5
-3
-6
-8
-12
-11
-9
-8
-6
-4
-6
-6
-5
-1
-1
1
-1
1
5
1
4
6
3
5
5
11
14
15
11
8
10
-1
0
0
-1
-4
-10
-11
-12
-9
-16
-15
-12
-9
-6
-8
-9
2
1
-1
5
6
6
-2
-5
-4
-5
-5
-3
3
6
2
-1
0
5
4
6
11
9
7
3
0
4
-1
0
7
4
0
4
3
3
4
3
3
-4
-1
1
-5
1
-1
-4
-7
-13
-9
-6
-5
-1
0
0
2
2
9
6
-3
3
1
-2
2
-2
-1
-2
0
5
2
2
7
4
1
3
3
-2
-3
-2
1
-2
-7
2
2
-2
4
7
1
5
8
3
1
-1
-2
-1
-3
-4
-6
-9
-7
-3
1
0
-3
4
5
5
-7
-7
0
-2
-3
-8
-5
-2
-4
-4
0
4
2
0
-3
-4
0
-3
2
2
-5
2
4
0
1
3
5
5
6
2
0
-2
1
4
1
1
-1
-1
-3
-3
-5
-3
-1
-1
0
4
6
5
4
-3
-4
1
3
6
-1
2
0
1
0
0
4
-1
-6
-3
6
10
7
5
8
6
2
-6
-4
0
-4
-4
1
9
2
-2
1
1
-2
-3
-5
-1
1
-2
-2
1
7
1
0
0
-2
-5
-5
-3
-4
-2
-3
-3
-4
-7
-10
-8
-7
-9
-11
-4
0
-5
-1
4
3
10
8
-1
4
-1
-1
3
3
5
3
3
3
2
0
-4
-4
1
-6
-1
-1
-2
3
4
3
7
8
5
7
8
7
7
6
0
0
3
0
3
2
2
1
1
-2
-3
-2
-4
-2
-1
-3
-2
1
-4
-9
-2
-6
-7
-4
-1
4
1
6
0
-1
-2
-1
2
-7
-4
7
5
-1
0
0
1
5
3
1
-3
-4
-4
0
8
2
0
0
-3
-2
2
-6
-6
-3
-6
-9
-11
-8
-10
-5
-4
-5
2
-2
-4
-4
-2
-2
-1
-3
-3
-1
3
9
9
8
4
6
4
2
4
0
6
1
-1
2
1
7
-4
0
5
2
5
11
14
15
19
16
11
11
4
3
5
-6
-8
-6
-2
0
4
8
5
2
2
3
-4
-6
-6
-12
-8
-14
-14
-8
-5
-4
-2
-3
-4
-3
-3
-12
-12
-11
-15
-11
-10
-5
0
-6
-7
-2
-1
-3
-7
1
8
4
2
2
5
3
4
6
5
4
0
-5
0
-2
-7
-3
-2
-2
5
2
-1
-2
-2
6
3
6
3
-3
-2
-2
0
-1
6
11
15
18
16
14
14
11
7
7
3
1
3
4
7
0
1
4
0
1
3
4
0
-3
-3
-2
-2
-8
-9
-6
-10
-10
-7
-5
-11
-9
-6
-6
-2
-2
2
0
1
-2
-3
-1
-5
2
0
-2
-4
-3
-6
-11
-8
-11
-12
-9
-4
2
1
-6
-7
-3
1
-3
3
2
1
5
5
7
3
4
12
11
5
6
6
6
2
0
7
5
3
8
11
14
14
12
6
1
3
1
-1
2
-1
-5
-5
0
8
8
2
-7
-7
-13
-11
-5
-9
-8
-5
-7
-8
-4
-5
-5
-6
-4
-3
-1
1
-4
-2
-3
-5
-4
-4
-2
4
5
-1
-5
2
2
2
6
3
3
1
4
4
2
8
8
9
6
4
9
7
4
1
-3
-2
-3
-1
-2
-3
-2
-6
-2
3
1
4
4
1
-6
-7
-7
-5
1
-1
2
4
4
4
2
1
0
-2
-4
-4
0
1
3
6
2
1
-1
-6
-4
-2
3
1
1
5
-6
-7
-6
-5
-1
-7
-5
1
-2
0
-3
-5
-3
-5
-4
-4
-2
-1
0
3
5
4
3
7
5
2
1
-1
-1
-6
-1
3
8
8
3
4
7
1
3
6
5
4
0
1
3
0
-5
-3
3
4
8
11
10
10
5
-7
-7
-7
-13
-3
-8
-10
-10
-11
-6
-7
-10
-9
-3
1
3
-1
4
7
8
6
5
6
1
4
0
-8
-1
-1
-1
2
1
5
3
7
4
-1
1
1
-1
-7
0
0
1
4
1
2
1
1
3
8
5
4
2
-1
3
3
0
3
-5
-8
-6
-7
-6
-6
-5
-7
2
-1
-1
0
-4
-1
-4
-3
-2
0
6
3
-3
-10
-5
-3
-6
-3
-2
4
-2
0
6
4
6
4
-6
-5
2
0
2
2
-2
2
7
9
12
13
12
8
6
-1
-2
3
1
1
-2
4
5
7
6
1
3
0
-2
-9
-6
-3
-7
-5
-5
-5
-1
-4
-12
-5
-5
-4
1
8
9
4
8
6
3
2
2
2
-3
-4
1
0
-1
1
1
3
-2
-4
0
-3
-6
-5
-3
-5
-6
-3
-4
-3
-4
-5
-2
-3
-6
-6
-6
0
2
0
3
0
-2
-2
-2
-5
-8
4
2
1
10
8
11
13
6
11
9
2
5
6
5
1
1
5
2
-3
2
4
4
0
-3
-4
-1
-4
-5
-1
1
0
0
2
4
-1
-1
-3
-2
4
2
0
0
1
-2
-6
-4
3
3
-6
-8
-10
-7
-2
4
5
1
0
3
4
4
6
-2
-2
3
-2
0
-5
-8
-4
-7
-9
-5
-4
2
1
1
5
3
2
1
-4
-4
3
1
-2
-4
-1
2
2
2
2
2
2
1
-3
-4
-8
-8
-3
-6
-2
-1
-3
0
-1
0
3
7
3
-3
4
7
5
8
10
9
5
3
7
7
8
5
-1
1
4
2
3
7
3
3
2
3
-1
-1
2
-4
-3
2
-3
-6
-4
-14
-11
-8
-8
-6
-3
-1
-1
0
-4
2
-3
-9
-5
-13
-10
-6
-14
-2
3
-4
2
6
2
8
11
6
8
8
2
-2
-3
-1
-1
-2
-2
-5
1
3
-2
5
5
7
10
7
5
10
5
5
7
2
-1
-4
-1
3
3
2
0
2
0
5
8
10
6
-1
5
-2
-7
-8
-14
-11
-9
-7
-4
-2
-1
-5
-7
-5
-4
-3
-5
-7
-9
-8
-7
-8
-4
-4
-4
0
-7
-3
-3
3
12
9
12
8
8
12
4
3
-2
-4
0
-3
-5
-1
7
1
5
4
3
6
3
4
2
5
0
-3
-4
-6
4
1
0
2
1
3
6
9
4
3
2
1
5
4
3
7
8
4
1
-4
-5
-2
-2
1
-1
-4
-7
-4
-4
-8
-5
-8
-11
-8
-5
-1
-5
-3
-5
-6
-3
0
0
-4
0
-4
-2
1
0
2
1
0
-3
0
2
2
1
1
4
0
-3
2
5
6
7
2
1
-2
-6
-5
-3
-4
-3
2
3
4
5
5
4
5
3
3
6
2
0
2
4
4
7
7
4
7
9
6
-2
-4
-1
-2
-5
-5
-2
-1
1
5
3
-2
-1
0
-1
-3
-7
-5
-3
-8
-14
-12
-7
-10
-13
-11
-3
-2
1
1
0
-2
-1
-2
-1
2
4
5
2
5
7
3
4
8
6
3
-2
-4
1
-1
-1
4
6
4
2
5
9
11
9
0
2
2
-7
-4
0
-1
-2
-5
-3
-1
-1
-1
1
5
1
-1
-2
-2
2
2
4
3
-2
-2
3
1
-2
1
0
-3
-2
2
-6
-3
3
2
0
-1
-4
-8
1
5
-1
-2
-4
-7
-7
-8
-7
-8
-5
-1
-8
-2
-2
-5
-5
-9
-7
-8
-9
-4
1
4
6
6
8
9
9
10
9
8
4
7
5
1
8
5
9
9
5
10
5
-1
4
7
2
-4
4
3
-3
-2
-3
-2
4
7
14
9
4
0
-3
0
-4
-9
-13
-9
-4
-9
-9
-6
-10
-12
-11
-12
-7
-6
-4
-1
2
3
6
6
1
0
1
1
-2
-9
-7
-6
-5
-1
-2
6
10
9
8
1
-1
-1
1
0
-6
-6
-6
-2
1
0
1
8
10
11
11
7
6
-3
-4
1
5
-2
-4
-2
-4
-4
-6
-3
0
1
8
12
11
10
5
7
8
5
-1
-4
0
1
1
0
-1
1
-1
-3
-4
1
-3
-4
-4
-4
-2
-4
-5
-7
-1
-3
-4
1
-4
-3
2
-1
-3
-1
-5
-4
-3
-6
-4
2
-2
-4
-7
-5
2
0
3
1
1
0
-3
-3
-5
-3
-4
-7
-3
2
0
3
8
11
9
9
11
7
8
6
7
8
8
9
6
9
3
5
10
-2
-1
-1
-5
-3
-2
-1
-3
-2
0
-4
-5
-8
-7
-6
-8
-8
-4
-3
-9
-11
-5
2
-1
-4
-5
-2
3
3
2
3
-1
-3
-1
0
0
6
5
4
7
11
7
2
-6
-6
2
-9
-12
-4
-1
-1
3
7
6
9
2
0
4
-1
3
0
2
0
1
4
3
4
2
0
-2
0
0
-1
-3
-5
-5
-9
-6
1
0
-4
-1
-2
5
2
-2
3
0
0
0
-4
-5
1
5
4
3
2
-2
-3
-7
-13
-5
-6
-6
0
1
3
1
1
0
3
6
0
-2
4
3
-2
4
8
-3
-6
11
8
0
10
15
5
-8
5
14
-3
-9
3
-1
-14
-5
5
0
2
9
2
6
9
-1
4
4
-3
-5
-4
1
-6
-3
5
-2
-9
-5
0
-6
-8
-5
-2
-2
-3
2
4
0
-5
-7
1
3
1
2
2
-1
-5
-3
-2
-2
-7
-7
-1
-6
-4
0
-1
2
-2
2
8
-2
-4
-1
1
6
3
-1
1
6
8
0
-3
-1
0
1
5
5
7
2
-1
-1
-1
2
3
4
3
2
1
-2
2
9
2
2
2
2
0
-5
-2
-2
-2
-3
0
9
7
2
4
-2
-2
-1
0
2
6
2
3
0
-4
-3
-5
1
1
-1
-1
-2
4
5
0
1
-2
-7
-7
-8
-7
-9
-6
-7
-7
-2
-4
-2
2
1
-1
-4
0
2
-7
-9
-6
2
0
-4
0
3
0
-3
0
1
-3
-7
-11
-3
1
-1
-2
4
5
3
8
5
8
6
4
9
8
8
11
5
5
5
3
9
7
2
-2
1
-3
-7
-2
-2
4
0
1
2
0
6
4
0
1
-2
-4
-4
-8
-4
0
3
9
3
3
9
8
5
4
3
-1
2
-2
-5
-5
-5
-6
-7
-9
-8
-13
-15
-8
-9
-5
-2
-3
2
5
1
-5
-5
-5
-9
-12
-9
-6
-2
-1
1
7
7
8
9
5
0
6
4
-2
-4
-2
1
-1
4
6
6
7
4
3
1
2
1
0
1
-2
-3
-1
3
8
8
4
-5
1
4
-1
3
1
2
2
-1
3
-1
-4
-4
2
0
-7
-3
-2
2
7
1
2
6
6
8
5
3
6
2
-5
-2
0
1
4
-1
-3
1
0
1
0
-1
1
-2
0
-3
0
2
-9
-6
-3
-6
-4
-5
-4
-2
-4
-5
-8
-6
-3
-1
1
1
-2
-6
-5
-5
-3
1
1
5
2
-4
-3
-6
-6
-3
-8
-4
1
3
5
8
6
3
1
1
3
5
4
1
4
3
5
4
4
11
5
6
8
3
3
8
7
-1
-1
-2
-3
0
-2
-2
3
4
3
1
1
-1
-2
-5
-2
4
1
-2
-2
2
-1
-3
-5
-5
-6
-4
-4
-7
-4
-4
-4
-6
-4
1
5
5
3
6
5
10
5
-1
1
0
-5
-6
-6
-11
-15
-6
-2
-2
-1
-1
2
1
0
-2
-2
7
10
11
6
11
8
0
2
2
5
0
-2
-1
-3
-8
-5
-3
0
2
-4
-1
-8
-11
-2
-2
-4
0
-1
-4
-2
2
0
1
-2
3
8
6
2
-3
4
5
-2
-2
-4
-5
-5
-5
2
2
4
6
7
6
3
5
11
11
14
8
5
11
7
-3
-7
-5
-8
-9
-4
-4
1
-1
-7
1
-5
-5
-7
-8
-3
-13
-11
-4
-4
1
1
2
3
4
9
5
1
1
-2
-1
-1
-2
-4
-6
-10
-5
0
0
5
1
-2
2
-2
-4
-5
-8
-7
-11
-13
-9
-8
-6
-2
-1
3
8
10
11
14
16
17
22
24
23
16
15
17
16
15
15
21
18
10
14
14
10
8
3
-3
-2
-9
-14
-19
-24
-24
-22
-25
-28
-26
-24
-23
-23
-19
-18
-16
-17
-16
-14
-14
-8
0
-3
0
1
-1
9
7
6
9
8
10
13
7
2
5
1
-1
-2
-2
0
1
-4
-5
-7
-6
-5
-7
-14
-12
-8
-5
-2
-6
-2
-3
1
6
5
12
13
17
19
19
21
19
20
26
29
27
27
26
31
29
32
37
32
31
25
24
22
21
18
13
8
11
9
0
-5
-12
-16
-21
-28
-31
-33
-38
-40
-42
-39
-39
-45
-47
-44
-39
-38
-35
-33
-34
-29
-26
-29
-20
-15
-14
-10
-7
-10
-9
-7
-6
0
-4
0
-1
0
2
4
9
9
7
12
16
12
14
11
9
11
14
14
11
13
17
19
18
15
15
16
20
18
19
27
25
24
33
38
35
35
39
37
36
34
28
28
23
23
27
25
22
19
25
20
13
18
19
14
2
5
5
-5
-8
-12
-18
-26
-29
-28
-35
-39
-37
-34
-40
-49
-48
-50
-51
-56
-60
-59
-62
-64
-66
-60
-56
-54
-52
-48
-52
-50
-38
-32
-25
-16
-10
-11
-7
2
6
9
14
21
27
25
24
37
41
46
47
45
48
44
42
43
39
34
38
37
35
37
37
29
25
28
25
18
18
15
16
17
16
18
19
22
25
26
32
33
36
40
39
44
45
40
34
26
25
20
18
13
4
3
5
3
-7
-4
-3
-11
-12
-12
-19
-32
-42
-51
-62
-65
-61
-66
-70
-72
-69
-68
-67
-62
-74
-69
-62
-74
-73
-75
-82
-81
-80
-74
-77
-81
-71
-60
-57
-38
-26
-22
-14
0
11
17
29
40
46
53
64
70
75
81
89
103
112
117
117
112
107
104
94
87
78
65
53
43
33
20
11
3
-6
-10
-9
-10
-10
-8
-6
-4
-6
-5
0
4
7
5
8
14
16
18
20
26
30
26
25
31
26
28
26
17
15
0
-7
-15
-24
-29
-36
-43
-54
-57
-63
-74
-72
-71
-75
-75
-77
-74
-63
-70
-69
-64
-61
-58
-67
-72
-67
-68
-71
-63
-61
-68
-70
-62
-69
-66
-59
-51
-42
-40
-31
-24
-12
0
7
18
26
39
55
70
82
97
116
129
132
138
149
154
157
157
160
156
146
143
139
128
118
99
75
59
45
26
3
-15
-26
-44
-60
-70
-82
-88
-85
-88
-77
-76
-73
-65
-65
-57
-70
-64
-49
-39
-24
-13
-2
13
30
33
44
46
41
40
29
19
0
-22
-47
-80
-105
-151
-195
-217
-250
-279
-319
-358
-358
-360
-354
-342
-361
-343
-300
-265
-224
-203
-160
-103
-63
-11
34
74
109
141
167
188
204
202
196
180
159
139
105
75
33
5
-18
-38
-43
-49
-45
-25
7
44
98
153
214
295
378
460
551
632
736
856
933
1012
1080
1144
1239
1274
1275
1262
1226
1183
1095
972
832
673
491
294
96
-103
-297
-492
-680
-833
-974
-1094
-1182
-1274
-1326
-1352
-1362
-1336
-1320
-1291
-1229
-1154
-1060
-972
-888
-771
-655
-533
-402
-290
-171
-52
46
137
210
269
308
318
319
300
262
211
153
91
18
-57
-124
-180
-231
-272
-305
-321
-325
-319
-296
-255
-204
-144
-67
16
104
205
301
402
510
608
714
815
894
969
1016
1038
1054
1026
971
896
797
693
561
408
259
107
-46
-195
-327
-448
-545
-634
-713
-750
-766
-754
-727
-691
-620
-532
-423
-302
-173
-29
119
283
442
597
750
892
1010
1105
1179
1239
1255
1222
1152
1036
910
749
531
302
60
-191
-458
-723
-955
-1177
-1379
-1571
-1722
-1810
-1875
-1906
-1915
-1913
-1859
-1785
-1685
-1570
-1463
-1327
-1155
-970
-777
-567
-338
-92
153
403
650
885
1088
1258
1388
1479
1550
1557
1511
1435
1318
1194
1048
881
718
559
412
281
173
82
5
-55
-103
-128
-135
-130
-93
-55
7
103
217
358
512
685
865
1049
1221
1373
1505
1591
1624
1605
1539
1423
1248
1014
744
445
123
-220
-566
-895
-1218
-1526
-1801
-2041
-2248
-2416
-2542
-2625
-2665
-2652
-2598
-2495
-2357
-2188
-1960
-1697
-1396
-1070
-722
-355
14
385
733
1067
1360
1607
1808
1947
2036
2063
2026
1937
1789
1601
1382
1122
838
540
244
-53
-335
-598
-838
-1050
-1226
-1372
-1475
-1524
-1538
-1511
-1446
-1331
-1177
-988
-758
-498
-214
85
398
708
1011
1296
1557
1783
1968
2112
2206
2242
2228
2162
2048
1888
1690
1462
1201
925
647
368
97
-164
-409
-622
-809
-968
-1088
-1171
-1215
-1229
-1203
-1141
-1041
-917
-770
-594
-391
-182
22
233
421
607
767
879
978
1022
1029
990
901
768
588
367
105
-185
-511
-852
-1204
-1563
-1916
-2249
-2565
-2850
-3077
-3267
-3393
-3453
-3450
-3368
-3225
-3008
-2724
-2383
-1990
-1543
-1056
-541
-15
518
1053
1564
2042
2482
2884
3227
3509
3722
3869
3953
3954
3890
3764
3568
3309
3008
2662
2274
1868
1441
1015
592
180
-203
-559
-874
-1154
-1387
-1559
-1690
-1769
-1796
-1783
-1716
-1618
-1482
-1304
-1110
-889
-653
-426
-185
50
267
473
648
792
902
969
1008
1005
959
877
763
628
473
291
96
-98
-305
-508
-694
-873
-1027
-1165
-1278
-1356
-1410
-1435
-1431
-1397
-1328
-1239
-1122
-985
-837
-667
-489
-310
-131
42
207
362
492
605
700
759
794
794
764
703
616
500
362
196
17
-172
-375
-574
-769
-955
-1120
-1273
-1387
-1465
-1512
-1502
-1451
-1357
-1219
-1044
-812
-545
-262
44
366
684
1004
1317
1613
1889
2133
2327
2493
2617
2693
2734
2701
2627
2520
2353
2160
1928
1656
1376
1080
770
452
128
-175
-462
-728
-974
-1183
-1346
-1492
-1606
-1681
-1712
-1715
-1694
-1643
-1570
-1464
-1344
-1213
-1071
-921
-765
-612
-463
-326
-195
-81
11
89
151
186
195
187
155
112
56
-15
-96
-189
-276
-364
-439
-515
-577
-609
-642
-652
-654
-628
-573
-522
-449
-363
-258
-146
-27
106
241
387
530
658
791
923
1036
1130
1195
1250
1286
1298
1293
1245
1180
1117
1027
923
795
645
499
352
196
22
-141
-306
-470
-623
-771
-898
-1006
-1106
-1182
-1232
-1245
-1224
-1205
-1152
-1068
-961
-824
-682
-528
-366
-207
-48
113
262
391
522
634
715
791
842
892
920
903
898
883
845
806
730
647
570
475
384
281
164
56
-57
-165
-259
-353
-435
-507
-569
-612
-645
-669
-680
-686
-678
-660
-636
-606
-576
-539
-496
-453
-412
-368
-318
-269
-225
-179
-129
-75
-23
21
68
118
153
185
217
240
255
263
269
274
275
271
271
278
287
296
305
318
339
358
377
401
429
457
480
505
529
548
566
584
597
606
603
597
586
568
544
509
475
424
345
263
168
60
-61
-202
-347
-489
-650
-806
-948
-1088
-1207
-1308
-1392
-1449
-1496
-1511
-1476
-1427
-1359
-1269
-1162
-1018
-863
-709
-527
-352
-162
45
218
398
573
732
878
1008
1122
1210
1286
1319
1326
1329
1297
1227
1142
1034
903
761
612
457
282
117
-44
-199
-352
-495
-611
-718
-812
-887
-938
-953
-963
-960
-924
-875
-801
-717
-626
-523
-412
-294
-167
-45
69
187
293
386
473
543
599
641
651
645
641
615
579
538
481
427
373
319
268
214
169
138
103
75
67
56
50
60
72
85
115
137
160
204
238
289
322
348
383
394
411
424
413
392
358
310
262
188
100
-2
-113
-238
-372
-512
-653
-795
-967
-1118
-1256
-1383
-1495
-1634
-1749
-1803
-1850
-1848
-1830
-1817
-1730
-1604
-1452
-1266
-1086
-872
-618
-354
-86
170
446
713
961
1193
1408
1630
1793
1903
1989
2032
2084
2083
1998
1899
1754
1594
1409
1172
931
667
402
155
-98
-350
-580
-775
-958
-1106
-1211
-1281
-1310
-1310
-1278
-1206
-1099
-962
-803
-634
-440
-233
-22
195
410
624
812
991
1150
1283
1395
1461
1503
1517
1496
1446
1367
1263
1137
993
835
675
501
319
149
-13
-164
-309
-452
-559
-651
-731
-781
-819
-829
-823
-798
-745
-678
-594
-497
-398
-286
-178
-73
36
137
217
285
348
388
411
404
375
317
220
107
-44
-225
-432
-664
-901
-1153
-1424
-1683
-1930
-2160
-2360
-2556
-2698
-2788
-2843
-2828
-2777
-2669
-2495
-2276
-2006
-1693
-1345
-956
-545
-123
323
764
1208
1639
2043
2426
2767
3070
3328
3517
3646
3708
3708
3644
3506
3302
3041
2735
2386
2001
1590
1162
737
320
-92
-468
-815
-1133
-1395
-1613
-1778
-1894
-1958
-1953
-1904
-1810
-1662
-1479
-1255
-1004
-735
-436
-145
152
442
703
948
1159
1329
1457
1533
1567
1552
1483
1374
1229
1048
847
627
390
146
-84
-301
-514
-701
-862
-995
-1096
-1175
-1223
-1248
-1247
-1224
-1175
-1106
-1016
-908
-786
-649
-516
-367
-218
-77
70
205
320
419
500
555
572
574
554
497
423
310
174
22
-158
-354
-561
-774
-994
-1223
-1445
-1646
-1838
-2008
-2151
-2263
-2320
-2341
-2316
-2231
-2111
-1931
-1703
-1440
-1119
-774
-398
10
423
855
1284
1696
2100
2461
2797
3097
3338
3539
3669
3740
3752
3690
3566
3381
3136
2838
2483
2086
1663
1208
740
272
-198
-652
-1065
-1450
-1788
-2077
-2316
-2480
-2588
-2636
-2624
-2545
-2403
-2214
-1978
-1699
-1388
-1050
-701
-345
19
362
686
977
1230
1451
1611
1714
1763
1769
1716
1611
1456
1264
1046
798
539
271
4
-254
-495
-713
-910
-1073
-1209
-1313
-1381
-1414
-1417
-1392
-1332
-1251
-1139
-1009
-862
-696
-517
-320
-129
64
255
438
602
753
875
972
1048
1090
1109
1085
1027
946
830
680
504
299
76
-169
-439
-704
-974
-1250
-1509
-1752
-1970
-2151
-2290
-2393
-2445
-2440
-2381
-2267
-2106
-1894
-1635
-1332
-1002
-655
-278
115
515
914
1308
1700
2066
2403
2714
2980
3199
3363
3467
3514
3493
3402
3245
3029
2758
2428
2052
1641
1192
735
278
-191
-642
-1071
-1458
-1799
-2104
-2354
-2545
-2674
-2735
-2745
-2692
-2576
-2407
-2190
-1928
-1628
-1291
-935
-567
-197
163
514
843
1138
1384
1586
1748
1846
1888
1881
1823
1717
1566
1381
1170
941
700
457
221
-8
-215
-393
-552
-684
-792
-871
-920
-938
-928
-902
-846
-768
-680
-572
-450
-330
-205
-80
50
174
286
385
474
552
611
652
681
693
683
650
592
514
415
292
147
-14
-199
-399
-625
-851
-1080
-1319
-1545
-1760
-1953
-2111
-2249
-2348
-2395
-2403
-2356
-2268
-2136
-1963
-1760
-1519
-1249
-954
-642
-316
25
372
710
1053
1388
1710
2018
2294
2547
2765
2928
3047
3115
3130
3094
2998
2844
2638
2385
2089
1757
1395
1017
623
231
-152
-522
-867
-1175
-1445
-1673
-1857
-1983
-2063
-2099
-2071
-2004
-1891
-1731
-1540
-1300
-1036
-758
-465
-165
139
439
714
967
1192
1379
1531
1637
1694
1709
1674
1603
1494
1346
1180
989
781
574
362
147
-59
-248
-425
-583
-725
-853
-952
-1026
-1085
-1116
-1132
-1128
-1095
-1051
-992
-913
-829
-735
-621
-503
-393
-281
-162
-49
47
133
207
275
326
357
372
363
330
270
195
96
-35
-181
-355
-547
-744
-947
-1152
-1351
-1537
-1709
-1854
-1957
-2036
-2080
-2062
-2007
-1907
-1758
-1582
-1351
-1080
-803
-492
-161
176
527
868
1205
1556
1891
2199
2501
2777
3023
3230
3394
3515
3566
3572
3517
3398
3234
2999
2708
2380
2018
1613
1173
726
279
-171
-614
-1019
-1399
-1747
-2048
-2297
-2478
-2619
-2699
-2708
-2662
-2556
-2400
-2198
-1952
-1679
-1385
-1064
-731
-397
-70
248
547
820
1060
1259
1423
1542
1613
1636
1624
1572
1471
1337
1178
1001
798
567
338
113
-116
-334
-545
-742
-905
-1059
-1186
-1274
-1343
-1388
-1396
-1375
-1332
-1266
-1175
-1052
-917
-769
-612
-447
-272
-98
75
237
402
554
691
807
894
954
969
954
905
814
684
520
331
115
-123
-370
-612
-847
-1077
-1284
-1463
-1606
-1720
-1793
-1814
-1805
-1746
-1651
-1521
-1346
-1143
-919
-662
-376
-84
222
542
866
1191
1487
1781
2064
2306
2517
2690
2827
2918
2951
2939
2884
2777
2617
2405
2155
1867
1538
1181
793
396
-5
-418
-821
-1206
-1567
-1906
-2209
-2456
-2656
-2804
-2888
-2910
-2869
-2772
-2619
-2408
-2144
-1835
-1492
-1122
-734
-342
51
439
807
1150
1452
1714
1932
2107
2230
2296
2314
2289
2207
2076
1907
1708
1479
1224
958
678
396
120
-155
-404
-632
-839
-1020
-1175
-1282
-1357
-1411
-1425
-1399
-1343
-1264
-1152
-1010
-849
-667
-473
-271
-60
145
354
549
721
870
987
1078
1128
1125
1074
977
834
642
403
138
-159
-477
-804
-1125
-1438
-1737
-2003
-2237
-2419
-2551
-2646
-2679
-2646
-2562
-2427
-2248
-2022
-1757
-1457
-1129
-778
-415
-35
356
744
1118
1486
1828
2147
2440
2686
2897
3060
3174
3244
3246
3189
3086
2935
2719
2461
2163
1825
1452
1059
663
256
-158
-569
-956
-1311
-1638
-1927
-2168
-2355
-2494
-2565
-2579
-2518
-2395
-2227
-1992
-1709
-1383
-1026
-646
-240
168
570
959
1325
1663
1960
2211
2417
2558
2637
2662
2620
2531
2381
2166
1913
1620
1296
966
602
242
-103
-451
-773
-1067
-1330
-1557
-1737
-1869
-1964
-2014
-2029
-1995
-1917
-1815
-1671
-1494
-1304
-1092
-862
-624
-388
-146
81
287
482
648
764
838
871
850
778
651
484
269
5
-276
-588
-910
-1227
-1541
-1828
-2090
-2311
-2480
-2613
-2686
-2709
-2679
-2583
-2438
-2247
-2003
-1724
-1407
-1044
-663
-256
161
584
1009
1425
1828
2217
2573
2899
3193
3444
3658
3810
3915
3971
3969
3913
3806
3638
3417
3152
2837
2481
2087
1659
1211
746
273
-203
-672
-1114
-1534
-1918
-2243
-2521
-2740
-2892
-2981
-2998
-2949
-2844
-2667
-2432
-2154
-1831
-1485
-1113
-730
-342
44
405
746
1062
1337
1566
1751
1887
1967
1997
1975
1898
1775
1606
1387
1146
883
595
294
-7
-306
-597
-866
-1112
-1339
-1531
-1688
-1818
-1904
-1948
-1954
-1913
-1832
-1719
-1572
-1384
-1168
-929
-677
-419
-141
130
387
633
852
1039
1189
1296
1348
1347
1288
1180
1020
807
560
276
-31
-356
-680
-994
-1295
-1568
-1800
-1986
-2123
-2200
-2229
-2210
-2129
-1995
-1809
-1577
-1307
-1002
-666
-313
55
429
798
1167
1516
1849
2156
2433
2677
2881
3045
3156
3230
3260
3235
3164
3055
2898
2697
2456
2184
1879
1536
1172
793
395
-10
-419
-822
-1217
-1597
-1952
-2285
-2569
-2807
-2999
-3131
-3192
-3192
-3121
-2977
-2772
-2494
-2173
-1800
-1390
-965
-523
-80
345
750
1125
1455
1742
1980
2168
2298
2369
2395
2359
2275
2148
1976
1780
1550
1286
1009
719
419
124
-164
-442
-708
-948
-1160
-1336
-1480
-1587
-1652
-1675
-1661
-1614
-1536
-1424
-1283
-1123
-944
-748
-542
-332
-118
94
312
515
691
853
978
1056
1104
1101
1041
928
763
552
300
14
-300
-613
-926
-1239
-1518
-1759
-1964
-2108
-2199
-2226
-2186
-2100
-1953
-1752
-1516
-1233
-926
-607
-273
65
401
728
1037
1324
1595
1835
2052
2248
2409
2548
2655
2730
2779
2794
2771
2707
2605
2459
2275
2041
1773
1478
1137
771
391
-4
-406
-800
-1184
-1548
-1882
-2180
-2438
-2641
-2792
-2898
-2936
-2914
-2832
-2696
-2514
-2264
-1975
-1650
-1291
-904
-504
-100
298
682
1055
1385
1679
1939
2149
2313
2426
2487
2494
2443
2352
2214
2028
1820
1570
1296
1004
701
400
96
-187
-462
-713
-932
-1124
-1278
-1396
-1473
-1511
-1506
-1463
-1385
-1260
-1116
-942
-750
-542
-324
-116
88
274
434
567
666
731
762
740
682
575
424
241
20
-225
-496
-772
-1051
-1324
-1577
-1803
-1998
-2152
-2260
-2316
-2319
-2270
-2167
-2016
-1820
-1579
-1299
-993
-669
-333
7
343
678
1003
1299
1573
1820
2048
2241
2395
2520
2614
2674
2688
2677
2635
2555
2439
2284
2109
1905
1670
1408
1127
834
517
188
-125
-449
-777
-1086
-1379
-1645
-1883
-2094
-2259
-2376
-2444
-2449
-2409
-2308
-2152
-1960
-1710
-1421
-1101
-754
-403
-45
305
638
957
1241
1492
1712
1891
2026
2122
2174
2183
2150
2068
1951
1793
1605
1395
1157
896
620
347
72
-203
-462
-700
-913
-1102
-1259
-1370
-1452
-1491
-1483
-1442
-1360
-1237
-1095
-929
-745
-552
-346
-149
47
229
373
503
596
651
680
653
585
477
326
136
-84
-331
-602
-886
-1170
-1443
-1698
-1925
-2106
-2244
-2330
-2352
-2311
-2212
-2071
-1867
-1618
-1339
-1025
-698
-363
-13
327
654
977
1280
1556
1802
2036
2236
2398
2534
2635
2693
2721
2714
2664
2591
2474
2314
2134
1914
1662
1381
1082
766
427
83
-257
-599
-935
-1262
-1561
-1831
-2089
-2300
-2457
-2570
-2634
-2645
-2594
-2481
-2320
-2114
-1846
-1540
-1205
-846
-475
-84
297
658
1008
1329
1615
1870
2073
2236
2355
2421
2450
2434
2371
2276
2131
1952
1751
1524
1274
1006
739
468
193
-66
-312
-536
-731
-901
-1033
-1127
-1195
-1229
-1219
-1182
-1126
-1048
-941
-812
-683
-548
-404
-254
-122
-5
99
183
237
250
244
186
92
-28
-193
-374
-573
-793
-1020
-1247
-1467
-1670
-1852
-2005
-2120
-2203
-2239
-2231
-2169
-2055
-1918
-1726
-1492
-1241
-964
-676
-370
-57
245
536
820
1091
1337
1566
1778
1964
2120
2237
2335
2408
2449
2461
2440
2396
2303
2190
2048
1865
1659
1426
1176
904
614
315
3
-319
-628
-923
-1202
-1458
-1707
-1900
-2042
-2154
-2211
-2218
-2160
-2041
-1887
-1668
-1403
-1109
-776
-426
-61
303
663
1012
1330
1621
1880
2092
2260
2385
2458
2493
2467
2390
2284
2130
1930
1711
1464
1192
912
604
302
4
-296
-574
-836
-1070
-1281
-1464
-1605
-1719
-1796
-1829
-1824
-1789
-1728
-1634
-1495
-1343
-1179
-990
-797
-601
-410
-232
-71
71
186
267
298
298
262
174
57
-90
-264
-458
-663
-877
-1086
-1280
-1453
-1595
-1699
-1770
-1797
-1779
-1706
-1594
-1449
-1261
-1048
-810
-550
-284
-15
249
511
766
1011
1243
1459
1650
1829
1985
2114
2218
2299
2350
2374
2358
2309
2233
2124
1994
1833
1647
1439
1205
965
710
441
175
-97
-373
-643
-908
-1151
-1373
-1576
-1743
-1873
-1960
-1994
-1990
-1936
-1825
-1668
-1462
-1216
-933
-634
-326
-6
312
622
911
1172
1408
1597
1745
1865
1939
1976
1960
1912
1829
1711
1567
1383
1182
961
723
474
223
-23
-264
-499
-718
-920
-1096
-1243
-1364
-1445
-1502
-1530
-1520
-1483
-1420
-1326
-1210
-1069
-904
-736
-559
-368
-177
6
178
328
462
556
614
635
617
552
440
300
127
-76
-297
-527
-758
-990
-1198
-1375
-1523
-1638
-1722
-1763
-1755
-1708
-1622
-1496
-1338
-1154
-940
-708
-464
-206
51
308
561
813
1062
1294
1509
1710
1884
2036
2167
2265
2335
2365
2367
2343
2269
2154
2004
1834
1636
1398
1138
866
573
256
-60
-364
-667
-979
-1274
-1540
-1769
-1984
-2162
-2276
-2366
-2404
-2378
-2295
-2143
-1965
-1749
-1454
-1131
-797
-435
-61
323
686
1026
1362
1655
1906
2121
2290
2411
2473
2478
2437
2345
2215
2046
1824
1576
1307
1013
715
407
100
-194
-484
-749
-980
-1180
-1351
-1486
-1573
-1616
-1628
-1604
-1531
-1430
-1299
-1141
-963
-767
-567
-365
-156
45
234
408
558
677
755
793
788
741
646
502
324
111
-129
-385
-658
-937
-1199
-1446
-1669
-1858
-2005
-2103
-2163
-2170
-2124
-2031
-1900
-1731
-1524
-1299
-1045
-774
-495
-206
81
380
671
939
1199
1448
1676
1880
2050
2200
2320
2402
2452
2458
2430
2358
2247
2098
1920
1706
1459
1185
899
602
288
-32
-344
-648
-940
-1211
-1460
-1668
-1838
-1980
-2065
-2097
-2073
-2002
-1883
-1702
-1474
-1211
-914
-583
-226
133
486
826
1157
1461
1720
1941
2121
2257
2341
2380
2368
2305
2203
2061
1879
1657
1412
1145
856
561
256
-45
-331
-605
-866
-1097
-1300
-1479
-1619
-1721
-1787
-1815
-1811
-1775
-1706
-1608
-1486
-1340
-1179
-991
-801
-604
-395
-187
19
213
391
550
679
770
815
818
784
693
543
352
130
-115
-388
-660
-920
-1185
-1423
-1625
-1791
-1914
-1990
-2020
-1996
-1921
-1806
-1654
-1465
-1243
-1005
-749
-473
-193
92
370
643
915
1171
1406
1626
1827
2002
2152
2275
2360
2412
2437
2417
2368
2282
2159
2006
1820
1615
1373
1120
852
568
299
15
-275
-548
-815
-1065
-1299
-1519
-1701
-1851
-1979
-2054
-2085
-2068
-2001
-1898
-1725
-1511
-1263
-974
-656
-310
33
367
710
1031
1315
1569
1776
1937
2046
2102
2115
2070
1978
1849
1681
1477
1250
1012
764
507
255
16
-218
-430
-631
-816
-975
-1122
-1239
-1328
-1399
-1437
-1449
-1438
-1397
-1326
-1231
-1111
-965
-800
-619
-429
-226
-26
166
342
501
629
727
802
829
820
778
692
569
418
227
9
-229
-478
-719
-970
-1213
-1428
-1619
-1773
-1889
-1962
-1980
-1955
-1878
-1756
-1594
-1391
-1167
-915
-645
-369
-100
172
435
679
917
1126
1323
1513
1681
1832
1971
2089
2188
2271
2333
2361
2358
2322
2250
2134
1972
1770
1527
1254
945
614
280
-73
-421
-755
-1069
-1355
-1617
-1837
-2010
-2133
-2206
-2233
-2209
-2137
-2020
-1846
-1629
-1381
-1101
-794
-457
-116
222
549
872
1173
1436
1673
1860
2012
2111
2156
2158
2106
2012
1880
1705
1502
1269
1014
753
487
220
-37
-288
-519
-724
-918
-1088
-1229
-1344
-1429
-1494
-1529
-1536
-1514
-1469
-1402
-1302
-1180
-1027
-859
-666
-456
-242
-20
193
399
589
741
862
945
981
972
918
816
669
487
268
22
-244
-518
-796
-1065
-1310
-1537
-1731
-1883
-1989
-2055
-2062
-2030
-1954
-1830
-1674
-1479
-1260
-1020
-765
-498
-222
51
324
587
840
1082
1309
1523
1723
1897
2044
2174
2271
2343
2389
2400
2380
2324
2228
2102
1938
1737
1505
1252
978
676
352
26
-293
-613
-925
-1207
-1463
-1694
-1889
-2030
-2111
-2148
-2134
-2055
-1922
-1743
-1528
-1273
-968
-654
-341
-12
307
619
900
1149
1372
1542
1681
1779
1825
1829
1793
1720
1621
1488
1325
1153
960
758
551
333
114
-89
-283
-473
-649
-802
-935
-1064
-1164
-1236
-1285
-1303
-1305
-1275
-1213
-1128
-1023
-900
-746
-577
-403
-217
-19
171
343
508
662
782
862
906
920
888
800
666
492
284
44
-238
-530
-817
-1104
-1370
-1618
-1827
-1988
-2108
-2176
-2182
-2144
-2057
-1919
-1745
-1531
-1297
-1046
-770
-491
-219
48
309
566
802
1022
1242
1438
1629
1805
1962
2111
2233
2334
2410
2460
2478
2447
2380
2283
2151
1971
1765
1522
1255
965
652
341
27
-293
-603
-888
-1152
-1384
-1590
-1753
-1866
-1942
-1969
-1942
-1862
-1735
-1569
-1363
-1115
-849
-561
-262
25
310
567
803
1014
1184
1324
1421
1486
1519
1510
1458
1388
1298
1176
1037
883
731
565
388
220
52
-113
-280
-436
-580
-725
-856
-977
-1083
-1169
-1247
-1302
-1330
-1324
-1299
-1241
-1153
-1040
-893
-738
-563
-375
-185
16
208
390
549
679
787
858
887
871
807
706
563
377
166
-69
-328
-588
-852
-1109
-1339
-1532
-1698
-1821
-1887
-1912
-1887
-1808
-1692
-1536
-1351
-1142
-904
-666
-435
-197
40
263
482
686
876
1072
1244
1408
1573
1719
1856
1975
2076
2168
2234
2278
2290
2262
2199
2098
1975
1809
1598
1363
1099
805
491
167
-145
-460
-769
-1054
-1312
-1536
-1724
-1863
-1942
-1984
-1990
-1927
-1819
-1677
-1505
-1306
-1062
-812
-568
-310
-54
186
415
621
813
981
1124
1246
1342
1410
1449
1468
1448
1403
1342
1240
1104
954
778
578
366
145
-79
-300
-517
-721
-903
-1050
-1167
-1249
-1302
-1334
-1319
-1269
-1187
-1083
-969
-826
-664
-488
-308
-137
31
203
370
514
647
762
850
898
910
888
823
721
572
387
174
-73
-348
-621
-891
-1160
-1413
-1640
-1824
-1963
-2053
-2092
-2092
-2047
-1945
-1807
-1635
-1439
-1233
-990
-738
-493
-248
1
257
511
758
1002
1241
1472
1697
1908
2109
2299
2467
2609
2720
2788
2815
2800
2743
2630
2459
2243
2000
1724
1413
1066
702
338
-20
-364
-704
-1023
-1306
-1552
-1749
-1911
-2027
-2091
-2101
-2056
-1973
-1851
-1694
-1506
-1286
-1044
-804
-555
-302
-61
180
399
593
780
938
1065
1171
1243
1289
1301
1280
1238
1161
1057
929
783
620
439
256
70
-120
-307
-483
-650
-799
-919
-1026
-1107
-1162
-1192
-1201
-1184
-1129
-1061
-972
-851
-708
-551
-394
-222
-38
140
318
480
625
751
845
916
950
935
897
816
690
532
348
150
-76
-328
-573
-806
-1029
-1244
-1434
-1590
-1716
-1795
-1848
-1850
-1810
-1752
-1645
-1505
-1345
-1159
-954
-722
-483
-242
1
233
487
731
963
1181
1359
1555
1749
1916
2060
2145
2215
2284
2316
2315
2251
2144
2040
1892
1720
1509
1259
1007
751
482
198
-82
-353
-604
-838
-1056
-1238
-1382
-1508
-1589
-1643
-1668
-1639
-1597
-1529
-1418
-1304
-1154
-974
-800
-610
-415
-215
-19
165
342
508
648
749
846
919
976
1001
984
959
918
858
787
695
591
484
372
263
146
32
-74
-177
-267
-351
-430
-488
-532
-560
-569
-570
-554
-508
-449
-372
-287
-199
-93
8
106
213
307
376
440
491
513
520
497
437
362
268
137
-21
-195
-371
-559
-751
-944
-1140
-1319
-1477
-1604
-1720
-1817
-1871
-1885
-1848
-1801
-1736
-1626
-1476
-1294
-1084
-874
-651
-397
-141
123
387
630
867
1099
1329
1535
1722
1882
2021
2147
2239
2313
2349
2350
2340
2286
2199
2088
1936
1765
1571
1356
1119
852
585
330
72
-193
-449
-679
-878
-1054
-1212
-1340
-1439
-1506
-1531
-1519
-1482
-1418
-1324
-1192
-1036
-868
-691
-505
-309
-100
103
284
461
623
773
895
969
1029
1064
1074
1069
1014
934
846
730
611
469
313
162
7
-141
-286
-416
-544
-661
-752
-824
-872
-915
-937
-926
-890
-843
-785
-711
-620
-511
-400
-288
-176
-66
40
147
235
305
362
404
434
439
407
364
309
228
125
-3
-146
-293
-445
-603
-753
-899
-1037
-1155
-1257
-1319
-1351
-1379
-1373
-1330
-1259
-1156
-1048
-912
-760
-598
-413
-230
-45
151
346
524
692
857
1021
1177
1312
1419
1524
1618
1690
1749
1758
1758
1761
1727
1677
1590
1476
1362
1230
1095
930
742
564
374
194
14
-164
-327
-492
-633
-761
-875
-956
-1044
-1106
-1138
-1157
-1129
-1102
-1061
-988
-911
-806
-691
-579
-443
-317
-189
-59
56
176
283
372
447
501
545
576
583
572
550
523
485
431
365
296
220
144
71
-11
-82
-156
-219
-273
-320
-355
-375
-387
-389
-376
-356
-329
-296
-258
-211
-159
-107
-60
-17
27
68
104
128
137
145
138
124
94
40
-18
-79
-149
-235
-339
-448
-538
-628
-723
-810
-886
-938
-965
-987
-997
-984
-944
-881
-796
-704
-599
-474
-336
-185
-36
113
262
406
559
703
831
946
1061
1174
1272
1358
1425
1473
1514
1545
1561
1554
1515
1469
1403
1324
1233
1094
955
806
640
475
278
84
-97
-283
-457
-617
-781
-915
-1028
-1121
-1179
-1243
-1275
-1267
-1241
-1183
-1123
-1049
-943
-833
-703
-561
-434
-299
-164
-31
103
210
307
401
475
540
583
602
617
620
602
576
535
483
436
376
310
240
169
101
41
-8
-57
-104
-147
-176
-189
-196
-209
-212
-205
-190
-175
-164
-149
-142
-122
-102
-86
-78
-73
-50
-31
-16
-9
-14
-23
-27
-40
-66
-108
-161
-207
-264
-324
-392
-470
-539
-590
-637
-687
-722
-752
-757
-735
-713
-679
-635
-570
-497
-422
-335
-245
-154
-50
55
154
254
346
435
529
610
682
751
815
872
922
963
999
1020
1029
1033
1030
1012
980
933
876
823
745
651
550
435
328
210
78
-55
-178
-296
-419
-522
-619
-702
-764
-805
-827
-847
-838
-798
-753
-696
-641
-571
-474
-384
-295
-203
-117
-33
50
126
190
240
284
318
355
379
390
389
382
382
369
346
315
277
243
202
160
111
69
31
-13
-46
-85
-116
-143
-166
-187
-209
-213
-224
-236
-230
-230
-225
-221
-219
-208
-196
-180
-163
-158
-148
-134
-125
-123
-128
-134
-141
-157
-180
-210
-247
-288
-333
-374
-415
-471
-529
-563
-594
-611
-631
-646
-630
-606
-562
-513
-463
-393
-315
-217
-116
-30
72
181
293
405
518
634
739
848
946
1038
1148
1235
1300
1360
1404
1450
1473
1467
1452
1405
1354
1294
1187
1064
920
754
585
400
201
-6
-205
-394
-573
-744
-897
-1029
-1127
-1205
-1261
-1279
-1291
-1273
-1209
-1144
-1053
-944
-836
-702
-568
-434
-305
-179
-44
69
185
295
391
475
528
583
626
649
658
642
622
591
546
491
420
353
287
209
134
69
3
-52
-107
-168
-209
-239
-271
-305
-335
-363
-374
-381
-389
-392
-397
-387
-367
-353
-335
-315
-291
-260
-234
-210
-189
-170
-157
-147
-139
-141
-153
-157
-167
-185
-195
-221
-237
-237
-247
-254
-264
-267
-264
-265
-257
-249
-235
-209
-175
-144
-102
-57
-11
45
105
164
223
293
367
435
499
564
626
684
732
773
810
836
854
869
879
869
848
819
779
730
661
574
482
382
266
147
19
-104
-222
-332
-432
-531
-611
-680
-733
-760
-787
-803
-789
-763
-726
-684
-648
-585
-513
-446
-373
-301
-222
-157
-84
-5
59
125
193
258
321
366
401
438
462
479
477
462
441
406
367
320
258
197
140
84
34
-25
-73
-115
-158
-191
-231
-257
-274
-285
-292
-308
-315
-312
-309
-307
-297
-289
-269
-246
-225
-199
-178
-155
-134
-115
-100
-98
-99
-86
-77
-81
-101
-107
-114
-131
-142
-156
-166
-179
-194
-194
-197
-202
-201
-193
-186
-175
-166
-148
-114
-80
-43
0
50
104
160
222
285
352
406
465
531
589
641
682
723
759
779
795
806
806
790
758
718
662
597
517
424
324
217
105
-8
-123
-232
-334
-430
-513
-576
-645
-689
-708
-726
-729
-724
-703
-652
-602
-551
-488
-419
-340
-262
-187
-105
-23
53
124
201
263
315
365
401
435
457
469
476
467
446
421
388
348
291
229
182
126
60
-5
-66
-122
-171
-220
-267
-296
-315
-340
-352
-361
-357
-348
-339
-313
-302
-285
-255
-228
-204
-184
-162
-140
-118
-92
-73
-71
-58
-48
-43
-32
-41
-55
-57
-66
-74
-90
-111
-128
-137
-147
-167
-181
-190
-188
-185
-179
-170
-159
-138
-112
-78
-47
-13
25
75
127
175
223
263
314
363
406
445
480
514
541
557
565
567
567
568
551
535
508
465
432
392
336
275
214
146
80
8
-68
-140
-212
-280
-336
-392
-440
-479
-513
-524
-532
-527
-512
-488
-450
-408
-362
-313
-253
-195
-140
-81
-30
20
71
119
168
208
248
285
314
336
349
364
364
360
346
320
289
247
199
143
84
21
-41
-99
-159
-206
-244
-282
-311
-329
-343
-342
-335
-330
-318
-308
-295
-280
-264
-248
-238
-218
-191
-173
-154
-127
-99
-74
-44
-20
-5
10
29
40
36
28
25
14
0
-17
-44
-64
-77
-86
-99
-113
-123
-127
-118
-102
-83
-69
-41
-14
15
52
78
98
128
162
192
221
251
282
314
338
365
384
397
408
413
419
413
405
394
373
360
333
296
264
228
194
157
114
77
34
-9
-49
-106
-150
-188
-234
-275
-305
-327
-351
-362
-367
-363
-351
-333
-310
-283
-252
-211
-172
-133
-89
-51
-14
25
59
86
115
148
164
177
193
197
198
191
182
168
147
132
109
76
44
12
-16
-46
-67
-101
-127
-146
-169
-179
-197
-204
-204
-202
-189
-182
-173
-161
-150
-130
-113
-99
-81
-65
-52
-29
-11
-4
5
19
28
29
25
26
28
23
19
11
-5
-11
-27
-41
-46
-58
-63
-69
-74
-84
-91
-88
-80
-70
-59
-44
-25
-10
12
41
66
88
104
126
149
164
176
187
204
212
215
218
213
207
207
200
188
170
155
141
119
101
76
50
27
5
-17
-39
-55
-66
-79
-91
-102
-106
-111
-120
-117
-110
-101
-95
-87
-76
-69
-60
-52
-37
-26
-19
-9
3
18
33
44
53
61
65
71
75
69
62
54
48
42
30
19
7
-5
-15
-22
-26
-38
-53
-65
-65
-71
-83
-90
-92
-97
-101
-97
-97
-91
-92
-90
-84
-77
-72
-64
-47
-35
-24
-19
-8
-3
3
12
9
5
3
-1
-4
-14
-21
-26
-29
-29
-34
-35
-42
-50
-52
-52
-55
-57
-49
-45
-44
-37
-30
-22
-16
-11
8
24
38
48
68
88
100
115
125
132
141
147
153
154
157
161
159
153
143
135
128
118
109
99
86
72
62
46
31
13
-1
-12
-32
-49
-59
-77
-88
-92
-98
-102
-104
-102
-100
-89
-83
-76
-64
-58
-43
-28
-15
-11
-7
2
7
17
18
24
34
37
40
41
41
31
25
25
18
14
6
-5
-15
-17
-27
-42
-51
-57
-60
-64
-64
-72
-72
-67
-70
-67
-65
-64
-60
-55
-52
-46
-43
-32
-22
-13
-3
6
16
21
28
30
30
32
34
33
28
17
10
8
-2
-7
-8
-16
-21
-25
-29
-30
-36
-44
-49
-46
-55
-59
-59
-56
-40
-37
-31
-19
-13
0
16
21
24
37
46
52
53
66
74
75
89
92
90
93
90
88
85
83
76
67
67
67
62
51
47
43
33
28
17
12
2
-10
-18
-29
-36
-47
-55
-54
-53
-56
-43
-34
-39
-35
-31
-30
-21
-14
-13
-11
-1
2
11
14
13
16
14
14
16
18
15
14
12
14
12
3
-3
-8
-7
-3
-11
-19
-26
-28
-32
-41
-41
-49
-48
-42
-41
-41
-46
-43
-37
-39
-42
-36
-29
-27
-24
-18
-14
-13
-5
5
5
2
2
3
9
8
6
-1
-7
-1
3
-3
-5
-6
-13
-13
-13
-18
-15
-18
-16
-8
-14
-19
-14
-13
-8
-7
-4
0
0
8
17
21
28
29
30
42
49
48
48
58
64
57
56
56
53
55
51
39
34
33
33
31
29
26
25
17
13
15
7
0
1
-8
-17
-21
-25
-30
-32
-34
-35
-30
-33
-33
-25
-21
-21
-15
-16
-14
-11
-13
-14
-16
-9
-6
-2
0
0
11
9
11
12
0
1
3
-3
-4
-1
-2
-11
-12
-13
-22
-24
-24
-27
-20
-20
-23
-26
-30
-26
-21
-17
-18
-23
-20
-13
-7
-9
-11
-6
0
5
6
7
2
3
7
-1
0
4
2
5
0
2
-4
0
5
-5
-10
-8
-9
-12
-3
-6
-12
-12
-10
-4
-1
-1
2
3
-1
4
6
5
10
10
10
13
18
20
23
25
28
30
27
29
28
30
29
26
27
26
26
24
20
17
13
9
1
-4
-5
-10
-13
-10
-7
-5
1
0
-2
-5
-9
-7
-15
-11
-9
-7
-9
-16
-9
-10
-6
1
4
2
2
9
10
10
3
5
3
0
-5
-8
-4
-8
-6
-4
-8
-5
-6
-9
-10
-11
-7
-11
-17
-18
-22
-16
-19
-23
-14
-19
-21
-18
-18
-24
-30
-25
-24
-22
-18
-13
-8
-4
0
6
5
6
7
1
-6
-2
-4
-8
-2
-2
5
9
1
3
7
7
5
-4
-9
-4
-5
-14
-14
-5
-3
-1
4
5
10
18
16
19
20
23
22
16
15
11
10
7
7
7
6
8
11
16
16
16
16
21
21
22
24
23
25
19
19
17
6
0
-7
-5
-1
-5
-7
0
3
1
-4
-1
4
3
-6
-9
-8
-8
-6
-10
-13
-10
-14
-10
1
3
6
7
6
9
8
-2
-11
-10
-10
-15
-16
-17
-22
-15
-14
-11
-7
-8
-6
-8
-11
-6
-11
-10
-3
2
-3
-8
-7
-12
-12
-10
-13
-18
-17
-18
-13
-10
-11
-11
-14
-6
-5
-11
-12
-12
-13
-12
-9
-11
-9
-11
-7
-3
-7
-9
-6
-1
2
4
-1
1
0
7
11
8
10
10
10
19
24
19
16
16
17
21
21
13
10
11
15
19
13
18
23
21
18
12
11
14
10
11
7
4
-1
-4
4
1
-3
-9
-14
-4
-1
-6
-6
-2
4
7
11
5
0
6
9
4
0
-5
-1
2
2
9
10
8
8
2
3
4
1
0
0
5
1
-3
-8
-5
-4
-10
-16
-16
-13
-11
-8
-10
-13
-13
-11
-11
-15
-17
-24
-22
-13
-17
-21
-15
-12
-8
-9
-17
-13
-11
-16
-18
-16
-16
-17
-14
-11
-8
-6
-4
-7
-3
-4
-5
0
-2
1
2
2
1
-7
-9
-5
-9
-6
-6
-2
13
11
13
15
17
17
17
19
17
15
11
14
15
8
11
12
12
15
15
16
15
19
15
9
12
18
13
6
11
14
6
3
7
9
6
0
2
3
-2
-1
-7
-13
-6
-5
-5
-1
3
2
3
5
1
2
5
6
8
10
6
4
-1
2
5
4
0
-5
-4
-6
-7
-10
-20
-21
-17
-19
-18
-18
-18
-15
-7
-6
-6
-5
-7
-7
-7
-9
-15
-17
-17
-10
-4
-2
2
0
5
5
-3
6
10
10
5
-1
1
-4
-8
-4
-14
-15
-9
-10
-4
-4
-6
-7
-2
-8
-9
-7
-13
-13
-8
-9
-21
-19
-8
-6
-6
-4
-2
2
3
9
16
18
16
13
17
12
13
10
5
7
4
2
0
0
10
15
16
18
18
17
17
19
15
12
11
3
5
4
-4
1
7
8
8
6
7
7
10
9
2
-1
-1
0
-6
-7
-7
-4
2
-3
0
-1
2
5
3
5
2
6
0
-5
5
-6
-13
-15
-11
-6
-11
-14
-12
-2
-6
-8
-5
-5
-7
-9
-4
-11
-13
-14
-19
-13
-7
-6
-5
-4
2
2
3
9
6
11
11
7
7
7
8
6
0
-3
-5
-9
-8
-9
-13
-11
-7
-15
-14
-14
-14
-13
-18
-15
-19
-15
-14
-11
-8
-7
-5
-4
-2
-2
2
3
3
7
3
6
10
8
8
10
17
14
13
15
9
16
13
8
15
9
5
7
10
6
4
5
2
5
5
3
3
5
1
3
8
4
5
7
8
9
9
9
3
3
6
0
0
5
4
3
2
4
9
-1
-4
5
7
7
7
2
0
1
2
-3
-6
-2
-5
-8
-7
-5
-8
-8
-10
-9
-9
-13
-11
-10
-8
-10
-15
-16
-13
-9
-8
-12
-15
-15
-11
-8
-11
-9
-4
-1
0
0
1
0
6
10
14
10
5
9
5
2
3
-1
-3
-2
-4
-6
-8
-6
-7
-11
-3
0
-6
-3
0
-3
-3
0
2
-3
-2
4
-4
-4
0
0
-1
-3
5
7
6
5
3
9
9
8
11
10
7
6
5
0
1
4
3
2
-2
-3
-4
-4
-7
-7
-6
-4
3
3
3
5
7
6
4
7
2
-3
3
7
8
7
10
14
14
12
9
10
7
5
4
3
2
6
8
6
7
0
-4
-6
-5
0
-4
-5
-8
-6
-4
-6
-4
-8
-9
-8
-9
-7
-7
-1
0
-5
-9
-4
-6
-3
1
-4
-4
-12
-12
-5
-4
-3
-3
0
2
