-10
-6
1
-3
-2
1
0
2
5
3
6
7
3
4
7
10
8
1
3
2
-5
3
8
3
6
7
6
12
8
4
8
6
8
5
1
-2
-2
-1
0
8
7
9
5
6
9
4
-2
-3
0
-3
-2
1
2
2
2
2
-3
-2
-4
-4
1
-1
-3
-3
2
3
2
-1
0
-2
-5
-1
1
1
-4
-1
-3
-6
-7
-7
0
-2
-3
-7
-8
-6
-10
-3
-5
-13
-11
-14
-12
-5
1
2
-2
-9
-11
-8
-5
-5
2
10
6
5
11
15
13
9
9
7
4
2
1
6
5
3
11
11
15
12
7
7
6
4
0
3
2
3
7
5
6
2
-7
-8
-10
-8
-4
-7
-6
0
4
4
4
4
0
-2
-2
2
1
-4
-6
-7
-5
-7
-7
0
-3
-1
3
0
3
-2
-4
-8
-10
-11
-14
-11
-15
-10
-4
-6
-6
-6
-3
-6
0
4
0
-1
-2
-2
-4
-7
-7
0
5
5
9
9
9
8
9
13
9
13
14
12
8
7
8
4
5
1
0
2
0
0
3
6
8
7
5
4
5
6
1
1
-2
-4
0
-2
-6
-2
0
1
-6
-1
4
3
4
3
3
1
0
-2
-3
-4
-6
-8
-6
-4
-5
-1
1
1
-3
-5
3
-2
-2
-3
-9
-8
-10
-6
-9
-9
-4
-6
-5
-4
-5
-8
-8
-5
-4
-5
-7
-5
0
1
-4
1
4
3
5
6
5
2
5
5
7
6
5
0
3
11
11
6
1
-1
-1
-3
-6
-6
-2
7
7
7
10
7
9
10
4
2
4
0
1
0
-2
4
5
7
11
11
13
7
7
2
3
4
-1
-2
-3
-1
1
-5
-6
-1
-4
-4
-9
-13
-9
-8
-1
-2
-12
-11
-11
-11
-12
-12
-10
-12
-8
-6
-4
1
1
0
1
3
-2
-7
0
1
-1
-2
-7
0
5
4
3
3
6
0
-1
3
1
0
-1
1
2
0
0
-1
2
-2
-5
0
10
9
4
6
3
4
7
11
13
17
19
11
8
3
1
3
3
0
2
6
4
4
3
7
5
5
3
-1
-5
-8
-8
-13
-11
-3
-3
-4
-6
-8
-5
-7
-12
-10
-4
-8
-6
2
3
1
2
-3
-6
-4
-7
-2
-1
-2
-3
-6
0
3
4
2
-1
-4
-4
-10
-10
-5
-7
-5
-7
-5
-4
-1
1
-2
2
-1
-6
-6
-6
-6
-2
1
0
10
9
5
5
9
13
9
8
6
10
8
4
14
14
11
12
10
6
7
12
9
6
6
9
10
10
5
3
-1
-10
-7
-6
-4
0
-3
0
2
-3
-2
0
0
-2
-3
-5
-7
-7
-5
-7
-8
-3
-1
-8
-13
-6
0
-9
-11
-9
-11
-13
-7
1
-7
-7
-1
-10
-5
-7
-9
-7
-12
-6
-4
-8
1
-3
-8
-7
-12
-8
-6
-3
3
11
8
1
6
6
9
10
10
14
13
15
14
8
7
5
9
12
8
6
5
-1
6
7
5
6
3
5
7
4
3
2
4
6
9
2
1
6
2
6
1
5
11
5
5
3
5
6
-1
-4
-5
-7
-6
-5
-7
-6
-5
-7
-4
0
2
-3
-5
-4
-3
-6
-7
-8
-12
-14
-15
-20
-20
-19
-14
-12
-9
-13
-8
-12
-13
-9
-9
2
-1
1
-2
-2
-1
-7
2
8
5
1
1
5
3
8
11
10
13
11
15
15
9
3
4
1
-4
1
1
4
11
3
6
14
16
12
9
11
7
6
3
-1
-2
1
3
3
1
4
5
4
4
5
5
3
5
-1
-4
-5
-8
-5
-5
-8
-3
0
1
0
-2
-6
-8
-5
-6
-1
2
0
-5
-4
-2
-4
-4
-7
-7
-4
-4
-11
-7
-7
-8
-6
-12
-10
-6
-11
-9
-9
-10
-5
-3
-6
-5
-4
2
6
2
2
1
2
3
2
0
5
8
3
4
6
9
5
8
14
13
14
11
12
10
8
11
6
13
9
2
4
5
5
-1
2
8
4
6
7
3
7
7
4
4
3
1
-2
-8
-10
-6
-8
-8
-8
-1
4
1
-3
-12
-7
-8
-10
-7
-12
-11
-7
-11
-11
-6
-8
-6
-7
-9
-13
-15
-14
-15
-13
-6
-5
-6
6
6
2
2
-2
-1
3
3
-2
0
9
10
9
3
2
-1
-3
3
-1
3
6
2
11
6
7
13
13
12
8
11
7
7
7
2
3
7
10
12
8
5
6
5
6
1
7
9
8
9
10
8
1
0
-4
-6
-1
0
0
-4
-3
4
2
0
-4
-7
-10
-9
-11
-11
-9
-16
-11
-15
-13
-8
-10
-8
-11
-13
-9
-11
-11
-6
-8
-7
-4
1
5
1
-2
-2
-7
3
4
-4
-1
-1
-1
3
2
2
1
-3
-6
-6
-4
-7
-8
-6
-4
0
4
5
9
13
18
18
9
7
8
1
5
5
9
5
1
7
9
11
12
13
11
13
10
5
7
1
1
6
3
5
4
9
4
2
1
-3
-4
-6
-2
-1
0
0
-2
-1
-1
-3
-2
-3
-6
-10
-5
3
2
5
1
-4
-10
-8
-7
-12
-8
-9
-13
-12
-14
-13
-10
-7
-6
-5
-3
-4
-1
-5
-3
-2
-12
-8
-6
-5
-1
-2
-6
-8
-3
-1
0
4
6
6
8
7
11
9
6
5
10
11
5
6
4
3
2
5
5
4
8
7
10
15
16
9
8
7
1
-3
-6
-6
-6
-6
-2
-2
3
6
3
7
3
2
7
0
-5
-3
-3
-3
-5
-4
0
0
-1
-5
-4
-4
-5
-2
-1
0
2
2
2
-4
-8
-5
-8
-10
-10
-6
-6
-6
-8
-8
-4
0
-2
1
1
-4
-3
-2
-5
-10
-4
-2
1
-3
-4
9
1
-3
-3
2
12
6
9
14
11
4
4
8
5
5
11
9
5
10
8
5
8
13
13
7
1
2
0
-4
-2
-4
-4
-8
-8
-4
-7
-4
1
4
1
4
-1
-5
-2
-9
-7
-7
-12
-8
-4
-4
-1
-8
-3
0
-5
0
-2
-4
0
-2
-8
-6
-5
-1
1
-1
6
3
0
1
0
4
-2
-3
5
5
7
1
-4
-8
-8
-3
-7
-7
-7
1
2
2
7
4
8
4
1
8
8
6
-2
-5
-1
1
-2
5
8
6
8
5
0
1
8
3
5
7
2
3
1
-1
-4
-1
2
1
5
5
4
5
3
-2
-7
-4
-4
-7
0
-4
1
4
2
3
5
10
5
2
3
-4
0
-2
-6
-2
-4
-2
-3
-3
-1
-8
-7
-6
-6
-6
-2
-8
-10
-5
-7
-7
-10
-8
0
-4
-9
-6
-3
-4
-12
-11
-3
-5
-3
-1
-7
-2
-9
-10
1
1
2
9
13
15
13
6
9
16
15
13
11
13
13
15
8
-2
2
3
3
0
-3
0
2
3
2
4
6
3
0
1
1
-4
-3
0
1
-2
-2
2
0
-3
-3
-1
3
-1
-2
-4
-5
1
2
5
5
2
-1
-9
-9
-8
-10
-3
2
3
5
-1
-6
-7
-5
-9
-8
-2
-6
-5
-7
-6
-9
-7
-4
-9
-6
-7
0
0
2
7
-1
4
0
-1
1
-3
0
-1
1
0
-1
5
5
0
-1
6
7
7
12
5
0
-2
-4
1
-4
-3
-1
0
-3
-4
1
5
13
14
16
13
7
8
6
7
9
9
6
8
7
6
5
1
1
3
-1
-1
2
-2
-6
-8
-7
-7
-14
-10
-9
-6
-1
-6
-8
-8
-10
-7
-3
-1
-5
-9
-10
-11
-9
-8
-9
-4
-3
-8
-3
-2
-2
-7
-10
0
-4
-8
-4
-3
-2
-4
3
7
3
8
8
9
10
5
9
7
5
12
11
4
6
7
7
3
1
6
5
5
2
5
8
7
6
8
7
7
8
8
5
0
3
6
-2
-6
-2
-4
-1
-2
-3
-1
-4
-3
-5
-3
1
0
-2
-5
-3
-12
-11
-10
-7
0
-4
-4
-1
-1
-5
-11
-10
0
-2
-2
-2
-7
-7
-3
1
4
5
6
6
8
5
1
0
-1
3
1
5
5
3
-4
-12
-7
-11
-14
-7
-5
0
0
-3
0
-7
-6
-5
-9
-5
-4
-2
-5
0
6
5
3
4
7
9
9
11
12
8
6
12
10
8
12
12
12
10
11
8
6
10
7
4
0
4
2
4
3
-5
-6
-1
3
2
0
-1
-5
-6
1
-7
-6
3
-4
-9
-7
-7
-7
-7
-13
-5
-4
-5
-2
-1
-3
-8
-7
-8
-7
-7
-8
-7
-9
-12
-13
-9
-10
-9
-7
-6
-3
-4
-7
-5
1
4
7
3
4
1
2
7
2
3
3
8
7
4
12
14
13
15
16
15
13
12
14
11
10
6
7
6
3
-2
-11
-6
1
0
3
5
2
2
-1
-4
-6
-4
-4
-3
-5
-6
-5
-3
-7
-13
-6
-10
-3
-2
-4
5
3
1
3
-1
1
0
-3
-4
-5
-6
-3
-2
-2
3
4
-1
5
7
5
0
-2
-3
-2
1
-5
-7
-5
-7
-5
-7
-3
0
0
2
5
1
1
6
-1
-3
-8
-10
-9
-2
1
-2
1
-2
2
3
3
5
6
9
6
8
4
2
3
-3
1
0
-1
4
3
6
6
2
3
5
9
9
6
11
11
6
-2
-1
-1
-6
2
1
4
2
-5
-4
-2
-2
2
2
-3
-3
-4
-6
-7
-6
-6
-10
-10
-9
-9
-8
-5
-6
0
5
-2
-6
1
-3
-9
-8
-5
-2
-2
-4
0
0
-1
5
3
-1
4
4
3
2
4
4
3
2
-2
0
-1
-3
-2
2
-2
-5
0
5
0
1
5
8
10
5
4
-1
-5
-5
-5
-2
1
7
12
11
9
11
6
7
10
4
-1
1
0
4
4
1
7
10
4
-2
-4
-1
3
2
3
0
0
-3
-6
-6
-3
-3
-6
-3
1
2
0
0
-6
-7
-8
-8
-6
-9
-14
-13
-13
-15
-12
-13
-13
-10
-10
-5
-3
-6
-3
2
0
-1
-1
0
-1
-5
-5
-7
-5
2
3
8
10
4
10
12
7
12
7
1
3
0
-3
1
4
-1
1
9
13
13
12
11
6
4
8
9
9
10
7
4
3
1
-2
6
5
2
5
8
11
8
6
6
-1
-1
0
-4
-3
-1
2
6
3
0
3
-1
-5
-6
-5
-6
-10
-11
-14
-14
-16
-13
-12
-11
1
-6
-5
-7
-12
-9
-13
-15
-16
-15
-11
-4
-7
-5
3
3
0
2
3
2
-2
-3
2
0
0
2
1
1
-1
-1
-6
-6
1
-2
4
9
10
14
15
10
13
16
7
4
8
7
8
12
7
2
6
6
9
11
13
14
12
11
15
13
9
11
7
0
0
-1
-4
-5
-9
-7
-4
-4
-2
-7
-5
-8
-13
-10
-14
-14
-7
-8
-7
-8
-10
-12
-9
-4
0
-1
-4
0
0
-4
-1
-2
-5
-7
-8
-4
-7
-8
-14
-14
-8
-6
-4
-9
-3
-1
-5
0
0
0
3
2
7
6
5
7
4
5
3
0
1
6
9
9
9
20
18
10
14
13
13
13
13
15
11
10
8
-2
0
6
6
7
3
10
8
2
1
-9
-11
-9
-13
-12
-8
-6
-6
-2
1
-2
-7
-7
-11
-11
-8
-13
-11
-9
-9
-8
-8
-11
-5
-4
-5
0
-4
-6
-5
-1
5
3
6
4
3
2
-4
-1
1
-1
-3
-2
-2
0
4
6
2
0
3
0
-5
-6
-5
-3
-6
-3
1
4
4
5
4
4
10
7
7
12
10
10
7
4
2
-1
1
0
0
5
4
3
6
5
8
6
6
6
8
9
6
3
-7
-9
-11
-11
-14
-14
-4
-3
-5
-2
2
-4
0
2
-4
0
-1
-1
0
-4
3
2
5
4
0
5
5
4
8
6
3
3
6
4
4
4
1
3
-3
-9
-5
-6
-13
-14
-14
-18
-13
-11
-6
-2
-6
-6
-8
-6
-7
-2
-4
-7
-3
-4
-4
2
4
2
4
-1
-5
-5
-1
-2
-1
0
3
7
6
6
7
9
11
9
14
13
8
7
10
5
0
0
0
5
1
-1
4
2
2
4
8
8
1
6
7
-4
-2
0
2
4
5
9
7
9
9
7
8
1
6
6
0
-1
-5
-8
-7
-6
-7
-7
-11
-10
-6
-11
-8
-7
-9
-7
-6
-7
-9
-12
-13
-13
-13
-10
-8
-9
-9
-5
-3
4
5
2
-2
-4
-1
-4
-3
3
3
6
4
1
1
5
9
5
7
9
6
8
7
5
2
7
11
7
7
2
1
1
2
3
4
10
13
14
13
9
8
8
6
9
7
11
10
6
5
4
4
2
-1
-4
-3
-2
-2
-7
-5
-3
-11
-9
-11
-14
-13
-15
-16
-16
-16
-13
-12
-11
-6
-3
-7
-7
-12
-12
-8
-8
-8
-12
-13
-11
-9
-7
-2
-1
-3
1
-1
-6
3
7
5
9
4
4
7
5
6
8
9
9
12
18
20
16
22
23
20
20
17
17
14
9
8
11
8
3
8
7
6
7
6
11
6
2
5
-1
3
4
-3
-3
-8
-9
-8
-23
-18
-5
-14
-20
1
-4
-20
-9
-19
-19
-9
-23
-23
-13
-16
-16
-16
-7
-1
-20
-9
4
-6
-11
-6
3
-7
-13
-6
9
-2
-8
10
7
2
1
8
10
4
4
13
11
2
5
11
4
-2
7
11
7
10
9
3
1
0
4
8
6
13
11
11
9
7
8
6
5
7
12
4
5
12
13
6
3
3
1
5
5
2
1
-3
1
3
-6
-9
-1
-2
-7
-10
-6
-6
-13
-9
-3
-7
-11
-9
-10
-14
-12
-10
-4
-5
-6
-6
-3
1
0
-1
0
0
-1
-3
-4
-2
-1
2
5
-1
5
1
-8
-2
-4
-4
-2
-2
-3
-1
-1
2
4
1
0
-4
-5
-7
-1
2
-1
1
-1
3
4
4
9
4
3
5
0
-3
-2
2
8
6
1
7
4
2
3
2
7
10
7
8
8
5
8
4
3
7
5
4
1
7
11
5
6
6
3
3
0
-3
-5
-9
-7
-5
-14
-4
-3
-5
1
-3
-2
-3
-5
-3
-3
-8
-9
-7
-4
-9
-6
-2
-6
-3
-5
-7
-7
-5
1
1
0
-1
-3
-3
-4
-1
-3
-7
-4
-8
-9
-4
-2
-6
-7
-1
0
9
2
-3
5
4
-4
-5
1
0
2
1
2
4
4
12
13
17
18
18
21
21
18
13
16
12
7
8
-1
-6
-8
-9
-5
-2
-6
-5
6
2
-2
-4
-5
-5
-7
-2
-4
-9
-6
-7
-4
-4
-3
-1
-1
0
-4
0
2
0
0
3
-1
0
3
2
0
-1
-2
0
7
4
2
3
-5
-7
-2
-2
-2
-7
-8
-5
-8
-9
-7
-8
-13
-7
1
-3
-7
-4
-4
-3
-6
-4
0
-5
-9
-7
-6
2
4
-1
4
4
3
10
8
9
5
4
3
-4
2
5
4
5
5
-1
-4
7
12
15
13
15
14
15
13
10
12
10
5
1
3
-1
-3
-1
4
5
6
9
6
11
10
10
8
2
3
0
-3
-1
-6
-7
-7
-3
-4
-7
-4
-9
-11
-11
-17
-21
-19
-13
-19
-17
-16
-16
-14
-16
-11
-9
-13
-12
-12
-8
-4
-5
-1
-3
0
1
-2
0
-3
-8
-3
0
4
4
1
2
4
6
7
2
1
4
3
4
5
11
11
8
11
10
10
13
10
14
15
17
14
14
15
9
14
11
4
2
3
10
14
14
13
7
6
7
6
7
2
7
2
-8
-6
-8
-6
-4
-4
-4
1
2
-3
3
-3
-9
-12
-12
-10
-11
-13
-19
-16
-18
-19
-16
-16
-14
-7
-7
-10
-11
-9
-11
-8
-8
-8
-5
-12
-6
-7
-12
-13
-15
-13
-11
-7
-1
4
8
5
7
5
6
10
7
6
9
11
13
10
11
12
18
19
23
27
23
16
12
12
15
11
4
6
1
1
1
5
4
-4
-3
-1
3
3
5
4
2
-1
-2
-4
-6
-1
-6
-5
1
-2
-2
3
4
1
-2
-2
-1
-1
-7
-5
-7
-13
-11
-10
-11
-11
-14
-20
-13
-8
-10
-5
-4
-9
-4
-3
-4
0
1
-3
-7
-2
0
2
0
-3
2
6
2
0
4
3
2
2
-5
-9
-4
-3
-1
5
7
6
9
7
11
9
3
6
-2
1
3
3
3
2
6
7
3
4
7
6
10
8
7
5
5
5
0
-2
-2
0
-4
-1
5
1
4
7
8
5
4
4
-1
-2
-7
-8
-8
-9
-4
-2
-7
-6
0
-2
-2
8
11
12
10
6
2
1
-4
-5
-2
-6
0
0
-2
4
0
-8
-8
-9
-10
-8
-8
-10
-8
-10
-14
-13
-10
-6
-10
-17
-11
-6
-6
2
2
0
2
-2
-3
-4
-1
-2
0
2
1
2
1
2
-1
2
2
-4
-2
2
4
4
5
9
11
11
9
6
5
2
1
3
7
6
8
5
6
13
5
8
13
14
18
17
14
16
11
8
12
9
8
9
7
4
3
3
0
4
3
-2
0
-5
-4
-9
-7
-7
-15
-15
-15
-11
-15
-18
-17
-17
-15
-13
-11
-11
-8
-10
-13
-8
-11
-9
-11
-13
-7
-12
-11
-12
-10
-4
-7
-5
-2
-2
-8
-6
-1
-4
-3
1
-3
-4
0
0
4
3
5
13
12
18
20
16
13
12
11
7
4
2
5
4
5
13
16
17
20
18
19
19
17
12
12
7
8
17
16
19
18
6
0
2
5
6
6
5
0
-2
0
-3
-11
-15
-13
-25
-30
-23
-20
-21
-23
-20
-19
-14
-13
-9
-2
-6
-9
-10
-12
-15
-13
-12
-14
-14
-8
-10
-5
1
0
4
2
6
6
4
5
3
-1
-1
2
-3
2
-4
1
7
4
9
8
9
8
11
6
3
4
1
6
8
7
12
19
13
15
14
11
12
6
11
11
7
14
6
7
6
1
4
8
7
3
3
1
-2
-4
-5
-9
-14
-14
-12
-11
-8
-9
-6
-1
-2
1
4
9
7
3
-2
-8
-11
-6
-8
-12
-7
-10
-11
-8
-6
-8
-7
-5
-5
-6
-5
-3
-8
-11
-14
-15
-11
-11
-9
-9
-6
-6
0
10
13
16
21
21
16
9
9
10
2
2
3
8
7
-3
2
0
0
0
1
5
3
4
5
1
1
4
0
-1
1
1
-1
-5
0
2
-1
2
5
10
13
10
8
7
7
1
1
4
1
0
-6
-4
1
-11
-10
-7
-10
-6
-7
-6
2
-5
-4
-2
-2
4
-4
-5
-4
-5
-3
-4
-3
0
1
2
10
9
3
8
16
12
8
8
9
7
7
7
10
5
0
4
2
1
2
4
-4
-8
-5
-13
-14
-17
-21
-22
-18
-23
-27
-20
-14
-13
-12
-9
-6
0
4
9
12
7
5
4
5
-1
-2
-2
-3
-1
-4
-2
0
-3
-4
-5
-6
-3
-4
0
3
4
5
5
1
3
4
7
10
8
13
15
14
19
23
17
13
11
14
16
13
14
12
10
6
3
14
14
7
11
4
4
3
3
1
-1
-7
-5
-4
-7
-9
-10
-10
-16
-13
-7
-2
-5
-5
2
5
8
6
8
10
5
4
2
4
0
2
7
0
1
-2
-6
-7
-8
-10
-18
-25
-31
-30
-33
-33
-38
-39
-37
-42
-34
-26
-27
-22
-23
-19
-13
-14
-10
-11
-9
-1
-9
-3
3
3
7
6
12
14
14
15
16
19
22
21
18
18
17
14
17
16
15
23
25
31
34
35
37
34
34
31
28
31
31
28
29
33
29
28
23
24
23
20
16
7
9
6
-4
-11
-10
-13
-12
-9
-13
-14
-5
-8
-7
1
-3
-1
4
3
3
5
5
8
9
8
10
11
11
8
-1
-10
-16
-20
-25
-42
-63
-80
-95
-109
-123
-133
-134
-135
-140
-141
-132
-118
-108
-100
-84
-66
-52
-34
-11
6
31
80
112
146
187
204
320
402
398
427
398
451
525
470
438
385
348
366
316
261
216
168
157
133
108
94
73
68
75
73
80
93
112
147
173
203
238
273
333
380
405
433
435
448
454
392
304
188
54
-110
-297
-468
-632
-772
-951
-1074
-1106
-1136
-1104
-1089
-1073
-969
-872
-750
-639
-556
-416
-271
-110
70
267
479
670
855
986
1107
1174
1095
924
643
274
-195
-747
-1329
-1920
-2488
-2973
-3375
-3664
-3828
-3878
-3811
-3648
-3391
-3092
-2759
-2390
-2024
-1644
-1250
-837
-394
79
586
1115
1662
2211
2733
3205
3602
3895
4064
4117
4049
3875
3620
3300
2956
2613
2291
2016
1781
1603
1466
1339
1230
1129
1012
872
697
513
331
136
-41
-189
-287
-344
-365
-335
-275
-196
-110
-30
27
53
53
20
-49
-144
-272
-422
-593
-792
-995
-1208
-1418
-1628
-1835
-2018
-2198
-2338
-2447
-2535
-2580
-2582
-2531
-2430
-2268
-2053
-1794
-1486
-1139
-766
-376
8
371
702
986
1211
1380
1509
1593
1634
1669
1717
1788
1884
2001
2127
2251
2318
2317
2210
1960
1569
1035
386
-375
-1182
-1982
-2736
-3383
-3888
-4203
-4336
-4312
-4122
-3803
-3380
-2901
-2404
-1904
-1422
-958
-502
-51
433
949
1491
2075
2678
3288
3866
4375
4778
5039
5136
5042
4765
4324
3750
3099
2399
1704
1069
537
126
-182
-368
-448
-454
-430
-402
-370
-380
-464
-587
-720
-867
-1009
-1118
-1170
-1134
-1036
-861
-618
-329
-24
246
487
657
733
707
569
329
-2
-400
-844
-1297
-1747
-2175
-2558
-2887
-3155
-3366
-3524
-3626
-3695
-3729
-3718
-3666
-3546
-3359
-3095
-2731
-2269
-1712
-1073
-369
390
1150
1874
2537
3113
3591
3937
4168
4309
4368
4372
4344
4308
4275
4230
4149
4021
3824
3517
3075
2488
1772
922
-24
-1036
-2060
-3025
-3896
-4620
-5170
-5508
-5638
-5564
-5309
-4909
-4382
-3781
-3153
-2496
-1828
-1169
-518
132
789
1449
2115
2765
3378
3938
4397
4732
4899
4874
4648
4228
3638
2893
2072
1223
401
-330
-937
-1361
-1607
-1703
-1667
-1524
-1293
-1060
-848
-654
-506
-421
-400
-393
-348
-269
-167
-5
236
536
852
1162
1457
1674
1772
1736
1568
1271
863
341
-248
-855
-1464
-2029
-2538
-2978
-3334
-3622
-3844
-3977
-4060
-4094
-4068
-4005
-3882
-3697
-3434
-3076
-2638
-2099
-1459
-737
53
886
1731
2559
3313
3957
4468
4822
5010
5023
4863
4588
4234
3836
3454
3124
2880
2731
2676
2692
2719
2706
2600
2359
1937
1312
511
-425
-1459
-2540
-3558
-4429
-5111
-5566
-5789
-5765
-5520
-5124
-4615
-4062
-3497
-2957
-2480
-2063
-1673
-1278
-862
-393
159
791
1493
2243
2995
3690
4267
4672
4858
4782
4453
3870
3087
2157
1153
171
-727
-1449
-1946
-2180
-2161
-1918
-1520
-1015
-444
74
495
793
955
962
834
636
446
291
165
158
278
521
836
1184
1552
1848
2013
2026
1885
1573
1103
505
-172
-873
-1560
-2170
-2682
-3083
-3362
-3537
-3615
-3614
-3562
-3482
-3390
-3290
-3186
-3055
-2880
-2628
-2304
-1890
-1377
-760
-43
733
1539
2332
3059
3684
4171
4480
4610
4568
4338
3960
3502
3008
2543
2137
1845
1698
1694
1821
2036
2285
2472
2546
2436
2121
1581
805
-132
-1189
-2294
-3376
-4335
-5084
-5587
-5834
-5836
-5613
-5219
-4704
-4154
-3613
-3115
-2687
-2324
-2029
-1742
-1422
-1043
-573
-13
653
1396
2164
2905
3540
4021
4298
4314
4071
3576
2885
2051
1135
224
-593
-1228
-1627
-1755
-1613
-1224
-619
132
934
1717
2399
2911
3194
3217
3025
2658
2155
1579
1012
545
221
68
106
314
648
1028
1398
1673
1799
1732
1442
926
227
-586
-1458
-2292
-3034
-3639
-4065
-4300
-4350
-4253
-4038
-3771
-3494
-3246
-3050
-2895
-2789
-2699
-2596
-2448
-2215
-1866
-1390
-780
-52
755
1583
2375
3094
3693
4120
4340
4348
4175
3835
3360
2824
2310
1895
1602
1442
1438
1634
1995
2411
2770
3008
3107
3000
2569
1817
854
-241
-1479
-2844
-4136
-5153
-5857
-6341
-6623
-6594
-6229
-5677
-5098
-4516
-3884
-3254
-2770
-2438
-2109
-1670
-1142
-604
-18
725
1654
2657
3585
4426
5180
5733
5937
5777
5350
4725
3874
2798
1657
639
-181
-793
-1152
-1168
-836
-282
329
998
1733
2373
2753
2831
2707
2382
1814
1088
390
-171
-628
-960
-1097
-959
-591
-107
408
874
1229
1390
1313
1010
528
-126
-944
-1862
-2757
-3506
-4068
-4450
-4681
-4766
-4728
-4590
-4386
-4151
-3920
-3741
-3643
-3577
-3444
-3192
-2824
-2378
-1822
-1128
-314
609
1591
2586
3499
4232
4784
5190
5465
5548
5385
4993
4448
3850
3232
2658
2198
1872
1662
1535
1591
1897
2362
2773
2970
2973
2794
2408
1735
809
-244
-1423
-2755
-4099
-5191
-5875
-6262
-6502
-6578
-6396
-5963
-5424
-4877
-4317
-3791
-3379
-3105
-2857
-2468
-1906
-1243
-542
233
1164
2228
3304
4315
5189
5827
6148
6122
5817
5340
4697
3857
2863
1852
957
252
-215
-428
-407
-237
8
355
800
1279
1668
1855
1808
1532
1069
511
-45
-553
-1032
-1452
-1707
-1731
-1479
-991
-383
222
724
1093
1313
1368
1223
830
175
-694
-1647
-2558
-3340
-3984
-4512
-4928
-5200
-5283
-5174
-4934
-4615
-4283
-4005
-3719
-3372
-2926
-2421
-1912
-1373
-789
-130
610
1428
2313
3160
3887
4486
4996
5456
5820
6017
6000
5779
5392
4889
4351
3794
3196
2584
2049
1626
1301
1111
1188
1518
1829
1877
1742
1678
1565
1046
76
-986
-1923
-3005
-4407
-5704
-6378
-6536
-6729
-7056
-6999
-6309
-5398
-4777
-4358
-3733
-2943
-2417
-2298
-2135
-1546
-762
-230
36
549
1580
2764
3631
4191
4768
5399
5705
5467
4974
4560
4123
3242
1936
811
264
26
-366
-805
-782
-237
264
496
874
1607
2170
2021
1496
1238
1214
799
-60
-758
-1028
-1171
-1408
-1374
-847
-167
253
502
900
1376
1589
1355
840
185
-626
-1574
-2513
-3295
-3964
-4559
-5001
-5174
-5050
-4709
-4269
-3831
-3411
-2979
-2525
-2101
-1723
-1345
-963
-590
-191
336
1052
1848
2579
3250
3935
4595
5100
5376
5485
5475
5254
4787
4198
3628
3080
2459
1800
1276
895
596
410
391
469
562
721
994
1232
1206
998
779
447
-257
-1239
-2130
-2895
-3781
-4842
-5647
-5949
-6031
-6168
-6210
-5870
-5269
-4763
-4431
-4038
-3508
-3030
-2718
-2434
-1973
-1332
-606
153
975
1939
3044
4113
4942
5527
6008
6333
6248
5712
5023
4371
3584
2519
1511
922
580
196
-111
19
455
715
790
1025
1393
1425
1043
645
398
-22
-728
-1337
-1625
-1748
-1909
-1904
-1520
-971
-491
-49
463
912
1093
1020
814
475
-85
-769
-1410
-1983
-2550
-3034
-3297
-3372
-3391
-3353
-3171
-2911
-2707
-2583
-2408
-2156
-1970
-1834
-1623
-1258
-771
-242
392
1178
2035
2857
3600
4292
4904
5298
5418
5337
5112
4714
4135
3502
2910
2327
1708
1157
789
530
266
39
-30
11
-23
-173
-199
-70
-77
-387
-801
-1045
-1321
-1927
-2761
-3402
-3803
-4353
-5121
-5671
-5715
-5576
-5621
-5717
-5462
-4893
-4411
-4158
-3880
-3320
-2647
-2142
-1759
-1144
-184
853
1707
2459
3405
4502
5386
5889
6175
6481
6660
6387
5755
5131
4657
4057
3157
2254
1693
1378
1009
603
453
617
785
781
817
1054
1281
1219
914
618
346
-74
-650
-1191
-1560
-1848
-2130
-2268
-2124
-1785
-1418
-1074
-708
-329
-46
83
41
-140
-445
-886
-1416
-1924
-2319
-2621
-2881
-3073
-3098
-2935
-2687
-2451
-2222
-1972
-1758
-1645
-1576
-1444
-1252
-1069
-882
-582
-95
494
1076
1656
2241
2774
3133
3303
3364
3349
3183
2820
2365
1952
1652
1376
1089
834
691
637
533
392
302
346
404
328
208
318
681
950
959
896
1009
1061
690
-11
-632
-1126
-1901
-3047
-4083
-4589
-4822
-5184
-5563
-5493
-4898
-4244
-3784
-3254
-2387
-1432
-806
-459
21
745
1399
1762
2042
2561
3261
3843
4204
4553
5001
5347
5330
4997
4627
4272
3720
2839
1862
1093
511
-95
-680
-999
-1005
-909
-900
-830
-560
-256
-186
-368
-577
-763
-1082
-1542
-1959
-2196
-2317
-2388
-2289
-1875
-1209
-494
175
837
1494
2006
2238
2215
2027
1636
997
192
-613
-1303
-1937
-2555
-3055
-3338
-3427
-3429
-3377
-3244
-3035
-2838
-2700
-2565
-2335
-2010
-1697
-1403
-999
-411
270
932
1574
2246
2896
3383
3648
3814
3980
4012
3800
3454
3194
3037
2788
2400
2068
1923
1780
1442
1061
899
911
810
537
397
542
721
629
341
158
46
-351
-1149
-1990
-2589
-3148
-3981
-4899
-5393
-5401
-5297
-5307
-5141
-4490
-3598
-2920
-2478
-1937
-1214
-641
-470
-444
-181
287
640
843
1203
1896
2698
3297
3718
4180
4638
4814
4562
4070
3561
2969
2137
1139
264
-354
-834
-1269
-1528
-1470
-1153
-778
-399
72
636
1119
1379
1480
1526
1488
1266
916
622
454
359
300
394
713
1145
1543
1882
2195
2419
2387
2044
1502
806
-77
-1152
-2263
-3246
-4090
-4810
-5347
-5601
-5566
-5347
-5020
-4562
-3987
-3413
-2937
-2529
-2118
-1734
-1430
-1166
-842
-411
94
621
1194
1853
2538
3156
3633
4006
4313
4489
4472
4255
3936
3628
3277
2806
2251
1765
1415
1073
626
224
67
78
16
-159
-134
185
491
486
306
275
272
-50
-739
-1381
-1784
-2217
-2913
-3606
-3843
-3728
-3681
-3820
-3796
-3430
-3041
-2950
-3037
-2962
-2725
-2607
-2710
-2692
-2284
-1652
-1062
-487
333
1412
2465
3278
3928
4538
5007
5114
4833
4376
3883
3261
2443
1576
903
476
159
-41
-26
245
652
1036
1397
1779
2128
2296
2246
2056
1813
1512
1094
623
275
92
-19
-93
-38
197
481
679
785
832
784
524
19
-607
-1273
-1985
-2760
-3498
-4041
-4362
-4541
-4611
-4497
-4187
-3797
-3442
-3130
-2823
-2563
-2419
-2383
-2348
-2227
-2034
-1794
-1455
-924
-216
572
1342
2116
2909
3605
4080
4329
4453
4465
4300
3904
3442
3069
2727
2288
1774
1408
1213
997
603
247
149
177
75
-152
-111
266
602
609
531
739
1009
844
237
-271
-497
-911
-1849
-2856
-3334
-3480
-3873
-4565
-4932
-4699
-4373
-4430
-4583
-4254
-3558
-3075
-2952
-2613
-1714
-659
70
599
1455
2631
3563
4001
4299
4768
5099
4875
4247
3703
3360
2824
1959
1205
885
753
515
367
630
1151
1495
1624
1916
2414
2671
2525
2277
2187
1980
1367
648
207
-31
-459
-1020
-1298
-1191
-1008
-981
-917
-662
-393
-408
-647
-893
-1127
-1531
-2166
-2796
-3251
-3559
-3838
-4037
-4039
-3874
-3652
-3436
-3222
-2966
-2702
-2547
-2504
-2444
-2259
-1957
-1657
-1345
-855
-161
590
1278
1932
2655
3337
3772
3955
4040
4120
4067
3754
3319
3009
2827
2596
2251
1987
1935
1928
1741
1452
1321
1399
1416
1180
1040
1291
1690
1776
1570
1554
1747
1603
829
-90
-700
-1319
-2464
-3913
-4864
-5200
-5541
-6208
-6665
-6371
-5687
-5319
-5236
-4801
-3907
-3125
-2838
-2602
-1883
-891
-142
292
894
1898
2911
3511
3787
4093
4477
4588
4235
3702
3303
2970
2431
1695
1102
872
810
636
436
502
911
1386
1669
1903
2281
2702
2833
2624
2428
2332
2024
1317
558
140
-37
-301
-604
-597
-317
-87
-15
110
336
347
-57
-680
-1225
-1728
-2355
-3075
-3662
-4020
-4254
-4403
-4363
-4050
-3639
-3330
-3105
-2818
-2450
-2157
-2034
-2030
-1995
-1902
-1777
-1592
-1247
-695
-58
521
1129
1899
2723
3373
3744
3975
4155
4174
3973
3654
3388
3119
2675
2112
1687
1535
1449
1225
1001
1034
1249
1348
1333
1529
1984
2278
2117
1773
1640
1524
989
38
-863
-1539
-2390
-3587
-4650
-5102
-5231
-5595
-6159
-6344
-5941
-5467
-5326
-5252
-4839
-4219
-3828
-3667
-3187
-2178
-1092
-357
252
1258
2581
3673
4308
4799
5381
5784
5645
5168
4809
4567
4070
3189
2343
1911
1696
1362
1005
983
1282
1520
1580
1745
2189
2598
2634
2413
2255
2142
1765
1118
533
194
-114
-543
-879
-884
-652
-484
-421
-321
-155
-120
-366
-802
-1254
-1694
-2271
-2985
-3643
-4062
-4287
-4455
-4558
-4476
-4176
-3843
-3595
-3364
-3089
-2835
-2718
-2721
-2722
-2629
-2487
-2338
-2083
-1602
-940
-210
573
1418
2268
3012
3604
4079
4418
4556
4467
4225
3950
3665
3329
2933
2559
2277
2063
1856
1692
1687
1821
1923
1886
1924
2240
2647
2744
2463
2185
2011
1588
693
-311
-1048
-1791
-2958
-4317
-5144
-5341
-5497
-6003
-6450
-6339
-5906
-5661
-5629
-5334
-4667
-4081
-3837
-3533
-2673
-1396
-251
552
1404
2572
3786
4647
5151
5577
5923
5881
5331
4650
4192
3780
3067
2092
1286
888
654
381
221
359
655
816
926
1257
1789
2142
2093
1902
1830
1750
1442
1014
713
541
276
-58
-154
70
344
368
238
213
263
125
-309
-843
-1351
-1953
-2720
-3463
-3963
-4257
-4555
-4903
-5090
-4966
-4672
-4438
-4274
-4054
-3770
-3547
-3415
-3207
-2857
-2510
-2271
-1996
-1480
-763
-42
595
1257
2014
2734
3286
3730
4161
4506
4617
4493
4326
4241
4161
3912
3501
3112
2857
2641
2318
1975
1798
1811
1782
1623
1598
1922
2370
2503
2320
2180
2184
1941
1149
124
-715
-1505
-2676
-4103
-5132
-5558
-5843
-6375
-6817
-6671
-6095
-5648
-5474
-5154
-4447
-3720
-3339
-3055
-2408
-1412
-519
89
768
1801
2936
3771
4296
4802
5342
5611
5422
4988
4587
4143
3432
2484
1629
1033
557
99
-213
-234
0
302
621
1043
1528
1941
2154
2192
2143
1974
1634
1181
734
339
-25
-321
-456
-424
-295
-139
8
150
230
156
-119
-541
-1043
-1646
-2343
-3077
-3713
-4187
-4573
-4885
-5044
-5001
-4827
-4620
-4376
-4050
-3674
-3305
-3004
-2719
-2378
-2031
-1731
-1428
-1032
-543
-19
528
1138
1807
2493
3143
3731
4260
4709
5026
5160
5135
5040
4874
4549
4065
3567
3180
2806
2324
1840
1595
1601
1588
1436
1403
1738
2159
2242
2002
1856
1913
1650
761
-353
-1148
-1791
-2863
-4316
-5418
-5795
-5995
-6540
-7113
-7032
-6362
-5861
-5800
-5638
-4939
-4089
-3676
-3558
-3070
-2076
-1105
-488
120
1190
2529
3570
4224
4848
5585
6087
6040
5640
5239
4814
4110
3125
2203
1579
1098
624
309
339
636
937
1223
1652
2164
2514
2566
2463
2346
2085
1563
921
398
12
-380
-772
-946
-814
-578
-439
-332
-122
98
74
-245
-658
-1062
-1581
-2308
-3097
-3717
-4157
-4565
-4947
-5150
-5100
-4921
-4761
-4607
-4334
-3978
-3674
-3472
-3283
-2998
-2685
-2424
-2168
-1778
-1210
-573
70
770
1595
2485
3315
4030
4660
5217
5614
5790
5760
5641
5490
5217
4798
4302
3868
3524
3154
2742
2400
2198
2057
1891
1728
1688
1825
1966
1935
1729
1524
1370
1028
314
-583
-1388
-2195
-3235
-4426
-5340
-5817
-6180
-6673
-7066
-6963
-6490
-6092
-5863
-5497
-4848
-4196
-3790
-3483
-2895
-2048
-1276
-688
-51
892
2008
2956
3654
4297
4951
5379
5393
5158
4927
4643
4048
3155
2311
1749
1331
886
563
564
735
866
1080
1607
2277
2666
2711
2690
2722
2489
1905
1322
879
290
-587
-1330
-1566
-1472
-1492
-1589
-1424
-1030
-726
-639
-589
-505
-643
-1202
-1951
-2587
-3045
-3529
-4147
-4645
-4848
-4772
-4552
-4252
-3797
-3258
-2797
-2477
-2225
-1956
-1689
-1573
-1642
-1714
-1583
-1202
-724
-195
500
1377
2314
3240
4193
5159
5978
6477
6659
6662
6556
6254
5709
5010
4269
3501
2739
2090
1617
1259
936
685
581
595
608
634
760
922
910
630
312
79
-268
-979
-1922
-2723
-3379
-4168
-5149
-5901
-6159
-6244
-6523
-6841
-6750
-6267
-5872
-5778
-5653
-5170
-4527
-4087
-3767
-3143
-2117
-1060
-192
696
1892
3241
4339
5075
5673
6269
6694
6699
6353
5943
5548
4998
4197
3383
2833
2487
2114
1710
1505
1583
1749
1806
1822
1950
2106
2061
1750
1361
1032
625
-9
-733
-1258
-1570
-1833
-2073
-2088
-1775
-1338
-985
-689
-311
60
191
3
-369
-768
-1257
-1956
-2758
-3415
-3864
-4248
-4608
-4797
-4722
-4506
-4316
-4147
-3905
-3592
-3362
-3268
-3187
-2990
-2722
-2469
-2135
-1585
-796
109
1049
2094
3249
4374
5338
6093
6660
7025
7120
6939
6538
5971
5299
4589
3854
3113
2412
1825
1407
1033
618
267
107
60
-83
-336
-476
-417
-392
-629
-978
-1139
-1214
-1551
-2204
-2799
-3109
-3426
-4055
-4762
-5062
-5003
-5044
-5303
-5372
-4956
-4383
-4096
-3978
-3568
-2830
-2204
-1899
-1557
-816
122
830
1341
2050
3071
4035
4630
5027
5536
6083
6290
6066
5720
5463
5110
4441
3578
2867
2381
1903
1342
895
750
794
790
717
718
825
851
645
299
-31
-354
-800
-1343
-1786
-2061
-2220
-2325
-2311
-2091
-1752
-1420
-1131
-838
-584
-492
-611
-865
-1184
-1616
-2197
-2829
-3353
-3767
-4142
-4465
-4622
-4565
-4409
-4277
-4141
-3896
-3576
-3309
-3147
-2958
-2604
-2144
-1685
-1166
-441
511
1536
2528
3516
4532
5513
6285
6791
7115
7268
7201
6905
6439
5884
5279
4647
4036
3463
2915
2394
1921
1504
1080
570
16
-455
-840
-1252
-1737
-2112
-2183
-2080
-2058
-2127
-1989
-1590
-1314
-1423
-1684
-1729
-1725
-2108
-2887
-3532
-3738
-3899
-4366
-4887
-4931
-4497
-4145
-4073
-3865
-3183
-2321
-1784
-1528
-1056
-215
575
993
1290
1897
2751
3410
3732
4053
4615
5157
5286
5093
4924
4819
4489
3782
2947
2292
1743
1075
347
-174
-385
-487
-649
-753
-634
-407
-305
-370
-442
-448
-543
-821
-1150
-1357
-1452
-1563
-1667
-1595
-1333
-1016
-750
-491
-165
113
219
142
-50
-303
-690
-1250
-1877
-2464
-2986
-3484
-3936
-4229
-4328
-4284
-4145
-3898
-3491
-2970
-2409
-1841
-1233
-565
97
713
1330
2001
2713
3391
4031
4685
5349
5938
6384
6684
6854
6884
6700
6274
5676
4994
4251
3381
2407
1484
695
-13
-746
-1457
-2022
-2436
-2825
-3276
-3636
-3778
-3790
-3840
-3872
-3630
-3102
-2550
-2154
-1724
-1121
-555
-352
-462
-542
-621
-982
-1719
-2443
-2848
-3135
-3565
-4028
-4130
-3849
-3542
-3407
-3208
-2691
-2048
-1626
-1406
-1025
-350
354
831
1250
1956
2883
3695
4242
4736
5356
5891
6042
5855
5603
5371
4922
4130
3241
2515
1933
1336
725
302
154
120
95
114
257
475
589
545
431
323
151
-122
-483
-837
-1112
-1341
-1507
-1588
-1551
-1418
-1264
-1110
-958
-847
-831
-958
-1236
-1633
-2126
-2700
-3284
-3842
-4334
-4719
-4959
-4984
-4811
-4488
-4046
-3486
-2821
-2135
-1499
-892
-286
279
743
1156
1603
2096
2580
3040
3520
4058
4580
5000
5314
5564
5682
5582
5277
4807
4224
3505
2662
1773
923
128
-613
-1272
-1789
-2166
-2468
-2697
-2800
-2804
-2789
-2761
-2630
-2366
-2037
-1704
-1289
-706
-26
593
1082
1579
2082
2393
2357
2083
1804
1454
809
-119
-989
-1602
-2154
-2856
-3534
-3831
-3797
-3781
-3919
-3896
-3502
-2994
-2694
-2517
-2059
-1283
-568
-82
443
1282
2242
2942
3389
3904
4550
5005
5028
4825
4707
4586
4152
3413
2708
2237
1791
1164
543
220
144
4
-260
-387
-267
-150
-273
-537
-684
-723
-934
-1350
-1719
-1870
-1944
-2154
-2372
-2360
-2155
-2017
-2034
-2019
-1872
-1750
-1865
-2104
-2265
-2347
-2501
-2766
-2935
-2887
-2728
-2586
-2403
-2044
-1525
-1012
-583
-154
341
815
1157
1407
1666
1952
2203
2392
2588
2878
3209
3518
3811
4115
4405
4591
4637
4575
4402
4068
3550
2906
2214
1469
658
-132
-802
-1345
-1823
-2221
-2445
-2459
-2391
-2374
-2341
-2181
-1948
-1830
-1842
-1765
-1475
-1129
-903
-634
-67
728
1394
1772
2128
2620
2919
2648
1945
1251
613
-400
-1872
-3265
-4137
-4730
-5503
-6284
-6472
-5997
-5439
-5159
-4781
-3872
-2726
-1970
-1616
-1042
-67
810
1210
1489
2176
3127
3792
4073
4457
5166
5783
5896
5697
5668
5724
5377
4548
3686
3083
2445
1476
460
-171
-512
-913
-1367
-1474
-1173
-897
-871
-850
-573
-374
-584
-1023
-1332
-1537
-2008
-2660
-3072
-3092
-3052
-3091
-2968
-2493
-1843
-1348
-979
-589
-179
14
-96
-305
-461
-608
-887
-1196
-1341
-1253
-1056
-865
-600
-222
200
540
760
937
1123
1202
1123
975
902
931
951
963
1090
1362
1688
1982
2264
2593
2860
2943
2849
2658
2405
2010
1462
903
451
28
-398
-725
-835
-799
-791
-808
-719
-524
-405
-418
-437
-336
-175
-144
-167
-25
298
562
583
515
558
552
185
-484
-1166
-1747
-2466
-3463
-4406
-4956
-5213
-5476
-5741
-5661
-5101
-4394
-3831
-3285
-2490
-1540
-783
-317
169
881
1595
2073
2409
2937
3694
4363
4782
5139
5632
6081
6186
5963
5665
5356
4809
3907
2880
1992
1200
331
-557
-1200
-1521
-1706
-1888
-1943
-1741
-1417
-1216
-1152
-1050
-894
-858
-1020
-1221
-1325
-1374
-1459
-1535
-1456
-1219
-931
-669
-400
-88
215
388
394
318
181
-49
-401
-816
-1184
-1507
-1804
-2050
-2202
-2214
-2121
-1973
-1774
-1520
-1224
-923
-652
-401
-153
62
246
417
598
807
1032
1280
1551
1828
2119
2403
2656
2845
2938
2957
2897
2720
2443
2092
1711
1301
870
454
114
-138
-342
-493
-586
-606
-611
-639
-703
-762
-834
-939
-1035
-1102
-1108
-1067
-960
-788
-561
-340
-165
-19
54
14
-177
-483
-862
-1309
-1833
-2369
-2828
-3180
-3435
-3620
-3657
-3496
-3201
-2823
-2380
-1841
-1225
-598
-5
582
1193
1800
2353
2823
3261
3686
4056
4306
4443
4507
4480
4332
4038
3658
3206
2661
2031
1337
646
-10
-648
-1234
-1707
-2048
-2253
-2346
-2297
-2098
-1806
-1489
-1159
-814
-526
-337
-226
-161
-146
-182
-240
-264
-225
-156
-48
83
231
369
446
462
390
246
17
-290
-630
-984
-1314
-1600
-1828
-1985
-2058
-2036
-1956
-1844
-1694
-1515
-1341
-1170
-1004
-836
-638
-429
-177
142
523
967
1443
1943
2466
2960
3375
3690
3903
3986
3927
3716
3377
2957
2477
1959
1426
925
498
146
-139
-376
-567
-718
-856
-1039
-1292
-1562
-1838
-2125
-2440
-2751
-2927
-2940
-2830
-2644
-2313
-1773
-1125
-515
-33
416
809
988
870
535
163
-263
-845
-1518
-2046
-2305
-2414
-2506
-2495
-2210
-1722
-1265
-960
-665
-266
84
208
166
179
324
463
470
506
773
1218
1628
1894
2215
2699
3120
3264
3189
3119
3067
2786
2185
1524
1028
615
79
-522
-862
-857
-723
-640
-469
-14
633
1138
1382
1574
1831
1969
1697
1143
661
306
-193
-897
-1469
-1659
-1642
-1744
-1827
-1628
-1230
-935
-884
-858
-747
-740
-994
-1372
-1663
-1837
-2051
-2323
-2427
-2288
-2000
-1713
-1387
-890
-302
197
561
903
1258
1520
1578
1514
1485
1486
1431
1301
1242
1355
1527
1667
1836
2079
2372
2572
2588
2511
2372
2107
1641
988
286
-392
-1078
-1779
-2413
-2878
-3159
-3332
-3413
-3366
-3171
-2889
-2611
-2390
-2187
-1918
-1633
-1402
-1223
-985
-591
-139
265
653
1114
1632
2056
2275
2370
2457
2453
2235
1781
1290
881
429
-150
-767
-1228
-1521
-1799
-2133
-2355
-2364
-2249
-2141
-2047
-1811
-1404
-947
-541
-138
376
970
1488
1886
2266
2665
2994
3147
3154
3133
3096
2957
2693
2398
2166
1963
1719
1463
1271
1150
1019
848
659
496
330
93
-189
-485
-776
-1061
-1355
-1607
-1800
-1940
-2016
-2033
-1997
-1905
-1783
-1653
-1524
-1417
-1316
-1227
-1154
-1100
-1062
-1019
-965
-897
-826
-744
-656
-571
-499
-439
-391
-361
-352
-354
-357
-347
-314
-248
-141
8
191
413
672
958
1247
1523
1784
1997
2157
2266
2307
2276
2176
2002
1776
1504
1181
830
468
105
-259
-608
-928
-1208
-1455
-1674
-1850
-1983
-2089
-2163
-2196
-2184
-2123
-2016
-1851
-1615
-1305
-933
-502
-3
535
1093
1663
2207
2691
3072
3312
3399
3324
3076
2652
2088
1424
676
-125
-919
-1655
-2278
-2784
-3197
-3466
-3585
-3587
-3506
-3362
-3159
-2906
-2626
-2325
-1987
-1593
-1126
-612
-39
607
1320
2069
2810
3508
4112
4620
4984
5148
5111
4891
4493
3921
3200
2397
1575
772
25
-630
-1150
-1534
-1773
-1891
-1921
-1855
-1748
-1648
-1574
-1554
-1580
-1654
-1772
-1899
-2013
-2076
-2046
-1912
-1660
-1281
-801
-258
315
876
1380
1768
2009
2087
1999
1748
1360
875
345
-192
-684
-1086
-1369
-1534
-1577
-1505
-1355
-1146
-919
-708
-531
-402
-314
-268
-254
-237
-182
-82
78
316
625
995
1396
1796
2159
2442
2618
2649
2532
2255
1848
1333
730
84
-560
-1146
-1649
-2045
-2315
-2451
-2464
-2365
-2182
-1953
-1685
-1423
-1183
-969
-782
-605
-438
-257
-30
241
570
954
1367
1793
2181
2501
2712
2773
2659
2353
1880
1254
501
-329
-1172
-1967
-2659
-3198
-3576
-3752
-3722
-3527
-3194
-2764
-2263
-1720
-1193
-707
-247
182
572
947
1319
1711
2127
2572
3027
3447
3830
4135
4321
4354
4213
3908
3430
2787
2031
1212
372
-431
-1150
-1725
-2135
-2384
-2468
-2394
-2185
-1894
-1571
-1239
-936
-714
-567
-485
-467
-491
-537
-558
-514
-416
-249
-2
292
598
891
1134
1298
1338
1245
1018
669
230
-273
-793
-1295
-1743
-2099
-2358
-2494
-2525
-2469
-2337
-2163
-1951
-1732
-1516
-1298
-1083
-862
-616
-348
-47
297
672
1062
1455
1829
2163
2447
2643
2749
2758
2670
2494
2224
1886
1501
1084
657
230
-172
-536
-862
-1136
-1360
-1524
-1621
-1665
-1663
-1599
-1481
-1319
-1119
-888
-618
-320
-16
309
643
972
1282
1564
1812
1996
2102
2126
2050
1868
1592
1220
779
292
-226
-726
-1199
-1628
-1983
-2254
-2419
-2504
-2518
-2444
-2307
-2115
-1900
-1670
-1411
-1140
-870
-595
-302
13
349
692
1043
1415
1756
2061
2321
2495
2585
2561
2428
2199
1873
1475
1030
571
132
-262
-591
-817
-934
-956
-873
-719
-514
-285
-62
142
299
384
404
387
319
222
122
45
13
8
39
118
232
359
481
562
601
581
472
289
31
-277
-625
-998
-1355
-1671
-1931
-2119
-2223
-2236
-2168
-2035
-1837
-1604
-1348
-1072
-799
-542
-299
-76
125
313
493
676
860
1033
1203
1356
1492
1606
1681
1705
1674
1587
1444
1236
980
696
382
63
-244
-523
-758
-938
-1064
-1123
-1129
-1074
-976
-834
-662
-490
-314
-148
7
145
268
378
478
581
679
788
891
997
1092
1154
1192
1189
1142
1027
843
610
331
21
-315
-658
-971
-1245
-1480
-1643
-1743
-1765
-1721
-1635
-1504
-1355
-1186
-1014
-839
-673
-513
-340
-159
47
273
530
800
1068
1334
1573
1769
1892
1939
1898
1769
1557
1281
965
620
284
-25
-288
-476
-582
-616
-583
-485
-342
-175
-11
140
264
329
347
328
272
199
106
26
-36
-70
-75
-62
-30
1
21
19
-18
-93
-206
-367
-557
-769
-991
-1207
-1408
-1572
-1699
-1781
-1807
-1786
-1713
-1602
-1454
-1284
-1091
-892
-695
-482
-270
-55
177
423
680
944
1210
1475
1720
1919
2071
2159
2173
2108
1969
1781
1543
1282
1018
763
544
357
207
99
41
3
-35
-56
-77
-105
-151
-220
-294
-370
-454
-536
-605
-655
-671
-668
-650
-599
-526
-422
-289
-165
-20
131
273
386
463
521
528
488
378
239
82
-113
-321
-539
-721
-883
-1030
-1156
-1237
-1260
-1291
-1327
-1353
-1348
-1298
-1257
-1226
-1161
-1060
-910
-734
-537
-292
-21
259
526
786
1044
1266
1438
1525
1571
1608
1588
1524
1414
1280
1174
1061
952
870
799
771
761
764
789
797
812
811
772
699
615
491
313
124
-61
-253
-473
-662
-793
-873
-950
-1018
-1035
-1002
-965
-926
-890
-857
-815
-819
-825
-836
-859
-872
-897
-898
-887
-870
-821
-762
-693
-616
-554
-497
-438
-385
-339
-300
-277
-243
-179
-103
-12
98
229
381
536
699
862
1027
1164
1265
1336
1385
1418
1395
1331
1231
1106
978
819
644
477
307
139
-25
-170
-299
-418
-524
-621
-698
-760
-806
-824
-832
-814
-744
-644
-510
-343
-140
95
341
584
820
1036
1201
1304
1336
1300
1200
1023
774
481
157
-172
-504
-833
-1119
-1350
-1535
-1686
-1780
-1821
-1815
-1783
-1735
-1649
-1535
-1391
-1225
-1040
-810
-549
-256
57
376
717
1054
1360
1629
1848
2020
2120
2127
2071
1959
1796
1593
1348
1093
846
613
399
205
37
-102
-214
-320
-421
-522
-611
-697
-796
-888
-958
-1007
-1042
-1052
-1029
-963
-855
-715
-542
-339
-120
92
292
478
632
736
772
746
660
521
334
99
-155
-408
-656
-877
-1055
-1183
-1251
-1267
-1234
-1146
-1015
-841
-643
-439
-213
16
245
484
724
966
1201
1430
1659
1862
2038
2188
2283
2311
2275
2174
2009
1762
1464
1117
720
304
-120
-532
-927
-1295
-1620
-1890
-2110
-2281
-2395
-2448
-2461
-2428
-2359
-2261
-2121
-1948
-1753
-1544
-1307
-1051
-770
-471
-175
129
433
729
1007
1252
1462
1632
1744
1789
1766
1678
1518
1299
1034
724
402
71
-249
-537
-789
-983
-1117
-1192
-1211
-1167
-1061
-923
-749
-537
-304
-56
198
450
709
963
1198
1406
1592
1752
1874
1953
1978
1957
1878
1740
1554
1317
1055
780
493
217
-29
-245
-421
-561
-678
-757
-806
-841
-875
-898
-913
-940
-973
-999
-1000
-981
-946
-887
-796
-663
-520
-374
-217
-73
34
99
125
107
39
-75
-226
-401
-575
-737
-891
-1009
-1091
-1141
-1141
-1102
-1031
-926
-800
-652
-499
-335
-151
37
232
441
660
888
1120
1345
1565
1760
1921
2045
2114
2127
2065
1935
1739
1479
1173
824
451
74
-295
-649
-967
-1243
-1476
-1659
-1786
-1862
-1899
-1891
-1846
-1768
-1668
-1551
-1405
-1245
-1062
-857
-609
-340
-44
269
602
949
1279
1600
1884
2130
2308
2421
2465
2428
2325
2135
1885
1582
1232
853
455
57
-331
-696
-1027
-1316
-1562
-1751
-1894
-1968
-1982
-1957
-1881
-1763
-1592
-1401
-1204
-994
-776
-558
-358
-154
33
200
357
484
594
691
755
799
811
782
732
655
550
430
302
177
54
-47
-121
-171
-202
-211
-196
-168
-135
-93
-34
32
82
121
178
238
290
342
392
457
519
570
629
691
737
757
761
752
730
687
632
565
480
392
299
209
115
22
-62
-151
-231
-312
-380
-438
-502
-550
-584
-587
-579
-563
-523
-466
-405
-340
-277
-219
-171
-146
-141
-162
-207
-268
-361
-472
-586
-718
-843
-956
-1067
-1150
-1214
-1259
-1278
-1267
-1217
-1155
-1076
-964
-825
-673
-496
-298
-88
146
375
618
864
1110
1342
1563
1738
1858
1984
2056
2088
2063
1949
1840
1698
1513
1321
1084
841
616
382
148
-77
-287
-485
-663
-825
-965
-1060
-1147
-1211
-1236
-1230
-1164
-1089
-996
-870
-742
-596
-443
-303
-165
-46
53
138
199
242
262
270
256
225
193
162
129
87
57
37
24
20
32
56
88
135
176
221
262
303
345
371
409
434
432
435
433
434
426
397
383
369
350
329
291
257
229
182
133
77
11
-52
-125
-201
-282
-371
-447
-522
-588
-645
-710
-773
-812
-842
-860
-874
-886
-871
-850
-806
-752
-704
-629
-542
-451
-353
-257
-158
-74
6
72
127
190
228
258
282
296
322
338
353
373
398
432
458
481
510
544
579
624
665
704
746
794
843
864
886
896
884
887
863
811
757
686
620
554
471
395
326
266
214
152
98
47
-18
-95
-194
-302
-439
-595
-771
-958
-1117
-1275
-1404
-1503
-1579
-1590
-1565
-1503
-1402
-1286
-1158
-1028
-904
-782
-670
-583
-510
-438
-375
-326
-268
-200
-120
-26
87
208
342
480
610
735
842
933
999
1044
1077
1090
1086
1060
1030
1001
968
942
914
893
873
843
821
802
775
725
667
620
554
472
392
304
214
125
44
-36
-106
-173
-241
-302
-367
-443
-516
-589
-677
-765
-857
-948
-1041
-1138
-1217
-1292
-1356
-1397
-1417
-1416
-1381
-1321
-1249
-1140
-1011
-871
-709
-541
-362
-186
-23
133
271
392
489
561
620
660
682
694
689
682
680
672
678
682
688
706
722
743
751
758
758
746
728
703
666
631
599
563
536
510
487
474
466
450
432
403
357
287
199
93
-36
-195
-362
-520
-683
-829
-954
-1057
-1130
-1183
-1201
-1186
-1169
-1128
-1078
-1028
-958
-891
-814
-730
-660
-571
-465
-360
-246
-123
9
140
268
386
497
597
659
699
715
711
671
611
547
485
433
398
384
402
456
526
607
672
729
759
749
701
618
514
382
232
88
-13
-89
-141
-138
-103
-39
37
105
176
220
226
207
149
66
-26
-144
-258
-363
-462
-528
-584
-628
-650
-662
-677
-687
-712
-731
-752
-799
-839
-869
-882
-886
-874
-817
-726
-617
-479
-318
-149
30
184
317
415
486
524
520
483
428
376
317
263
238
237
262
310
390
490
587
686
769
829
871
882
863
811
741
661
568
478
388
311
244
189
141
90
41
-16
-79
-161
-251
-342
-457
-571
-671
-743
-791
-835
-854
-837
-797
-727
-650
-579
-504
-434
-378
-334
-306
-287
-267
-248
-217
-182
-133
-68
0
71
149
230
302
359
396
422
429
416
401
375
328
297
263
231
209
190
188
185
192
215
228
239
260
280
295
304
304
299
299
287
276
260
236
224
206
186
168
152
132
101
65
20
-26
-77
-136
-192
-260
-312
-350
-394
-416
-439
-455
-448
-448
-447
-432
-428
-412
-393
-382
-367
-348
-323
-296
-268
-244
-211
-170
-134
-93
-57
-28
4
35
62
75
81
81
75
68
58
54
61
73
86
111
144
173
202
237
267
290
310
324
329
333
336
326
324
311
292
278
258
246
224
188
162
132
107
83
52
30
5
-15
-38
-62
-84
-112
-135
-162
-185
-199
-216
-231
-249
-264
-261
-258
-256
-250
-241
-224
-213
-191
-163
-139
-110
-89
-63
-30
-7
21
44
62
78
95
103
106
106
97
86
71
55
43
26
12
-4
-19
-33
-46
-53
-58
-62
-54
-48
-43
-23
0
27
54
71
98
125
144
159
171
182
182
189
189
192
197
196
194
189
184
180
170
150
135
117
93
65
33
10
-24
-56
-80
-106
-126
-138
-148
-154
-163
-170
-178
-184
-181
-184
-188
-197
-206
-216
-219
-221
-227
-235
-238
-234
-241
-240
-234
-220
-208
-203
-188
-175
-155
-134
-110
-83
-51
-15
21
68
107
147
191
222
256
287
313
338
339
332
326
311
302
280
242
223
204
175
148
123
102
78
56
29
6
-22
-51
-72
-97
-114
-127
-146
-153
-156
-163
-148
-132
-120
-101
-86
-66
-48
-33
-8
6
21
39
43
49
53
48
46
40
26
16
4
-12
-30
-43
-55
-77
-83
-89
-101
-103
-105
-102
-93
-82
-71
-51
-35
-20
6
31
53
71
87
107
126
135
140
147
153
153
143
137
128
112
97
83
62
43
33
17
4
-9
-24
-38
-46
-57
-71
-85
-102
-118
-125
-134
-151
-163
-169
-180
-184
-178
-179
-171
-164
-159
-143
-136
-126
-109
-104
-90
-79
-69
-58
-44
-30
-20
-6
15
31
49
72
83
96
118
134
146
164
171
181
197
207
218
227
241
258
272
281
293
305
313
319
316
303
291
265
232
203
170
137
97
51
13
-20
-57
-86
-125
-160
-190
-223
-253
-287
-308
-336
-362
-376
-391
-391
-388
-382
-368
-357
-322
-282
-251
-214
-171
-133
-101
-71
-51
-33
-25
-19
-9
-3
5
16
23
35
53
77
96
107
111
121
132
132
128
127
123
118
121
121
120
126
138
157
179
196
210
229
233
234
236
222
206
191
172
151
120
92
63
38
17
-5
-13
-18
-21
-24
-27
-31
-38
-47
-60
-82
-101
-121
-136
-153
-168
-173
-173
-170
-163
-155
-140
-132
-126
-118
-119
-119
-124
-133
-145
-152
-163
-174
-182
-184
-180
-175
-160
-155
-139
-121
-109
-87
-62
-43
-18
8
32
61
97
135
163
190
218
247
280
301
322
334
341
350
348
339
323
301
277
246
212
177
135
101
61
18
-22
-61
-94
-133
-171
-202
-227
-252
-273
-284
-292
-289
-281
-272
-253
-229
-205
-176
-152
-123
-95
-75
-51
-29
-2
16
34
51
63
75
85
96
100
102
110
113
114
106
102
97
73
62
54
40
34
27
18
15
8
7
13
10
11
15
22
28
33
36
36
42
49
58
57
61
59
51
55
49
42
41
31
24
5
-4
-13
-28
-31
-42
-56
-61
-66
-77
-88
-95
-101
-113
-114
-114
-115
-113
-115
-120
-116
-108
-110
-101
-94
-92
-80
-72
-68
-58
-55
-43
-28
-26
-20
-15
-3
6
12
29
37
48
59
76
90
106
126
137
146
160
175
192
202
207
211
207
202
195
177
159
144
115
88
62
31
9
-18
-45
-74
-99
-123
-146
-166
-183
-196
-205
-213
-215
-215
-213
-202
-190
-178
-161
-143
-114
-89
-64
-39
-12
13
34
47
66
80
82
89
95
97
96
91
89
87
82
84
80
70
60
53
49
38
23
19
17
8
3
1
-3
1
5
5
13
19
21
26
34
32
28
26
19
25
23
14
8
6
3
1
-3
-12
-12
-20
-27
-30
-34
-37
-42
-35
-36
-34
-28
-31
-23
-23
-17
-12
-11
-4
-9
-8
-7
-8
-14
-18
-14
-15
-19
-17
-17
-21
-25
-27
-31
-25
-26
-34
-33
-38
-37
-36
-43
-42
-37
-35
-31
-26
-15
-11
-1
4
8
21
29
43
57
63
73
80
81
84
77
76
70
58
52
48
39
26
23
19
10
8
1
-8
-13
-25
-35
-42
-47
-50
-52
-50
-49
-44
-37
-30
-22
-10
-2
5
11
13
19
22
22
24
22
24
31
26
22
22
19
17
14
11
7
-1
-5
-9
-14
-18
-20
-21
-21
-20
-19
-18
-21
-21
-20
-21
-21
-19
-16
-13
-11
-9
-6
-8
-2
-5
-5
-1
-6
-4
-5
-4
-3
-4
-1
2
6
3
-3
0
-1
-1
-1
-4
-3
2
6
14
23
27
29
32
39
38
37
36
33
31
20
15
15
9
5
2
0
-4
-9
-14
-18
-22
-25
-24
-32
-41
-45
-54
-54
-57
-62
-52
-48
-48
-33
-16
-12
-1
9
20
29
28
38
46
45
42
46
44
44
45
44
43
44
46
42
33
31
27
21
14
1
-4
-14
-23
-27
-41
-45
-43
-46
-47
-50
-53
-46
-43
-40
-35
-29
-19
-18
-12
-6
-1
6
5
9
14
15
13
16
20
21
20
16
15
12
7
6
7
5
7
6
-2
0
5
6
6
8
3
0
2
-4
1
-3
-4
-2
-5
5
3
2
5
0
-1
-7
-3
-3
1
3
2
2
0
-1
6
10
13
27
36
29
33
41
26
25
33
26
18
23
12
7
8
2
6
-4
-6
-8
-20
-22
-26
-40
-45
-45
-59
-60
-65
-72
-62
-66
-62
-50
-51
-40
-33
-32
-22
-17
-20
-14
-12
-9
-6
-11
-2
2
12
26
33
42
50
55
55
59
64
61
64
60
58
53
43
34
24
19
11
14
10
-1
-2
0
-6
-10
-9
-14
-16
-13
-15
-14
-18
-20
-18
-16
-17
-16
-10
-6
-7
-7
-6
-5
-1
0
-3
-5
-8
-5
0
4
0
-1
3
4
4
4
4
4
4
1
0
-5
-9
-9
-9
-11
-19
-20
-18
-11
-11
-17
-8
-6
-7
3
3
1
5
8
7
3
-1
-3
-2
2
-1
-5
-4
4
3
5
13
16
14
16
17
11
13
15
7
4
8
11
10
8
11
12
12
10
10
10
8
11
5
9
6
-3
-1
-7
-17
-21
-20
-24
-26
-26
-30
-30
-26
-16
-22
-27
-24
-25
-24
-24
-21
-19
-17
-9
-6
-4
2
6
12
21
21
28
34
32
30
34
34
28
20
20
25
19
12
7
12
10
9
9
6
4
-1
0
2
-5
-6
-4
-8
-6
-5
-6
-6
-1
3
0
-2
-2
1
0
6
7
8
10
7
5
4
3
0
-2
-7
-13
-14
-8
-10
-13
-14
-11
-10
-14
-8
-8
-12
-14
-11
-17
-19
-20
-20
-22
-21
-16
-18
-15
-19
-17
-14
-9
-5
-3
5
4
7
6
8
12
7
10
12
12
15
14
15
12
15
22
25
24
25
24
24
23
24
23
18
21
19
14
10
8
10
7
3
6
7
5
1
-5
-7
-14
-24
-25
-23
-26
-23
-23
-23
-22
-20
-15
-14
-16
-14
-10
-11
-7
-4
-3
0
-1
3
8
9
12
9
2
1
-1
0
5
3
1
2
8
4
-3
2
6
1
2
6
7
6
7
7
-1
-3
-4
-8
-7
0
-3
-8
1
-2
-3
1
5
6
2
-1
-5
-6
-6
-4
-2
2
9
7
10
9
4
7
3
1
4
0
-8
-9
-10
-8
-3
-2
-1
-5
-2
-1
0
2
1
-1
-4
-1
1
-1
0
-2
-3
-7
-6
-5
-1
-1
-5
-5
-4
-5
-1
0
0
3
1
0
-1
0
3
11
10
16
15
8
16
18
20
17
15
17
11
15
12
5
6
-4
-11
-8
-5
-5
-1
2
2
2
0
-6
-6
-9
-16
-18
-19
-18
-16
-14
-15
-13
-17
-16
-11
-9
-5
-7
-8
-5
-5
-10
-8
-3
-2
-1
-6
-5
-10
-13
-6
-8
-3
1
-4
2
6
8
11
13
10
8
7
8
10
7
6
7
12
16
17
12
16
24
18
22
28
23
20
20
21
17
13
9
7
0
-1
-2
-3
2
0
-1
1
-5
-2
-10
-13
-11
-15
-17
-26
-26
-23
-25
-20
-15
-13
-14
-11
-10
-10
-8
-11
-14
-11
-9
-10
-10
-8
-8
-8
-6
-7
-9
-5
-7
-3
0
-5
-3
-2
-3
-3
-1
0
-3
1
7
6
7
6
10
18
16
13
14
17
18
20
19
22
26
24
27
30
30
28
25
24
19
14
11
9
9
12
7
1
-3
-5
-10
-17
-20
-16
-13
-19
-20
-16
-18
-23
-23
-25
-27
-28
-24
-20
-18
-13
-18
-23
-20
-24
-22
-17
-15
-9
-8
-7
-5
-2
3
5
6
9
16
9
6
12
9
14
12
10
9
5
10
11
7
10
7
6
6
8
8
9
12
9
12
9
8
13
9
4
6
7
2
8
10
1
2
4
-4
-1
1
2
3
6
11
7
12
12
1
1
-1
-2
-1
-2
-4
-6
-10
-12
-7
-5
-11
-8
-13
-16
-12
-16
-13
-14
-13
-9
-10
-9
-13
-11
-10
-5
-2
0
2
11
15
9
12
14
13
11
6
9
7
4
7
8
12
8
12
11
11
7
0
3
-5
-8
-13
-19
-20
-21
-19
-18
-18
-18
-20
-19
-15
-10
-8
-9
-5
-3
-11
-8
-11
-14
-15
-15
-5
-3
-1
-1
3
8
8
7
10
8
6
6
5
9
10
9
12
9
11
17
21
23
22
24
24
25
32
32
28
24
26
21
19
15
7
11
9
11
10
11
10
11
7
2
2
0
-5
-8
-12
-16
-20
-22
-21
-23
-24
-21
-20
-24
-22
-17
-26
-20
-14
-20
-20
-22
-16
-15
-18
-13
-19
-17
-11
-10
-11
-7
0
1
-2
-8
-6
-10
-14
-7
-5
-13
-8
-4
-7
-5
-4
-2
3
4
3
5
7
12
12
15
16
8
13
20
19
22
15
16
16
12
16
20
17
16
19
23
20
16
13
14
12
6
0
0
-3
-1
1
0
1
-5
4
4
2
12
7
3
2
-1
-2
-2
-9
-10
-9
-13
-15
-9
-7
-6
-6
-7
0
2
-2
-3
-4
-4
-5
-8
-5
-5
-5
-3
-3
-6
-4
-6
-8
-6
-9
-10
-6
2
-7
-12
-9
-9
-14
-18
-12
-11
-9
-7
-8
-6
-5
-9
-2
-1
-4
-2
2
2
-7
-3
-4
-8
-3
-1
6
6
0
7
12
11
19
19
18
20
18
19
19
15
11
12
14
13
12
9
11
10
5
3
0
5
9
3
2
-1
-1
-2
-3
2
1
2
5
7
6
6
14
12
7
5
3
-1
-4
-10
-8
-9
-9
-6
-11
-11
-12
-16
-11
-11
-18
-18
-16
-18
-17
-19
-17
-18
-16
-14
-20
-16
-11
-15
-15
-12
-10
-7
-8
-9
-1
2
-3
-2
-2
0
4
2
4
5
9
9
10
17
11
19
17
15
14
7
9
12
15
15
16
16
9
12
16
9
10
16
14
16
17
13
16
16
15
14
5
10
8
5
6
5
8
4
1
2
4
2
-9
-9
-12
-14
-11
-14
-17
-12
-7
-6
-6
-13
-17
-16
-14
-16
-12
-9
-10
-11
-16
-12
-16
-18
-14
-12
-11
-11
-11
-10
-15
-15
-17
-18
-13
-11
-17
-13
-10
-9
-6
-7
-6
-2
4
9
13
13
10
3
6
9
8
6
10
14
13
12
13
19
23
26
30
23
23
26
19
16
16
17
18
20
12
5
14
10
11
13
8
10
9
8
1
-4
0
-5
-3
-3
-11
-7
-9
-12
-9
-12
-13
-15
-20
-14
-13
-16
-17
-12
-10
-14
-16
-17
-16
-15
-14
-16
-14
-12
-10
-8
-9
-3
2
1
2
1
4
0
-5
-1
6
3
5
7
7
7
7
4
5
6
4
6
6
9
2
0
2
-1
-1
-2
1
-2
-5
0
2
2
5
6
11
15
13
15
14
10
11
7
6
9
4
3
7
4
4
5
2
4
3
1
0
-5
-3
-8
-13
-13
-16
-11
-9
-6
-7
-10
-13
-11
-9
-14
-12
-12
-9
-6
-7
-3
-3
0
2
3
5
11
11
4
4
2
4
4
0
2
-1
-3
-1
1
4
1
3
4
-1
3
1
1
7
3
4
9
10
8
8
10
7
5
-1
1
3
4
9
6
9
4
7
8
4
2
-5
-2
-3
-6
-4
-8
-15
-10
-10
-11
-10
-11
-4
-3
-6
-9
-7
-1
0
-1
1
-3
-12
-11
-8
-7
-5
-1
2
5
7
9
14
8
6
2
-4
-7
-2
-5
-8
-4
-6
-4
-3
-2
1
3
9
12
13
13
6
8
14
11
7
5
9
7
1
4
11
8
5
4
3
2
3
-4
-5
-4
-11
-12
-8
-10
-15
-16
-23
-20
-11
-12
-7
-8
-9
-4
-4
-5
-7
-2
1
2
6
4
6
3
7
11
6
2
5
5
4
5
5
-1
1
1
-3
-1
0
5
4
4
5
7
9
4
9
11
9
10
8
4
3
5
9
7
7
13
12
11
9
6
7
9
4
1
0
-4
-3
-6
-12
-10
-11
-14
-11
-9
-10
-14
-15
-15
-23
-21
-13
-17
-21
-18
-19
-14
-12
-18
-14
-8
-8
-7
-4
-4
-3
0
2
4
0
-6
-4
-2
2
2
1
5
2
7
10
10
11
15
18
22
24
19
19
17
17
11
13
15
19
19
17
19
17
24
19
13
12
6
6
0
-2
2
2
1
2
6
4
1
-2
-7
-7
-12
-7
-12
-17
-16
-23
-23
-20
-19
-16
-22
-20
-18
-18
-17
-15
-16
-14
-11
-13
-11
-10
-8
-7
-9
-13
-13
-6
-3
-2
0
0
2
-1
4
5
5
11
8
13
12
13
16
15
15
14
16
18
17
18
17
13
13
18
17
15
20
15
11
7
5
-1
-6
-8
-11
-8
-9
-11
-14
-9
-5
-2
1
1
3
1
-1
0
0
-6
-9
-16
-18
-16
-14
-12
-12
-6
-10
-9
-4
-7
-3
-3
-4
-4
-11
-9
-10
-10
-6
-2
-1
-4
-1
1
0
-1
6
10
9
7
5
5
10
8
3
10
11
11
17
19
17
18
21
22
16
15
22
18
11
13
11
6
2
0
-1
-2
-2
-16
-9
-9
-11
-5
-10
-9
-10
-17
-18
-17
-22
-22
-21
-20
-19
-15
-15
-14
-10
-7
-4
-2
2
5
3
6
4
0
-2
2
3
-3
3
2
-1
5
5
1
3
8
7
3
6
6
5
4
5
6
-1
-1
3
0
3
6
7
6
9
11
9
7
0
3
4
1
2
1
0
4
6
-5
-6
-1
1
3
-1
1
3
0
-2
-8
-6
-6
-11
-6
-5
-13
-12
-5
0
-1
-2
-3
-8
-9
-6
-6
-10
-7
-4
0
7
8
9
12
5
1
3
4
6
5
3
6
0
1
7
1
4
6
11
16
12
13
9
13
10
2
6
1
-3
-2
-2
0
-5
-3
0
0
2
-1
-2
2
-2
-8
-13
-16
-19
-18
-14
-15
-13
-8
-10
-2
-4
-7
0
3
1
-5
-3
-3
-5
-7
-6
-4
0
1
0
6
8
3
6
5
4
5
2
4
8
2
5
1
-5
-3
-5
-5
-1
-2
1
3
0
4
5
4
2
4
5
4
6
4
9
8
2
-5
-2
-3
-2
3
3
7
12
12
8
6
5
3
5
3
-2
-2
1
3
0
0
4
6
6
2
-2
2
-1
-2
-1
-8
-7
-1
-6
-6
-5
-9
-8
-6
-4
-1
0
-1
-2
-2
0
1
3
1
1
-2
-3
-2
-2
-4
-7
-6
-10
-8
-8
-13
-10
-8
-7
-5
-7
-3
-3
-6
-10
-14
-4
-2
-2
2
8
14
16
15
13
13
9
9
4
-1
0
0
3
8
3
2
11
7
8
7
2
14
16
12
13
11
1
0
0
-1
3
1
5
1
2
7
6
7
4
6
7
4
-2
-7
-2
-11
-13
-8
-15
-16
-11
-15
-13
-14
-15
-14
-19
-16
-8
-8
-13
-15
-17
-19
-18
-19
-19
-9
-3
-5
0
4
3
6
2
3
12
9
3
10
14
13
11
18
15
12
11
13
20
24
23
18
20
16
14
12
7
9
3
3
3
1
-2
-6
-1
-3
-3
0
-2
0
-2
-6
-10
-9
-13
-11
-9
-13
-12
-10
-5
-1
-4
-6
-3
-2
0
2
3
-2
-3
-2
-3
-5
-4
-3
-4
-2
3
2
-1
1
4
2
-5
-2
2
1
1
-8
-9
-10
-13
-9
-4
1
0
1
2
-8
-7
0
4
8
4
5
4
0
-1
1
9
8
-1
-1
1
4
9
9
14
14
2
3
2
-1
6
2
5
1
-9
-5
-4
1
3
3
3
-7
-16
-9
1
-1
1
2
-7
-13
-13
-3
2
4
2
-1
-1
-1
5
9
14
9
4
3
-1
3
4
5
7
8
12
6
2
2
4
7
4
7
3
-5
0
4
6
3
4
6
-2
-1
-3
-2
-5
-6
-7
-11
-9
-7
-10
-12
-10
-9
-7
-8
-13
-9
-6
-7
-4
-3
-2
-6
-8
-15
-15
-4
-1
0
-2
-6
-7
-5
1
10
16
11
5
6
5
7
3
1
5
3
2
2
1
7
6
4
13
15
13
12
14
13
7
9
6
2
2
-1
-2
1
-2
-2
-3
-9
-5
2
-3
2
1
-4
-3
-5
-7
-8
-6
-2
-2
-4
-6
-9
-6
-4
5
12
7
5
2
-1
4
2
-1
1
-4
-8
-13
-4
4
3
5
4
-1
-3
-3
-3
-2
-6
-3
-6
-10
-7
-3
1
-5
-9
-8
-10
-5
-3
-2
-1
-3
2
2
3
2
0
0
1
-3
-5
-3
-2
0
2
0
0
3
1
9
16
13
19
15
6
6
6
10
8
4
2
4
8
10
13
9
3
2
7
9
3
5
10
5
-1
-7
-7
0
2
1
5
2
-3
0
0
1
-1
-1
-3
-13
-9
-10
-17
-13
-15
-11
-9
-12
-10
-14
-17
-15
-18
-19
-20
-13
-11
-18
-11
-5
-7
-7
-7
-8
-4
0
5
9
10
4
5
14
14
14
14
10
6
9
9
10
16
11
13
17
15
12
7
3
14
13
12
7
-1
4
6
7
4
5
-2
-7
-5
1
6
3
4
8
6
2
-3
-5
-8
-13
-6
-2
-2
1
-2
-5
-2
1
1
0
2
-1
-2
0
-1
-3
-8
-5
-13
-18
-15
-12
-12
-11
-8
-8
-8
-8
-10
-8
-7
-7
2
3
-3
-4
-9
-11
-5
-6
3
8
-2
3
7
5
11
16
13
10
4
5
7
9
7
8
14
9
11
16
11
8
4
5
5
4
4
4
0
-5
0
2
-5
-1
1
-6
-2
0
1
3
1
-2
-6
-10
-16
-11
-3
-6
-8
-9
-6
-2
-3
-3
-10
-9
-5
-9
-7
-6
-9
-3
-7
-14
-4
0
1
0
0
0
1
6
3
2
0
3
6
6
9
10
5
7
11
11
5
1
5
10
14
10
8
10
8
8
1
1
-3
-3
-6
-13
-3
2
4
5
3
4
11
14
7
6
1
-4
-4
-3
-6
-6
-3
-9
-12
-11
-7
2
4
1
0
-4
-4
-2
3
1
-4
-7
-7
-5
-7
-14
-8
-8
-11
-9
-9
-1
0
-6
-3
1
1
1
1
-1
-2
-6
-10
-8
-10
-9
-2
-2
-3
-2
6
10
12
7
1
5
-3
-3
1
6
13
9
10
16
14
4
2
2
6
7
4
10
7
12
14
12
13
10
4
5
11
9
11
11
6
4
6
5
5
0
-8
-10
-16
-19
-16
-19
-19
-11
-9
-16
-17
-15
-14
-9
-13
-10
-9
-17
-13
-12
-10
-5
-4
-1
-5
0
0
-1
3
5
7
10
13
10
6
9
12
13
14
14
14
10
10
7
11
15
11
5
10
8
1
1
-4
-4
0
0
-1
-3
-5
-4
-6
-9
-10
-7
-3
-1
3
2
-1
0
-1
1
6
-2
-4
-3
-6
-5
-6
-8
-4
-1
-2
-4
-6
-2
-3
0
0
-7
-10
-10
-4
-3
1
1
-11
-15
-13
-13
-4
1
5
10
6
4
-1
-2
7
4
3
5
4
7
8
6
9
12
13
11
9
9
2
-4
-4
-7
-1
8
14
12
5
2
2
3
4
5
4
4
3
5
6
2
4
4
2
0
1
0
-1
-4
-6
0
-4
-2
2
-2
-4
-6
-8
-18
-15
-11
-11
-6
-8
-7
-8
-11
-12
-7
-3
-3
-9
-14
-11
-12
-10
-8
-6
-3
-2
-4
0
5
-1
2
7
6
9
7
7
11
6
2
0
1
-1
1
9
12
13
11
13
19
20
17
9
5
7
12
10
4
8
6
5
8
6
10
6
5
5
0
-5
-10
-8
-5
-4
-2
0
-2
-6
-8
-8
-8
-10
-8
-11
-10
-9
-11
-10
-11
-16
-11
-6
-16
-11
-11
-16
-11
-11
-7
-4
-5
-10
-10
-7
-6
-4
-6
-11
-8
-3
-1
5
5
7
6
12
15
16
24
22
18
13
11
15
7
4
9
5
3
9
13
15
19
18
11
14
11
13
12
7
12
10
2
-2
-2
-7
-5
1
-3
-2
0
-2
-4
-8
-7
-7
-4
-2
-2
-6
-9
-9
-11
-15
-20
-17
-9
-9
-6
-9
-9
-11
-10
-4
-9
-13
-14
-14
-17
-23
-15
-15
-12
-9
-6
1
3
2
0
1
-7
-7
-4
-3
2
-1
3
8
10
12
16
19
16
15
17
15
18
21
17
15
14
17
19
11
13
8
2
5
4
8
8
9
7
14
18
18
21
9
-1
-6
-10
-12
-11
-13
-11
-11
-11
-7
-8
-7
-6
-8
-9
-2
-10
-18
-15
-14
-7
-11
-11
-12
-14
-7
-5
-5
1
0
-4
-6
-12
-5
-3
-6
-6
-7
-4
-1
-2
-5
-9
-10
-1
0
-3
-3
-6
1
1
0
9
7
5
6
5
3
7
9
12
9
4
10
3
5
16
12
14
20
17
9
14
14
5
5
2
1
1
2
0
0
0
0
-2
-2
3
-3
-9
-7
-9
-5
-1
0
2
-1
-3
-2
-3
-3
1
-3
-10
-10
-7
-6
-7
-4
-5
-7
-8
-8
-2
0
-2
-2
-4
-2
2
2
0
0
1
7
5
4
9
3
-6
-5
-1
1
0
6
5
-1
-1
0
2
0
5
5
2
1
-1
0
-2
-6
-4
-5
0
1
-4
1
2
-7
-9
-8
-9
-6
-6
-1
-1
-6
0
2
1
2
2
-5
-5
0
-2
8
6
-2
-2
-4
-2
3
4
6
6
2
5
4
3
7
5
1
3
8
4
4
11
12
13
13
5
3
7
9
10
11
10
5
8
4
-3
-1
-5
-5
-1
-3
-6
-8
-8
-1
3
-4
-11
-8
-9
-19
-21
-16
-14
-17
-13
-6
-5
-6
-4
0
-6
-9
-10
-6
0
-5
3
9
4
7
6
4
1
-4
0
-2
-2
6
10
13
14
15
8
1
0
-1
-1
3
1
0
-1
-8
-6
2
5
5
2
-1
-1
0
4
4
-1
-3
-5
-2
4
6
-1
0
8
4
4
5
-2
-3
-4
-2
-3
-5
-1
-1
-2
4
1
-6
0
4
4
-2
2
4
2
1
-3
-3
1
0
-4
-5
-7
-8
-6
-4
3
-2
-5
-1
0
5
6
4
4
3
4
6
4
2
-6
-5
-2
-4
-2
4
5
3
2
1
-2
0
3
-3
-4
-2
0
-6
-6
-6
-4
0
-5
-1
1
-2
4
9
5
5
9
0
-1
4
0
-6
-11
-8
-6
-2
-5
-5
2
4
5
6
-1
-3
0
4
-3
-7
-3
0
0
-2
4
7
5
10
5
5
