7
8
6
4
5
2
4
5
2
3
3
4
5
2
3
10
7
4
5
4
5
3
1
1
5
-1
-2
1
-3
3
1
0
-1
-1
2
0
-2
-2
-3
-3
-5
-2
-2
-4
-6
-6
-4
-3
-3
-5
-2
-2
-5
-5
-4
-5
-7
-6
-3
-6
-6
-4
-7
-7
-13
-11
-7
-7
-9
-13
-14
-13
-10
-11
-11
-17
-15
-15
-18
-7
-11
-17
-11
-8
-11
-5
-4
-2
-3
-2
-4
-4
-1
-6
-5
-5
-6
-6
-5
-8
-6
-3
-5
-3
-6
-8
-9
-9
-9
-9
-7
-9
-10
-4
-5
-5
-6
-5
-6
-7
-5
-6
-7
-8
-6
-7
-9
-3
-5
-6
-1
4
-4
-9
2
0
-6
-6
-6
-6
-5
-6
-8
-7
-1
-2
-5
-4
-5
-6
-2
0
1
-3
-1
-2
-2
-1
0
0
-2
3
-1
0
2
1
-1
0
1
2
4
7
6
5
4
-1
-3
-1
1
-1
-1
4
5
3
3
2
5
6
7
4
-1
-1
-3
-1
2
0
1
2
-2
-2
1
0
-2
-3
-1
-4
-3
-3
-5
-6
-5
-2
0
0
-2
-1
-2
-1
1
0
-4
1
0
1
2
-1
2
5
6
8
5
5
7
6
8
9
5
8
11
4
8
12
3
-3
0
1
-3
0
-2
1
4
0
-3
2
7
3
3
7
2
1
2
2
4
3
7
9
9
9
7
9
13
10
6
5
6
7
7
9
10
10
7
10
8
8
11
9
3
1
5
3
4
8
17
12
2
4
11
12
11
10
9
8
10
8
8
9
7
9
9
8
10
6
6
4
6
7
6
5
6
7
6
10
5
2
1
1
0
4
3
1
-1
0
1
-1
1
6
8
2
1
1
3
-1
-3
-4
-2
-3
-5
-3
-3
-2
-1
3
2
1
1
0
0
2
0
0
2
-1
0
1
-3
-2
1
0
-1
0
4
3
1
4
4
3
2
4
3
3
4
4
3
5
1
-2
4
-1
3
0
-4
1
6
4
-1
-4
-2
-4
-8
2
-3
-4
6
8
4
5
6
4
5
5
7
6
6
7
5
5
6
3
5
5
6
3
3
7
5
5
2
2
1
2
0
3
3
2
4
1
4
3
3
0
4
5
-1
3
4
3
8
8
8
9
13
16
5
4
8
9
4
5
5
6
9
6
5
6
10
11
6
7
10
6
9
8
8
10
8
7
8
9
5
4
3
9
7
7
7
9
8
10
8
9
14
12
12
11
6
6
10
5
7
11
12
13
12
12
14
14
13
15
16
12
8
6
8
12
11
13
10
9
13
12
13
12
11
11
13
9
10
10
9
10
7
7
7
10
11
12
12
11
11
12
12
12
13
11
13
16
14
17
18
16
15
14
14
19
17
15
15
15
26
16
14
21
12
12
12
12
10
9
12
12
13
12
11
10
10
12
12
12
11
11
14
12
10
11
11
17
16
14
15
15
17
13
12
14
9
12
14
17
20
15
17
14
18
17
15
14
9
8
7
10
9
15
15
16
11
5
11
16
14
13
13
12
12
9
7
9
10
9
10
12
8
6
6
5
7
8
6
6
7
8
8
6
7
9
5
6
6
5
6
6
4
4
2
0
7
8
3
0
2
5
2
0
-1
-3
1
-6
-4
-4
-3
4
0
3
0
2
-1
0
0
0
0
-2
-1
-1
-1
2
1
-2
1
0
1
2
0
0
4
2
2
3
-1
1
1
1
0
1
0
-1
-4
-3
-1
0
-5
-6
-5
-6
-4
-6
-7
-11
-7
-8
-14
0
-5
-2
5
-3
1
4
3
4
6
7
3
4
4
2
0
2
0
3
2
4
0
0
1
0
2
1
0
-3
-1
-2
-4
1
1
2
2
-2
-3
0
1
0
-4
-3
-2
-2
2
-3
0
3
3
3
2
8
-3
-1
4
-1
-2
-3
-1
-1
0
0
-2
-2
0
-1
1
3
-3
-1
0
-2
3
1
0
0
3
2
3
3
2
4
5
6
9
9
9
8
8
13
13
8
10
11
13
11
9
5
4
10
11
15
18
16
17
23
20
17
17
15
15
18
18
18
16
16
19
17
18
17
18
18
17
17
17
17
15
16
15
14
15
10
14
14
12
14
12
15
13
15
10
13
16
11
15
15
15
17
19
21
19
19
17
18
17
16
17
20
24
21
23
18
7
8
10
7
9
6
6
12
10
8
7
9
12
6
6
11
13
11
11
13
8
10
9
12
14
14
13
16
15
14
12
8
9
7
8
9
10
10
9
14
10
10
7
8
9
2
3
-1
-3
8
15
5
0
1
7
5
7
7
7
10
7
6
3
5
3
3
6
5
7
2
2
3
3
4
5
4
4
5
7
6
5
2
2
0
5
5
7
4
2
4
1
2
1
10
9
1
0
4
2
1
2
0
1
-3
-1
-2
-2
0
2
2
0
1
1
-1
-1
0
-2
-1
1
2
2
0
1
2
4
7
3
6
3
5
4
5
4
7
4
3
6
4
5
4
5
3
0
2
-2
1
3
-2
0
-2
5
4
1
-3
-5
-10
-6
6
-1
1
4
7
7
9
7
7
13
11
10
10
12
11
8
10
10
9
10
10
11
7
11
8
9
7
3
6
6
1
0
4
5
5
3
8
3
2
1
0
4
2
0
2
0
0
0
6
7
7
13
8
0
0
8
8
0
1
0
2
6
0
-2
1
2
1
1
3
-2
-1
-2
5
6
2
1
4
5
3
5
3
2
3
6
7
8
9
8
7
6
7
9
11
10
9
9
3
-1
0
4
9
11
10
9
11
13
12
12
14
14
10
6
4
8
9
11
10
10
8
12
10
9
9
7
8
7
8
5
5
4
7
2
2
5
4
5
3
0
3
2
2
3
1
3
4
6
7
5
6
7
13
11
8
8
7
11
9
8
11
13
5
9
11
9
3
1
-2
-2
0
1
0
0
1
-1
0
-1
0
1
0
0
1
-1
-2
-1
-2
2
5
5
5
8
12
9
6
5
1
6
3
3
3
4
7
3
3
7
8
11
3
3
-2
-1
2
5
6
3
7
0
-1
3
7
6
5
2
2
5
4
3
3
7
4
5
6
3
2
2
3
4
4
2
5
2
2
6
3
2
2
1
1
2
2
1
0
0
-1
1
1
3
2
8
6
3
4
0
0
-4
4
2
-2
2
-2
3
2
7
2
3
2
0
0
1
1
0
1
2
2
4
5
2
5
5
5
8
6
7
9
8
7
5
5
6
7
8
9
7
7
5
4
4
0
1
0
0
-4
-2
4
2
0
-5
-5
-2
-6
-1
-1
-5
-2
3
3
0
5
4
3
5
3
2
6
4
3
0
0
0
2
1
-3
1
1
1
3
-1
-1
2
-3
-3
-4
-2
-2
1
4
0
2
0
-1
0
-2
1
1
2
4
-1
0
5
7
5
5
10
5
-5
4
10
5
3
2
2
2
4
4
5
5
4
7
8
7
8
10
10
9
13
6
9
9
9
5
4
7
8
8
9
13
11
12
9
9
11
13
15
15
15
12
11
11
13
13
14
15
12
14
12
15
18
17
16
20
18
12
10
9
14
14
16
16
13
15
15
14
12
11
15
13
13
15
12
11
12
13
15
13
10
13
14
13
14
13
13
14
13
11
16
19
18
18
13
19
20
19
22
18
19
22
20
18
16
21
20
16
26
20
12
11
9
11
8
10
9
11
14
11
14
14
13
14
15
16
18
16
13
13
10
13
16
17
16
19
19
19
18
16
16
15
15
16
17
17
16
18
14
16
19
17
13
14
14
15
9
12
13
23
23
12
10
11
16
16
14
14
13
15
14
11
15
14
13
16
17
18
15
14
14
17
19
19
18
14
18
21
19
19
16
13
11
14
16
15
15
13
15
12
13
13
18
19
14
17
13
14
13
11
11
11
11
9
10
7
10
12
11
9
10
9
8
10
8
5
8
7
5
8
4
6
5
3
5
7
6
4
4
4
3
2
4
3
4
2
4
1
3
2
1
3
0
-1
-4
-1
-3
-1
-8
-3
-1
-4
-5
-8
-7
-11
-2
1
-1
-7
-2
2
-1
5
3
3
5
4
4
6
6
2
2
2
2
1
2
4
2
2
1
3
1
-1
0
-1
-6
-5
-2
-3
2
1
0
1
1
1
-1
-1
-3
2
5
3
1
1
7
11
9
10
11
9
-1
5
15
9
5
3
6
6
6
7
6
10
9
9
9
8
8
8
10
10
11
10
11
11
12
12
11
11
9
11
13
10
13
14
15
16
14
18
20
17
21
22
18
12
12
12
17
16
13
18
21
23
20
19
22
23
20
21
14
12
17
16
20
19
21
16
19
20
18
19
19
19
16
17
17
16
13
14
13
12
14
11
14
16
15
12
13
14
10
11
14
16
19
15
11
15
17
18
16
16
18
18
14
11
13
19
15
7
21
20
10
10
5
3
4
7
5
9
11
6
8
6
5
9
10
10
11
8
12
9
10
11
11
14
14
15
18
16
15
15
13
15
11
14
16
17
17
16
16
15
15
14
10
12
14
6
7
4
10
11
13
15
9
8
12
17
14
15
14
16
16
16
15
17
19
17
16
16
16
15
16
16
15
19
15
17
21
19
20
21
19
19
16
18
16
13
16
15
15
13
15
11
9
16
15
17
11
11
10
6
6
7
5
2
3
1
6
3
5
5
4
1
3
-1
0
3
4
3
1
0
3
3
-2
0
1
1
3
0
2
2
2
2
1
1
0
1
2
1
2
3
2
0
-2
-1
-2
0
-3
-8
-3
-1
-2
-4
-11
-10
-9
-11
-3
-2
-4
-3
3
0
4
6
6
8
6
4
4
5
3
2
2
4
-1
4
1
1
1
2
5
2
2
-2
0
-2
-4
0
1
0
3
8
4
4
0
1
0
-2
-1
-1
1
1
2
0
1
7
4
2
5
-3
-4
5
5
1
1
0
-1
0
1
1
2
0
3
1
2
6
4
3
2
2
1
3
2
1
1
1
1
2
2
1
1
5
2
0
-2
-1
4
7
3
5
3
-4
-1
-1
6
4
8
4
2
3
6
8
11
12
13
8
1
1
2
6
4
7
5
5
6
3
6
6
5
5
3
4
5
5
5
0
0
1
2
1
0
-1
3
1
-1
-1
0
2
2
3
3
-1
4
6
6
7
7
4
5
5
7
10
7
5
7
12
11
8
14
9
1
3
1
1
0
-1
2
8
2
-1
4
2
5
4
8
5
5
6
6
7
3
6
10
9
11
9
12
13
9
8
8
8
9
9
9
9
9
11
9
9
11
12
11
5
6
0
4
3
8
19
8
3
2
7
6
10
8
4
4
3
3
7
4
4
7
8
6
7
6
5
3
4
9
7
7
6
5
7
6
3
8
4
1
7
5
5
4
6
5
4
6
2
3
6
5
3
0
1
2
-1
-1
-2
-7
-4
-5
-6
-2
-1
2
-3
-6
-5
-6
-3
-5
-5
-6
-6
-5
-8
-5
-9
-8
-7
-5
-4
-6
-4
-6
-8
-5
-6
-5
-6
-7
-6
-8
-9
-7
-4
-8
-10
-14
-12
-7
-11
-14
-15
-16
-13
-12
-14
-14
-19
-21
-21
-17
-11
-16
-13
-10
-10
-12
-10
-8
-8
-5
-7
-9
-5
-9
-8
-10
-9
-6
-9
-7
-11
-8
-10
-10
-11
-12
-11
-13
-13
-13
-16
-12
-13
-13
-7
-12
-10
-12
-14
-15
-17
-10
-13
-14
-9
-9
-7
-9
-3
-3
-5
-2
-9
-14
-6
0
-9
-12
-10
-11
-10
-10
-9
-11
-12
-11
-11
-9
-8
-10
-9
-7
-6
-6
-7
-7
-8
-9
-9
-8
-9
-9
-9
-5
-8
-8
-7
-6
-6
-7
-6
-7
-5
-4
-4
-11
-13
-14
-10
-1
2
-1
-2
1
2
3
1
4
1
-1
-2
-7
-5
-3
-3
-4
-2
0
-2
-1
-3
-3
0
0
1
2
-2
0
-2
-1
-1
-3
-2
-1
0
-1
-1
-1
-2
-1
-1
-4
2
-3
1
1
2
2
6
8
6
6
5
7
8
5
1
3
14
5
1
10
-1
-1
0
-5
-3
-5
-6
-2
-1
-3
-2
-2
-5
-1
-4
0
0
-4
-2
-5
-6
-4
-7
-2
1
0
4
2
5
3
-3
-2
-2
-1
-1
1
0
1
2
2
2
3
-2
-1
-1
-6
0
-3
1
1
-2
8
0
-2
2
5
5
2
-2
0
4
1
-3
-1
-4
-2
-1
-1
0
-1
-3
-3
-3
-2
0
-3
0
-2
0
-1
0
-2
0
-1
-3
-1
-3
-2
-5
-1
-4
-4
-3
-6
-3
0
2
1
-1
-5
-10
-7
-5
-12
-9
-7
-8
-8
-7
-4
-8
-6
-7
-8
-7
-6
-3
-6
-7
-4
-6
-7
-6
-5
-4
-5
-2
-3
-1
-4
-4
-3
-5
-4
-3
-5
-5
0
-3
-1
-2
-1
-3
-7
-8
-3
-3
-6
-6
-8
-5
-4
-5
-8
-4
-4
-9
-2
1
-5
3
2
2
4
4
6
6
8
7
3
8
3
4
4
3
6
5
7
5
3
7
7
6
7
3
2
2
1
0
3
7
5
7
6
2
3
1
1
1
-4
2
2
4
3
3
10
4
9
7
6
-3
1
10
5
0
-4
3
-1
-3
-1
-1
1
1
2
5
5
3
-1
-2
3
3
4
3
2
3
3
4
4
3
3
5
6
7
8
8
8
9
8
13
12
14
11
16
13
7
5
3
8
8
10
10
8
12
14
17
19
14
10
10
9
11
14
12
9
12
12
13
13
15
13
13
13
11
14
11
10
10
10
12
9
10
13
10
10
10
11
10
14
14
16
13
14
16
15
18
20
20
22
20
21
19
17
23
19
21
20
24
22
20
28
16
14
15
13
14
14
14
14
11
12
14
16
15
14
13
13
13
13
13
15
12
13
16
16
19
21
21
22
21
21
19
16
18
15
20
18
18
21
21
22
18
21
17
20
18
12
9
12
9
17
24
16
15
14
18
17
17
17
16
18
19
20
17
19
18
19
19
22
23
20
19
18
18
20
15
13
18
17
18
19
20
15
15
14
19
19
17
15
14
17
15
16
14
19
22
16
16
19
19
17
15
17
17
12
16
15
14
14
17
16
15
11
12
11
11
12
11
13
13
15
12
16
15
12
14
16
14
17
15
18
15
18
18
18
14
15
17
14
16
17
17
15
14
9
9
7
12
9
6
6
9
11
7
3
1
0
2
9
12
8
14
15
14
16
13
14
12
15
11
10
9
9
8
8
9
5
7
9
9
8
5
8
7
5
2
2
3
0
0
-1
2
0
2
3
3
2
4
-1
0
3
0
6
2
2
4
6
11
8
7
8
-2
-5
8
9
5
2
3
2
4
5
4
4
2
5
7
9
4
5
8
9
11
10
7
7
10
9
10
7
8
11
9
10
13
13
11
10
8
10
11
11
12
5
8
7
9
7
10
13
10
15
10
17
20
18
20
18
17
16
12
11
13
16
19
19
17
15
19
18
17
18
15
19
19
20
19
18
17
15
16
17
19
20
14
16
20
17
17
20
16
21
21
24
28
24
21
23
25
26
27
26
24
26
27
27
27
27
33
24
31
32
24
21
20
20
20
20
18
21
20
19
19
18
21
21
20
22
21
21
17
21
22
20
23
26
23
24
20
22
24
20
24
17
20
20
19
24
22
25
20
23
24
19
25
17
17
17
13
12
19
16
18
25
17
15
16
22
24
24
20
21
21
21
22
21
21
22
22
24
24
22
20
17
21
21
24
24
23
22
23
23
22
23
21
17
15
20
20
18
20
20
19
18
16
18
23
23
20
16
20
20
16
20
15
14
19
13
18
16
15
17
15
16
12
15
13
12
14
14
11
11
14
11
12
10
13
14
13
14
13
11
13
10
11
11
12
13
11
12
12
12
10
9
6
4
5
1
3
6
0
0
5
5
1
-8
1
0
-1
6
1
4
0
0
-1
0
6
4
7
5
5
4
2
5
7
1
4
5
4
5
2
4
3
4
5
2
2
2
1
-3
-4
-1
-1
3
3
4
6
1
3
0
0
3
-1
4
2
1
5
7
11
7
9
10
-1
7
11
7
3
5
6
5
5
7
4
5
7
5
6
6
8
5
9
10
11
9
6
8
7
7
6
9
7
11
11
11
11
9
12
12
11
12
12
13
15
18
11
6
8
12
11
8
12
11
13
15
15
18
15
20
14
6
9
10
14
12
14
13
12
13
13
14
11
14
13
11
16
18
13
16
14
14
13
10
12
9
10
10
12
11
11
10
11
11
10
12
16
20
14
15
22
22
20
21
20
23
18
17
17
20
25
11
21
22
14
16
12
10
8
8
8
10
11
7
9
13
11
13
9
10
10
8
11
10
8
7
9
14
13
12
12
14
15
12
14
13
11
14
15
14
15
14
12
13
16
12
14
12
11
10
6
8
6
10
13
9
8
8
12
14
13
12
11
11
16
10
10
11
8
9
8
12
10
10
6
7
9
9
11
11
10
10
10
10
11
8
7
8
8
7
6
6
5
5
5
4
3
2
7
8
5
1
2
3
-1
5
0
-3
-3
-6
-2
-3
-3
0
-3
0
-1
-7
-9
-7
-5
-8
-9
-5
-3
-4
-10
-9
-7
-8
-7
-12
-12
-10
-11
-7
-8
-12
-10
-11
-11
-11
-13
-12
-11
-12
-14
-16
-18
-17
-19
-20
-21
-20
-17
-20
-21
-21
-22
-23
-22
-15
-18
-20
-13
-12
-14
-11
-11
-10
-10
-12
-11
-12
-8
-10
-10
-13
-15
-14
-16
-13
-14
-13
-13
-13
-13
-18
-20
-17
-17
-20
-17
-18
-14
-14
-15
-15
-15
-15
-16
-13
-15
-13
-13
-12
-9
-15
-12
-9
-10
-11
-10
-4
-18
-15
-8
-11
-11
-15
-13
-13
-13
-14
-10
-9
-10
-10
-11
-8
-7
-10
-6
-6
-2
-3
-6
-5
-7
-6
-6
-8
-7
-8
-6
-6
-4
-4
-10
-6
-7
-5
-3
-4
-3
-2
-2
-6
-7
-7
-1
-7
-9
-4
-6
-3
-4
-2
-2
0
-2
-6
-8
-8
-6
-6
-2
-5
-7
-6
-7
-5
-6
-4
-4
-8
-5
-4
-7
-8
-9
-8
-6
-8
-8
-9
-7
-7
-8
-7
-8
-10
-11
-9
-11
-6
-3
-7
-5
-1
-1
-1
-3
-7
-6
-4
1
-6
-5
5
1
-7
-1
3
-4
-4
-4
-8
-7
-8
-6
-7
-5
-8
-7
-7
-3
-4
-6
-6
-8
-8
-9
-7
-8
-6
-6
-5
-4
-5
-4
-5
-2
-7
-7
-6
-8
-9
-7
-6
-4
-6
-5
-7
-8
-8
-9
-3
-7
-10
-10
-13
-9
-11
-4
-3
-12
-10
-6
-3
-7
-9
-10
-6
-8
-6
-7
-9
-7
-7
-8
-10
-8
-10
-9
-8
-9
-9
-8
-5
-9
-8
-5
-6
-6
-9
-9
-10
-8
-8
-11
-11
-10
-11
-14
-11
-13
-10
-9
-8
-10
-13
-14
-17
-14
-15
-20
-17
-15
-20
-18
-16
-17
-18
-15
-16
-16
-16
-15
-16
-17
-16
-15
-16
-15
-14
-18
-17
-17
-14
-13
-13
-16
-15
-16
-16
-14
-16
-14
-14
-14
-13
-16
-17
-15
-15
-21
-21
-18
-19
-20
-27
-26
-26
-23
-21
-25
-29
-27
-25
-24
-20
-24
-23
-16
-17
-19
-16
-15
-12
-10
-12
-13
-12
-12
-15
-16
-15
-19
-13
-15
-14
-11
-14
-10
-12
-14
-14
-20
-18
-16
-21
-17
-17
-15
-11
-13
-12
-13
-15
-17
-21
-17
-15
-12
-11
-13
-12
-13
-8
-10
-12
-8
-12
-16
-14
-7
-13
-15
-17
-16
-14
-16
-18
-15
-15
-11
-13
-14
-11
-14
-14
-15
-13
-14
-13
-16
-15
-14
-15
-14
-17
-14
-12
-11
-9
-11
-9
-10
-10
-11
-10
-9
-8
-9
-13
-13
-15
-7
-9
-9
-9
-9
-8
-8
-5
-4
-7
-7
-4
-6
-7
-12
-9
-11
-10
-8
-6
-9
-7
-5
-7
-8
-5
-7
-7
-3
-6
-4
-5
-6
-5
-7
-7
-5
-5
-6
-3
-5
-7
-2
-5
-5
-3
-3
-3
0
-2
1
5
5
7
6
2
2
5
5
3
1
10
11
5
10
3
3
4
0
-4
-3
-1
-2
3
-2
-2
0
3
2
-2
0
-1
-2
-2
-2
1
0
-4
-1
2
3
4
6
6
5
5
3
-1
5
2
3
7
4
6
4
5
4
3
4
-2
-3
-4
-4
-6
-1
6
4
-1
-2
-2
5
7
5
5
2
3
3
3
2
0
5
3
5
3
1
3
2
4
7
6
0
-1
1
4
-1
0
-1
-1
1
-3
-1
0
1
-1
4
2
-1
-1
-2
1
2
4
3
1
2
-6
-4
0
-2
-1
-5
-4
-3
-4
-3
-3
-4
-3
-3
-6
-6
-5
-4
-5
-7
-6
-7
-7
-9
-8
-7
-6
-5
-8
-9
-6
-9
-6
-2
-7
-6
-6
-6
-6
-5
-5
-3
-9
-10
-8
-7
-6
-9
-14
-13
-7
-7
-8
-9
-16
-10
-17
-15
-7
-13
-5
-8
-8
-8
-4
-5
-3
4
-3
-4
-2
-5
-2
-4
-3
-2
-4
-2
-3
-2
-1
-3
-2
-2
-5
-6
-9
-8
-9
-10
-6
-6
-3
-7
-7
-5
-9
-7
-10
-10
-10
-10
-3
-9
-8
-4
-3
-2
-7
-2
-3
-13
-7
-2
-7
-9
-9
-9
-10
-10
-12
-9
-8
-6
-6
-6
-8
-7
-5
-6
-3
-5
-5
-4
-5
-3
-4
-5
-4
-3
-2
-5
-1
-2
-3
-4
-4
-5
-3
0
-1
2
1
-7
-5
1
3
-4
-6
-2
3
5
4
5
2
8
11
1
-1
0
2
1
3
3
1
4
5
1
5
5
3
1
2
4
3
1
-1
4
2
1
1
2
3
2
3
4
0
-1
-1
1
4
1
5
5
3
5
4
6
7
8
6
4
9
6
5
5
15
10
2
11
4
-3
-2
-2
-2
-8
-4
0
-1
-1
-3
-2
0
-1
-2
-4
-1
-1
-3
2
-2
-1
-2
-1
2
0
5
2
5
4
1
-1
2
1
2
3
5
6
5
7
1
7
2
0
2
-4
1
-3
-4
-6
0
4
-6
-5
-1
-3
0
-1
-2
-3
-1
-3
-1
-1
-5
-4
-4
-2
-3
-3
-3
-7
-5
-2
-2
-4
-4
-3
-2
-1
-2
-5
-4
-4
-6
-4
-6
-6
-9
-6
-9
-9
-10
-9
-4
-4
-7
-14
-10
-9
-10
-9
-12
-15
-17
-15
-13
-14
-12
-10
-10
-14
-10
-9
-12
-11
-12
-9
-10
-12
-9
-11
-12
-12
-10
-10
-9
-7
-7
-10
-13
-13
-11
-10
-12
-10
-10
-12
-12
-11
-10
-12
-15
-16
-14
-14
-13
-18
-17
-17
-13
-12
-16
-21
-19
-15
-24
-19
-12
-13
-9
-9
-12
-10
-5
-9
-7
-9
-6
-8
-10
-6
-8
-7
-13
-12
-9
-10
-7
-10
-10
-10
-9
-11
-13
-13
-13
-15
-17
-18
-15
-12
-13
-12
-14
-13
-15
-17
-14
-18
-16
-16
-10
-12
-15
-11
-8
-7
-9
-7
-9
-15
-13
-3
-9
-10
-12
-13
-12
-12
-10
-9
-6
-10
-8
-9
-9
-9
-9
-12
-7
-7
-7
-9
-10
-7
-7
-8
-10
-8
-6
-6
-5
-6
-4
-8
-3
-4
-1
1
-2
-4
-3
1
-5
-11
-10
-2
-3
0
-1
-1
1
-2
1
-2
3
1
-3
-4
-6
-5
-3
-5
-2
-4
-4
1
-1
1
-1
-2
0
1
2
-2
-2
0
-1
-2
-1
2
0
-3
-1
-1
-2
-3
-1
-5
-4
0
-1
3
-2
3
2
3
6
6
6
5
6
6
6
8
14
9
4
12
3
0
2
-2
-3
-3
-4
0
-2
0
-1
-4
-2
-3
0
-1
-1
-2
-3
-1
-2
-4
-1
0
5
6
1
3
5
4
4
1
1
0
2
3
1
9
5
4
7
6
7
3
7
5
0
6
2
7
5
3
4
2
8
10
9
8
9
9
9
8
8
8
9
7
7
9
11
10
7
7
10
12
9
12
11
12
11
11
11
8
10
7
9
10
6
9
5
7
5
4
4
8
12
6
7
8
11
9
1
3
4
-1
-5
-3
-1
2
5
3
2
3
2
2
0
1
1
-2
-2
0
-1
2
-1
-1
3
1
4
5
4
2
2
0
0
0
0
0
1
1
0
1
-1
-2
-6
-8
-8
-7
-4
-9
-11
-11
-10
-13
-12
-12
-15
-16
-16
-11
-11
-13
-11
-6
-9
-9
-6
-9
-6
-5
-9
-7
-6
-7
-11
-8
-7
-9
-8
-8
-8
-9
-10
-8
-8
-8
-9
-12
-9
-11
-13
-14
-12
-4
-7
-9
-6
-11
-9
-8
-11
-10
-10
-8
-10
-10
-7
-5
1
-1
1
1
-8
-11
-2
2
-6
-6
-5
-4
-4
-5
-5
-2
-4
1
2
1
-2
-3
0
0
1
0
-1
1
2
2
-2
0
2
-1
2
1
-1
2
2
2
4
3
5
6
5
1
1
4
6
7
0
1
4
6
9
7
11
9
9
12
12
12
6
3
5
6
10
7
8
9
7
8
6
10
10
9
7
7
8
5
5
7
6
8
5
4
3
6
7
6
8
7
6
9
7
9
9
9
7
11
14
14
11
14
12
12
15
13
9
14
22
13
16
19
11
6
4
8
6
8
4
8
10
7
7
7
8
8
7
8
10
8
13
4
8
6
7
10
10
13
12
11
13
11
12
9
10
13
8
11
8
12
11
10
12
13
11
9
8
6
2
0
3
6
17
12
3
3
8
9
11
10
7
10
9
8
7
8
8
9
6
8
7
7
7
6
6
7
4
2
4
2
2
7
4
4
1
-2
0
0
1
-1
3
1
1
-1
-1
1
6
5
0
1
0
-2
-4
-6
-2
-9
-8
-6
-6
-7
-5
-2
-7
-4
-4
-6
-6
-7
-3
-5
-5
-4
-6
-2
-5
-6
-6
-6
-3
-3
-4
-8
-4
-1
-5
-4
-6
-4
-3
-2
-2
-4
-4
-4
-6
-7
-8
-7
-8
-6
-9
-14
-8
-7
-12
-13
-14
-12
-15
-9
-8
-11
-6
-10
-10
-9
-6
-5
-5
-4
-4
-9
-6
-8
-11
-14
-11
-10
-10
-8
-8
-7
-9
-10
-7
-10
-13
-11
-11
-10
-13
-11
-10
-8
-7
-9
-8
-13
-10
-13
-19
-12
-15
-15
-9
-12
-8
-6
-4
-3
-6
-2
-8
-15
-3
-4
-8
-9
-11
-11
-11
-10
-13
-11
-9
-5
-4
-4
-5
-7
-7
-4
-2
-2
-1
-1
0
-2
-2
-1
2
0
3
2
1
2
2
0
1
3
8
8
8
8
10
5
3
1
4
7
6
7
8
10
9
11
13
17
12
8
7
5
3
6
6
5
4
7
7
7
11
5
9
7
9
7
8
9
5
7
4
3
4
8
8
9
8
13
13
8
6
5
6
9
11
13
12
11
15
18
17
17
16
13
19
18
19
16
23
14
19
25
13
14
12
11
6
8
8
10
12
10
8
9
6
10
8
9
11
7
10
10
8
7
8
9
12
10
14
11
12
10
6
11
6
9
9
8
8
11
10
7
11
9
8
3
3
2
3
1
5
4
2
7
1
-3
2
5
4
5
3
1
5
5
4
8
6
7
7
6
7
5
7
6
9
10
6
6
6
6
7
9
10
10
3
2
4
5
7
4
6
9
7
5
5
9
6
8
12
11
10
5
7
6
8
4
2
8
3
6
7
9
7
8
9
8
7
5
8
8
4
7
8
7
4
6
7
5
9
11
9
7
7
9
11
9
8
11
8
9
9
8
9
7
5
2
4
-1
3
2
0
1
3
1
-2
-6
-4
-2
-3
4
5
0
0
2
2
5
8
8
4
5
4
4
8
3
4
4
2
4
3
5
6
4
6
2
3
2
1
-1
-1
-3
-2
0
3
5
3
5
4
5
7
4
3
-1
7
8
9
4
3
12
18
31
20
6
-10
3
24
17
10
13
10
-5
-11
1
9
-2
-8
2
6
2
-8
-6
-8
-9
1
10
14
3
-4
-5
3
6
9
14
12
12
8
12
9
10
10
9
14
19
16
14
4
0
3
11
13
12
10
9
2
6
14
9
13
14
20
15
7
6
13
15
15
21
24
25
20
22
25
25
27
32
33
35
29
32
32
30
34
33
33
36
36
40
41
39
40
33
40
48
49
51
51
47
41
42
45
54
48
41
37
39
32
28
22
30
26
22
21
21
13
-3
2
11
11
11
2
-1
9
-1
9
15
19
15
12
22
24
19
10
15
2
11
12
38
46
29
21
14
38
38
45
42
46
45
74
77
76
65
57
76
79
105
98
83
69
67
59
65
62
81
98
78
80
73
62
55
30
53
86
104
99
47
2
-19
5
39
65
2
-17
-57
-63
-59
-26
-3
-24
-63
-70
-14
-28
-49
-90
-98
-78
-49
-32
-39
-112
-160
-90
-27
33
-36
-102
-133
-171
-143
-115
-87
-123
-176
-195
-170
-186
-219
-234
-239
-183
-179
-145
-154
-182
-211
-215
-147
-45
4
8
22
50
115
152
179
229
245
291
330
371
382
352
333
351
393
421
422
386
359
321
310
320
318
305
274
252
258
254
240
202
185
178
195
174
163
85
5
-52
-64
-56
-119
-154
-251
-309
-396
-386
-359
-379
-399
-495
-522
-577
-612
-662
-719
-692
-667
-609
-632
-622
-699
-721
-734
-623
-539
-502
-449
-252
-31
63
21
34
171
291
378
532
671
674
517
450
496
509
427
363
359
294
136
-8
-80
-186
-307
-358
-325
-308
-382
-463
-513
-506
-445
-359
-238
-133
-74
-22
57
164
284
386
487
615
728
807
841
869
894
915
962
1053
1093
1118
1067
932
796
678
633
607
565
485
342
157
7
-143
-228
-279
-312
-298
-330
-413
-513
-623
-656
-618
-596
-508
-522
-488
-548
-694
-706
-749
-674
-689
-698
-742
-788
-935
-952
-978
-950
-980
-1069
-1068
-897
-472
-12
39
-159
-301
-99
223
466
714
970
926
729
642
769
830
639
564
669
694
494
195
-18
-214
-437
-449
-277
-233
-431
-721
-849
-827
-789
-660
-513
-392
-322
-268
-170
-67
3
100
283
527
778
874
865
796
763
839
943
1081
1150
1056
889
750
670
610
548
519
544
527
457
353
271
141
36
43
162
270
248
131
26
-48
-35
35
149
230
198
158
121
148
102
55
-2
38
40
-52
-122
-256
-448
-589
-773
-743
-852
-1043
-1249
-1555
-1602
-1798
-1778
-1805
-1726
-1734
-1748
-1760
-1603
-1266
-574
-60
-3
-149
-16
462
841
1014
1406
1683
1657
1397
1392
1560
1408
1049
975
1085
945
489
61
-161
-511
-842
-894
-774
-857
-1218
-1480
-1485
-1442
-1406
-1262
-1017
-798
-645
-485
-235
-59
109
338
638
1037
1338
1449
1397
1356
1413
1506
1577
1669
1617
1400
1140
994
894
695
451
316
250
198
78
-62
-219
-366
-410
-331
-166
-91
-99
-139
-101
-13
110
215
340
385
477
517
554
561
507
454
396
397
323
125
-130
-385
-579
-783
-1035
-1174
-1444
-1706
-1956
-1998
-2091
-2206
-2418
-2446
-2419
-2312
-2132
-1980
-1763
-1565
-804
7
297
110
48
664
1230
1513
1828
2258
2231
1797
1560
1840
1931
1456
1144
1133
1071
513
-95
-366
-683
-1134
-1360
-1196
-1155
-1513
-1996
-2058
-1908
-1761
-1538
-1240
-925
-770
-620
-298
34
311
563
888
1289
1682
1845
1811
1701
1723
1823
1894
1981
1931
1646
1250
993
859
692
434
256
152
4
-172
-340
-463
-574
-638
-521
-322
-158
-159
-187
-150
-8
185
387
593
686
727
727
780
838
806
706
622
607
529
336
42
-309
-658
-943
-1117
-1204
-1441
-1702
-2022
-2246
-2401
-2587
-2633
-2555
-2564
-2481
-2450
-2250
-2097
-1956
-1661
-966
113
682
594
292
625
1284
1720
1987
2434
2675
2308
1815
1778
1968
1651
1126
1017
1097
775
-32
-591
-906
-1288
-1650
-1584
-1323
-1459
-1985
-2320
-2170
-1943
-1728
-1424
-974
-646
-464
-236
85
398
641
949
1392
1876
2153
2099
1921
1825
1881
1955
2032
2075
1853
1402
989
789
644
403
164
88
18
-130
-363
-567
-679
-728
-613
-350
-109
-39
-134
-151
-20
239
474
723
873
977
939
961
954
938
886
828
834
750
497
171
-291
-613
-924
-1113
-1287
-1461
-1682
-2047
-2344
-2572
-2709
-2792
-2794
-2743
-2658
-2622
-2487
-2378
-2292
-2021
-1594
-855
301
847
822
363
577
1380
1956
2255
2618
2797
2500
1901
1707
1949
1686
1173
985
1051
799
-110
-860
-1184
-1502
-1757
-1705
-1456
-1532
-2120
-2563
-2389
-2079
-1761
-1448
-992
-564
-402
-195
131
445
741
1096
1567
2090
2320
2260
2010
1843
1949
2072
2157
2169
1900
1432
934
684
562
346
131
50
-24
-175
-436
-702
-781
-812
-601
-317
-59
0
-149
-189
-13
283
605
845
1008
1087
1082
1049
1055
1034
1006
986
939
913
577
161
-298
-582
-845
-1055
-1395
-1376
-1682
-2077
-2458
-2753
-2722
-2873
-2891
-2852
-2775
-2891
-2752
-2728
-2362
-2216
-1958
-1474
-665
564
999
698
323
734
1639
2170
2420
2799
2914
2335
1764
1745
2051
1710
1070
1010
1033
596
-430
-1056
-1292
-1558
-1885
-1717
-1438
-1698
-2372
-2751
-2387
-1981
-1698
-1312
-839
-512
-404
-195
230
602
898
1280
1775
2199
2368
2208
2031
1919
2011
2139
2231
2204
1858
1296
815
643
532
357
146
45
-110
-313
-520
-685
-754
-717
-553
-215
-16
-15
-145
-122
98
430
704
972
1092
1093
1109
1092
1214
1176
1183
1079
1113
920
567
76
-282
-625
-1039
-1088
-1160
-1310
-1857
-2416
-2692
-2654
-2650
-2801
-2891
-3007
-2942
-3067
-2861
-2613
-2421
-2350
-2174
-1689
-915
379
1002
835
238
488
1564
2206
2448
2674
2931
2550
1915
1804
2195
1905
1174
987
1162
925
-158
-965
-1227
-1491
-1780
-1751
-1424
-1601
-2344
-2841
-2495
-2039
-1780
-1506
-1055
-638
-523
-270
126
480
746
1120
1657
2154
2338
2195
2028
1951
2091
2173
2215
2212
1927
1469
996
787
661
370
135
26
38
-66
-373
-661
-792
-778
-562
-257
7
37
-132
-127
68
394
699
920
1106
1220
1192
1209
1193
1241
1244
1211
1215
1102
810
404
-77
-468
-708
-783
-952
-1204
-1657
-2062
-2453
-2649
-2728
-2809
-2743
-2838
-2883
-3054
-3120
-2943
-2760
-2515
-2293
-1965
-1573
-1047
177
933
889
253
535
1574
2318
2388
2674
2951
2590
1904
1751
2273
2087
1324
976
1112
886
-141
-924
-1115
-1317
-1746
-1779
-1492
-1631
-2329
-2844
-2492
-2031
-1755
-1513
-1086
-736
-617
-395
53
484
767
1148
1580
2029
2223
2132
1983
1969
2147
2256
2214
2143
1904
1482
1013
806
708
524
238
83
-79
-283
-456
-629
-639
-646
-550
-342
-151
-54
-115
-100
152
437
720
950
1095
1169
1193
1201
1312
1360
1398
1328
1221
1107
790
438
-12
-242
-457
-659
-833
-1296
-1691
-2127
-2328
-2430
-2479
-2740
-2777
-2891
-3022
-3144
-3217
-3009
-2738
-2559
-2221
-2057
-1794
-1570
-567
691
1067
675
423
1207
1928
2223
2351
2929
2844
2277
1840
2147
2262
1545
962
1059
1099
412
-518
-888
-1162
-1620
-1925
-1617
-1512
-1942
-2579
-2614
-2188
-1963
-1737
-1384
-917
-701
-499
-154
288
563
841
1259
1720
2122
2186
2056
1954
2019
2155
2171
2130
2007
1668
1248
1022
855
602
291
87
29
-149
-403
-640
-750
-652
-508
-402
-216
-162
-155
-100
104
423
660
818
987
1103
1207
1255
1229
1351
1353
1315
1309
1161
942
573
231
-62
-341
-600
-806
-1156
-1500
-1794
-2211
-2190
-2465
-2650
-2870
-2979
-2910
-2959
-2978
-2914
-2868
-2734
-2440
-2257
-1859
-1616
-813
558
972
696
212
815
1775
2127
2375
2922
2980
2365
1788
1942
2326
1772
1184
1233
1252
670
-403
-867
-1038
-1468
-1779
-1512
-1374
-1795
-2542
-2774
-2339
-2091
-1814
-1421
-1018
-784
-724
-432
9
341
702
1175
1624
2023
2080
1916
1816
1872
2128
2256
2269
2159
1721
1236
955
868
786
501
224
126
-87
-353
-605
-745
-684
-640
-394
-204
-162
-255
-306
-101
247
572
780
977
1015
1093
1091
1208
1336
1351
1434
1351
1339
1088
819
412
203
-27
-265
-566
-954
-1143
-1635
-1751
-2114
-2280
-2444
-2656
-2787
-2805
-2845
-2901
-2973
-2977
-2776
-2625
-2357
-1988
-1747
-1460
-559
565
908
489
289
1085
1902
2143
2406
2803
2777
2120
1728
2131
2272
1649
1140
1179
1127
386
-505
-775
-1022
-1440
-1666
-1462
-1442
-2007
-2628
-2576
-2188
-1926
-1691
-1356
-1031
-895
-734
-340
76
419
787
1175
1598
1901
1932
1818
1774
1952
2171
2213
2193
1988
1555
1137
945
921
801
493
242
41
-195
-455
-651
-647
-589
-562
-419
-274
-282
-345
-315
-37
317
580
768
888
952
1003
1022
1199
1336
1424
1365
1329
1202
972
697
445
303
85
-161
-649
-972
-1379
-1589
-1753
-1896
-2137
-2330
-2612
-2719
-2884
-2963
-2872
-2749
-2698
-2588
-2589
-2354
-2163
-1833
-1481
-470
634
934
496
215
915
1671
2074
2339
2810
2740
2169
1727
1970
2102
1567
1180
1280
1262
508
-420
-806
-1049
-1383
-1528
-1284
-1305
-1858
-2500
-2552
-2181
-1931
-1665
-1329
-968
-847
-720
-432
-52
268
655
1137
1580
1872
1843
1692
1655
1854
2098
2199
2194
2011
1597
1152
941
895
800
543
284
135
-87
-352
-617
-681
-614
-527
-357
-183
-217
-341
-354
-132
287
579
777
887
925
949
981
1106
1279
1348
1386
1359
1244
1018
748
499
375
221
-23
-392
-870
-1238
-1542
-1734
-1874
-1979
-2228
-2442
-2649
-2732
-2789
-2819
-2783
-2693
-2544
-2441
-2296
-2130
-1820
-1578
-740
477
946
649
207
721
1568
1998
2254
2698
2748
2281
1781
1911
2184
1704
1221
1257
1322
768
-186
-659
-904
-1257
-1446
-1235
-1208
-1664
-2351
-2522
-2177
-1924
-1687
-1409
-1077
-905
-785
-506
-137
146
505
968
1410
1763
1805
1672
1603
1758
2044
2179
2164
2020
1679
1257
990
908
859
716
457
236
-59
-319
-523
-597
-533
-447
-389
-301
-308
-389
-383
-191
165
486
705
806
822
832
899
1041
1237
1378
1364
1364
1221
1045
814
637
513
317
122
-72
-443
-981
-1446
-1740
-1716
-1774
-1896
-2069
-2387
-2689
-2880
-2939
-2710
-2608
-2489
-2386
-2273
-2142
-1976
-1747
-1227
-22
784
875
408
517
1220
1712
1982
2448
2820
2567
2008
1824
2098
1873
1334
1237
1376
1129
236
-420
-705
-1084
-1412
-1354
-1141
-1392
-1998
-2416
-2258
-2085
-1887
-1605
-1219
-945
-850
-649
-341
-57
243
704
1169
1592
1765
1708
1623
1661
1886
2064
2134
2124
1880
1481
1129
940
826
685
523
395
167
-145
-466
-657
-653
-589
-467
-300
-252
-347
-444
-346
-86
233
518
733
850
847
840
874
1037
1186
1272
1300
1285
1132
891
611
432
356
213
49
-336
-778
-1177
-1603
-1687
-1816
-1881
-2032
-2308
-2487
-2688
-2803
-2816
-2697
-2617
-2386
-2331
-2108
-1846
-1664
-934
100
583
475
229
786
1516
1842
2058
2492
2574
2313
1897
2077
2239
1764
1362
1349
1360
832
23
-383
-624
-1039
-1255
-1208
-1272
-1673
-2243
-2329
-2104
-1972
-1812
-1577
-1279
-1087
-924
-630
-302
-25
364
786
1188
1531
1607
1594
1615
1804
2032
2106
2103
2014
1742
1434
1282
1143
945
682
501
345
111
-177
-445
-588
-599
-577
-493
-406
-439
-542
-512
-307
-10
204
406
538
607
723
767
901
1050
1144
1167
1205
1175
1013
810
610
532
317
200
-47
-443
-759
-1161
-1454
-1600
-1774
-1941
-2064
-2303
-2449
-2686
-2767
-2709
-2697
-2541
-2397
-2213
-1874
-1700
-1081
-115
286
203
68
670
1478
1782
1966
2359
2457
2232
1928
2111
2361
1925
1477
1478
1434
922
147
-209
-387
-791
-1065
-1072
-1236
-1654
-2188
-2283
-2001
-1913
-1815
-1641
-1409
-1237
-1093
-791
-417
-131
247
658
1018
1348
1449
1458
1575
1807
2038
2107
2082
1982
1732
1490
1410
1295
1071
796
557
414
158
-126
-373
-484
-514
-546
-538
-477
-522
-621
-550
-363
-88
91
253
378
459
603
667
810
942
1041
1065
1136
1080
974
755
601
508
411
302
6
-290
-657
-1028
-1313
-1515
-1647
-1820
-2047
-2221
-2455
-2663
-2785
-2788
-2729
-2610
-2528
-2203
-2018
-1408
-509
-127
-191
-326
288
1126
1588
1824
2223
2330
2164
1945
2149
2477
2161
1771
1743
1697
1199
442
83
-111
-470
-765
-816
-1070
-1555
-2120
-2273
-2031
-1947
-1892
-1795
-1630
-1524
-1388
-1100
-725
-424
-37
383
742
1076
1219
1277
1428
1710
2000
2126
2145
2055
1829
1596
1560
1522
1350
1056
733
574
306
15
-251
-418
-472
-490
-536
-554
-676
-818
-765
-550
-259
-88
-3
130
214
354
507
677
840
972
997
1107
1054
966
856
716
685
614
389
242
-103
-374
-714
-988
-1199
-1439
-1642
-1921
-2109
-2324
-2457
-2648
-2664
-2722
-2701
-2691
-2535
-2217
-1867
-876
-272
-222
-489
-257
592
1268
1651
1997
2331
2219
1993
1946
2332
2354
1933
1848
1894
1635
849
272
35
-214
-536
-639
-733
-1204
-1792
-2235
-2116
-1954
-1905
-1816
-1665
-1558
-1507
-1317
-995
-652
-317
142
563
899
1111
1148
1265
1516
1857
2094
2186
2150
1972
1714
1557
1529
1435
1309
1056
786
497
158
-139
-329
-391
-413
-439
-492
-596
-783
-837
-699
-446
-186
-6
88
144
217
339
537
721
919
1001
1108
1108
984
856
763
714
705
585
382
109
-240
-563
-888
-1093
-1204
-1384
-1624
-1862
-2108
-2398
-2536
-2577
-2532
-2471
-2506
-2497
-2341
-2062
-1558
-586
-169
-152
-400
66
831
1350
1636
2035
2254
2133
1955
2030
2302
2087
1752
1756
1770
1408
657
198
-40
-349
-618
-667
-841
-1322
-1850
-2108
-1949
-1883
-1823
-1745
-1590
-1452
-1349
-1138
-841
-538
-202
246
634
963
1111
1151
1296
1560
1865
2028
2079
2030
1844
1629
1529
1524
1362
1149
875
684
432
135
-135
-318
-392
-442
-468
-514
-591
-755
-761
-596
-366
-166
-61
57
137
251
404
553
732
857
936
1021
1032
921
805
707
683
615
455
336
26
-209
-549
-828
-1024
-1246
-1425
-1714
-1912
-2173
-2345
-2502
-2522
-2568
-2614
-2608
-2622
-2253
-1970
-1055
-441
-333
-561
-449
315
1017
1456
1759
2141
2066
1932
1873
2166
2279
1934
1852
1879
1711
1030
420
142
-77
-355
-500
-568
-1036
-1583
-2062
-2030
-1874
-1825
-1775
-1678
-1578
-1537
-1393
-1145
-804
-493
-51
365
679
901
948
1061
1323
1676
1941
2033
2026
1902
1698
1572
1619
1542
1371
1090
855
645
334
95
-95
-246
-394
-480
-541
-568
-723
-805
-714
-544
-351
-234
-112
-29
41
194
407
597
739
822
891
940
925
902
830
819
694
548
446
264
23
-272
-525
-739
-860
-1098
-1360
-1685
-1870
-2101
-2182
-2220
-2335
-2387
-2512
-2456
-2524
-2323
-1967
-1120
-325
-220
-492
-558
125
764
1289
1699
2131
2070
1798
1754
1994
2153
1881
1813
1900
1761
1119
462
182
-90
-316
-427
-393
-789
-1411
-1924
-1991
-1827
-1755
-1654
-1536
-1424
-1449
-1379
-1154
-839
-527
-126
344
685
879
895
965
1186
1537
1844
2008
2049
1903
1672
1493
1498
1513
1389
1192
988
744
389
140
-27
-140
-252
-337
-396
-495
-650
-780
-726
-524
-343
-237
-132
-51
-18
88
297
497
675
781
853
869
869
781
683
740
686
562
410
284
0
-260
-541
-715
-843
-1039
-1245
-1587
-1785
-2039
-2229
-2274
-2284
-2335
-2404
-2460
-2498
-2262
-1521
-570
-393
-644
-727
-241
479
947
1393
1836
1940
1727
1692
1984
2158
1890
1746
1971
1922
1420
788
431
164
-132
-242
-224
-513
-1147
-1683
-1827
-1703
-1703
-1695
-1587
-1515
-1495
-1435
-1243
-1010
-769
-412
43
442
687
753
786
1003
1341
1668
1877
1961
1891
1697
1562
1570
1552
1463
1310
1117
927
626
360
118
-81
-211
-271
-297
-351
-567
-735
-764
-651
-467
-341
-223
-133
-105
-8
145
322
496
598
772
843
856
783
681
664
704
645
625
399
116
-169
-363
-446
-628
-846
-1125
-1315
-1594
-1783
-2009
-2143
-2223
-2336
-2347
-2396
-2467
-2501
-2086
-1152
-445
-532
-848
-709
-64
581
1035
1523
1872
1744
1559
1687
2080
2058
1777
1801
2005
1760
1161
667
396
91
-156
-151
-194
-667
-1340
-1757
-1730
-1633
-1648
-1605
-1518
-1510
-1532
-1410
-1173
-938
-689
-292
150
496
636
659
775
1057
1406
1693
1888
1905
1763
1551
1521
1599
1557
1408
1215
1058
832
561
252
107
0
-151
-249
-323
-473
-712
-802
-684
-480
-356
-262
-246
-205
-113
4
224
442
559
645
730
809
720
695
723
752
702
622
422
233
-3
-200
-401
-494
-655
-1002
-1173
-1414
-1656
-1873
-2011
-2117
-2157
-2225
-2257
-2376
-2477
-2380
-1950
-931
-259
-439
-755
-620
49
644
1146
1615
1896
1740
1578
1683
1997
1988
1667
1771
1953
1695
1046
541
259
-36
-223
-165
-220
-733
-1393
-1801
-1733
-1605
-1618
-1544
-1433
-1413
-1441
-1316
-1080
-856
-596
-163
299
607
734
705
820
1107
1459
1768
1941
1922
1734
1524
1504
1558
1502
1372
1208
1050
840
539
204
-56
-181
-183
-146
-185
-374
-674
-812
-708
-491
-298
-169
-125
-103
-54
55
206
354
552
689
808
859
783
641
596
608
613
614
474
252
-92
-327
-524
-653
-782
-1040
-1266
-1490
-1665
-1873
-2061
-2148
-2231
-2265
-2265
-2276
-2318
-2120
-1500
-631
-349
-569
-666
-246
434
905
1336
1743
1829
1607
1574
1861
2055
1851
1674
1802
1763
1320
768
434
182
-118
-248
-236
-472
-1068
-1591
-1740
-1615
-1580
-1569
-1480
-1423
-1431
-1370
-1160
-904
-669
-367
52
432
667
728
778
986
1290
1592
1811
1885
1801
1592
1494
1523
1510
1413
1233
1059
864
609
403
187
-19
-143
-233
-252
-340
-549
-723
-726
-577
-394
-271
-164
-142
-147
-13
155
360
508
605
691
732
731
696
628
666
638
535
425
268
-34
-251
-438
-631
-740
-988
-1216
-1542
-1699
-1947
-2034
-2161
-2210
-2299
-2380
-2384
-2483
-2233
-1351
-488
-458
-804
-820
-200
449
876
1367
1782
1798
1525
1533
1970
2053
1734
1697
1972
1844
1248
671
443
148
-150
-180
-154
-511
-1209
-1717
-1718
-1609
-1643
-1606
-1489
-1451
-1514
-1436
-1190
-970
-739
-372
72
461
638
658
736
998
1330
1635
1838
1924
1801
1581
1529
1579
1570
1434
1255
1080
886
638
366
113
-46
-159
-233
-260
-381
-627
-789
-730
-561
-415
-322
-242
-229
-155
-14
153
335
485
585
679
760
775
693
644
656
596
582
448
260
31
-227
-471
-608
-758
-928
-1228
-1451
-1620
-1853
-1956
-2076
-2162
-2256
-2297
-2333
-2325
-2093
-1229
-471
-460
-785
-813
-118
510
918
1368
1774
1736
1479
1515
1932
2045
1710
1711
1924
1784
1170
625
438
168
-111
-151
-137
-537
-1201
-1683
-1646
-1520
-1552
-1518
-1420
-1381
-1447
-1364
-1093
-848
-620
-263
157
492
661
693
799
1060
1383
1659
1847
1892
1760
1533
1501
1554
1540
1436
1259
1074
836
542
311
172
39
-95
-219
-282
-424
-651
-746
-646
-475
-332
-247
-205
-192
-128
-20
223
399
571
607
685
740
690
667
636
649
652
643
427
199
-75
-300
-393
-514
-673
-898
-1223
-1445
-1666
-1833
-1898
-2001
-2078
-2132
-2238
-2276
-2339
-2020
-937
-331
-415
-860
-710
6
533
933
1469
1817
1684
1427
1523
1993
1931
1586
1711
1952
1733
1022
584
397
68
-190
-105
-124
-579
-1277
-1692
-1572
-1515
-1543
-1467
-1324
-1328
-1408
-1285
-1009
-819
-584
-183
230
566
681
673
803
1066
1390
1652
1838
1871
1678
1457
1489
1549
1516
1344
1123
996
769
501
263
80
-31
-139
-225
-260
-425
-677
-757
-660
-444
-331
-266
-196
-193
-131
-15
181
386
504
586
689
705
702
624
576
591
578
542
438
182
-128
-318
-519
-581
-709
-915
-1172
-1411
-1650
-1827
-1941
-2005
-2042
-2114
-2142
-2219
-2297
-1703
-727
-384
-603
-901
-459
177
624
989
1495
1695
1526
1340
1665
2007
1724
1506
1716
1873
1471
840
565
336
-3
-189
-91
-235
-777
-1413
-1580
-1441
-1468
-1510
-1413
-1300
-1347
-1353
-1153
-892
-737
-473
-83
309
587
643
682
865
1150
1435
1654
1803
1768
1555
1411
1476
1516
1447
1264
1066
916
693
457
229
79
-70
-188
-241
-281
-461
-636
-658
-539
-397
-303
-230
-185
-140
-53
78
252
399
470
574
673
719
659
600
566
576
574
513
348
129
-108
-318
-430
-570
-706
-975
-1207
-1371
-1645
-1747
-1915
-1969
-2024
-2023
-2138
-2168
-2270
-1708
-691
-321
-479
-887
-486
147
607
993
1524
1721
1518
1340
1591
1986
1719
1501
1677
1834
1486
836
551
319
-30
-229
-80
-193
-708
-1371
-1592
-1441
-1450
-1448
-1360
-1242
-1287
-1322
-1119
-849
-680
-446
-53
337
623
676
704
872
1136
1434
1673
1829
1757
1531
1372
1444
1479
1414
1243
1041
880
659
420
226
87
-28
-141
-200
-255
-445
-637
-619
-503
-337
-244
-216
-166
-148
-49
83
273
430
493
526
650
665
621
561
521
528
531
448
259
51
-206
-402
-471
-622
-729
-1100
-1325
-1569
-1706
-1819
-1915
-2004
-2122
-2206
-2309
-2298
-1999
-931
-408
-535
-960
-779
-67
458
844
1338
1714
1569
1342
1457
1904
1867
1530
1695
1933
1704
1001
589
429
152
-119
-51
-54
-535
-1214
-1607
-1474
-1420
-1489
-1423
-1275
-1296
-1397
-1284
-1010
-799
-587
-194
225
518
622
594
742
1025
1352
1614
1803
1821
1606
1379
1420
1540
1476
1328
1137
998
774
502
246
105
14
-45
-127
-194
-374
-645
-715
-560
-392
-280
-235
-188
-189
-159
-21
156
374
502
518
652
682
610
569
551
622
598
494
356
148
-74
-289
-479
-532
-681
-897
-1197
-1353
-1628
-1763
-1937
-1925
-1998
-2064
-2142
-2221
-2231
-1899
-850
-323
-379
-868
-660
22
567
940
1383
1753
1576
1345
1462
1910
1821
1480
1588
1806
1598
897
517
319
38
-237
-152
-146
-609
-1275
-1640
-1515
-1443
-1446
-1388
-1259
-1267
-1337
-1189
-910
-692
-493
-121
294
599
702
687
812
1065
1377
1629
1809
1801
1579
1355
1327
1437
1427
1280
1048
861
640
391
200
63
-51
-145
-178
-211
-346
-567
-661
-545
-355
-202
-135
-100
-86
-102
45
256
447
549
588
669
684
654
630
567
553
526
486
385
211
-62
-339
-510
-604
-698
-885
-1074
-1388
-1648
-1824
-1900
-1939
-1983
-2035
-2132
-2192
-2256
-1686
-677
-294
-545
-899
-444
197
644
976
1498
1710
1513
1366
1626
1977
1712
1466
1662
1849
1463
810
518
329
-14
-231
-89
-196
-742
-1371
-1561
-1415
-1416
-1453
-1369
-1244
-1282
-1293
-1104
-829
-665
-440
-34
372
633
689
706
866
1147
1427
1660
1796
1749
1526
1351
1390
1450
1377
1193
1001
834
609
368
153
19
-68
-123
-144
-223
-426
-646
-656
-486
-285
-185
-135
-114
-124
-52
96
308
425
578
624
710
693
612
563
559
597
568
472
337
103
-182
-306
-449
-532
-695
-950
-1222
-1412
-1619
-1735
-1839
-1879
-1967
-2062
-2128
-2152
-2164
-1365
-519
-306
-641
-841
-334
253
694
1085
1586
1653
1425
1282
1652
1900
1584
1491
1715
1756
1239
684
452
218
-114
-204
-78
-300
-865
-1460
-1529
-1405
-1416
-1399
-1256
-1189
-1279
-1263
-1037
-778
-606
-325
78
441
647
663
708
899
1161
1438
1676
1788
1671
1427
1273
1348
1404
1320
1140
950
769
509
308
145
-7
-131
-184
-203
-260
-451
-640
-632
-484
-304
-214
-133
-113
-133
-58
116
319
439
540
568
653
666
646
584
541
563
478
464
335
54
-195
-364
-453
-552
-702
-966
-1170
-1440
-1545
-1692
-1812
-1835
-2000
-1966
-2022
-2026
-2079
-1275
-533
-358
-647
-742
-172
251
666
1018
1544
1591
1353
1267
1642
1829
1478
1444
1640
1654
1097
634
479
217
-137
-250
-121
-358
-893
-1405
-1420
-1344
-1397
-1362
-1209
-1127
-1232
-1180
-940
-702
-541
-267
119
446
638
660
748
932
1172
1395
1609
1720
1594
1367
1254
1313
1332
1239
1062
891
685
448
251
135
32
-107
-165
-195
-286
-474
-596
-544
-379
-233
-186
-101
-97
-75
-32
183
358
473
540
590
637
617
596
518
537
525
465
390
216
-10
-216
-366
-428
-565
-734
-966
-1182
-1445
-1530
-1687
-1711
-1824
-1901
-1954
-1970
-2022
-1867
-978
-418
-385
-763
-588
-35
385
715
1145
1580
1482
1288
1324
1728
1694
1401
1457
1667
1514
914
577
405
122
-209
-186
-138
-478
-1047
-1405
-1344
-1320
-1367
-1302
-1133
-1123
-1201
-1088
-828
-626
-473
-154
220
524
649
665
786
986
1221
1426
1630
1669
1493
1279
1235
1283
1253
1186
1030
853
620
369
192
98
-1
-100
-156
-215
-344
-552
-581
-488
-342
-215
-154
-90
-94
-86
7
202
388
520
552
604
597
509
513
514
547
520
404
261
52
-149
-307
-398
-528
-623
-869
-1058
-1238
-1451
-1559
-1607
-1635
-1664
-1774
-1823
-1867
-1875
-1734
-915
-282
-153
-518
-554
-43
408
746
1116
1548
1505
1249
1182
1514
1564
1259
1257
1448
1389
846
411
219
-27
-327
-331
-211
-447
-985
-1411
-1378
-1298
-1301
-1214
-1031
-969
-1034
-959
-727
-512
-360
-75
298
608
741
729
782
930
1129
1349
1558
1604
1417
1173
1079
1086
1041
1021
922
745
523
280
101
-11
-63
-120
-146
-182
-293
-475
-517
-421
-297
-139
-54
23
7
13
59
198
387
508
582
570
577
473
426
441
441
401
322
222
-23
-168
-391
-541
-607
-723
-836
-1113
-1247
-1523
-1573
-1719
-1624
-1744
-1767
-1816
-1881
-1833
-1257
-462
-284
-464
-665
-183
298
647
926
1336
1496
1267
1194
1466
1671
1346
1198
1390
1450
1039
530
348
126
-185
-342
-223
-339
-820
-1300
-1348
-1215
-1266
-1259
-1110
-991
-1041
-1003
-765
-543
-406
-199
160
493
700
720
764
911
1087
1277
1480
1604
1469
1237
1131
1131
1136
1065
911
759
598
409
222
96
-30
-124
-165
-140
-214
-396
-507
-501
-361
-212
-113
-50
-27
-23
28
183
349
449
495
563
580
566
497
454
408
381
353
250
102
-106
-363
-491
-597
-652
-831
-1017
-1205
-1376
-1489
-1571
-1602
-1675
-1668
-1755
-1695
-1729
-1448
-671
-263
-256
-553
-327
155
562
797
1198
1481
1357
1195
1234
1563
1441
1194
1237
1377
1161
634
330
179
-73
-355
-295
-300
-612
-1110
-1351
-1241
-1211
-1215
-1115
-949
-936
-961
-821
-559
-364
-211
90
413
656
732
761
865
1029
1191
1378
1509
1489
1281
1119
1085
1080
1020
896
748
599
429
221
103
-21
-113
-165
-156
-174
-291
-433
-459
-362
-227
-105
-42
9
10
42
121
282
388
453
537
541
540
446
440
377
338
305
187
63
-101
-294
-476
-579
-683
-808
-1022
-1152
-1348
-1438
-1534
-1592
-1699
-1725
-1762
-1742
-1706
-1117
-469
-319
-546
-687
-250
254
610
881
1283
1332
1139
1060
1356
1548
1285
1184
1331
1345
932
474
270
109
-159
-270
-177
-348
-826
-1272
-1299
-1172
-1181
-1146
-1009
-941
-1006
-962
-754
-516
-362
-141
192
483
640
648
689
845
1023
1220
1410
1467
1339
1113
1030
1044
1012
944
816
667
494
317
151
28
-90
-177
-185
-156
-210
-370
-476
-463
-356
-206
-89
-18
-20
-16
31
145
297
366
456
531
553
477
403
341
337
333
291
210
15
-169
-372
-481
-588
-641
-806
-954
-1140
-1313
-1395
-1476
-1434
-1535
-1522
-1593
-1567
-1603
-1338
-688
-294
-225
-451
-275
52
404
682
1054
1305
1210
1076
1106
1338
1232
1069
1093
1185
1000
582
306
98
-139
-355
-313
-315
-563
-968
-1194
-1167
-1154
-1107
-992
-837
-813
-811
-692
-498
-326
-159
115
401
636
725
744
802
901
1047
1218
1352
1334
1158
995
955
907
855
758
643
537
398
220
41
-83
-174
-180
-142
-114
-204
-346
-385
-356
-218
-88
0
59
54
84
151
258
353
396
419
522
503
461
366
279
217
215
173
73
-58
-294
-476
-618
-638
-756
-884
-1007
-1161
-1237
-1334
-1357
-1432
-1464
-1475
-1439
-1368
-1249
-698
-344
-191
-387
-316
62
428
676
923
1201
1150
1036
1001
1242
1240
1059
1026
1070
979
584
284
112
-45
-267
-298
-291
-498
-855
-1105
-1061
-1015
-981
-909
-784
-736
-732
-644
-456
-253
-111
126
381
590
690
706
783
889
1027
1135
1231
1225
1088
962
896
861
782
705
585
456
275
158
115
28
-57
-157
-173
-174
-191
-256
-265
-220
-149
-68
4
79
63
92
146
299
383
437
406
413
408
389
398
345
296
178
113
17
-97
-250
-349
-503
-606
-681
-814
-948
-1068
-1207
-1235
-1251
-1256
-1306
-1334
-1391
-1366
-1341
-984
-399
-148
-145
-326
-150
160
469
726
1048
1196
1074
942
994
1152
1012
898
962
998
783
401
152
-28
-238
-363
-275
-304
-565
-922
-1060
-1006
-991
-922
-770
-646
-635
-617
-499
-322
-181
-22
233
483
653
700
716
772
843
951
1084
1168
1110
992
866
787
719
648
573
481
390
291
158
9
-100
-170
-160
-118
-105
-161
-253
-283
-247
-137
-24
53
96
121
113
191
238
306
353
400
453
396
367
248
208
105
138
51
-25
-188
-394
-505
-641
-678
-769
-824
-943
-1061
-1185
-1239
-1243
-1263
-1232
-1233
-1210
-1195
-1022
-557
-269
-175
-269
-137
141
414
606
859
1033
980
913
939
1086
1009
857
844
872
735
438
221
53
-133
-320
-313
-326
-507
-779
-928
-895
-883
-847
-756
-634
-600
-565
-453
-284
-147
-18
188
405
574
646
685
756
837
914
1010
1082
1048
917
828
790
749
664
568
466
354
259
186
113
8
-98
-144
-110
-80
-122
-179
-195
-156
-94
-7
65
96
109
125
200
291
353
345
356
376
359
343
290
254
171
109
34
-16
-184
-298
-427
-522
-573
-692
-777
-904
-977
-1105
-1104
-1147
-1127
-1170
-1182
-1164
-1191
-1068
-621
-221
-115
-222
-218
57
318
522
794
1026
1016
879
855
1014
997
826
811
879
799
511
253
100
-100
-286
-290
-242
-367
-659
-872
-875
-843
-829
-729
-581
-535
-528
-457
-301
-169
-66
118
344
531
633
657
702
756
806
909
1017
1049
934
803
732
679
633
564
483
368
248
145
94
25
-58
-105
-100
-76
-97
-139
-156
-141
-86
2
97
151
160
132
186
256
332
379
392
428
369
358
297
246
200
161
115
48
-52
-239
-403
-435
-513
-568
-640
-741
-845
-957
-1046
-1061
-1020
-1021
-1022
-1033
-1031
-1029
-1036
-816
-352
-57
6
-106
-43
176
374
580
842
1009
938
806
805
896
804
675
703
731
597
329
120
-39
-233
-376
-335
-295
-432
-675
-815
-799
-794
-756
-611
-468
-426
-412
-323
-191
-85
29
207
416
563
622
643
679
695
742
840
926
901
792
688
617
551
467
423
355
273
196
127
61
-63
-132
-125
-76
-49
-68
-90
-105
-110
-60
36
122
181
154
187
220
249
286
318
328
329
321
295
262
189
117
80
53
-22
-127
-267
-354
-431
-534
-539
-640
-747
-824
-913
-895
-914
-890
-913
-905
-928
-921
-884
-809
-636
-339
-51
27
-49
-30
151
358
548
732
875
823
693
667
721
725
636
598
591
485
270
76
-46
-191
-303
-305
-275
-378
-566
-696
-708
-675
-602
-485
-377
-336
-329
-263
-141
-15
97
228
383
497
561
596
597
623
664
728
782
778
722
590
512
486
446
386
299
235
156
117
90
20
-50
-71
-58
-44
-25
-42
-55
-35
3
52
100
140
146
165
198
241
258
270
267
254
278
260
234
181
74
32
-13
-58
-126
-233
-337
-407
-475
-544
-576
-691
-719
-779
-779
-804
-804
-808
-821
-806
-787
-735
-689
-596
-372
-126
13
-7
-21
117
297
448
593
732
736
638
589
641
652
579
518
505
447
284
114
-6
-118
-236
-282
-259
-303
-443
-572
-603
-577
-523
-440
-345
-293
-276
-221
-114
-2
85
186
314
436
499
529
548
563
590
628
677
687
644
553
480
450
410
348
280
223
163
107
85
64
4
-57
-51
-22
-15
-13
-27
-11
3
31
76
122
164
164
172
215
234
234
253
269
242
238
203
144
69
13
-36
-56
-91
-177
-297
-370
-448
-506
-543
-589
-609
-684
-671
-717
-709
-740
-733
-710
-653
-604
-590
-548
-479
-265
-87
43
38
45
147
282
415
524
614
587
537
506
534
528
454
408
354
293
182
66
-42
-148
-246
-277
-271
-314
-395
-481
-503
-487
-433
-354
-280
-239
-205
-148
-70
27
103
181
280
370
438
461
479
479
487
515
553
564
533
457
389
357
313
273
209
168
118
74
46
60
21
-43
-56
-30
9
4
6
5
23
43
69
116
135
150
127
174
194
195
165
166
132
125
122
91
56
-44
-84
-157
-163
-229
-302
-358
-410
-489
-530
-561
-598
-619
-650
-620
-625
-619
-636
-632
-599
-571
-525
-454
-279
-126
-17
-3
-8
67
179
333
453
528
532
486
437
446
462
436
406
362
312
205
94
-7
-95
-156
-187
-188
-235
-315
-416
-453
-436
-391
-321
-251
-210
-196
-170
-106
-27
58
146
230
301
345
361
375
400
440
470
496
490
440
368
325
314
299
292
238
180
97
52
39
49
27
-3
-22
-34
-22
-33
-17
1
23
40
64
110
128
128
154
172
186
202
221
203
204
170
161
138
111
99
55
31
-53
-101
-170
-195
-231
-259
-298
-359
-405
-448
-445
-450
-442
-445
-440
-443
-421
-416
-379
-345
-325
-287
-244
-196
-165
-109
-36
52
94
121
145
181
229
255
298
323
310
272
260
245
213
181
157
136
86
27
-25
-67
-103
-137
-148
-145
-153
-176
-187
-182
-170
-142
-104
-54
-19
3
29
69
115
153
197
232
253
268
280
297
306
297
300
311
296
272
246
221
195
158
143
143
166
155
100
57
44
47
47
67
85
72
46
47
51
83
79
84
83
76
75
45
64
27
21
-17
-4
-22
-56
-102
-137
-186
-203
-205
-242
-263
-339
-360
-387
-373
-405
-406
-414
-415
-414
-407
-382
-379
-358
-346
-305
-266
-208
-144
-54
22
40
47
89
149
213
261
301
311
281
256
257
258
231
203
178
145
88
23
-34
-79
-114
-136
-141
-154
-185
-225
-236
-227
-197
-162
-124
-90
-75
-49
-14
29
73
114
155
196
223
238
239
244
250
249
254
252
233
211
169
140
111
95
85
57
39
2
-12
-40
-65
-58
-28
-9
4
-10
-19
-26
-13
33
85
141
142
125
101
116
133
169
193
192
177
155
133
100
79
52
48
50
41
-10
-76
-129
-166
-159
-150
-137
-164
-206
-234
-257
-233
-227
-211
-189
-177
-174
-171
-152
-138
-119
-86
-47
-15
-1
-9
-15
-15
-5
10
22
35
21
4
-20
-28
-29
-31
-29
-38
-46
-64
-73
-71
-58
-45
-25
-2
10
26
40
67
96
131
163
189
210
217
227
239
255
269
285
290
285
271
256
251
229
214
200
188
171
147
121
93
85
65
46
42
25
14
-5
-27
-41
-59
-68
-73
-84
-92
-118
-127
-152
-162
-168
-181
-183
-212
-206
-229
-248
-263
-273
-262
-264
-259
-260
-279
-279
-279
-273
-260
-251
-243
-232
-229
-204
-189
-155
-139
-96
-22
31
60
50
53
78
114
166
207
236
219
180
156
155
158
143
128
106
73
32
-4
-40
-69
-86
-85
-79
-88
-106
-123
-124
-110
-78
-36
-3
13
22
39
67
95
126
147
169
184
190
194
188
183
172
170
171
162
139
112
79
49
37
30
22
-5
-20
-47
-63
-75
-73
-59
-59
-49
-35
-24
-14
-11
11
28
61
86
101
108
102
108
121
131
154
170
157
131
97
97
95
81
82
72
47
10
-16
-19
-32
-38
-44
-36
-43
-56
-57
-56
-43
-43
-28
-13
3
2
12
19
28
50
54
81
75
70
63
58
74
77
76
66
59
53
38
17
18
-1
2
2
-9
-12
-47
-40
-52
-44
-33
-42
-27
-40
-33
-34
-24
-16
-18
-15
-6
-4
7
12
6
14
9
22
26
23
26
2
15
11
16
22
17
26
7
8
0
0
-3
-9
-6
-2
-11
-31
-29
-35
-28
-28
-21
-14
-18
-14
-26
-22
-23
-2
2
12
10
-2
-12
-7
-3
5
15
6
3
-9
-6
-12
-13
-5
-8
-11
-12
-14
-23
-30
-36
-30
-19
-20
-26
-41
-44
-44
-39
-26
-16
-16
-11
-15
-17
-9
5
5
7
12
23
23
23
22
21
37
39
45
44
33
28
26
30
40
31
28
23
18
18
15
12
10
12
22
29
26
16
8
6
12
32
35
36
38
26
36
32
47
49
47
48
45
49
45
42
37
42
47
40
42
38
25
15
7
2
5
-2
-10
-9
-19
-15
-30
-25
-30
-27
-22
-20
-18
-22
-18
-17
-8
2
14
14
22
16
25
29
32
38
38
45
37
45
37
37
37
37
41
38
36
21
12
7
2
5
5
8
0
-4
-3
-5
-9
4
10
17
23
21
29
31
46
49
60
61
66
68
75
76
76
78
77
78
66
75
72
65
57
48
40
35
30
27
14
4
-2
-13
-9
-12
-16
-16
-21
-20
-26
-10
-10
0
5
4
12
14
23
27
21
33
35
39
44
42
37
41
39
43
40
29
27
14
19
16
15
12
4
-2
-7
-4
-2
-4
-4
-2
-4
0
5
6
9
8
13
21
24
24
28
28
30
30
34
29
32
35
32
30
24
22
16
12
0
-3
-3
-10
-12
-17
-21
-28
-21
-26
-25
-18
-23
-17
-22
0
-11
1
3
9
17
12
24
16
26
25
34
35
42
33
29
27
21
27
14
20
9
9
6
-2
1
-12
-12
-17
-15
-13
-24
-22
-24
-24
-20
-15
-11
-8
0
-1
6
4
6
11
25
21
18
21
16
23
17
23
22
16
18
11
8
3
2
0
-2
-3
-4
-14
-13
-21
-20
-15
-18
-9
-18
-13
-18
-16
-5
-9
-1
5
7
13
9
10
16
16
29
22
18
14
5
10
8
10
12
10
6
0
-6
-6
-8
-13
-14
-15
-14
-13
-16
-13
-12
-7
-4
4
4
8
8
14
24
24
28
30
34
35
33
39
36
42
42
39
41
34
33
30
31
27
27
27
22
13
12
10
9
15
5
9
3
6
8
6
12
7
13
8
8
28
22
22
21
16
24
20
25
29
27
28
22
22
18
14
17
14
11
10
7
4
0
0
3
-1
4
2
1
3
-2
2
-4
-2
3
1
15
13
18
18
14
22
23
21
25
20
18
12
9
7
7
15
9
13
-4
37
124
133
122
82
65
74
85
100
85
86
64
26
15
8
-26
-36
-26
-12
-7
-21
-41
-66
-48
-32
-10
8
11
-1
-16
-2
8
10
16
25
28
31
24
15
-1
-4
11
22
33
17
0
-13
-19
-11
-13
-2
-3
-4
-3
-10
-11
-12
-13
-5
8
8
1
-7
-7
-12
-6
7
12
8
9
7
3
0
3
1
5
13
15
8
1
-5
-8
-1
1
3
-4
-5
-11
-15
-23
-22
-17
-15
-14
-17
-16
-15
-16
-22
-16
-9
-6
-11
-6
-3
-8
-14
-9
-6
-12
-5
-5
-10
-10
-17
-16
-17
-18
-12
-16
-15
-17
-16
-13
-11
-4
-7
-2
3
-5
2
-2
2
3
0
8
8
12
15
10
11
10
8
10
4
2
2
3
1
-5
-1
2
2
6
1
2
-11
-16
-2
3
-1
-5
2
-1
5
2
8
12
15
17
19
20
16
20
12
19
19
19
18
12
7
1
3
2
1
-1
0
-2
-4
-1
-8
-8
-5
1
2
1
-4
-1
-2
-5
-2
-2
11
1
0
6
8
9
14
18
11
14
11
8
1
-2
-2
-4
3
-3
-8
-9
-12
-8
-14
-8
-6
-5
-1
-4
-7
-3
-2
0
2
2
3
6
7
10
14
18
14
15
17
17
19
22
24
26
23
19
22
22
22
23
16
12
14
4
7
8
14
8
4
16
3
5
-1
-2
0
3
5
4
13
11
8
14
16
16
16
17
18
16
17
11
14
13
11
12
12
11
10
4
6
0
3
-1
-6
-1
-3
1
0
3
3
6
3
10
6
9
8
2
8
7
6
7
27
17
7
10
10
13
10
15
8
6
4
-1
-1
-3
-9
-9
-8
-10
-9
-14
-14
-17
-12
-10
-7
-5
-5
-2
-4
5
3
2
4
3
4
6
9
4
5
7
6
1
4
1
2
3
-1
2
-1
-4
-12
-11
-13
-13
-23
-18
-21
-17
-15
-20
-15
-17
-12
-14
-10
-11
-13
-9
-11
-11
-6
-3
-1
-4
0
5
-2
0
0
1
3
2
4
-3
-3
-7
-9
-8
-7
-11
-12
-15
-21
-24
-22
-20
-23
-24
-26
-22
-25
-25
-26
-22
-18
-23
-22
-22
-15
-24
-16
-7
-15
-2
-3
-4
-10
-11
-10
-12
-4
-15
-15
-19
-22
-20
-23
-21
-22
-21
-24
-22
-20
-17
-19
-21
-18
-22
-19
-17
-9
-11
-7
-2
-5
-5
-7
-3
-3
-2
4
0
7
3
1
8
7
10
3
2
-1
-9
1
0
-8
-8
-12
-8
-11
-7
-10
-11
-6
-8
-8
-5
-2
-3
-2
0
0
1
2
1
4
5
1
7
8
3
6
6
9
8
5
4
5
2
6
9
2
0
-1
-5
-10
-9
-8
-6
-13
-8
-9
-5
0
4
5
0
8
9
3
3
8
8
6
12
7
7
3
6
5
2
1
0
0
-1
-4
-5
-4
-6
-3
-7
-6
-7
-7
-2
-1
0
1
4
2
4
6
6
10
12
15
16
16
20
23
21
25
20
23
21
23
26
28
29
18
24
17
12
11
8
7
5
6
3
4
3
1
4
8
5
5
2
1
7
4
5
6
8
9
14
11
11
15
13
18
18
16
16
14
14
12
14
15
14
14
13
12
11
11
4
3
3
1
4
3
10
8
9
4
2
6
12
16
15
16
15
18
18
16
16
12
16
15
17
17
10
10
7
11
10
6
9
6
8
7
7
5
4
3
4
10
6
6
4
4
5
4
9
11
9
12
16
16
8
10
11
13
11
11
12
4
5
5
2
5
4
5
4
3
2
-4
-4
-3
-4
-4
-4
-4
-6
-5
-3
-3
-3
-3
-3
-2
-2
0
1
4
1
-3
2
0
0
3
3
3
1
-2
-6
-4
-4
-5
-8
-7
-8
-12
-13
-10
-10
-12
-14
-20
-10
-8
-10
-5
-7
-9
-8
-5
-4
-2
-2
-2
-3
-2
-4
-5
-6
-8
-7
-5
-4
-7
-8
-8
-13
-14
-15
-14
-13
-14
-17
-19
-17
-11
-11
-10
-5
-7
-6
-7
-13
-9
-12
-7
-3
-9
-7
-8
-6
-5
-5
-5
-2
-13
-17
-3
-6
-15
-15
-15
-17
-14
-15
-13
-12
-14
-13
-13
-12
-11
-11
-14
-10
-8
-11
-11
-12
-9
-12
-11
-9
-12
-10
-6
-4
-7
-4
-6
-11
-8
-5
-5
-5
0
-5
-9
-9
-7
-4
-4
-5
-8
-2
-1
-1
2
3
3
6
0
-6
-4
-2
-2
0
2
-3
2
2
-1
0
1
4
-2
0
3
2
-1
-1
0
0
0
2
-1
-1
0
-5
0
-2
-2
-1
-3
-4
-5
-2
0
3
4
7
8
7
9
7
7
10
12
13
12
11
21
15
13
9
4
4
2
6
2
3
0
5
6
0
3
2
3
4
1
3
3
1
4
1
4
4
4
7
8
9
6
10
12
4
6
5
9
5
5
7
5
8
11
11
8
7
8
8
5
7
3
0
-6
3
12
5
2
-1
3
6
5
3
1
5
6
0
-1
1
1
-1
0
1
3
2
-2
-1
2
2
3
3
4
1
0
2
-2
-2
-6
-4
-4
-4
-2
-5
-11
-9
-14
-10
-10
-11
-3
-7
-11
-11
-6
-11
-11
-7
-8
-13
-11
-12
-8
-4
-3
-4
-6
-4
-8
-6
-13
-9
-6
-6
-9
-12
-8
-9
-9
-14
-9
-11
-11
-9
-10
-7
-10
-10
-12
-8
-11
-9
-10
-6
-7
-5
-5
-6
-5
-10
-11
-12
-8
-11
-15
-15
-11
-11
-14
-16
-18
-21
-22
-13
-16
-10
-5
-11
-7
-7
-5
-4
-3
-4
-8
-6
-4
-6
-4
-5
-4
-5
-3
-1
-1
-3
-7
-4
-6
-5
-5
-8
-7
-5
-10
-6
-9
-5
-6
-10
-7
-10
-9
-10
-11
-10
-15
-12
-7
-9
-5
-3
4
3
-1
1
-6
-5
4
8
4
-1
0
-3
0
-1
2
2
1
1
0
1
-2
-6
-5
-1
1
2
1
-2
-1
-2
-2
0
-3
-4
-4
-3
-3
2
-5
-1
-3
2
6
0
0
-1
-1
0
-3
-5
-1
1
5
5
2
4
10
10
7
10
13
5
2
6
7
7
10
9
8
13
9
9
11
9
10
10
11
9
8
9
10
8
9
7
7
6
9
9
10
8
7
7
3
6
5
10
9
12
9
8
11
14
14
12
12
11
8
12
15
14
22
12
16
16
10
12
8
10
7
7
4
4
7
5
6
4
3
4
4
2
2
2
3
3
5
5
1
5
2
9
13
8
12
10
12
11
10
12
10
10
12
12
13
14
12
15
7
8
5
5
6
3
10
8
11
9
0
2
6
11
10
10
7
10
9
11
10
6
9
9
7
14
14
9
11
5
5
8
9
7
8
10
9
10
8
5
0
0
9
5
4
-2
-5
0
0
-1
-1
4
3
6
4
3
1
-2
-4
-2
1
-10
-6
-4
-4
1
-3
0
-3
-1
-1
-1
-1
-4
-1
-2
-2
-2
-2
-2
-4
-4
-3
2
1
0
1
-2
-1
-3
1
2
1
-2
0
2
0
0
-1
-1
-2
1
-4
-2
1
-3
-3
-7
-1
-4
-7
-6
-3
-2
-4
3
-3
-8
2
4
3
9
9
9
9
8
7
6
14
7
9
9
5
10
8
12
7
6
11
6
10
5
6
8
3
0
-3
0
5
3
9
5
2
-1
-4
2
-3
3
-5
-5
-1
-7
-2
0
0
7
3
1
-9
-7
3
-6
-4
-6
-3
-5
-5
-4
-5
-2
-5
-6
-4
-6
-4
-6
-6
-6
-8
-5
-8
-4
-5
-6
-9
-12
-11
-11
-9
-6
-8
-8
-9
-10
-9
-8
-5
-6
-7
-5
-2
-10
-5
-8
-9
-6
-8
-4
-4
5
2
1
1
1
1
-8
-9
-8
-3
-5
-4
-6
-10
-7
-11
-5
-5
-5
-2
-6
-2
-2
-2
-6
-7
-7
-5
-4
-4
-1
-5
-3
-3
-2
-2
0
1
0
0
-3
3
5
1
0
3
6
3
3
1
1
4
2
2
6
11
4
4
4
0
0
-4
-5
-7
-5
0
1
2
-1
0
1
4
3
0
0
3
1
1
6
0
4
4
3
6
3
4
3
7
7
2
1
0
-1
1
0
1
5
1
3
5
4
-2
-2
-3
-5
-2
-2
-4
2
7
5
-3
-7
3
7
5
3
1
2
1
1
-1
-3
2
0
1
0
-2
-3
-3
0
2
-1
-4
-3
-3
-1
2
0
-4
-5
-3
-1
-4
0
-3
0
-2
-4
-1
-3
-4
4
7
0
-6
-8
-3
-7
-2
-3
-6
-11
-15
-14
-11
-4
-6
-7
-9
-11
-9
-8
-5
-3
-7
-8
-7
-5
-1
1
-3
-5
-3
0
0
2
1
4
5
4
4
2
4
-1
3
2
-3
-2
-1
-4
-7
-8
-6
-7
-11
-11
-13
-10
-6
-5
-11
-19
-10
-10
-14
-6
-8
-12
-13
-7
-8
-1
-3
-2
2
-5
-8
-8
-4
-6
-8
-7
-12
-15
-13
-14
-11
-11
-10
-11
-13
-10
-16
-13
-14
-19
-15
-16
-12
-8
-8
-8
-14
-14
-13
-17
-12
-13
-14
-14
-12
-16
-14
-6
-8
-7
-4
-11
-19
-18
-8
-7
-10
-12
-17
-16
-13
-12
-8
-11
-12
-9
-8
-5
-5
-5
-5
-2
0
-2
-1
-1
1
2
-2
-1
-4
-2
1
1
1
1
0
2
1
5
4
5
5
-2
6
4
3
-1
4
11
12
11
6
10
12
8
7
9
7
6
6
5
6
8
5
8
12
5
6
6
6
7
7
6
9
6
4
0
0
3
5
3
3
4
4
2
2
3
0
4
7
4
3
7
7
7
5
7
11
12
12
10
10
8
6
10
8
12
14
5
14
6
5
5
3
3
2
1
-3
1
-1
0
2
1
5
2
1
2
3
7
6
4
-1
0
6
6
8
12
10
9
5
6
3
3
5
2
1
4
6
12
8
6
8
5
7
8
7
-1
-1
1
6
8
4
8
3
1
7
7
12
8
2
4
4
4
3
4
3
2
5
7
7
8
3
5
5
5
7
8
8
6
5
7
5
5
6
8
10
8
7
2
3
5
4
8
4
7
8
3
4
5
5
0
-3
1
0
-4
-1
-7
-1
-2
0
1
-2
2
-3
2
-4
1
0
-2
-2
-3
5
3
-3
-3
3
4
5
6
4
2
2
-1
1
3
1
2
0
-1
-2
-2
-4
-5
-11
-9
-7
-8
-10
-13
-15
-15
-9
-10
-11
-18
-19
-22
-17
-9
-17
-16
-14
-13
-9
-4
-7
-8
-7
-10
-11
-7
-6
-9
-13
-12
-12
-15
-11
-12
-13
-16
-17
-15
-19
-20
-21
-20
-21
-26
-22
-19
-18
-12
-17
-15
-15
-19
-18
-19
-18
-17
-13
-14
-14
-17
-10
-7
-9
-9
-2
-7
-23
-12
-9
-10
-13
-11
-11
-17
-12
-12
-9
-6
-4
-5
-8
-6
-10
-7
2
-1
-1
-3
-2
-1
0
2
3
5
2
3
4
6
6
4
6
4
2
7
5
3
8
8
2
-3
-1
3
-3
2
5
5
9
9
8
6
12
11
6
5
3
4
6
4
6
7
8
7
6
6
7
6
8
8
8
8
-1
-1
2
5
2
2
1
3
1
3
5
2
5
2
4
5
4
4
6
6
9
11
13
12
12
12
11
17
12
13
11
19
24
10
16
12
9
8
9
8
3
1
0
3
3
2
3
2
-4
1
3
5
1
-1
4
1
6
4
6
6
7
13
13
11
14
9
10
9
11
12
10
12
11
15
14
12
15
11
11
12
6
10
6
6
7
11
13
9
5
8
13
18
12
10
9
9
12
13
16
15
13
12
14
16
17
16
12
12
16
16
14
14
15
14
14
14
12
10
8
9
9
8
8
7
5
9
8
10
12
11
14
15
11
14
16
14
8
10
8
5
10
4
10
12
11
14
13
13
10
10
7
6
11
7
8
8
7
8
4
5
8
9
10
11
10
11
9
10
9
10
11
8
12
11
8
8
7
5
0
1
1
3
2
-6
-4
-3
-3
-6
-4
-3
-4
-10
-8
-2
-9
-10
-8
-3
0
2
2
8
6
4
0
2
3
6
2
0
2
2
4
3
1
2
1
6
5
-2
-2
-4
-2
-1
-2
5
2
3
3
-3
-1
-2
-3
0
-2
-2
-1
-1
-4
-1
3
3
5
6
11
9
-3
4
13
7
2
1
0
5
5
1
2
1
1
3
2
-1
3
2
3
3
0
3
2
-1
2
3
0
-2
-1
3
5
2
0
3
2
2
1
3
6
6
7
11
6
-1
1
0
7
1
1
4
2
6
5
7
4
9
3
-4
-4
-4
1
0
-4
1
0
1
0
2
2
1
4
-1
2
0
0
1
0
1
3
0
2
2
3
0
0
0
-1
-2
1
1
-3
-1
0
1
0
3
5
7
5
5
3
4
7
13
11
15
15
8
13
10
5
5
8
2
1
-3
1
6
3
1
1
2
2
2
3
3
7
3
4
2
4
7
8
13
12
11
12
11
14
13
10
12
6
10
9
10
14
16
19
14
18
17
13
15
11
10
14
13
13
10
19
14
5
8
11
11
12
8
13
13
13
12
10
10
11
9
10
12
10
7
4
4
9
11
9
7
6
9
8
5
7
5
4
1
0
-1
4
3
2
0
1
-2
-6
3
2
5
-3
-2
-3
-9
-6
-5
-8
-9
-9
-12
-8
-6
-6
-8
-8
-8
-6
-8
-10
-10
-8
-10
-12
-9
-11
-9
-9
-11
-7
-6
-9
-6
-7
-7
-9
-8
-10
-11
-11
-10
-11
-13
-12
-11
-12
-14
-15
-16
-17
-15
-20
-19
-19
-20
-17
-18
-18
-23
-24
-27
-20
-21
-19
-17
-15
-17
-20
-15
-11
-12
-14
-15
-17
-16
-16
-18
-19
-16
-20
-20
-20
-21
-19
-20
-16
-19
-20
-19
-23
-24
-25
-26
-21
-22
-19
-19
-18
-16
-22
-17
-23
-19
-19
-23
-16
-17
-16
-17
-15
-13
-13
-9
-4
-14
-21
-13
-11
-15
-15
-14
-21
-18
-16
-15
-16
-16
-14
-15
-12
-12
-14
-18
-16
-14
-13
-16
-14
-16
-14
-13
-15
-14
-13
-13
-10
-9
-10
-11
-9
-10
-10
-6
-7
-7
-9
-14
-8
-10
-7
-6
-4
0
-4
-1
0
2
0
0
2
-1
-1
-7
-10
-8
-7
-4
-5
-3
-5
-7
-7
-7
-8
-6
-5
-6
-5
-7
-6
-6
-6
-7
-5
-7
-6
-4
-4
-3
-4
-2
-4
-3
-4
-3
-2
-2
1
-2
1
4
4
6
4
2
2
1
0
3
2
15
11
3
4
-2
-5
-5
0
-4
-4
-7
-3
-1
-3
-2
-3
-3
-2
-5
-4
-4
-3
-4
-6
-1
-4
-3
1
1
2
-5
-5
2
-2
0
-3
-2
-2
-4
-1
-5
5
5
5
4
5
0
3
3
2
-9
-8
-7
-6
6
-1
0
-3
0
0
-2
-3
-4
-4
0
-5
-5
-6
-5
-3
-6
0
0
-5
-7
-9
-3
-4
-3
-4
-4
-2
-5
-4
-1
-4
-6
-8
-5
-5
-1
-6
-9
-7
-9
-10
-11
-10
-9
-11
-11
-9
-11
-11
-15
-13
-14
-20
-19
-20
-22
-20
-19
-14
-18
-19
-20
-18
-18
-21
-19
-20
-16
-19
-18
-19
-21
-21
-21
-19
-16
-17
-18
-21
-18
-19
-21
-19
-20
-25
-25
-21
-22
-22
-24
-27
-30
-29
-28
-29
-28
-25
-28
-32
-31
-26
-29
-29
-28
-26
-35
-30
-21
-27
-27
-22
-17
-23
-20
-16
-19
-16
-18
-20
-19
-21
-20
-22
-20
-18
-20
-19
-26
-20
-22
-21
-19
-23
-21
-24
-26
-24
-26
-24
-17
-19
-20
-22
-18
-20
-22
-22
-26
-22
-26
-23
-18
-22
-17
-17
-20
-17
-16
-10
-16
-22
-16
-16
-21
-25
-20
-21
-18
-17
-20
-21
-21
-17
-13
-15
-15
-16
-17
-14
-18
-13
-16
-12
-13
-15
-17
-18
-17
-14
-15
-16
-16
-16
-15
-18
-13
-13
-10
-10
-14
-12
-5
-12
-19
-14
-12
-16
-17
-8
-8
-3
-2
-4
-10
-6
1
-8
-9
-13
-11
-9
-8
-9
-8
-5
-6
-5
-8
-9
-5
-6
-6
-5
-9
-8
-13
-11
-7
-6
-7
-10
-7
-7
-9
-7
-7
-9
-7
-7
-8
-8
-4
-1
-2
-4
-5
0
2
2
2
-2
0
0
4
5
12
5
-1
5
-7
-7
-5
-8
-6
-7
-8
-9
-5
-6
-10
-6
-7
-4
-9
-12
-9
-7
-7
-8
-4
-7
-8
-5
-1
-2
-1
-1
0
-1
-3
-5
-6
-5
-4
-2
0
-3
-2
-2
-6
1
-3
-5
-5
-13
-9
-11
-3
-4
-4
3
-7
-8
-6
-4
1
1
-2
-4
-3
-2
-2
0
0
1
-2
-2
-1
-4
-3
-3
-4
-4
-3
-3
-3
-3
-1
-1
-3
-6
-8
-8
-4
-4
-3
-4
-7
-7
-7
-10
-5
-2
-10
-6
-3
-3
-3
-3
-5
-7
-8
-14
-11
-12
-10
-5
-9
-4
-10
-8
-7
-7
-6
-7
-11
-12
-14
-12
-9
-7
-6
-8
-10
-5
-5
-3
-1
-4
-6
-9
-6
-6
-6
-8
-8
-9
-9
-7
-8
-4
-10
-11
-11
-14
-6
-15
-17
-13
-13
-8
-12
-13
-16
-13
-17
-13
-11
-13
-7
-8
-7
-6
-4
-3
-2
0
-2
-4
-2
-7
-8
-7
-11
-8
-8
-7
-8
-12
-9
-8
-11
-11
-16
-13
-14
-14
-15
-15
-12
-15
-12
-14
-13
-13
-14
-14
-13
-18
-15
-16
-14
-18
-16
-9
-11
-9
-11
-6
-14
-20
-14
-11
-14
-17
-18
-18
-17
-15
-16
-19
-18
-16
-17
-15
-15
-15
-15
-14
-11
-10
-9
-13
-10
-11
-12
-13
-13
-9
-8
-10
-9
-8
-10
-11
-10
-9
-6
-7
-8
-7
-9
-10
-9
-10
-12
-10
-7
-1
-3
-6
-2
2
7
2
3
-3
-5
-1
-4
-2
0
0
0
3
1
-2
0
0
-3
-2
1
1
-2
-3
-2
-3
0
-2
1
2
-1
2
1
1
-1
3
3
2
2
2
8
11
8
11
11
12
13
13
11
12
14
13
12
15
18
14
19
18
9
5
8
6
3
4
3
5
5
5
5
5
4
6
7
7
7
8
9
9
5
7
9
10
15
16
15
16
15
15
14
16
15
12
16
14
19
18
15
18
15
16
16
11
11
8
6
10
3
17
8
19
23
-4
-1
14
15
17
11
-1
10
11
7
12
5
5
20
11
8
10
5
10
11
8
7
3
6
8
9
7
3
2
4
2
1
2
2
3
1
-1
-3
0
-1
4
0
-2
3
-2
3
0
-6
-1
-1
-3
-5
-7
-4
-4
-5
-3
-7
-5
-2
-5
-7
-6
-2
-2
-4
-4
-4
-3
-2
-2
-3
-1
-3
0
1
-3
-5
-4
0
-1
-4
1
-4
-4
-3
-4
-7
-6
-7
-11
-7
-7
-5
-8
-12
-9
-7
-12
-17
-17
-8
-11
-14
-10
-12
-18
-16
-2
-7
-7
-5
-3
-5
-5
-5
-5
-5
-8
-10
-8
-8
-7
-6
-11
-5
-8
-8
-6
-11
-14
-14
-13
-12
-15
-18
-16
-10
-9
-10
-7
-10
-11
-13
-11
-13
-10
-13
-11
-10
-8
-7
-7
-1
-1
1
0
-9
-16
-2
0
-6
-6
-5
-10
-5
-5
-4
-4
-7
-6
-5
-6
-5
-7
-6
-1
-1
-2
-3
-3
0
-2
-2
-2
-1
1
2
1
2
3
3
2
1
5
3
7
8
6
6
5
2
1
-5
2
4
4
3
5
9
7
7
12
12
9
6
4
8
10
11
11
14
12
12
14
14
13
13
13
13
13
10
13
14
14
12
8
12
9
10
8
13
10
8
9
7
7
8
9
12
12
12
10
10
13
14
14
10
14
12
17
15
15
25
13
16
23
9
6
7
5
6
9
7
9
11
8
8
6
6
8
1
7
4
5
6
6
7
3
6
5
7
11
12
12
10
6
7
3
6
6
5
10
5
11
9
8
10
8
7
9
7
3
0
6
1
-2
12
2
-2
-1
3
5
7
6
3
2
2
2
1
1
4
1
1
7
2
3
0
-2
0
1
1
-1
1
0
1
-1
0
0
-5
-5
-2
-7
-2
-4
-6
-2
-7
-2
-4
-6
-4
-2
2
2
-4
-3
-6
-4
-7
-11
-7
-12
-8
-7
-5
-4
-7
-5
-5
-6
-6
-6
-7
-9
-7
-7
-9
-9
-11
-9
-9
-8
-5
-5
-5
-8
-8
-6
-5
-6
-8
-8
-9
-7
-7
-8
-7
-9
-11
-14
-15
-14
-13
-16
-17
-17
-12
-15
-16
-20
-23
-20
-23
-16
-22
-23
-13
-11
-14
-10
-11
-11
-9
-9
-11
-8
-6
-8
-9
-9
-9
-11
-8
-6
-8
-6
-8
-7
-8
-9
-8
-11
-8
-9
-14
-10
-10
-6
-2
-7
-7
-8
-9
-12
-11
-11
-13
-8
-8
-12
-6
-4
-4
-3
-2
1
-10
-11
-6
3
-6
-7
-7
-8
-5
-5
-2
-2
-2
0
0
-4
-2
-4
-1
-2
-3
0
-3
-5
-3
-4
-3
-4
-6
-3
-5
-5
-4
-1
-5
-4
-4
-5
0
-2
1
1
-1
-4
-7
-7
-5
-1
1
4
-2
-1
4
7
2
9
4
-5
-1
0
1
1
5
1
4
5
4
5
5
2
1
0
3
2
1
-1
-3
-2
-1
-1
0
1
-1
-2
-1
-2
-1
0
0
0
0
4
2
2
2
2
6
6
4
5
4
3
4
6
7
11
11
2
10
14
0
-2
-2
0
-1
1
-1
-1
4
-2
-1
0
-1
2
0
1
4
2
8
4
1
2
2
8
6
7
10
6
9
5
6
7
5
5
3
6
7
6
6
10
7
11
6
6
3
3
0
-2
5
9
11
9
3
0
7
7
5
9
6
7
6
6
7
5
5
5
6
8
4
4
3
4
5
5
5
4
5
8
5
7
7
3
3
2
6
4
5
3
1
2
2
-1
0
-1
3
11
9
8
5
5
2
3
4
3
2
2
4
6
3
5
4
6
5
-1
2
4
6
5
4
5
2
6
3
2
6
5
6
6
5
6
9
