5
-4
-10
-9
-10
-11
-12
-8
-1
5
12
13
14
11
4
-1
-8
-13
-16
-17
-14
-9
-4
-2
4
9
13
14
15
13
9
4
-5
-10
-13
-12
-11
-6
0
6
10
14
17
18
15
8
1
-7
-15
-17
-13
-5
-2
-1
3
13
16
11
5
3
-1
-8
-17
-22
-22
-19
-12
-4
2
5
10
11
9
5
2
1
-4
-7
-10
-8
-3
-1
2
8
12
14
13
8
6
0
-6
-12
-11
-10
-7
-4
-1
3
5
7
9
12
9
5
1
-3
-10
-13
-12
-6
1
4
8
14
17
15
11
6
1
-2
-10
-14
-18
-16
-14
-10
-7
-1
1
5
9
8
4
-4
-13
-19
-20
-19
-17
-12
-6
2
7
8
8
5
-1
-10
-21
-25
-23
-17
-10
-3
1
10
16
19
17
9
-1
-10
-15
-17
-18
-18
-16
-5
6
22
30
33
28
18
8
-2
-10
-16
-18
-18
-13
-5
6
15
22
24
21
15
6
-3
-9
-15
-18
-15
-8
2
12
20
26
26
25
18
9
-1
-10
-15
-15
-10
-2
8
17
24
27
24
17
8
-2
-9
-15
-17
-17
-13
-7
-2
6
11
14
14
11
6
0
-8
-13
-18
-17
-13
-8
-2
2
4
6
5
4
1
-5
-10
-15
-17
-14
-13
-9
-5
1
8
10
9
5
-3
-10
-15
-17
-19
-19
-15
-10
-4
1
6
7
5
5
5
1
-5
-10
-15
-18
-16
-10
1
7
9
14
13
6
4
4
-3
-7
-8
-3
-1
-1
-1
1
5
7
4
2
3
2
-1
-1
1
0
1
1
-4
-8
-6
-4
-3
-4
-4
4
9
10
14
16
13
10
1
-7
-4
-7
-11
-8
-9
-5
5
10
15
16
10
13
9
3
-1
-9
-10
-3
-5
-4
4
10
18
21
14
15
11
2
-7
-11
-13
-10
-7
-5
0
6
8
8
6
2
-3
-6
-4
-9
-10
-10
-5
1
4
9
12
6
3
3
-2
-10
-10
-9
-8
-8
-7
-8
-6
-4
-4
0
2
-5
-10
-10
-10
-13
-5
0
-3
-2
1
0
1
2
1
0
3
5
2
3
4
-1
-2
1
1
0
0
0
-2
-5
-3
-1
-2
-3
-2
-2
-1
-2
-3
-2
1
-1
-2
2
0
-7
-9
-6
-4
-3
3
6
9
7
9
15
17
11
7
4
2
2
5
4
-1
0
5
7
10
8
1
-2
-1
-2
-3
-5
-6
-10
-7
-3
1
2
3
3
1
0
-3
-1
0
-1
-4
-4
-6
-9
-7
-6
-9
-11
-9
-9
-8
-2
6
7
5
5
2
-3
-7
-6
-10
-14
-11
-10
-10
-4
5
12
15
18
17
9
0
-3
-8
-14
-14
-13
-12
-9
-2
3
7
12
13
13
9
6
0
-4
-6
-8
-6
-2
3
9
15
18
20
18
14
4
-7
-15
-19
-21
-17
-11
-1
8
14
18
19
20
14
8
2
-5
-9
-12
-14
-12
-8
1
7
10
11
12
12
6
-1
-10
-13
-14
-16
-16
-14
-6
1
8
12
13
13
12
6
-4
-14
-19
-20
-21
-18
-10
5
18
23
29
27
20
5
-12
-25
-32
-36
-32
-23
-9
6
19
31
36
38
34
23
5
-13
-24
-28
-32
-30
-20
-2
13
20
25
27
22
10
-4
-16
-22
-26
-24
-17
-6
4
16
23
21
16
8
4
-4
-13
-17
-16
-13
-9
-4
2
9
15
14
9
7
2
-5
-11
-8
-6
-6
-1
4
5
0
1
3
0
-7
-6
-6
-9
-9
-4
-2
0
3
5
2
-3
-7
-8
-8
-9
-8
-5
-6
-6
-1
3
2
4
7
5
-1
-8
-12
-13
-13
-14
-11
-4
3
5
9
10
11
12
12
4
-4
-6
-8
-6
-1
2
3
15
21
18
14
10
3
-4
-10
-15
-17
-13
-8
4
18
26
31
39
37
19
3
-8
-20
-33
-36
-27
-16
-5
8
23
32
32
26
15
3
-11
-22
-29
-32
-26
-11
-1
7
14
20
24
20
8
-3
-13
-23
-32
-36
-31
-23
-14
3
14
25
36
41
28
16
4
-9
-18
-29
-35
-27
-23
-12
7
18
26
32
27
22
11
-2
-12
-18
-21
-26
-28
-16
-8
2
12
11
16
15
1
-4
-10
-18
-14
-17
-13
-5
-2
3
12
12
12
9
1
-2
-5
-9
-9
-6
-3
0
2
3
6
6
0
-5
-8
-8
-6
-5
-3
-1
0
4
4
1
1
-4
-8
-5
-8
-8
-1
2
11
15
10
8
3
-6
-6
-2
-6
-7
-5
-4
-1
4
3
0
6
14
12
9
9
6
1
0
1
-1
-5
-3
0
4
11
11
9
11
6
-1
-5
-8
-11
-9
-7
-9
-7
-2
5
13
19
17
12
8
3
-1
-5
-12
-13
-11
-6
-1
4
10
12
10
10
2
0
2
-1
-3
-5
-8
-5
0
6
9
7
3
3
3
4
5
0
-5
-12
-14
-12
-7
-7
-8
-5
0
5
11
13
11
11
7
3
2
-3
-9
-11
-11
-12
-6
-1
1
5
7
2
-3
-3
-7
-12
-9
-9
-11
0
6
7
16
14
8
11
-1
-6
-11
-20
-22
-16
-13
-4
-1
-1
-1
-4
-4
0
0
0
-1
-2
-4
-6
-4
-3
-4
-3
-1
2
4
1
2
7
8
6
-1
-3
-3
-2
-3
-4
-4
-4
-5
-5
-3
2
5
6
6
6
6
2
1
1
6
8
10
10
10
8
8
7
7
5
5
6
6
4
-3
-5
-5
-3
-1
-1
0
1
1
0
4
13
14
10
4
2
-2
-7
-12
-14
-13
-11
-5
1
0
-3
1
9
11
4
-4
-8
-11
-15
-16
-11
-3
0
4
7
11
9
9
5
2
-1
-1
-2
-8
-15
-12
-4
-2
-7
-6
-5
-5
-7
-5
0
5
2
3
5
4
2
6
13
12
3
-5
-7
-9
-11
-10
-2
3
3
5
11
16
16
14
9
1
-9
-12
-9
-6
-1
8
20
24
16
10
7
-1
-10
-19
-24
-26
-23
-16
-8
1
18
27
29
30
31
20
5
-11
-23
-32
-33
-37
-40
-30
-13
-1
10
20
25
25
21
14
-3
-18
-24
-25
-29
-23
-11
-2
11
23
28
23
16
7
-6
-16
-22
-30
-33
-26
-10
5
18
29
38
39
31
18
7
-5
-14
-17
-14
-10
-2
7
12
14
11
7
-3
-8
-10
-9
-7
-8
-10
-7
-2
3
3
6
7
3
-4
-6
-2
-3
-1
2
7
7
7
5
1
-4
-10
-12
-11
-8
0
6
11
12
15
18
12
9
3
-7
-8
-6
-8
-1
2
0
5
8
9
14
11
5
0
-7
-13
-17
-21
-20
-12
-5
4
10
10
8
5
2
-3
-9
-17
-21
-22
-18
-12
-5
1
7
13
18
23
31
30
29
23
9
0
-8
-19
-26
-33
-38
-32
-27
-15
-5
1
10
14
19
21
12
7
0
-7
-5
-7
-8
-2
-1
2
7
4
2
2
-4
-8
-10
-14
-17
-16
-10
-4
3
8
10
9
13
11
8
4
0
-3
-1
1
6
8
8
7
5
3
1
-3
-5
-7
-10
-8
-3
-3
0
1
0
0
-2
-6
-8
-5
2
8
15
21
24
24
23
23
22
13
-2
-19
-28
-28
-20
-12
-3
6
14
19
20
15
7
2
-6
-14
-18
-20
-14
-4
5
10
17
20
18
6
-8
-18
-25
-27
-29
-21
-10
2
13
19
21
19
13
4
-8
-21
-29
-31
-26
-18
-6
6
16
24
30
28
24
20
17
12
1
-11
-19
-22
-22
-24
-24
-20
-12
-8
-6
-7
-6
-2
-1
-2
-1
2
6
12
20
29
34
33
25
15
9
1
-12
-28
-41
-43
-39
-33
-26
-17
-4
8
17
22
24
24
22
19
13
9
5
3
3
3
-1
-5
-3
-7
-12
-18
-16
-13
-9
-4
0
5
12
20
18
10
7
7
2
-6
-7
-4
0
1
1
5
7
4
2
-1
-9
-16
-16
-12
-11
-7
5
16
22
24
21
18
12
-1
-18
-25
-27
-29
-31
-25
-16
-10
0
15
21
19
20
18
8
1
0
-2
-5
-7
-3
-1
4
6
2
1
-3
-9
-15
-19
-19
-16
-8
2
14
25
28
29
26
18
9
5
1
-8
-12
-13
-12
-10
-3
4
8
10
11
8
2
-4
-5
-3
0
-1
1
2
2
1
0
-2
-1
-2
-6
-6
-4
-5
-7
-7
-8
-10
-11
-7
-6
-6
-6
-7
-7
-7
-6
-2
3
5
9
12
11
9
4
-2
-8
-12
-15
-17
-15
-9
-6
-2
4
10
13
13
7
1
-3
-2
-3
-4
-3
2
8
10
8
6
7
4
1
-3
-6
-6
-7
-7
-6
-3
0
4
9
14
16
15
9
5
3
4
0
-2
-1
4
4
2
1
0
2
-2
-8
-12
-10
-9
-6
-3
-1
-2
-4
-4
-2
2
5
8
7
6
1
-2
-1
2
8
9
7
4
3
4
2
0
-3
-4
-7
-14
-18
-16
-10
-3
5
13
19
23
24
22
16
6
-5
-15
-19
-18
-19
-19
-14
-10
-1
4
5
8
7
2
2
3
3
-2
-3
-2
-4
-3
6
10
10
11
9
1
-7
-11
-14
-21
-22
-18
-13
-7
1
6
6
6
7
8
5
2
-1
-7
-10
-8
-3
-5
-9
-9
-5
-4
-3
-6
-9
-12
-15
-19
-24
-23
-15
-9
-4
5
8
9
21
20
15
20
16
6
4
-2
-13
-15
-14
-11
-7
-2
5
5
6
10
12
12
12
11
13
16
15
11
14
15
18
23
20
16
15
6
-1
-3
-11
-14
-16
-20
-18
-13
-10
-3
7
14
17
17
20
21
16
10
4
0
-3
-8
-14
-14
-9
-6
-6
-1
-1
-3
-4
-3
-4
-2
2
2
-2
-4
-6
-9
-10
-9
-10
-13
-14
-15
-16
-13
-11
-10
-4
1
3
4
6
4
1
1
0
-2
-3
-2
-3
-5
-4
-4
-7
-9
-10
-13
-14
-8
-4
3
8
10
13
15
15
14
11
6
1
-1
-4
-7
-8
-9
-13
-11
-5
-2
4
10
12
7
7
9
8
8
10
6
1
1
2
-1
-2
1
-2
-4
-2
2
1
4
11
13
10
10
9
6
5
2
0
-1
-1
-1
1
-1
-10
-14
-13
-12
-7
-1
2
0
2
1
-3
-3
-2
-4
-6
-5
-5
-5
0
5
3
0
2
-1
-1
2
4
5
1
1
6
8
12
12
6
6
11
0
-4
-3
-9
-14
-13
-8
-5
-6
-6
-2
8
13
12
14
11
5
6
0
-5
-1
-3
-4
-1
-6
-10
-11
-14
-16
-20
-13
-10
-14
-10
-1
4
2
5
9
11
6
6
10
8
2
-4
-3
-5
-10
-13
-9
-5
-3
-1
1
0
-1
2
2
3
5
9
8
7
3
-1
-1
-5
-9
-3
6
6
4
2
3
6
3
2
6
7
5
1
-1
-4
-6
-7
-7
-7
-4
-3
0
-1
-3
-1
0
-2
2
6
7
12
14
11
7
3
0
-3
-6
-6
-6
-4
-3
-4
-5
-6
-2
1
3
1
0
0
2
3
0
-2
-6
-6
-3
-1
-2
-3
-4
-5
-5
-3
-4
-7
-8
-6
1
5
4
5
8
8
5
0
-2
-4
-7
-8
-8
-5
-1
1
3
4
3
1
-1
0
-1
-1
-1
-2
-3
-4
-2
0
0
-2
-3
-2
-2
-2
-1
0
0
2
2
3
3
0
-4
-6
-4
-2
-3
-7
-6
-2
3
3
4
7
9
6
0
-1
1
4
4
2
1
0
-1
-2
-1
1
4
3
3
2
3
2
-1
-2
-3
-2
-4
-6
-7
-4
0
1
2
1
4
1
-1
1
5
6
2
-2
-4
-2
-1
-5
-6
-6
-5
-2
1
1
2
4
7
4
1
-1
1
-2
-5
-3
0
0
-3
-3
4
5
2
2
5
5
0
-1
0
-2
-6
-3
5
8
5
0
0
0
-5
-7
-5
-3
-4
-6
-2
3
5
4
2
1
0
-2
-2
-3
-4
-5
-6
-6
-5
-7
-5
-5
-2
2
4
7
4
2
0
-1
-1
2
2
1
-2
-2
-4
-5
-5
-4
-4
-4
-4
0
5
5
0
1
5
7
5
5
8
8
5
1
3
4
1
-4
-6
-4
-5
-6
-7
-3
2
4
4
4
6
7
6
3
0
-3
-4
-9
-10
-9
-8
-8
-9
-6
-1
-1
-2
-3
0
-2
-6
-10
-8
-3
-1
-1
-3
-3
0
2
2
0
-2
-3
-3
-2
-1
-2
-4
-3
-4
0
2
0
-3
-3
-2
-1
-3
-3
0
3
1
1
2
3
2
-1
-1
-2
1
2
2
3
4
4
5
7
8
9
6
3
3
7
10
11
7
5
1
-3
-3
-1
0
0
-2
0
2
-1
-3
-1
3
3
-4
-6
-2
3
1
-2
-2
0
0
-1
-2
-2
-1
1
2
4
3
-2
-6
-1
0
-2
-3
-1
-5
-7
-9
-7
-6
-5
-2
-2
-2
-1
-6
1
5
-4
-1
4
-3
-1
1
-3
3
3
-3
1
0
-2
4
2
-3
-2
-6
-6
-1
-2
1
-3
2
2
-6
-1
0
-1
1
5
0
-2
2
0
-5
-5
1
-9
-7
-6
-4
4
-6
-6
-3
-4
-1
-1
-3
-4
-1
-5
-7
-4
1
1
4
3
2
6
2
-1
7
4
-2
3
4
0
1
-1
-2
4
9
9
4
2
3
4
-1
-3
3
2
-2
3
0
1
5
6
3
6
1
1
4
1
3
5
0
-1
-1
-1
-2
0
2
1
4
5
1
2
4
3
0
3
3
-3
-8
-6
-6
-7
-5
-2
-6
-7
-3
0
-3
-7
-3
1
7
8
5
2
0
-5
-9
-9
-1
0
-2
-2
-2
-1
-1
1
1
-3
-2
-1
-2
-4
-4
0
-1
-1
-1
1
0
0
0
-1
-3
-2
-3
-1
0
2
4
3
4
4
4
3
3
2
5
6
3
0
0
-1
-4
-1
1
4
4
2
0
4
4
1
1
2
0
1
3
1
-3
-4
-5
-8
-6
-4
-6
-8
-6
-6
-4
-1
-1
-2
-1
-2
-2
-2
-2
0
1
1
1
0
0
-1
-3
1
2
-1
-5
-2
2
3
5
7
7
3
-2
-4
-5
0
4
1
-5
-3
-1
-4
-6
-4
-5
-9
-6
0
0
-2
-3
-3
0
2
-1
2
4
-1
-3
0
0
-3
-1
3
1
0
1
0
-2
-1
0
-1
-1
-2
-2
-2
0
3
5
3
-1
0
5
5
5
4
5
3
0
-4
-2
1
1
1
4
3
1
4
3
2
4
3
-2
-3
0
-2
-2
3
3
1
4
5
1
3
8
7
2
0
3
2
0
-4
-5
-3
-3
-1
3
4
2
3
2
1
0
2
-1
-4
-6
-6
-5
-5
-3
-2
0
2
3
2
1
0
0
1
0
-3
-5
-5
-2
1
2
-1
-4
-6
-6
-4
-4
-6
-6
-5
-3
0
3
5
6
2
1
1
1
-1
-2
0
4
3
-1
0
3
6
4
1
1
2
3
1
2
2
0
-3
-5
-9
-9
-8
-5
-4
-4
-1
1
1
1
0
0
2
3
3
0
-4
-6
-2
3
4
2
0
1
0
-2
-4
0
3
2
-1
-3
-1
2
5
5
4
2
-1
-4
-6
-5
-2
0
0
-1
0
0
-1
-1
-2
0
3
6
5
1
-1
-1
2
3
0
-1
-2
-1
-3
-2
-2
0
2
3
1
-1
-2
0
4
7
6
5
4
1
-1
-4
-2
1
2
1
-2
-3
-5
-7
-7
-3
-1
-1
-3
-3
-2
0
0
-1
-2
-1
1
1
-2
-3
1
7
9
6
3
3
2
-2
-2
0
2
1
2
3
2
-1
-2
-1
2
0
-2
-1
-1
-2
-4
-4
-1
1
1
-1
-3
-3
0
3
2
-1
-4
-1
2
2
-1
-1
3
5
1
-5
-7
-2
3
2
-3
-4
-3
1
0
-1
-3
-6
-6
-4
-4
-5
-6
-8
-5
-1
0
-1
-2
-1
-3
-6
-6
-4
-2
-1
-2
-3
-4
-4
0
3
1
-4
-4
-2
1
2
1
2
3
-1
-2
-3
0
1
1
1
1
1
1
2
2
4
4
5
5
4
1
0
0
0
2
2
2
1
-1
-1
-3
-2
-2
0
1
2
3
3
4
3
3
2
2
1
1
1
1
-1
-2
-4
-3
-2
0
-1
-1
3
4
3
4
7
1
-3
0
2
3
3
2
-4
-5
0
0
-4
-2
2
0
-5
-6
-4
-3
0
-1
-4
-4
1
0
-1
1
-1
-4
-2
0
-2
-2
3
3
1
0
0
4
3
-4
-7
3
5
1
-1
1
-2
-3
0
-1
-4
-6
-5
-2
0
-2
-7
-9
-7
-3
0
2
1
-1
-2
0
2
3
1
-2
-4
-2
-2
0
0
0
0
-1
-1
-2
-2
-1
1
4
7
8
8
4
1
1
1
4
3
1
-1
-1
1
4
3
2
0
-1
1
2
2
0
-2
1
4
4
2
1
2
2
1
-1
2
5
4
2
1
1
-1
-5
-7
-5
-1
2
0
-2
-4
-1
1
0
-3
-4
-7
-6
-2
0
0
-3
-3
0
2
0
-6
-3
0
4
3
1
0
1
2
1
1
3
1
0
-2
-1
-1
-1
-3
-1
1
0
-1
2
4
4
3
1
1
1
-2
-2
3
2
4
2
-3
-1
-4
-6
-3
-4
-2
0
-1
3
1
-1
3
5
5
1
-5
-2
-2
-2
-4
-7
2
4
-5
-3
-5
-7
2
-1
-1
4
-3
-4
2
-1
-2
3
7
3
-1
-2
-3
-3
-5
-5
-1
-1
-6
-6
-5
-4
-1
0
3
3
0
1
0
1
0
0
3
4
-2
-2
-3
-1
0
-2
3
2
-3
-2
0
1
3
3
5
6
1
-3
-3
-3
-5
-3
0
0
-1
-5
-4
-4
-5
-3
-3
-2
-1
-2
1
2
2
3
2
3
5
0
-2
3
1
-1
3
3
1
0
1
1
-2
-1
-1
0
1
-2
0
6
4
1
2
6
2
-1
1
2
1
2
5
5
6
5
4
4
3
2
1
1
-1
0
2
1
-1
-1
-2
-1
0
1
-1
-4
-5
2
8
4
-1
-2
2
2
-3
-5
-2
-1
-4
-7
-5
-1
0
-2
-3
-3
-3
-2
-1
-3
-8
-10
-7
-5
-4
-2
2
2
-1
-1
0
3
3
-2
-3
-5
-3
4
7
6
3
3
5
1
-2
0
2
-1
-5
-4
-4
-3
-3
-3
-4
-2
-2
-3
-1
3
-1
-6
-1
2
-3
-6
0
4
5
4
6
5
4
6
5
2
1
3
4
1
-3
-1
1
1
0
-3
-5
0
7
7
1
-2
0
2
-2
-6
-7
-5
-3
-5
-5
-2
1
1
-1
-2
-1
-1
-1
-2
-1
1
2
-1
1
3
0
-4
0
3
-2
-3
3
6
1
0
1
3
3
4
2
0
4
6
8
5
0
-2
-4
-4
-1
3
2
1
3
3
3
3
3
3
-1
-1
0
2
1
-5
-4
0
3
2
1
1
-3
-6
-5
-2
-2
-5
-4
-2
-1
-2
-3
-5
-9
-7
-5
-6
-4
3
3
2
3
2
0
0
4
3
-2
-3
-1
1
2
3
5
3
2
3
5
2
-3
-3
-1
-1
-4
-3
2
5
2
-3
-3
0
1
-1
-2
-4
0
0
0
-4
-6
-5
-3
-3
-5
-6
-2
-1
0
-1
-1
-1
-4
-5
-5
-5
-4
-2
0
-2
-1
-2
-1
0
0
0
0
0
1
2
2
0
0
1
-1
1
1
2
3
2
0
-1
-2
-1
-2
-1
-1
-3
-4
-2
1
2
1
1
6
8
7
3
2
3
2
3
1
-3
-6
-4
2
4
1
-2
-1
1
-1
-1
-1
-1
0
0
1
1
-1
-2
0
1
1
-1
-1
-2
-1
-2
-1
0
-1
0
1
2
4
3
4
-1
-3
1
-1
-1
-4
-6
-4
0
3
-3
-6
-1
-1
-2
0
0
-4
-3
1
-1
-6
-4
3
1
-2
-4
0
3
1
0
5
4
3
3
2
4
2
1
3
-1
-2
4
2
2
4
-2
3
6
-1
-1
0
2
3
-1
-5
-1
2
0
3
-5
2
2
-4
3
1
1
-3
1
3
-4
-1
0
0
-4
-1
-2
-4
-3
-3
-2
-1
-7
-11
-4
-10
-13
-8
-6
-7
-7
-5
-12
-5
-4
-2
2
-6
3
-2
-5
-4
-2
-1
7
-3
-3
-2
1
5
5
1
0
-1
0
-3
-6
-5
-1
2
1
-1
-2
1
3
4
3
0
0
-1
-2
0
2
2
3
5
6
5
3
1
1
2
5
3
4
3
5
6
3
2
5
8
7
3
0
0
2
2
1
2
6
6
2
-2
-4
1
5
6
4
6
6
6
4
1
0
1
0
-2
-1
0
0
-2
-4
-2
0
-1
-5
-7
-7
-5
-6
-8
-8
-6
-5
-7
-5
-1
3
2
-2
-6
-6
-5
-8
-10
-10
-6
-3
-4
-5
-6
-5
-4
-1
3
6
3
3
2
-2
-4
-2
2
0
-3
-1
-1
3
-1
0
9
5
2
3
-2
-3
0
-2
0
6
0
-7
-3
3
6
5
7
5
-1
-3
3
1
-5
-2
1
3
4
1
-6
1
4
3
4
0
-4
-2
-5
-3
2
-3
-3
0
-2
1
-2
-6
0
-3
-5
5
-2
-6
0
1
0
-1
0
1
-2
-9
-8
4
0
-3
-1
3
0
0
6
2
5
1
-1
7
0
2
2
-4
-2
1
5
5
3
2
3
2
1
1
0
5
3
-1
0
6
6
-1
-1
0
-2
-4
-3
-3
-2
2
0
0
-1
-1
0
-1
-2
-2
-3
-2
-1
0
-1
-1
-4
-4
-4
-2
-3
-3
-4
-5
-3
2
6
1
-4
-5
-1
1
1
-1
1
2
1
0
-1
-1
-1
-3
-2
-1
0
0
4
6
5
5
5
4
6
7
7
4
1
0
1
1
-1
2
3
2
0
1
6
7
4
-2
-3
-1
-1
-3
-3
-3
-3
-2
-2
0
-1
-1
-1
0
0
0
-2
-5
-5
-2
1
-1
-3
-4
-1
-1
-4
-6
-3
-1
-2
-3
-3
-5
-4
-3
0
1
-1
-3
-2
-3
-5
-6
-1
1
0
-4
-4
-1
1
2
1
0
1
1
0
-1
-2
-3
-2
-1
1
1
0
1
1
3
2
1
3
5
5
5
8
10
10
4
-2
-3
0
1
-1
-2
0
3
4
1
0
-1
2
2
6
9
8
4
1
2
4
3
0
-1
0
-1
-3
-2
0
2
2
1
2
2
-1
-3
-3
-4
-6
-6
-1
2
-1
-3
-3
-2
-3
-3
-2
0
1
-2
-7
-7
-4
-2
-2
-2
-3
-3
-2
0
0
-2
-4
-4
-2
-1
-1
-1
1
2
1
2
0
-1
-3
2
5
3
0
1
3
1
-7
-10
-5
1
1
-1
-3
-4
-6
-4
-3
-2
-4
-6
-4
0
2
2
2
3
1
0
2
0
-2
-2
3
4
4
4
1
-2
1
9
11
3
-3
-2
1
2
3
5
5
3
2
4
4
4
4
4
1
0
2
2
0
1
1
-1
-3
-8
-7
-1
2
-1
-3
-4
-1
2
4
-2
-5
0
-2
-5
-2
-1
-5
-4
0
0
-2
2
3
0
1
3
4
1
-4
-3
2
4
-1
-2
-2
1
-4
-5
-2
0
-1
-2
-1
1
0
0
0
3
1
0
-3
-3
-4
1
8
5
-2
-1
0
-5
-8
-5
-2
-2
-3
-3
1
0
-2
-4
0
3
1
1
3
2
1
2
6
0
-5
1
-1
-4
-2
-7
-5
2
2
2
-1
-4
-1
0
6
3
-3
3
3
3
6
1
4
5
0
4
3
0
7
3
-1
2
-3
-6
-2
-4
-4
-4
-1
0
4
5
2
-2
-2
-2
0
-1
2
3
-1
-2
0
0
4
3
-1
0
-4
-5
0
-4
-1
0
-5
2
6
2
6
0
1
5
0
2
2
2
5
2
-1
1
4
0
0
2
3
-4
-5
-1
0
0
-3
-2
-5
1
6
0
2
5
-1
-3
-1
-5
-4
-3
-6
0
-3
-8
-4
-5
-4
2
0
-1
-1
-3
-2
0
-2
0
2
-2
-6
-5
-2
0
1
1
3
5
0
-5
-5
-1
3
2
-2
-2
-1
1
1
1
-2
-5
-8
-6
-2
1
3
0
1
3
5
1
-2
-1
2
0
-1
-1
1
1
-2
-3
-1
1
1
-1
0
2
3
4
4
4
2
-1
-2
-3
-4
-4
-3
-1
-1
-2
0
2
3
1
1
0
1
1
0
-2
-2
1
0
-3
-5
-2
3
3
2
-1
-1
-1
-2
-2
0
1
0
2
0
2
1
1
3
5
3
1
-2
1
2
1
-1
-1
3
1
-3
-2
3
3
0
0
3
3
2
0
2
-1
-5
-7
-4
-2
-3
-6
-6
-1
2
3
1
0
-2
2
2
-2
-3
0
2
-2
-8
-4
2
3
-1
-3
-1
1
-1
-3
-1
3
0
-3
-3
-1
1
1
1
0
1
2
2
-1
-2
0
3
3
2
2
4
0
-4
-6
-1
2
0
-4
-6
-7
-6
-2
2
2
0
0
1
2
1
0
1
2
1
2
3
2
-1
-3
-4
-3
-3
-2
0
0
-3
-2
2
0
-2
-1
2
2
2
4
8
8
6
7
7
2
-5
-7
-3
1
0
-3
-2
-2
-4
-2
2
4
0
-4
-7
-6
-6
-4
1
2
1
-2
-1
-1
-2
-3
-2
3
8
7
1
0
4
7
4
0
-4
-8
-6
-1
-1
0
1
1
-2
-2
-1
1
0
3
3
2
-2
-2
-4
-2
1
1
-2
0
0
-3
-5
-2
-1
-1
2
5
1
-1
0
0
0
1
0
0
0
2
3
4
2
1
1
-3
-6
-5
-3
-3
-2
-2
-1
0
2
0
2
3
-1
-2
1
-3
-11
-7
-2
-3
-6
-3
0
-1
0
2
0
-4
-2
4
9
5
1
4
7
4
-3
-6
-5
-3
-2
-4
-3
3
4
-1
0
3
4
2
1
0
-3
-3
-4
-1
0
-3
-4
-4
-6
-6
-3
-1
-2
-2
-2
-2
1
4
2
3
1
-4
-4
0
3
1
4
8
4
4
4
4
1
1
1
2
4
3
3
2
1
3
4
4
2
0
-4
-4
0
3
1
1
1
0
2
3
3
-4
-5
-2
-1
-3
-6
-7
-6
-3
0
5
2
-4
-5
-4
-4
-3
-3
0
0
-1
0
2
0
-2
0
2
0
-5
-5
-7
-7
-5
0
3
3
2
1
1
1
3
2
2
3
0
-3
-2
1
-1
1
2
-1
-4
-3
-1
0
2
3
0
1
0
1
0
3
1
1
0
-1
-3
-2
-2
-4
-6
-2
2
2
0
0
0
1
4
7
5
1
2
3
0
-5
-5
-3
-1
0
-1
-4
-4
-2
1
-1
-5
-3
2
1
-5
-7
-7
-6
1
7
3
-4
0
5
4
1
1
0
-1
0
2
1
2
3
5
3
0
-2
-4
-3
-3
-2
0
-2
-3
0
3
1
-2
3
3
-2
-4
-2
-4
-5
-1
3
5
2
-1
-4
-6
-5
-4
-5
-6
-4
0
0
-3
1
7
7
2
-2
0
-1
-3
-4
1
4
1
-2
-1
-2
-5
-7
-1
4
3
-2
-3
-1
2
0
-4
-2
2
3
2
1
2
2
4
7
4
1
-1
-1
-3
1
5
11
10
6
3
3
4
3
5
5
3
-2
-3
0
1
0
-1
-1
0
-3
0
2
2
1
-2
-2
-1
-3
-5
-3
-4
-1
1
5
5
4
0
-1
-2
-4
-5
-3
-3
-4
-4
-4
-3
-2
-1
-2
0
-1
0
0
-4
-7
-5
-3
-2
-2
-4
0
0
-2
-2
-2
-1
-3
-7
-7
-5
-3
-1
0
2
1
0
-1
0
4
6
5
0
-4
-4
-1
0
-2
-3
-3
0
-2
-1
-1
2
2
-2
-5
-3
1
4
-1
-3
-2
1
3
4
4
-1
-2
0
0
-2
1
1
1
3
2
-2
-2
3
4
2
2
-1
-3
-1
1
2
3
2
1
3
8
5
0
2
5
5
3
0
3
6
2
0
2
7
5
2
4
3
-1
-3
-2
-2
0
2
4
5
2
1
2
5
3
-3
-5
-1
3
3
1
1
1
1
-1
0
0
-2
-2
-3
-5
-9
-8
-6
-7
-8
-5
-4
-5
-3
1
-1
-9
-9
-3
1
-1
-2
-3
-3
-6
-2
3
1
-2
0
1
-5
-9
-6
-2
0
2
0
-3
-3
-1
-1
-2
1
0
1
0
-3
-2
5
6
5
3
2
1
-1
1
-2
-1
2
3
5
1
0
-5
3
8
-1
-1
3
2
0
-2
0
-2
-2
-2
-3
0
6
1
-6
-3
2
-1
-3
-2
1
-1
1
5
3
2
4
-6
-6
5
0
0
3
-1
0
-2
-2
1
0
0
6
0
-3
1
-2
-4
0
0
0
-1
-2
7
2
1
7
2
7
3
-4
2
-1
-1
5
0
5
6
2
5
0
0
-1
-3
-2
-4
-1
-2
0
6
7
7
6
4
-1
-3
-1
-7
-9
-7
0
0
-6
0
-5
-3
-4
-7
-3
-5
0
1
0
0
-4
-2
-1
0
0
-2
-5
-7
-7
-5
-3
-3
-2
-1
-3
-5
-4
0
1
-1
-1
-1
1
0
1
0
1
0
1
2
-2
-4
-2
0
1
-1
-3
-1
-1
-2
-2
-2
0
1
2
3
2
0
-1
0
3
5
5
3
2
1
6
8
6
3
1
3
4
3
1
1
-1
-2
0
1
0
-3
-4
-1
2
1
-2
-2
0
0
-4
-6
-4
-2
2
0
-3
-5
-5
0
3
5
4
0
-1
1
4
4
-1
-4
-4
-1
-2
-8
-9
-5
-1
-3
-3
-2
-2
-3
-4
-4
-5
-6
-6
-5
-4
-5
-4
-1
4
5
5
4
2
-1
0
1
1
0
-1
-1
-2
-4
-3
0
4
3
1
0
-1
1
4
4
3
0
0
1
-1
-3
-2
-1
-2
0
5
9
3
-1
2
5
2
-4
-6
0
3
-1
-2
5
8
4
-2
1
4
4
0
0
3
2
0
-1
2
2
0
-4
-4
0
0
-2
-5
-4
-2
1
5
7
3
-2
-1
3
4
2
0
3
4
3
-3
-4
-2
-1
2
2
-1
-4
-4
-2
1
2
0
-3
-5
-5
-6
-8
-9
-7
-3
1
-1
-3
-4
-4
-2
-1
2
4
3
4
2
2
1
3
4
2
1
-2
-2
-3
-4
-5
-5
-4
-2
-3
-4
-2
2
5
2
-2
-3
-1
0
-2
-2
0
2
2
1
3
4
5
4
2
2
0
-2
-3
-1
0
0
1
3
5
4
0
0
0
-2
-4
-6
-5
-5
-4
-3
0
1
1
0
-1
-2
-1
2
5
4
1
0
2
7
4
1
0
4
6
4
0
-1
2
0
-2
-2
0
1
-2
-2
-2
-2
-3
-2
2
2
0
0
0
-3
-6
-3
2
2
-5
-6
-1
4
2
-3
-4
-4
-4
-4
-4
-1
0
0
-2
-1
-1
-2
-5
-7
-9
-7
-4
-3
-2
-1
0
-1
-1
1
3
2
0
0
2
0
-1
2
8
7
2
1
3
5
5
4
1
-1
2
4
0
-5
-3
0
1
4
2
-2
1
5
4
-2
1
3
-2
-4
0
-1
-3
-1
-3
-6
-4
2
2
-1
0
1
1
-1
-2
-1
0
0
0
2
4
0
-4
-3
1
-4
-7
-3
0
0
-3
-2
0
-2
-6
-8
-6
-5
-3
-1
0
0
1
0
-3
1
4
2
-1
-1
-1
-2
4
6
-1
-3
1
2
-4
-5
1
4
5
6
3
0
-2
-3
-3
0
3
0
-1
3
5
-1
2
5
1
5
7
7
4
6
5
-3
-1
2
0
1
2
3
4
-2
-5
0
1
-2
-1
-5
-2
5
2
2
1
-2
-2
0
0
1
-1
-2
-2
-3
-3
-2
-5
-6
-8
-6
-2
-2
-3
-5
-4
1
3
-2
-6
-3
-1
-4
-6
-3
-3
-3
1
5
2
-3
-2
4
2
-6
-6
0
2
-3
-2
0
-1
-3
-4
-4
-4
-4
-5
-4
-5
-4
-4
-3
0
7
5
6
8
2
8
2
-1
2
0
-3
-9
-2
1
1
4
3
5
3
2
0
0
0
-1
-3
-3
-3
-3
-1
-3
-6
-5
-2
0
2
5
3
-1
1
6
6
8
7
4
0
0
2
1
3
7
4
1
6
6
5
8
8
-1
-4
0
-4
-9
-4
-1
-5
-2
5
4
-1
4
7
3
1
1
-4
-8
-6
-3
-3
-2
0
1
2
8
8
5
4
1
-5
-7
-7
-10
-12
-10
-8
-6
-1
5
6
6
5
2
-4
-7
-8
-9
-9
-7
-4
-3
-1
3
5
4
4
1
-1
0
0
0
-1
-2
0
1
4
5
6
7
7
8
8
6
4
2
0
-2
-2
0
-2
-3
1
5
4
3
4
3
-1
0
4
4
2
0
4
7
5
3
3
0
-3
-4
-3
-3
-4
-4
-8
-11
-10
-2
2
-3
-7
-8
-7
-3
-1
-2
-4
-1
2
1
-4
-4
-6
-9
-11
-9
-8
-8
-6
-8
-6
-1
1
-2
-8
-4
1
-2
-5
-1
-1
-5
-6
-5
-11
-12
-8
-6
-7
0
7
6
8
14
10
5
8
12
10
7
7
5
5
7
9
10
12
15
15
12
12
13
13
14
15
13
7
7
6
3
6
14
18
14
16
18
13
10
15
14
8
4
3
4
5
6
8
9
14
12
10
9
4
0
-4
-9
-9
-10
-11
-11
0
4
0
-1
1
-5
-12
-17
-20
-26
-31
-30
-22
-21
-21
-12
-14
-20
-21
-24
-36
-36
-37
-45
-43
-38
-42
-41
-34
-32
-34
-36
-33
-35
-42
-38
-34
-39
-35
-27
-27
-24
-20
-14
-11
-9
0
4
1
8
8
6
11
14
13
18
23
25
28
31
30
30
30
29
27
26
26
29
29
35
43
45
51
57
56
54
54
49
47
44
43
48
48
55
65
67
76
85
85
84
86
81
70
65
61
60
57
61
69
70
69
72
67
53
42
32
15
-2
-12
-22
-37
-44
-47
-54
-61
-66
-70
-74
-83
-90
-92
-98
-104
-110
-113
-120
-129
-135
-133
-138
-147
-154
-153
-155
-161
-160
-156
-163
-164
-161
-167
-179
-177
-173
-171
-163
-150
-144
-133
-111
-88
-69
-44
-21
-5
12
30
43
50
56
62
65
70
81
92
102
114
128
138
145
156
159
156
151
150
149
146
155
168
182
204
233
255
273
293
307
310
312
310
298
280
269
252
233
218
202
185
169
152
131
107
86
65
44
27
15
4
-3
1
6
6
8
16
14
1
-11
-29
-57
-90
-121
-159
-202
-239
-270
-299
-322
-338
-349
-355
-354
-354
-351
-350
-343
-335
-327
-314
-301
-292
-281
-268
-261
-264
-271
-286
-310
-342
-375
-403
-426
-432
-425
-402
-372
-334
-290
-248
-214
-189
-178
-186
-213
-240
-261
-269
-261
-235
-179
-95
13
140
279
421
552
661
740
789
806
795
765
729
691
653
615
590
575
563
544
514
484
451
411
368
330
306
294
290
303
330
367
391
398
394
379
349
301
248
204
159
119
91
81
78
79
88
90
80
49
2
-64
-135
-205
-272
-330
-367
-390
-392
-375
-337
-289
-243
-199
-168
-152
-144
-147
-163
-182
-199
-215
-233
-254
-280
-312
-347
-389
-433
-476
-517
-552
-570
-581
-586
-573
-540
-500
-463
-419
-367
-321
-285
-259
-247
-243
-251
-275
-314
-347
-375
-401
-414
-407
-389
-372
-355
-353
-397
-487
-597
-721
-855
-965
-1005
-948
-793
-552
-232
144
539
897
1183
1390
1509
1524
1445
1322
1190
1055
944
882
878
895
909
906
871
792
669
501
322
165
50
-2
15
114
281
462
640
792
881
906
844
669
456
278
125
-11
-99
-98
-35
31
97
169
204
168
82
-17
-131
-246
-331
-366
-348
-286
-203
-108
-14
64
87
21
-70
-163
-292
-416
-484
-499
-477
-419
-329
-226
-147
-96
-82
-110
-165
-244
-346
-438
-493
-514
-517
-490
-426
-361
-330
-325
-332
-369
-441
-519
-574
-613
-626
-602
-540
-453
-354
-264
-201
-158
-144
-180
-241
-289
-338
-399
-441
-448
-438
-418
-374
-331
-310
-305
-313
-351
-432
-546
-677
-825
-980
-1104
-1142
-1057
-862
-577
-201
251
706
1087
1386
1617
1736
1708
1591
1460
1329
1187
1074
1027
1043
1074
1074
1045
1000
895
696
465
274
117
-28
-98
-36
125
321
533
746
930
1034
995
824
623
446
238
20
-76
-28
45
109
241
400
456
396
299
158
-37
-233
-403
-515
-516
-435
-352
-236
-48
88
82
36
0
-124
-330
-482
-556
-613
-611
-513
-383
-251
-107
-20
-29
-65
-124
-277
-459
-558
-623
-702
-710
-618
-525
-474
-427
-395
-417
-478
-553
-641
-708
-725
-717
-683
-586
-448
-336
-253
-162
-100
-120
-185
-246
-312
-394
-460
-492
-485
-434
-393
-389
-370
-326
-355
-447
-497
-512
-571
-660
-732
-795
-868
-969
-1091
-1134
-1017
-827
-624
-297
207
706
1079
1433
1794
2009
2034
1973
1879
1753
1596
1415
1277
1256
1262
1180
1098
1100
1044
833
605
464
315
131
25
55
168
320
495
690
899
1042
1047
975
891
689
345
77
-15
-106
-229
-183
30
180
258
383
458
371
209
12
-230
-407
-487
-575
-600
-437
-254
-215
-155
2
24
-131
-239
-289
-442
-609
-640
-611
-589
-485
-339
-260
-199
-139
-205
-360
-462
-568
-752
-870
-839
-807
-802
-696
-539
-484
-490
-474
-498
-586
-652
-698
-753
-739
-634
-555
-500
-377
-247
-215
-223
-208
-234
-321
-395
-442
-487
-489
-446
-421
-398
-331
-292
-332
-356
-340
-371
-442
-453
-449
-517
-595
-642
-734
-857
-923
-973
-1021
-925
-662
-369
-29
460
984
1386
1722
2036
2215
2227
2171
2057
1886
1743
1643
1513
1408
1422
1427
1305
1186
1149
1017
734
493
360
220
89
91
208
365
559
749
881
986
1034
879
567
343
205
-31
-254
-207
-12
90
199
442
624
599
481
331
101
-143
-348
-552
-680
-630
-535
-508
-406
-194
-121
-231
-294
-316
-484
-699
-773
-783
-806
-746
-603
-474
-347
-232
-231
-309
-359
-452
-662
-837
-873
-908
-976
-927
-769
-680
-658
-605
-579
-650
-742
-815
-904
-965
-939
-888
-828
-680
-495
-403
-353
-255
-209
-289
-369
-388
-431
-503
-500
-433
-383
-337
-265
-213
-212
-246
-299
-365
-423
-472
-529
-563
-554
-568
-643
-708
-737
-806
-916
-917
-750
-514
-238
169
719
1262
1703
2088
2428
2634
2651
2536
2380
2208
2000
1772
1598
1530
1517
1461
1378
1347
1301
1109
831
623
449
230
62
53
148
281
464
653
790
871
871
750
564
403
252
89
6
65
177
254
350
479
514
405
262
108
-131
-391
-555
-665
-747
-725
-617
-532
-442
-329
-288
-345
-407
-462
-568
-681
-726
-723
-696
-633
-542
-470
-425
-408
-446
-545
-658
-770
-889
-978
-1009
-1001
-974
-908
-822
-763
-741
-740
-771
-849
-948
-1034
-1081
-1078
-1025
-936
-797
-622
-470
-373
-295
-232
-233
-289
-330
-347
-375
-393
-373
-341
-330
-326
-313
-311
-343
-398
-459
-505
-531
-552
-561
-522
-463
-460
-512
-549
-575
-668
-811
-839
-682
-435
-143
297
895
1478
1931
2312
2658
2852
2829
2679
2505
2326
2122
1913
1766
1726
1720
1644
1533
1466
1377
1140
825
574
377
168
25
41
182
363
555
742
890
966
931
760
533
340
169
-6
-91
-20
110
204
318
465
535
470
332
169
-49
-301
-514
-661
-742
-737
-679
-620
-547
-456
-438
-511
-583
-656
-792
-906
-919
-897
-870
-785
-666
-582
-533
-517
-569
-672
-783
-919
-1066
-1156
-1171
-1153
-1111
-1021
-901
-824
-803
-810
-845
-930
-1035
-1111
-1137
-1103
-1008
-879
-727
-536
-357
-253
-188
-140
-175
-291
-386
-441
-505
-548
-511
-429
-347
-250
-151
-94
-84
-109
-174
-272
-358
-407
-431
-416
-364
-322
-327
-350
-379
-476
-658
-803
-786
-633
-412
-67
484
1147
1735
2217
2676
3061
3202
3101
2932
2769
2536
2236
1996
1885
1838
1765
1677
1624
1573
1404
1086
755
485
204
-75
-199
-125
22
180
428
720
871
862
829
746
483
170
0
-89
-177
-142
32
205
348
481
516
432
309
98
-251
-558
-708
-846
-1000
-988
-823
-733
-707
-606
-536
-630
-771
-857
-967
-1092
-1117
-1065
-1000
-874
-697
-583
-528
-464
-478
-627
-787
-893
-1040
-1199
-1237
-1184
-1136
-1055
-905
-783
-734
-715
-748
-857
-959
-1010
-1056
-1067
-963
-800
-661
-501
-301
-164
-113
-87
-93
-152
-216
-261
-310
-334
-299
-250
-229
-193
-121
-76
-96
-134
-164
-220
-293
-334
-342
-357
-371
-386
-448
-538
-617
-727
-895
-978
-849
-593
-300
139
781
1438
1962
2438
2887
3175
3232
3126
2960
2769
2538
2272
2078
2021
1972
1841
1730
1682
1542
1237
898
619
349
63
-136
-153
-22
155
346
597
864
977
903
790
657
383
37
-171
-241
-288
-250
-59
169
328
437
471
374
186
-54
-369
-668
-825
-913
-1012
-991
-810
-670
-646
-606
-578
-691
-873
-998
-1110
-1224
-1230
-1123
-1001
-849
-647
-501
-465
-462
-518
-705
-928
-1074
-1199
-1316
-1314
-1186
-1060
-938
-763
-615
-579
-608
-663
-780
-915
-997
-1033
-1016
-901
-731
-587
-448
-286
-188
-194
-220
-230
-269
-322
-319
-255
-181
-107
-31
44
111
129
82
26
-22
-135
-294
-371
-374
-400
-421
-352
-246
-216
-262
-319
-393
-558
-792
-941
-888
-694
-429
-1
654
1360
1928
2405
2866
3170
3188
3034
2863
2672
2419
2173
2021
1978
1958
1882
1787
1737
1645
1367
975
643
349
10
-255
-299
-175
-2
208
468
731
876
779
504
247
28
-278
-561
-564
-356
-178
25
393
741
855
811
689
439
90
-274
-629
-887
-957
-951
-943
-792
-531
-443
-555
-625
-674
-906
-1196
-1309
-1309
-1318
-1237
-1016
-772
-564
-395
-338
-382
-463
-638
-923
-1140
-1209
-1260
-1305
-1193
-952
-774
-669
-554
-493
-564
-697
-832
-974
-1081
-1113
-1091
-992
-782
-553
-394
-260
-127
-82
-150
-227
-284
-372
-460
-470
-405
-306
-172
-31
84
162
183
107
-39
-191
-340
-502
-617
-621
-550
-482
-404
-285
-198
-217
-303
-440
-652
-816
-783
-606
-360
77
735
1410
1989
2554
3059
3318
3316
3181
2955
2640
2320
2068
1898
1823
1822
1809
1769
1750
1659
1387
1028
705
366
-6
-249
-287
-215
-81
172
483
687
763
765
644
362
39
-203
-374
-474
-420
-213
51
336
619
809
835
730
516
171
-208
-514
-764
-969
-1034
-957
-869
-791
-678
-622
-708
-847
-970
-1127
-1289
-1351
-1315
-1235
-1082
-851
-632
-473
-364
-339
-435
-586
-739
-909
-1067
-1130
-1099
-1037
-937
-788
-658
-600
-590
-622
-725
-855
-948
-1021
-1086
-1080
-983
-851
-711
-557
-403
-277
-196
-175
-188
-206
-224
-234
-203
-137
-71
-17
26
61
75
33
-77
-210
-326
-444
-552
-590
-556
-513
-472
-410
-361
-374
-438
-567
-792
-1022
-1083
-957
-749
-404
195
925
1574
2168
2774
3232
3393
3346
3214
3002
2724
2430
2179
2049
2017
1964
1887
1877
1847
1618
1240
893
570
184
-165
-319
-295
-204
-46
216
530
752
801
743
644
429
87
-195
-329
-401
-401
-218
93
382
612
759
761
638
421
91
-286
-574
-772
-974
-1088
-1019
-922
-905
-851
-750
-768
-892
-974
-1045
-1154
-1196
-1115
-1003
-857
-633
-431
-328
-261
-239
-359
-559
-708
-849
-1022
-1096
-1047
-999
-953
-833
-709
-671
-683
-709
-782
-890
-984
-1063
-1099
-1041
-925
-826
-722
-569
-433
-373
-342
-295
-269
-283
-287
-264
-215
-141
-58
11
78
139
143
91
29
-66
-226
-376
-445
-498
-571
-607
-610
-660
-750
-823
-921
-1120
-1342
-1404
-1258
-1000
-652
-113
616
1357
1975
2544
3085
3428
3477
3378
3263
3073
2793
2547
2409
2329
2244
2129
2017
1918
1705
1365
986
634
277
-58
-245
-300
-215
-33
158
426
723
914
971
989
920
591
218
-11
-234
-470
-550
-395
-232
-84
191
448
570
573
491
270
-35
-267
-532
-831
-948
-912
-908
-922
-754
-575
-634
-715
-706
-765
-921
-976
-922
-947
-898
-709
-582
-507
-388
-292
-409
-591
-680
-854
-1085
-1193
-1200
-1241
-1225
-1046
-894
-829
-725
-630
-679
-759
-782
-854
-964
-984
-947
-935
-863
-701
-565
-484
-395
-341
-371
-398
-388
-424
-462
-406
-321
-276
-189
-38
44
21
-16
-70
-199
-329
-415
-519
-627
-665
-666
-677
-664
-647
-706
-822
-992
-1230
-1393
-1295
-1034
-733
-238
527
1301
1925
2546
3164
3521
3556
3461
3316
3083
2809
2558
2384
2339
2346
2268
2168
2156
2064
1728
1296
939
579
155
-162
-237
-179
-86
111
435
750
969
1098
1077
871
590
311
-19
-344
-484
-449
-395
-262
63
417
594
674
716
567
250
-34
-311
-652
-883
-922
-935
-927
-760
-583
-584
-635
-635
-754
-992
-1114
-1140
-1229
-1234
-1035
-835
-712
-521
-341
-344
-430
-500
-688
-977
-1189
-1337
-1485
-1510
-1364
-1196
-1051
-854
-689
-667
-699
-718
-816
-991
-1094
-1131
-1177
-1153
-1002
-837
-719
-581
-457
-435
-457
-454
-470
-514
-502
-427
-351
-235
-60
67
94
100
66
-86
-276
-395
-510
-662
-730
-689
-665
-673
-647
-643
-718
-824
-974
-1201
-1348
-1252
-1006
-709
-220
514
1280
1940
2574
3174
3559
3662
3586
3425
3218
3001
2789
2623
2576
2583
2489
2342
2267
2139
1782
1336
978
615
188
-107
-177
-131
-10
226
501
745
966
1072
959
743
546
281
-58
-248
-241
-205
-139
107
435
641
759
844
771
522
245
-37
-374
-647
-784
-898
-973
-901
-787
-785
-786
-752
-847
-1057
-1176
-1215
-1315
-1381
-1269
-1083
-935
-773
-593
-504
-519
-604
-778
-1003
-1187
-1351
-1516
-1563
-1446
-1313
-1215
-1061
-892
-844
-878
-898
-966
-1108
-1213
-1261
-1295
-1268
-1145
-1011
-873
-671
-485
-410
-375
-322
-338
-421
-450
-407
-367
-302
-170
-53
18
86
122
64
-39
-151
-305
-456
-518
-535
-574
-582
-531
-508
-551
-589
-637
-801
-1055
-1226
-1188
-981
-650
-158
521
1288
2000
2629
3226
3691
3857
3755
3578
3392
3128
2830
2659
2618
2574
2475
2399
2360
2235
1921
1492
1067
667
251
-96
-241
-195
-85
85
387
745
1011
1144
1132
937
646
350
0
-326
-418
-330
-243
-50
352
716
861
927
920
668
261
-91
-429
-794
-1015
-1083
-1148
-1129
-937
-791
-804
-797
-795
-996
-1267
-1382
-1455
-1563
-1515
-1298
-1109
-944
-720
-576
-612
-705
-825
-1072
-1354
-1524
-1644
-1746
-1691
-1495
-1318
-1138
-908
-763
-790
-861
-935
-1094
-1269
-1334
-1328
-1312
-1215
-1016
-821
-660
-500
-393
-373
-379
-387
-412
-412
-356
-288
-210
-70
84
167
222
280
250
98
-81
-240
-401
-517
-548
-529
-470
-371
-293
-262
-245
-274
-419
-668
-919
-1044
-984
-755
-370
219
973
1731
2408
3030
3559
3853
3856
3692
3494
3261
2979
2742
2644
2632
2590
2520
2470
2394
2178
1799
1351
916
482
61
-229
-305
-227
-86
151
487
777
909
936
894
722
442
160
-93
-307
-405
-365
-248
-54
215
435
515
526
482
264
-91
-413
-697
-1002
-1204
-1230
-1210
-1191
-1096
-990
-983
-1020
-1057
-1176
-1352
-1463
-1516
-1551
-1488
-1313
-1153
-1032
-887
-793
-840
-939
-1015
-1141
-1316
-1419
-1441
-1436
-1379
-1248
-1113
-999
-894
-836
-858
-912
-977
-1079
-1180
-1203
-1160
-1098
-991
-802
-604
-459
-336
-224
-169
-175
-195
-210
-217
-177
-90
-10
63
159
239
244
217
192
119
-29
-163
-233
-279
-323
-322
-271
-213
-175
-162
-181
-227
-324
-538
-804
-922
-814
-602
-291
257
1009
1736
2359
2968
3509
3795
3802
3673
3494
3260
2986
2733
2592
2574
2559
2469
2395
2358
2165
1750
1307
932
507
45
-240
-289
-216
-60
195
493
775
961
924
717
525
302
-106
-506
-627
-605
-619
-478
-90
260
417
523
580
439
138
-208
-598
-955
-1159
-1286
-1393
-1319
-1099
-1002
-1045
-1011
-1004
-1220
-1473
-1554
-1619
-1750
-1744
-1563
-1398
-1244
-1020
-851
-805
-794
-857
-1051
-1232
-1326
-1443
-1531
-1440
-1258
-1135
-982
-750
-617
-654
-725
-793
-930
-1082
-1162
-1185
-1155
-1029
-855
-682
-479
-268
-146
-92
-43
-59
-165
-234
-216
-190
-141
-2
167
294
409
503
498
416
320
166
-45
-185
-235
-290
-327
-248
-125
-80
-70
-51
-105
-295
-588
-887
-1019
-909
-670
-316
313
1147
1883
2500
3174
3757
3970
3878
3709
3466
3117
2793
2580
2463
2436
2435
2373
2311
2286
2095
1640
1171
790
326
-156
-397
-398
-332
-191
99
428
681
873
912
707
404
123
-229
-639
-874
-841
-762
-684
-361
80
282
334
424
342
3
-341
-620
-950
-1214
-1282
-1303
-1341
-1214
-1026
-1044
-1107
-1056
-1171
-1466
-1611
-1630
-1742
-1808
-1622
-1355
-1181
-961
-689
-601
-644
-652
-766
-1015
-1168
-1227
-1327
-1361
-1222
-1042
-912
-749
-568
-520
-567
-595
-680
-852
-975
-1006
-1019
-971
-795
-583
-403
-201
-12
60
72
84
39
-56
-92
-78
-82
-37
96
214
283
378
465
457
386
300
159
-33
-176
-251
-339
-408
-390
-346
-372
-407
-417
-512
-750
-959
-968
-804
-561
-189
408
1161
1881
2494
3068
3567
3814
3767
3599
3424
3185
2867
2606
2485
2423
2312
2170
2076
1978
1722
1299
877
523
138
-264
-493
-490
-408
-300
-77
242
516
664
685
590
411
169
-140
-431
-579
-606
-609
-518
-248
55
216
285
318
204
-87
-403
-670
-936
-1160
-1272
-1295
-1266
-1172
-1068
-1035
-1035
-1044
-1141
-1310
-1423
-1469
-1532
-1537
-1378
-1135
-919
-707
-491
-370
-374
-456
-601
-791
-950
-1056
-1135
-1143
-1042
-901
-782
-658
-547
-523
-571
-629
-705
-809
-890
-913
-877
-791
-651
-479
-308
-173
-87
-46
-32
-55
-105
-146
-145
-108
-48
36
160
275
326
333
338
308
217
96
-26
-127
-190
-229
-253
-228
-200
-284
-450
-563
-668
-915
-1249
-1433
-1380
-1201
-930
-430
327
1107
1742
2344
2966
3402
3505
3419
3318
3176
2924
2647
2510
2514
2478
2344
2250
2223
2065
1684
1243
852
412
-73
-417
-530
-497
-380
-177
100
404
655
769
774
736
584
276
-26
-181
-295
-439
-471
-329
-182
-107
2
121
117
-5
-178
-387
-598
-779
-934
-1042
-1044
-994
-984
-957
-858
-815
-906
-1005
-1052
-1137
-1236
-1229
-1146
-1072
-967
-804
-650
-530
-437
-418
-481
-568
-679
-837
-976
-1034
-1060
-1071
-1026
-921
-824
-753
-689
-657
-673
-710
-762
-816
-828
-777
-711
-638
-514
-375
-284
-210
-106
-38
-46
-72
-76
-80
-73
-39
-7
37
105
139
122
125
162
150
74
0
-57
-118
-158
-171
-195
-229
-269
-376
-568
-741
-885
-1142
-1489
-1676
-1593
-1378
-1083
-553
228
1024
1677
2276
2882
3326
3457
3375
3264
3149
2950
2703
2568
2591
2594
2463
2317
2250
2092
1699
1212
806
422
-5
-343
-442
-350
-201
-23
245
562
782
855
844
791
657
415
134
-25
-53
-128
-268
-259
-105
-69
-169
-168
-110
-243
-499
-632
-669
-766
-868
-895
-889
-854
-795
-799
-837
-802
-798
-949
-1070
-1026
-1024
-1133
-1116
-931
-817
-783
-644
-479
-455
-515
-564
-649
-763
-862
-983
-1115
-1154
-1134
-1153
-1130
-998
-899
-898
-852
-746
-726
-763
-728
-669
-688
-708
-651
-566
-496
-424
-365
-305
-212
-139
-131
-102
-12
30
7
35
106
120
91
92
93
60
45
45
-13
-92
-127
-159
-224
-282
-304
-347
-436
-544
-691
-835
-932
-1129
-1426
-1533
-1372
-1116
-819
-304
470
1211
1802
2418
3018
3383
3473
3386
3250
3097
2881
2644
2516
2526
2516
2388
2276
2229
2038
1633
1205
857
473
60
-203
-252
-196
-86
109
373
630
806
865
832
751
598
330
46
-112
-166
-227
-242
-119
24
59
49
68
21
-163
-400
-599
-765
-904
-1001
-1031
-980
-894
-831
-794
-746
-720
-799
-948
-1049
-1087
-1140
-1185
-1111
-949
-825
-733
-600
-474
-448
-499
-588
-728
-913
-1099
-1245
-1321
-1318
-1275
-1206
-1102
-981
-904
-872
-842
-814
-815
-836
-832
-800
-761
-711
-628
-512
-390
-281
-195
-122
-66
-57
-100
-145
-166
-175
-169
-117
-31
47
114
168
184
174
162
132
65
-17
-85
-143
-191
-215
-215
-205
-208
-285
-443
-603
-754
-998
-1322
-1526
-1476
-1260
-943
-427
335
1159
1852
2430
2966
3376
3503
3390
3236
3119
2951
2728
2616
2667
2705
2610
2479
2380
2194
1809
1311
852
469
104
-205
-312
-192
-4
155
365
635
820
841
793
720
549
282
35
-120
-211
-253
-238
-179
-104
-50
-47
-90
-147
-253
-463
-699
-835
-910
-1003
-1052
-1003
-939
-930
-920
-897
-933
-1042
-1159
-1255
-1316
-1319
-1277
-1205
-1081
-913
-778
-693
-611
-570
-648
-794
-922
-1050
-1197
-1293
-1309
-1286
-1242
-1157
-1056
-971
-894
-840
-833
-842
-828
-823
-833
-804
-711
-598
-482
-357
-218
-86
-3
15
0
-12
-50
-111
-140
-105
-34
49
147
250
333
389
393
331
245
178
101
-5
-85
-105
-97
-90
-54
8
52
36
-77
-274
-474
-662
-950
-1305
-1483
-1377
-1138
-813
-250
546
1326
1952
2502
3010
3349
3416
3281
3112
2988
2832
2621
2510
2579
2646
2556
2434
2367
2181
1768
1285
874
475
66
-227
-314
-243
-100
91
333
578
708
678
579
458
231
-82
-294
-372
-477
-595
-544
-373
-289
-259
-152
-82
-167
-309
-446
-619
-784
-897
-1009
-1075
-1015
-954
-1005
-1026
-962
-1012
-1194
-1275
-1266
-1351
-1433
-1338
-1198
-1124
-997
-814
-722
-686
-634
-665
-791
-885
-975
-1142
-1256
-1226
-1191
-1199
-1110
-951
-886
-875
-793
-719
-737
-743
-692
-661
-640
-555
-455
-383
-263
-109
-18
40
139
191
145
109
109
80
77
159
243
303
390
452
425
370
321
231
133
78
-1
-117
-162
-121
-112
-119
-50
11
-47
-160
-256
-394
-612
-872
-1120
-1233
-1107
-825
-478
49
786
1494
2037
2559
3070
3331
3290
3155
3025
2850
2642
2475
2395
2397
2376
2251
2117
2025
1810
1388
948
606
245
-135
-340
-327
-254
-172
-10
213
398
489
481
389
219
-47
-356
-567
-644
-678
-676
-543
-320
-152
-47
50
68
-64
-274
-491
-702
-871
-977
-1050
-1073
-1006
-942
-938
-919
-892
-974
-1141
-1244
-1293
-1365
-1385
-1268
-1089
-916
-715
-504
-366
-315
-349
-479
-659
-820
-981
-1141
-1199
-1149
-1092
-1029
-880
-703
-607
-571
-536
-534
-585
-628
-642
-633
-566
-445
-313
-169
-12
96
135
148
127
62
2
-20
-9
42
143
262
380
485
540
536
495
416
285
130
9
-70
-144
-211
-227
-194
-155
-132
-110
-94
-117
-222
-407
-605
-787
-1019
-1304
-1455
-1337
-1070
-756
-274
434
1156
1718
2214
2702
3023
3062
2958
2847
2714
2522
2320
2209
2216
2230
2145
2028
1951
1796
1442
998
625
301
-40
-320
-421
-360
-258
-118
117
372
521
577
561
405
127
-133
-340
-545
-673
-643
-536
-416
-215
21
122
106
82
-33
-283
-507
-660
-857
-1027
-1035
-982
-982
-920
-801
-795
-883
-923
-971
-1103
-1168
-1105
-1063
-1028
-840
-596
-460
-358
-238
-240
-377
-514
-661
-862
-1013
-1045
-1051
-1037
-918
-754
-653
-571
-468
-443
-504
-534
-533
-562
-567
-495
-405
-321
-204
-91
-32
13
52
25
-43
-70
-63
-80
-68
30
144
224
305
378
382
322
238
125
-20
-145
-234
-306
-346
-327
-289
-257
-224
-200
-219
-305
-464
-681
-910
-1147
-1437
-1708
-1754
-1527
-1190
-779
-146
673
1409
1965
2479
2960
3204
3146
2968
2831
2704
2520
2352
2325
2397
2392
2263
2137
2038
1797
1349
874
508
177
-153
-335
-291
-146
4
206
476
708
808
770
606
347
51
-226
-446
-548
-509
-402
-264
-52
196
346
348
262
94
-179
-474
-702
-864
-970
-990
-936
-848
-735
-629
-604
-666
-765
-906
-1077
-1181
-1175
-1123
-1044
-873
-634
-429
-296
-220
-220
-330
-540
-793
-1017
-1182
-1292
-1336
-1278
-1126
-958
-818
-690
-583
-561
-625
-697
-738
-779
-817
-796
-699
-567
-424
-270
-132
-41
-19
-53
-104
-146
-177
-192
-153
-59
50
154
268
363
385
325
216
77
-84
-233
-346
-417
-450
-457
-434
-363
-264
-203
-198
-213
-273
-409
-580
-743
-933
-1186
-1421
-1483
-1327
-1032
-631
-61
650
1347
1936
2462
2927
3214
3257
3142
3005
2885
2738
2574
2489
2491
2472
2367
2237
2122
1928
1555
1081
687
382
67
-168
-174
-24
133
308
521
699
791
742
521
262
94
-109
-437
-628
-525
-396
-365
-179
170
336
284
260
218
-21
-328
-563
-782
-948
-983
-975
-973
-863
-720
-749
-850
-838
-886
-1119
-1272
-1215
-1193
-1230
-1095
-841
-687
-590
-470
-428
-502
-615
-799
-1052
-1222
-1284
-1367
-1419
-1287
-1087
-996
-925
-762
-658
-717
-782
-779
-812
-871
-849
-763
-667
-529
-369
-277
-192
-83
-88
-176
-187
-186
-247
-260
-182
-65
47
163
266
303
281
221
97
-28
-101
-177
-270
-310
-299
-300
-280
-193
-113
-84
-49
-31
-122
-303
-469
-640
-905
-1151
-1215
-1112
-861
-461
69
736
1460
2078
2591
3050
3369
3433
3310
3183
3053
2843
2642
2542
2500
2439
2337
2224
2107
1917
1576
1154
789
480
161
-83
-110
24
167
306
516
736
810
682
448
221
-16
-322
-575
-612
-512
-420
-270
6
268
375
366
299
138
-129
-440
-732
-945
-1067
-1141
-1162
-1064
-915
-865
-906
-926
-978
-1153
-1348
-1425
-1431
-1416
-1326
-1132
-909
-711
-561
-485
-504
-612
-807
-1035
-1215
-1333
-1425
-1454
-1360
-1195
-1060
-953
-832
-739
-743
-818
-891
-942
-984
-1011
-982
-860
-673
-496
-346
-179
-36
17
9
-8
-37
-88
-130
-130
-70
30
122
196
272
318
271
158
48
-70
-200
-286
-310
-324
-314
-232
-127
-70
-16
56
75
4
-105
-238
-418
-648
-908
-1098
-1078
-854
-544
-107
561
1322
1941
2440
2959
3365
3473
3376
3261
3140
2960
2757
2622
2585
2581
2490
2328
2206
2072
1739
1274
904
621
276
-41
-128
-44
52
163
358
581
701
641
475
342
203
-107
-475
-611
-551
-569
-587
-365
-63
31
15
65
50
-152
-420
-670
-892
-1031
-1107
-1186
-1187
-1058
-989
-1073
-1093
-1022
-1119
-1349
-1415
-1353
-1387
-1406
-1236
-1032
-917
-794
-662
-628
-666
-743
-916
-1106
-1196
-1269
-1396
-1418
-1272
-1151
-1100
-963
-781
-722
-741
-725
-729
-777
-781
-745
-700
-584
-412
-267
-138
32
151
138
99
98
55
-43
-75
-27
18
70
178
290
349
366
347
275
182
86
-19
-98
-125
-142
-161
-116
-14
55
77
117
128
25
-161
-361
-591
-898
-1196
-1326
-1214
-928
-524
52
813
1587
2211
2726
3190
3474
3463
3287
3127
2971
2745
2517
2401
2390
2362
2258
2141
2048
1842
1433
960
567
212
-140
-363
-367
-244
-102
72
304
519
581
463
288
157
-20
-322
-607
-680
-619
-597
-527
-260
39
135
111
128
70
-175
-488
-742
-942
-1093
-1181
-1196
-1109
-969
-918
-965
-965
-952
-1085
-1292
-1365
-1338
-1353
-1333
-1148
-892
-727
-629
-526
-467
-510
-637
-804
-962
-1084
-1190
-1270
-1237
-1086
-942
-841
-701
-548
-501
-528
-542
-566
-628
-673
-666
-607
-491
-356
-229
-98
21
70
58
48
31
-13
-33
9
80
153
231
300
326
314
283
214
113
18
-71
-163
-236
-276
-287
-263
-205
-125
-36
31
43
4
-89
-247
-458
-733
-1050
-1239
-1171
-937
-608
-84
628
1339
1942
2462
2875
3103
3123
2981
2772
2587
2443
2299
2192
2200
2268
2258
2152
2036
1870
1510
1023
612
278
-57
-307
-348
-218
-54
136
385
587
681
665
450
126
-126
-379
-715
-928
-860
-691
-582
-356
42
269
249
253
203
-91
-408
-626
-870
-1070
-1096
-1047
-1030
-925
-724
-708
-856
-876
-918
-1185
-1379
-1344
-1315
-1313
-1128
-830
-620
-448
-268
-229
-336
-467
-657
-921
-1109
-1180
-1253
-1272
-1103
-883
-766
-631
-435
-364
-445
-505
-528
-604
-681
-675
-612
-503
-328
-158
-47
47
111
62
-38
-74
-103
-176
-186
-77
44
143
277
390
397
346
275
129
-49
-166
-253
-360
-401
-340
-270
-217
-118
-23
-15
-60
-137
-296
-509
-697
-919
-1222
-1414
-1337
-1104
-822
-366
305
992
1567
2098
2583
2899
2993
2936
2813
2693
2579
2433
2314
2316
2357
2275
2133
2050
1911
1560
1123
785
501
182
-73
-136
-56
63
199
372
565
671
592
391
226
79
-176
-465
-583
-532
-475
-408
-217
40
176
172
151
123
-8
-253
-494
-654
-757
-843
-884
-827
-716
-684
-749
-798
-809
-894
-1071
-1200
-1210
-1182
-1148
-1034
-822
-609
-473
-395
-345
-358
-481
-673
-853
-991
-1117
-1218
-1226
-1125
-999
-901
-791
-651
-568
-596
-661
-694
-732
-801
-841
-792
-676
-555
-445
-330
-203
-104
-64
-69
-73
-87
-138
-190
-177
-104
-18
72
190
293
321
273
187
71
-75
-238
-393
-506
-557
-558
-527
-439
-311
-212
-181
-201
-286
-463
-716
-1030
-1349
-1551
-1530
-1305
-907
-301
483
1287
1993
2609
3100
3376
3409
3273
3072
2869
2684
2531
2458
2489
2543
2527
2458
2360
2139
1739
1256
796
365
-8
-236
-285
-181
36
308
581
827
963
887
651
408
178
-108
-381
-512
-525
-481
-346
-121
90
218
259
195
52
-121
-348
-623
-828
-913
-957
-968
-881
-753
-706
-734
-780
-868
-1019
-1171
-1281
-1338
-1314
-1208
-1056
-862
-643
-491
-441
-433
-470
-621
-847
-1039
-1187
-1326
-1407
-1376
-1266
-1125
-976
-852
-773
-725
-723
-780
-846
-870
-885
-886
-818
-682
-543
-406
-254
-134
-84
-69
-69
-99
-142
-169
-183
-176
-122
-36
53
154
238
252
211
161
73
-68
-194
-282
-373
-437
-412
-338
-283
-208
-107
-86
-180
-326
-519
-791
-1112
-1409
-1587
-1541
-1262
-833
-236
570
1429
2145
2728
3239
3533
3512
3342
3184
3006
2797
2665
2655
2697
2729
2709
2616
2451
2180
1755
1229
723
274
-115
-352
-360
-213
-24
213
523
797
915
892
784
556
209
-93
-223
-283
-378
-381
-207
-32
34
105
179
108
-93
-295
-494
-698
-833
-922
-1016
-1023
-911
-849
-881
-844
-801
-942
-1157
-1212
-1218
-1325
-1361
-1206
-1037
-929
-758
-555
-476
-498
-560
-706
-900
-1025
-1140
-1304
-1382
-1322
-1284
-1277
-1153
-982
-934
-942
-891
-873
-939
-967
-921
-876
-808
-670
-526
-390
-228
-107
-86
-70
-44
-99
-191
-207
-205
-232
-190
-48
93
211
336
409
380
304
205
57
-94
-194
-283
-370
-370
-290
-209
-121
3
63
-31
-209
-396
-636
-943
-1242
-1436
-1437
-1199
-789
-249
472
1313
2045
2584
3052
3417
3497
3343
3164
3020
2854
2706
2649
2679
2742
2739
2609
2407
2200
1874
1351
818
451
132
-203
-341
-198
8
167
382
628
753
755
684
525
333
169
-56
-323
-376
-212
-210
-391
-345
-148
-250
-511
-516
-489
-741
-960
-921
-894
-942
-878
-809
-856
-833
-768
-896
-1058
-1018
-1054
-1322
-1395
-1165
-1088
-1176
-1009
-719
-700
-767
-646
-596
-769
-904
-951
-1086
-1205
-1191
-1212
-1279
-1179
-1038
-1073
-1075
-883
-782
-864
-836
-691
-661
-671
-544
-413
-376
-298
-181
-140
-109
-18
3
-57
-46
1
-33
-32
71
128
134
229
338
339
314
322
259
130
56
2
-88
-124
-99
-131
-168
-93
-23
-75
-132
-148
-274
-499
-665
-799
-1006
-1176
-1154
-953
-644
-217
344
993
1634
2170
2582
2927
3178
3228
3097
2964
2890
2760
2588
2513
2522
2462
2295
2107
1918
1656
1284
858
486
202
-57
-256
-260
-90
64
176
349
526
573
512
418
294
137
-45
-229
-317
-271
-246
-350
-428
-377
-399
-586
-717
-717
-800
-993
-1051
-940
-864
-850
-792
-728
-722
-742
-797
-910
-987
-1018
-1113
-1200
-1111
-962
-930
-892
-729
-621
-659
-676
-635
-683
-810
-891
-930
-974
-988
-972
-975
-953
-887
-857
-862
-809
-734
-733
-737
-649
-561
-538
-477
-348
-256
-202
-114
-34
-5
21
52
39
24
46
55
49
87
134
134
139
176
180
138
109
97
57
13
-13
-43
-85
-118
-153
-187
-172
-115
-86
-76
-51
-38
-78
-157
-247
-371
-553
-756
-871
-796
-565
-275
105
660
1286
1787
2185
2585
2879
2910
2784
2674
2565
2401
2244
2162
2136
2115
2058
1955
1835
1667
1345
910
544
262
-60
-349
-416
-315
-238
-154
50
275
385
408
384
296
168
-14
-274
-452
-441
-462
-619
-635
-463
-434
-565
-546
-428
-501
-660
-671
-636
-683
-706
-691
-730
-749
-702
-738
-844
-829
-774
-881
-980
-883
-806
-889
-881
-713
-652
-696
-617
-503
-534
-590
-576
-623
-709
-732
-775
-862
-846
-764
-776
-792
-684
-592
-615
-594
-479
-413
-418
-374
-314
-305
-280
-213
-176
-141
-56
3
-3
30
87
57
-10
7
40
13
20
92
116
86
85
73
-2
-74
-121
-217
-327
-364
-384
-435
-423
-348
-341
-387
-380
-384
-486
-602
-708
-885
-1031
-964
-735
-448
-24
564
1157
1675
2175
2605
2858
2935
2893
2740
2539
2386
2265
2144
2093
2112
2083
1982
1892
1765
1480
1087
713
364
29
-211
-306
-292
-195
-21
182
373
527
599
572
480
339
160
-1
-117
-212
-257
-203
-161
-235
-328
-358
-473
-707
-878
-947
-1051
-1126
-1040
-880
-757
-616
-464
-396
-381
-367
-423
-547
-600
-605
-678
-730
-632
-520
-510
-491
-421
-441
-549
-617
-686
-824
-940
-976
-1006
-1016
-933
-839
-813
-773
-697
-695
-751
-743
-712
-726
-693
-549
-398
-276
-129
-1
33
18
3
-59
-160
-222
-244
-266
-239
-139
-51
3
75
125
91
27
-26
-132
-288
-396
-445
-490
-490
-411
-333
-287
-221
-161
-172
-223
-283
-390
-535
-643
-713
-798
-878
-929
-951
-866
-606
-260
88
527
1062
1529
1884
2239
2570
2729
2731
2704
2676
2605
2501
2408
2353
2298
2184
2021
1873
1712
1446
1104
805
557
293
57
-44
-32
-3
56
199
352
433
460
465
434
368
270
159
86
24
-82
-145
-88
-96
-279
-439
-484
-608
-812
-884
-843
-862
-868
-733
-569
-475
-388
-333
-378
-432
-459
-579
-717
-701
-654
-734
-749
-588
-504
-583
-602
-554
-641
-788
-820
-843
-944
-986
-954
-961
-939
-839
-806
-848
-812
-769
-851
-916
-842
-765
-745
-650
-473
-343
-269
-180
-115
-124
-166
-209
-268
-305
-287
-259
-242
-194
-130
-93
-76
-55
-56
-98
-161
-244
-327
-356
-354
-378
-376
-322
-306
-337
-320
-276
-293
-330
-331
-356
-403
-414
-428
-491
-547
-585
-662
-685
-518
-241
27
385
907
1421
1814
2187
2565
2792
2835
2804
2739
2628
2513
2417
2324
2267
2255
2181
2018
1875
1730
1455
1080
765
521
253
27
-42
-2
45
106
213
320
386
400
363
283
193
85
-55
-164
-193
-181
-213
-301
-362
-370
-427
-555
-632
-637
-708
-824
-808
-673
-587
-559
-507
-470
-493
-539
-594
-681
-753
-793
-870
-928
-856
-757
-765
-759
-654
-622
-714
-769
-764
-835
-943
-973
-968
-971
-923
-850
-828
-818
-787
-809
-869
-858
-810
-821
-806
-674
-530
-460
-383
-272
-218
-223
-224
-229
-250
-251
-253
-274
-235
-134
-84
-55
35
91
32
-25
-35
-103
-212
-250
-248
-261
-248
-211
-209
-216
-191
-172
-178
-143
-97
-124
-160
-114
-72
-120
-164
-174
-259
-401
-409
-243
-43
182
538
1012
1475
1879
2249
2553
2714
2722
2631
2506
2385
2250
2099
1994
1974
1953
1871
1786
1703
1534
1259
952
658
396
159
-34
-110
-59
39
101
217
356
383
345
264
151
-14
-151
-281
-507
-618
-563
-589
-737
-731
-570
-603
-738
-653
-510
-594
-676
-569
-521
-611
-599
-522
-585
-632
-551
-589
-736
-692
-609
-772
-901
-778
-763
-945
-931
-757
-792
-912
-828
-730
-800
-830
-757
-786
-859
-818
-804
-886
-873
-780
-798
-811
-660
-537
-541
-466
-287
-229
-256
-206
-160
-207
-235
-206
-224
-239
-162
-95
-94
-46
31
16
-32
-13
-23
-100
-111
-59
-80
-118
-69
-31
-64
-62
-29
-52
-64
-33
-62
-92
-9
63
25
41
151
166
82
51
3
-204
-441
-528
-502
-433
-244
106
559
1053
1527
1933
2289
2556
2609
2474
2340
2248
2095
1929
1877
1899
1873
1831
1828
1802
1654
1379
1046
701
357
36
-211
-316
-290
-221
-135
26
208
273
230
161
1
-273
-494
-595
-673
-718
-667
-597
-540
-413
-284
-286
-331
-329
-392
-530
-553
-481
-507
-567
-505
-439
-479
-493
-446
-517
-689
-802
-890
-1014
-1056
-994
-965
-942
-816
-672
-626
-580
-494
-506
-615
-658
-647
-697
-748
-712
-657
-626
-565
-484
-438
-404
-370
-380
-402
-368
-318
-319
-312
-251
-217
-238
-228
-174
-159
-182
-171
-137
-123
-100
-63
-48
-50
-35
-20
-15
6
32
9
-38
-63
-87
-144
-196
-215
-215
-221
-226
-206
-144
-58
15
63
118
173
172
100
21
-71
-253
-490
-617
-571
-456
-303
-12
432
899
1303
1683
2050
2294
2330
2235
2158
2107
2010
1875
1823
1868
1882
1812
1757
1733
1607
1308
949
637
347
47
-192
-282
-247
-181
-106
25
178
229
143
16
-100
-255
-428
-530
-568
-593
-574
-463
-312
-190
-88
-21
-24
-59
-83
-147
-260
-337
-380
-464
-526
-490
-466
-535
-597
-630
-718
-827
-883
-934
-1007
-1015
-955
-913
-855
-728
-612
-575
-548
-512
-534
-579
-583
-602
-666
-676
-617
-585
-566
-496
-421
-400
-392
-366
-360
-385
-411
-438
-457
-443
-417
-407
-378
-318
-282
-278
-240
-172
-129
-107
-72
-44
-30
-14
2
8
26
41
15
-30
-44
-58
-116
-167
-182
-205
-252
-277
-270
-251
-206
-142
-97
-56
6
43
0
-79
-166
-324
-544
-678
-645
-519
-345
-42
419
932
1385
1780
2147
2414
2479
2387
2271
2172
2030
1859
1765
1773
1786
1757
1723
1691
1591
1368
1063
756
475
197
-46
-155
-122
-53
17
144
279
285
191
111
12
-173
-365
-495
-593
-623
-524
-381
-261
-97
91
170
176
218
215
62
-109
-197
-312
-467
-523
-508
-557
-626
-637
-677
-774
-836
-890
-1008
-1098
-1081
-1055
-1036
-914
-747
-675
-632
-530
-482
-540
-592
-638
-740
-822
-817
-805
-796
-715
-611
-558
-514
-455
-454
-510
-542
-559
-607
-632
-597
-572
-558
-499
-416
-368
-313
-227
-171
-162
-125
-76
-74
-67
-17
19
23
58
96
70
13
-33
-113
-219
-277
-294
-315
-320
-292
-242
-170
-81
-13
28
75
117
104
34
-45
-147
-328
-532
-598
-501
-336
-114
249
732
1197
1594
1969
2300
2477
2477
2400
2325
2232
2103
1987
1942
1945
1923
1859
1788
1708
1548
1271
957
682
423
156
-20
-33
43
107
194
319
382
334
242
123
-52
-238
-374
-500
-607
-588
-447
-311
-188
-5
162
193
165
151
64
-131
-306
-419
-530
-611
-620
-628
-675
-700
-729
-839
-957
-1005
-1079
-1213
-1264
-1203
-1165
-1128
-987
-818
-738
-691
-624
-618
-678
-731
-782
-866
-920
-909
-895
-872
-779
-663
-610
-593
-553
-533
-560
-590
-603
-615
-625
-616
-585
-522
-444
-389
-357
-300
-239
-225
-228
-198
-154
-129
-99
-43
15
62
100
115
104
79
40
0
-28
-47
-69
-77
-65
-59
-48
3
65
90
109
168
208
174
123
87
-39
-291
-505
-525
-428
-310
-80
365
912
1382
1778
2197
2554
2683
2601
2491
2419
2283
2062
1914
1928
1975
1940
1904
1939
1923
1708
1365
1046
758
424
94
-87
-93
-47
-17
79
273
395
296
126
39
-84
-357
-600
-678
-697
-713
-612
-390
-182
-23
98
124
77
30
-102
-367
-546
-582
-713
-886
-834
-714
-788
-870
-810
-846
-1030
-1147
-1210
-1324
-1391
-1357
-1306
-1210
-1020
-860
-792
-708
-604
-616
-732
-801
-833
-937
-1033
-997
-924
-877
-801
-681
-582
-530
-482
-458
-504
-534
-532
-587
-615
-546
-484
-446
-348
-234
-186
-146
-72
-36
-54
-47
-23
-25
-8
61
122
167
238
299
286
249
237
195
106
37
11
-11
-31
-17
26
80
138
171
199
259
285
210
114
60
-71
-334
-515
-508
-428
-302
-37
404
942
1421
1819
2222
2561
2676
2574
2415
2300
2139
1910
1775
1776
1786
1742
1698
1670
1593
1398
1084
748
476
197
-116
-288
-259
-182
-123
31
257
348
331
317
125
-257
-518
-673
-917
-1093
-974
-722
-580
-357
57
290
249
243
207
-65
-357
-481
-643
-865
-865
-742
-762
-713
-506
-505
-737
-829
-861
-1139
-1419
-1391
-1345
-1402
-1233
-903
-735
-614
-391
-300
-420
-509
-578
-803
-983
-956
-952
-997
-838
-574
-453
-381
-240
-191
-293
-387
-468
-613
-716
-686
-626
-567
-415
-216
-89
-4
75
69
-3
-33
-52
-107
-108
-32
20
73
220
350
368
378
386
255
75
-13
-98
-231
-263
-202
-184
-142
13
149
189
247
326
301
198
124
31
-155
-365
-492
-501
-391
-210
19
380
864
1284
1579
1894
2198
2282
2163
2055
2009
1917
1763
1660
1671
1716
1681
1592
1549
1510
1307
945
626
421
193
-73
-203
-135
-37
-3
78
260
367
254
37
-88
-167
-365
-630
-729
-645
-569
-525
-357
-79
113
144
127
131
81
-85
-309
-456
-508
-575
-680
-680
-561
-510
-605
-684
-687
-765
-941
-1052
-1062
-1078
-1094
-1026
-880
-719
-580
-494
-443
-394
-394
-504
-631
-681
-723
-818
-855
-760
-651
-599
-526
-418
-367
-394
-441
-484
-536
-588
-624
-616
-560
-484
-418
-332
-224
-145
-124
-117
-98
-101
-126
-123
-74
-15
33
72
120
177
189
132
67
20
-55
-145
-182
-160
-148
-151
-117
-40
23
54
84
132
168
159
102
25
-56
-183
-384
-547
-536
-411
-289
-71
362
854
1228
1566
1953
2233
2273
2172
2087
2003
1859
1683
1590
1618
1657
1603
1546
1568
1534
1291
965
730
510
199
-81
-170
-114
-38
24
152
349
461
334
104
17
-57
-372
-707
-706
-571
-604
-555
-207
117
197
252
350
306
140
-35
-264
-482
-536
-573
-722
-714
-487
-444
-616
-597
-479
-664
-952
-995
-994
-1134
-1147
-954
-800
-687
-491
-364
-381
-356
-340
-525
-721
-741
-796
-943
-906
-726
-650
-589
-411
-300
-339
-383
-438
-581
-694
-719
-763
-790
-675
-519
-455
-361
-178
-86
-130
-143
-122
-177
-249
-245
-219
-191
-111
-13
65
160
230
187
95
42
-47
-207
-308
-326
-372
-411
-336
-206
-102
12
137
221
279
310
243
115
13
-151
-440
-631
-553
-397
-282
2
533
1047
1411
1750
2091
2294
2300
2186
2059
1985
1898
1725
1599
1665
1772
1716
1639
1694
1658
1335
960
743
519
187
-46
-75
-16
72
198
332
485
613
512
204
19
-57
-354
-743
-783
-598
-582
-555
-207
167
249
252
334
292
93
-92
-294
-522
-593
-573
-663
-685
-461
-342
-521
-620
-531
-681
-1056
-1196
-1150
-1245
-1325
-1151
-927
-795
-634
-488
-471
-474
-480
-649
-877
-938
-957
-1081
-1082
-865
-706
-665
-526
-358
-356
-433
-482
-580
-700
-742
-755
-751
-637
-469
-360
-247
-80
6
-42
-104
-131
-188
-258
-267
-223
-151
-42
62
119
173
211
136
-22
-123
-187
-301
-379
-343
-300
-277
-160
11
92
139
260
338
271
172
112
4
-182
-348
-410
-346
-188
36
352
779
1205
1514
1772
2050
2232
2196
2083
2039
2006
1915
1832
1825
1844
1827
1763
1676
1586
1447
1187
879
635
426
214
50
24
109
179
240
373
490
510
452
272
8
-173
-309
-538
-725
-678
-547
-526
-423
-106
91
27
37
123
-2
-222
-316
-412
-575
-631
-595
-637
-645
-517
-512
-687
-753
-759
-960
-1165
-1147
-1130
-1245
-1210
-990
-861
-819
-693
-587
-614
-654
-678
-800
-923
-919
-914
-960
-890
-717
-635
-594
-466
-383
-454
-530
-535
-592
-688
-708
-670
-624
-521
-374
-273
-184
-81
-54
-97
-102
-88
-130
-153
-99
-28
27
106
177
198
188
155
77
-18
-96
-178
-243
-224
-154
-102
-22
125
249
298
342
409
416
343
249
175
100
-22
-175
-238
-146
-4
121
355
758
1142
1385
1623
1923
2114
2099
2013
1979
1955
1867
1735
1667
1699
1710
1604
1494
1478
1414
1163
858
664
497
246
41
18
70
79
104
190
274
306
238
31
-197
-321
-475
-751
-911
-809
-706
-721
-569
-212
-11
-32
11
86
-34
-244
-372
-513
-672
-708
-719
-788
-736
-585
-610
-742
-717
-695
-904
-1108
-1098
-1100
-1222
-1213
-1020
-874
-784
-635
-510
-492
-496
-523
-650
-770
-791
-836
-904
-824
-637
-551
-503
-358
-250
-282
-325
-345
-436
-539
-566
-579
-576
-484
-365
-290
-183
-32
40
29
38
46
-12
-67
-56
-35
-30
18
95
143
172
193
162
87
17
-59
-148
-192
-182
-164
-120
-1
140
247
360
489
537
488
443
403
270
60
-74
-73
-4
103
315
659
1039
1341
1581
1826
2017
2032
1903
1787
1715
1593
1427
1356
1399
1424
1371
1309
1278
1199
1004
744
521
330
111
-88
-147
-90
-50
-8
125
280
334
298
223
40
-245
-469
-644
-867
-985
-887
-763
-701
-504
-154
14
-28
29
78
-125
-343
-404
-513
-682
-692
-605
-602
-565
-409
-391
-549
-607
-617
-825
-1063
-1080
-1059
-1140
-1097
-879
-729
-652
-499
-393
-436
-466
-476
-623
-772
-747
-728
-797
-727
-514
-399
-356
-236
-135
-153
-196
-240
-340
-438
-465
-477
-479
-399
-273
-189
-107
3
60
48
48
46
-2
-37
-29
-23
-13
26
66
96
120
119
92
61
18
-35
-70
-78
-61
-27
20
102
212
289
338
409
455
403
325
281
173
-40
-193
-184
-132
-96
60
390
747
1014
1263
1555
1785
1840
1770
1683
1617
1511
1345
1233
1245
1283
1236
1154
1148
1153
1014
777
603
461
245
22
-74
-51
-31
-29
48
190
282
269
215
138
-49
-366
-672
-855
-961
-1033
-993
-786
-500
-238
-2
216
350
337
191
-19
-216
-389
-570
-703
-702
-620
-573
-521
-408
-363
-467
-607
-709
-846
-1005
-1078
-1060
-1005
-897
-719
-527
-356
-222
-176
-238
-341
-447
-589
-734
-788
-760
-699
-583
-407
-240
-126
-71
-63
-119
-226
-331
-425
-510
-535
-505
-454
-357
-216
-104
-44
-7
6
-35
-125
-195
-216
-227
-215
-156
-54
86
194
225
230
226
154
7
-130
-195
-257
-338
-335
-243
-139
-33
88
205
299
343
314
245
178
62
-167
-363
-362
-266
-209
-43
354
773
1035
1290
1628
1852
1859
1782
1710
1620
1505
1382
1308
1348
1425
1403
1343
1372
1371
1183
918
732
543
265
35
-32
-20
-7
43
173
335
434
416
336
230
9
-352
-658
-791
-871
-947
-855
-573
-293
-65
193
408
458
382
233
13
-201
-361
-529
-665
-644
-543
-502
-453
-328
-303
-457
-617
-718
-881
-1067
-1127
-1101
-1054
-915
-696
-514
-373
-245
-232
-358
-494
-612
-778
-928
-949
-885
-817
-704
-513
-327
-223
-187
-197
-264
-379
-512
-641
-722
-720
-664
-578
-436
-256
-125
-63
-28
-23
-81
-169
-234
-259
-253
-218
-164
-71
43
118
131
109
46
-70
-193
-271
-316
-341
-311
-220
-117
-19
99
226
320
362
385
413
424
389
359
362
313
154
36
78
153
159
258
548
848
1033
1232
1517
1728
1746
1668
1607
1548
1443
1321
1252
1263
1276
1228
1199
1253
1278
1150
955
810
668
457
252
173
169
123
92
186
297
296
252
182
-65
-441
-698
-832
-978
-1024
-840
-581
-360
-25
375
570
571
549
400
67
-208
-357
-575
-771
-739
-642
-653
-567
-362
-372
-581
-673
-755
-1042
-1261
-1215
-1200
-1269
-1109
-805
-645
-518
-312
-268
-418
-516
-600
-821
-1002
-989
-956
-948
-774
-489
-330
-254
-153
-153
-309
-465
-579
-728
-833
-813
-750
-674
-506
-302
-173
-77
5
-1
-80
-127
-172
-248
-253
-182
-123
-43
104
212
233
248
237
121
-20
-111
-208
-305
-293
-207
-141
-38
156
317
388
469
566
580
531
503
481
441
373
260
165
206
310
345
422
682
959
1083
1216
1487
1695
1690
1631
1634
1606
1496
1377
1310
1293
1270
1190
1124
1142
1143
987
774
654
546
339
152
104
106
65
50
98
165
200
170
74
-24
-93
-208
-357
-416
-382
-381
-405
-327
-180
-117
-146
-170
-205
-312
-445
-542
-618
-691
-740
-779
-797
-763
-724
-754
-810
-831
-881
-987
-1050
-1037
-1026
-1017
-945
-832
-748
-678
-607
-568
-577
-606
-654
-716
-738
-729
-722
-674
-565
-460
-387
-326
-287
-313
-388
-448
-483
-522
-544
-526
-475
-402
-307
-206
-108
-10
57
72
70
72
49
9
-3
12
38
62
102
169
230
256
265
250
212
171
114
50
34
50
61
93
180
283
361
422
495
567
607
622
633
642
611
510
373
260
183
112
76
149
315
484
652
875
1116
1264
1318
1351
1359
1317
1247
1176
1139
1141
1127
1098
1089
1090
1037
904
766
658
498
295
155
86
22
-29
-47
-53
-54
-43
-66
-137
-191
-229
-312
-384
-364
-315
-310
-279
-190
-141
-161
-168
-185
-273
-364
-427
-534
-645
-705
-745
-820
-863
-841
-831
-865
-879
-870
-920
-962
-971
-976
-1000
-957
-882
-816
-733
-618
-554
-540
-514
-499
-536
-570
-555
-535
-532
-502
-442
-392
-361
-330
-317
-332
-362
-377
-393
-395
-354
-301
-247
-160
-72
-16
33
80
94
86
91
95
82
87
119
136
142
181
223
229
220
211
171
101
39
-1
-28
-22
20
86
169
278
388
474
558
652
713
713
698
687
625
496
371
289
227
177
188
268
389
535
697
857
1009
1122
1169
1168
1168
1168
1122
1069
1055
1062
1036
1001
990
955
872
755
647
507
349
204
87
-26
-113
-148
-144
-134
-104
-62
-50
-75
-97
-135
-192
-253
-277
-283
-303
-275
-233
-227
-251
-255
-318
-402
-484
-553
-657
-746
-782
-809
-859
-867
-825
-808
-816
-811
-786
-806
-821
-816
-824
-832
-790
-745
-707
-641
-568
-527
-497
-453
-424
-442
-458
-456
-479
-517
-517
-497
-492
-481
-454
-429
-404
-364
-334
-314
-266
-207
-189
-169
-108
-48
-2
46
112
162
185
205
212
193
175
177
143
132
129
128
117
130
132
116
106
113
111
98
138
187
222
256
336
417
486
560
630
672
680
681
621
544
466
384
274
221
221
234
273
367
518
652
764
875
967
992
986
968
920
880
871
851
844
870
910
892
875
851
794
683
572
469
342
230
156
125
97
112
137
149
136
113
53
-39
-127
-211
-313
-400
-442
-453
-458
-444
-421
-418
-421
-429
-453
-507
-557
-601
-650
-685
-703
-708
-713
-682
-666
-660
-680
-693
-725
-767
-810
-835
-859
-860
-831
-800
-756
-687
-633
-603
-579
-567
-589
-620
-638
-651
-659
-638
-590
-528
-451
-368
-300
-246
-194
-169
-179
-185
-178
-180
-176
-148
-99
-45
11
68
101
113
128
114
78
71
67
36
20
38
47
33
31
46
62
87
130
157
183
242
310
361
429
522
595
641
681
703
686
654
618
555
477
425
388
355
368
426
484
544
641
750
825
877
935
980
1007
1019
1018
1010
1017
1025
1000
967
950
913
831
742
673
591
494
417
366
313
254
204
161
121
85
39
-17
-68
-108
-158
-214
-252
-280
-320
-363
-388
-403
-427
-445
-458
-473
-491
-505
-534
-573
-595
-610
-647
-686
-705
-719
-751
-785
-806
-829
-859
-887
-899
-896
-883
-865
-839
-801
-763
-742
-727
-702
-686
-685
-682
-663
-637
-616
-594
-567
-535
-499
-462
-420
-379
-340
-302
-269
-245
-224
-198
-176
-159
-134
-94
-55
-21
14
54
85
102
112
121
125
119
111
111
112
111
117
130
151
187
237
290
348
411
466
505
530
544
551
545
533
518
511
516
526
531
536
547
564
576
587
599
608
614
631
660
700
748
810
879
940
990
1023
1035
1022
982
918
842
765
696
630
567
514
479
453
421
380
339
285
215
150
98
45
-11
-50
-72
-88
-103
-122
-143
-162
-192
-240
-298
-359
-422
-492
-542
-570
-589
-604
-610
-607
-604
-615
-643
-679
-719
-755
-791
-821
-832
-831
-829
-821
-802
-787
-785
-787
-782
-771
-765
-753
-737
-713
-687
-669
-656
-635
-610
-605
-604
-583
-557
-539
-515
-481
-443
-401
-352
-301
-252
-206
-172
-146
-117
-92
-72
-49
-18
20
57
87
119
152
172
185
193
199
209
215
227
254
288
331
384
440
493
542
583
610
620
614
593
566
541
515
501
505
522
549
582
610
632
643
641
628
608
585
570
568
583
615
661
712
766
816
856
877
879
858
810
753
698
639
585
532
486
453
415
372
339
298
245
185
122
71
28
-16
-43
-60
-74
-92
-119
-151
-192
-252
-313
-373
-425
-469
-514
-548
-566
-585
-601
-622
-647
-670
-704
-739
-767
-791
-804
-814
-818
-816
-810
-801
-787
-767
-746
-733
-724
-713
-706
-697
-684
-677
-664
-641
-623
-599
-567
-550
-535
-519
-511
-493
-475
-465
-438
-404
-377
-346
-311
-277
-238
-200
-168
-134
-95
-56
-16
23
57
80
105
133
166
198
229
257
289
319
336
349
367
378
385
399
433
466
495
531
566
589
603
611
607
587
573
565
558
554
567
586
605
621
640
657
663
662
657
652
652
663
684
716
749
778
801
815
817
799
766
721
671
619
569
527
490
455
427
400
363
310
255
198
135
72
19
-26
-65
-91
-109
-130
-160
-199
-245
-294
-349
-406
-455
-486
-516
-550
-570
-584
-604
-625
-646
-671
-707
-741
-776
-812
-844
-871
-894
-908
-910
-905
-891
-869
-846
-822
-801
-784
-769
-750
-730
-706
-674
-643
-604
-561
-516
-477
-441
-414
-391
-375
-359
-347
-346
-344
-330
-304
-272
-238
-199
-160
-128
-101
-74
-45
-19
0
27
66
108
149
184
226
267
303
335
363
388
412
438
470
503
535
565
594
616
627
626
618
604
587
571
554
536
526
521
521
529
538
550
560
565
567
566
568
573
580
592
608
633
659
682
700
713
723
725
717
696
667
630
588
542
497
454
412
373
331
288
247
208
171
137
98
52
0
-53
-103
-149
-193
-228
-254
-270
-284
-302
-323
-348
-379
-415
-457
-502
-547
-590
-630
-662
-684
-701
-712
-723
-735
-748
-766
-788
-813
-838
-857
-871
-880
-877
-864
-835
-793
-748
-709
-674
-650
-631
-615
-606
-592
-569
-547
-509
-459
-406
-340
-283
-244
-210
-187
-185
-188
-189
-192
-183
-162
-127
-81
-26
23
60
91
111
113
111
112
107
113
136
162
202
259
310
362
412
442
465
485
487
480
478
481
494
514
535
560
587
611
623
619
609
590
567
548
535
529
541
557
574
595
614
628
635
633
622
603
581
559
546
542
543
548
555
560
553
535
506
471
422
367
315
271
229
190
158
137
122
104
84
60
31
-11
-62
-121
-178
-228
-274
-313
-345
-371
-388
-403
-416
-433
-450
-470
-490
-509
-526
-544
-560
-572
-583
-598
-612
-632
-658
-685
-709
-729
-747
-759
-764
-765
-756
-741
-718
-690
-663
-636
-610
-584
-559
-531
-497
-465
-434
-402
-369
-344
-324
-306
-285
-265
-239
-210
-179
-145
-111
-74
-38
-11
8
19
25
31
37
44
54
73
94
117
150
183
205
228
255
274
288
308
328
344
366
399
431
463
492
517
533
543
539
526
505
481
459
445
437
437
445
466
490
516
534
540
532
510
478
443
410
386
379
387
403
429
458
478
489
493
481
451
416
379
336
302
288
282
280
284
289
275
248
213
165
111
60
9
-38
-79
-109
-129
-137
-140
-144
-156
-176
-208
-250
-294
-338
-376
-410
-438
-461
-476
-483
-482
-479
-478
-485
-498
-518
-542
-568
-593
-613
-626
-627
-622
-614
-603
-592
-580
-571
-563
-558
-554
-550
-541
-527
-502
-471
-435
-400
-366
-335
-311
-290
-274
-259
-244
-227
-204
-178
-147
-115
-87
-66
-51
-41
-31
-18
-3
17
40
68
103
142
182
216
242
257
263
261
254
247
246
255
278
313
357
406
454
492
517
523
514
488
453
415
380
351
338
338
350
371
393
411
419
417
405
387
364
343
326
320
324
344
372
395
416
432
436
423
397
361
320
283
254
232
220
218
224
227
231
224
206
173
134
87
38
-8
-45
-71
-88
-95
-96
-96
-97
-98
-105
-123
-150
-181
-212
-241
-268
-285
-298
-314
-330
-341
-350
-363
-377
-392
-414
-440
-459
-474
-492
-507
-514
-522
-526
-521
-517
-517
-511
-497
-491
-484
-464
-444
-425
-401
-375
-357
-338
-313
-293
-277
-260
-249
-243
-238
-236
-231
-216
-195
-168
-136
-104
-77
-56
-37
-25
-19
-17
-10
-6
2
25
57
88
121
157
192
222
243
253
262
273
276
270
269
277
281
287
298
309
315
322
323
322
321
319
318
318
317
313
312
316
321
327
331
340
348
357
366
375
379
383
389
392
386
372
357
346
334
321
306
295
287
277
268
263
259
254
244
232
218
202
182
159
138
120
99
74
56
41
23
9
-1
-19
-38
-54
-73
-102
-129
-149
-174
-206
-232
-254
-277
-297
-310
-323
-334
-341
-346
-353
-360
-368
-378
-387
-398
-416
-438
-454
-475
-497
-511
-520
-529
-534
-531
-531
-528
-521
-508
-491
-465
-435
-402
-369
-342
-322
-308
-297
-296
-297
-289
-277
-266
-249
-219
-183
-147
-111
-77
-51
-29
-18
-9
-3
5
21
39
64
97
134
166
193
214
226
236
248
258
261
264
274
288
300
315
329
339
346
352
357
357
361
368
372
375
376
375
375
373
371
368
365
366
363
360
357
353
353
356
362
363
366
374
383
390
393
387
368
350
333
311
284
260
241
222
205
196
184
164
146
134
113
85
60
38
9
-19
-39
-59
-80
-96
-109
-131
-158
-182
-206
-231
-252
-271
-288
-301
-309
-315
-322
-328
-337
-350
-361
-374
-390
-407
-424
-443
-457
-463
-467
-468
-459
-447
-432
-412
-394
-383
-378
-375
-376
-377
-383
-382
-376
-369
-357
-337
-314
-300
-284
-262
-252
-251
-246
-240
-239
-233
-215
-190
-165
-136
-104
-74
-51
-28
-10
1
7
20
40
57
76
100
128
153
175
197
219
227
227
231
245
259
272
286
306
323
334
344
359
369
372
369
369
370
373
378
391
403
414
420
420
414
410
404
399
394
394
398
407
416
423
428
427
416
397
377
356
329
302
278
254
230
207
180
155
124
92
65
42
23
3
-13
-23
-29
-35
-42
-47
-54
-62
-77
-94
-117
-148
-184
-220
-250
-271
-288
-304
-313
-315
-313
-315
-321
-328
-337
-350
-372
-397
-415
-430
-444
-456
-462
-460
-456
-452
-447
-441
-431
-423
-415
-406
-396
-385
-373
-357
-343
-333
-326
-321
-315
-309
-304
-297
-285
-265
-244
-221
-198
-172
-146
-121
-98
-78
-64
-53
-42
-31
-19
-9
6
26
56
88
119
149
177
203
228
243
254
263
274
288
299
308
319
332
345
353
357
355
347
340
334
328
326
328
340
356
374
389
403
412
416
417
412
407
404
398
393
387
382
377
369
363
352
337
316
293
269
247
228
213
202
190
179
165
146
120
89
55
21
-9
-33
-49
-59
-62
-63
-60
-55
-54
-58
-70
-91
-118
-150
-181
-213
-244
-270
-292
-310
-328
-347
-369
-393
-418
-444
-467
-486
-496
-497
-487
-469
-445
-423
-406
-393
-386
-383
-385
-388
-394
-394
-393
-384
-368
-345
-320
-296
-274
-256
-242
-232
-228
-225
-224
-217
-203
-180
-156
-133
-111
-94
-81
-70
-64
-61
-58
-51
-39
-22
2
26
56
85
116
144
170
194
212
229
247
262
280
296
311
323
332
336
336
337
339
340
339
336
334
336
345
358
374
387
398
403
400
392
379
362
347
333
322
314
309
304
300
299
301
302
300
295
286
277
268
254
241
223
205
185
165
143
121
99
80
61
42
19
-8
-36
-62
-84
-103
-116
-129
-137
-146
-157
-167
-180
-189
-198
-210
-223
-239
-257
-274
-290
-303
-320
-337
-356
-373
-387
-396
-401
-400
-398
-394
-392
-391
-390
-386
-384
-380
-380
-380
-381
-381
-380
-378
-372
-363
-350
-335
-317
-299
-280
-261
-242
-223
-203
-182
-160
-138
-116
-98
-85
-75
-69
-63
-59
-54
-47
-35
-15
9
42
76
114
151
184
213
237
253
264
272
275
276
275
270
269
272
282
297
314
329
341
350
359
368
376
380
379
372
364
355
346
340
332
325
316
308
301
294
286
278
265
255
243
230
214
198
184
177
173
172
170
166
161
155
150
142
133
120
101
81
58
32
6
-20
-40
-56
-69
-79
-89
-99
-110
-119
-130
-140
-153
-168
-183
-197
-206
-213
-218
-220
-223
-226
-233
-241
-252
-264
-277
-290
-303
-314
-325
-333
-333
-330
-319
-311
-302
-295
-291
-290
-291
-296
-304
-316
-329
-340
-347
-344
-340
-332
-319
-298
-273
-242
-210
-180
-155
-132
-113
-93
-77
-67
-61
-58
-55
-50
-43
-34
-21
-4
20
50
85
117
148
176
199
218
230
233
232
232
237
247
257
267
277
286
296
307
312
311
304
292
282
276
274
275
277
283
291
301
308
314
313
311
304
294
279
261
244
230
219
211
205
202
200
197
192
183
168
151
134
116
97
82
70
61
52
42
31
17
0
-17
-29
-40
-55
-74
-90
-102
-115
-133
-152
-170
-189
-207
-220
-225
-233
-239
-244
-249
-261
-271
-277
-276
-279
-285
-288
-287
-282
-277
-268
-258
-251
-247
-245
-242
-244
-250
-252
-250
-248
-246
-239
-230
-221
-216
-210
-200
-197
-197
-195
-188
-181
-173
-163
-151
-138
-123
-104
-84
-68
-55
-36
-12
14
33
49
68
88
108
132
154
172
185
200
215
228
237
248
255
260
256
254
250
243
235
230
229
228
224
225
227
229
229
232
233
227
215
204
195
181
167
161
161
161
158
157
156
149
138
129
124
116
101
86
72
61
53
48
48
46
44
40
40
39
34
24
13
1
-10
-21
-30
-36
-38
-39
-35
-29
-24
-22
-25
-35
-51
-72
-97
-124
-146
-166
-181
-187
-190
-189
-184
-178
-172
-168
-167
-168
-168
-167
-162
-154
-146
-139
-135
-133
-134
-138
-150
-166
-183
-198
-206
-208
-202
-191
-174
-156
-136
-119
-107
-104
-105
-109
-116
-120
-121
-114
-98
-78
-54
-31
-11
4
9
10
3
-3
-8
-9
-2
10
28
45
63
80
97
114
128
136
139
138
135
135
140
147
152
157
161
165
171
174
177
175
174
171
166
163
159
154
151
148
145
142
135
125
116
101
89
80
73
71
71
75
83
94
103
109
112
106
94
76
59
39
31
25
17
13
10
8
8
10
2
-11
-26
-44
-61
-69
-78
-85
-80
-69
-61
-49
-33
-27
-24
-19
-25
-42
-60
-77
-95
-117
-131
-143
-152
-157
-150
-143
-137
-134
-131
-132
-134
-138
-141
-142
-143
-143
-140
-133
-126
-123
-122
-119
-118
-112
-98
-79
-66
-55
-42
-30
-22
-18
-20
-27
-35
-42
-45
-47
-44
-36
-18
6
29
51
67
71
67
60
44
25
10
-1
-14
-14
-2
12
32
57
73
79
83
82
73
64
56
44
41
48
63
80
102
125
142
157
165
161
151
137
121
103
88
77
73
74
78
82
85
91
95
90
78
71
67
56
43
42
52
62
67
70
68
64
54
38
21
9
-1
-4
-4
0
5
14
20
20
11
-2
-21
-46
-75
-100
-126
-141
-144
-136
-121
-100
-77
-53
-41
-38
-36
-40
-54
-70
-80
-90
-101
-111
-118
-123
-118
-113
-110
-106
-102
-99
-96
-88
-75
-58
-41
-27
-15
-3
-2
-10
-21
-31
-48
-66
-82
-91
-91
-87
-76
-59
-42
-25
-6
9
22
31
37
35
27
20
19
12
1
-2
6
8
6
9
13
17
26
38
47
56
65
75
80
80
78
76
72
70
68
64
67
67
69
72
75
79
82
82
81
78
77
75
72
67
58
47
37
30
23
18
13
9
5
4
4
5
9
11
11
12
12
14
15
16
15
11
6
4
2
4
3
4
-1
-5
-9
-13
-19
-26
-31
-34
-31
-27
-20
-16
-15
-17
-22
-27
-38
-49
-59
-68
-70
-65
-55
-44
-36
-29
-27
-25
-23
-21
-19
-17
-14
-7
-2
3
6
10
13
14
10
1
-14
-28
-42
-55
-61
-60
-51
-34
-15
3
14
19
18
12
-1
-13
-27
-35
-39
-40
-37
-31
-23
-12
-4
2
3
4
2
0
-4
-8
-10
-8
-2
5
11
12
11
10
10
8
6
9
15
21
28
42
56
58
47
33
23
14
0
-13
-20
-21
-16
-4
13
25
32
40
48
49
44
37
30
22
16
13
13
17
19
27
35
38
32
29
25
13
-3
-17
-25
-33
-41
-44
-35
-22
-12
0
12
23
25
24
18
9
-3
-12
-20
-27
-32
-34
-37
-37
-36
-33
-28
-24
-21
-17
-12
-5
0
4
8
11
9
7
2
-3
-10
-18
-27
-32
-29
-27
-22
-16
-12
-8
-7
-9
-13
-13
-11
-8
-7
-6
-4
1
10
17
26
30
28
23
17
12
7
2
-3
-7
-10
-13
-14
-14
-12
-8
-3
6
14
21
25
33
43
49
45
35
25
17
11
8
6
7
9
17
23
30
32
35
37
31
19
3
-11
-24
-34
-38
-35
-29
-20
-9
5
21
30
31
26
19
13
7
0
-5
-6
-4
-1
-3
-6
-11
-19
-30
-39
-48
-53
-55
-58
-56
-46
-28
-6
17
31
43
46
41
28
13
-2
-21
-37
-51
-54
-51
-42
-28
-12
2
9
11
8
3
-3
-10
-16
-20
-18
-11
1
12
20
26
28
22
8
-6
-21
-36
-47
-51
-45
-31
-14
6
30
48
58
55
40
22
2
-22
-40
-52
-54
-48
-35
-20
-2
14
28
36
35
31
22
14
7
4
4
4
3
2
0
1
2
1
-4
-10
-12
-13
-5
8
24
39
51
59
62
63
58
49
37
23
11
1
-3
-2
2
10
19
29
39
48
51
51
45
35
24
15
5
-1
-5
-6
-5
-1
2
5
6
6
4
0
-6
-16
-25
-32
-37
-37
-36
-32
-23
-12
-3
6
8
3
-11
-32
-54
-73
-85
-89
-85
-75
-62
-47
-32
-13
3
14
19
14
1
-15
-31
-45
-55
-64
-66
-61
-51
-39
-27
-18
-13
-6
0
5
8
7
5
4
7
13
15
12
4
-2
-6
-8
-7
-4
6
15
26
36
46
49
49
47
37
20
0
-12
-16
-16
-15
-8
6
18
25
31
38
41
37
32
28
23
17
12
13
17
22
26
27
28
25
19
13
5
-1
-5
-4
-1
4
15
27
36
41
43
40
30
16
3
-4
-10
-15
-16
-11
-1
10
20
27
27
21
12
1
-12
-26
-37
-43
-42
-37
-25
-8
9
22
29
29
25
13
-2
-18
-31
-38
-40
-41
-38
-26
-7
10
17
15
10
3
-10
-28
-39
-42
-41
-40
-34
-23
-9
2
10
16
20
19
13
-1
-12
-24
-34
-41
-42
-40
-33
-26
-19
-10
2
12
15
13
9
3
-7
-15
-21
-21
-22
-22
-18
-9
-2
5
12
16
16
9
3
-2
-8
-16
-21
-20
-15
-7
4
13
20
24
27
26
21
12
4
-1
-9
-15
-13
-5
-1
2
11
24
33
34
34
34
32
25
20
16
9
3
-1
-2
-2
-4
-5
-1
4
9
11
15
17
18
16
13
12
13
14
15
17
16
10
3
-1
-2
-6
-14
-18
-17
-15
-13
-11
-3
9
15
16
17
20
22
19
15
10
6
-2
-14
-21
-22
-23
-24
-23
-20
-16
-13
-6
7
17
27
33
31
24
10
-4
-15
-21
-27
-29
-27
-18
-8
2
9
12
14
17
15
9
1
-8
-16
-19
-19
-19
-18
-17
-15
-12
-12
-14
-18
-21
-21
-19
-11
-5
3
11
18
25
27
21
7
-10
-27
-40
-51
-56
-55
-47
-36
-19
-4
9
21
33
40
42
36
27
15
5
-3
-12
-18
-23
-26
-29
-29
-29
-24
-16
-7
3
13
25
34
43
48
46
41
30
16
0
-16
-29
-36
-34
-29
-18
-6
5
16
27
37
44
47
45
38
28
15
2
-11
-22
-28
-30
-26
-19
-11
-3
7
17
27
35
36
31
19
4
-4
-12
-14
-16
-16
-11
-5
2
9
15
18
16
11
11
10
8
4
2
-2
-10
-19
-24
-18
-11
-5
3
15
24
28
29
25
23
17
6
-9
-22
-31
-39
-43
-43
-37
-26
-14
-2
13
23
27
25
19
14
6
-7
-19
-26
-27
-26
-24
-19
-13
-12
-12
-12
-6
0
3
3
7
12
15
15
10
7
1
-10
-22
-31
-34
-33
-30
-24
-15
-1
14
24
26
26
25
21
12
-1
-13
-19
-20
-19
-18
-15
-9
-1
7
9
9
9
8
4
-2
-6
-4
1
4
3
2
2
5
6
7
7
8
6
8
10
11
10
8
9
12
12
10
8
8
7
5
6
7
9
7
5
6
10
12
9
2
-2
-3
-1
0
0
1
2
1
4
5
6
6
5
5
4
2
-3
-6
-11
-13
-14
-11
-8
-5
-3
-3
-4
-4
-2
-1
-1
-4
-8
-12
-16
-18
-18
-17
-14
-10
-6
-3
0
1
2
2
3
0
-7
-14
-19
-20
-18
-17
-16
-11
-6
1
6
11
17
19
18
13
7
0
-3
-6
-15
-19
-18
-9
2
8
13
21
30
35
30
21
16
13
5
-4
-8
-5
-1
1
3
8
8
5
4
5
6
3
6
13
18
18
14
9
0
-12
-23
-32
-39
-40
-37
-32
-18
1
9
16
24
25
17
9
1
-13
-28
-37
-41
-41
-39
-30
-17
-3
5
17
24
23
19
13
8
-3
-8
-9
-13
-9
-1
1
5
8
4
-3
-2
-2
-5
-2
5
6
7
11
17
15
11
8
4
-2
-8
-8
-9
-5
1
10
14
15
16
14
10
6
3
-3
-4
-3
-4
-7
-4
0
1
5
12
15
15
18
18
16
11
7
6
3
-4
-10
-14
-16
-15
-8
0
3
0
0
3
1
-2
-6
-10
-13
-19
-21
-20
-19
-17
-12
-4
2
5
8
12
12
11
10
10
5
-3
-10
-16
-23
-26
-21
-13
-7
2
10
14
19
25
27
19
13
5
-5
-11
-16
-22
-26
-23
-16
-10
-6
0
5
9
15
21
21
17
11
6
3
-2
-6
-6
-10
-15
-16
-12
-10
-10
-6
-3
-3
-1
1
6
9
11
9
11
11
5
1
5
0
-3
-1
-2
-9
-8
-8
-9
-6
-2
-3
0
7
8
8
12
11
4
3
4
0
-4
-8
-12
-14
-12
-10
-8
-6
-6
-2
6
11
12
12
13
10
7
8
4
0
-2
-4
-7
-9
-11
-13
-12
-9
-7
-5
0
5
6
12
17
19
18
16
12
3
-6
-11
-17
-21
-22
-17
-12
-7
-2
3
8
16
21
24
22
14
3
-2
-7
-8
-11
-13
-14
-13
-12
-10
-7
-2
3
10
14
15
12
12
9
9
9
8
7
4
1
-2
-3
-4
-3
-1
-1
0
-1
-1
0
-2
-1
-2
1
1
1
0
-5
-7
-5
-2
1
2
2
-2
-4
-1
-3
-3
-5
-8
-9
-10
-10
-11
-11
-9
-4
0
4
2
0
-5
-8
-9
-7
-5
-2
0
2
7
10
12
9
3
-5
-12
-17
-19
-20
-16
-13
-7
0
7
14
18
21
22
19
16
10
3
-5
-11
-12
-15
-15
-17
-13
-9
-4
1
6
9
15
19
20
18
16
14
12
11
4
-3
-10
-17
-19
-19
-21
-17
-12
-8
4
11
14
18
22
18
17
16
9
-1
-3
-9
-18
-16
-12
-12
-9
-3
0
5
9
12
15
20
14
10
11
4
-5
-6
-11
-18
-15
-11
-7
1
4
9
14
14
17
13
4
1
-4
-12
-10
-10
-13
-12
-10
-8
-2
2
8
10
6
4
4
-1
-3
-3
-6
-10
-10
-8
-5
-4
-2
3
1
-1
0
-2
-8
-11
-7
-8
-4
1
2
0
-1
-1
-2
-1
-2
-4
-2
-1
-4
-7
-6
-7
-6
2
8
9
7
7
10
12
10
3
2
3
1
-5
-8
-5
-5
-7
-9
-6
-3
-3
-6
-3
2
7
13
14
12
8
4
4
4
2
0
-3
-7
-9
-8
-7
-8
-9
-5
0
5
8
13
17
16
14
9
4
-2
-8
-10
-9
-8
-11
-11
-8
-2
0
4
8
11
9
6
5
4
1
-1
0
0
-4
-11
-16
-15
-11
-10
-9
-6
1
5
3
0
0
3
7
10
12
11
4
-4
-7
-7
-6
-10
-13
-11
-4
-4
-5
-3
1
5
5
4
3
-1
-4
-3
-1
0
-2
-1
2
3
2
1
0
-5
-9
-9
-5
-3
-3
-2
1
2
0
2
5
6
5
5
7
9
4
-3
-6
-4
-2
-2
-3
-3
-2
0
0
1
2
1
1
2
2
1
-2
-1
0
2
-1
-6
-7
-2
2
0
-1
4
11
9
2
2
4
4
1
-2
0
-3
-8
-8
-4
-1
-4
-2
3
5
4
2
4
4
5
6
10
9
5
2
1
-2
-6
-6
-2
1
1
0
-1
-2
-6
-4
1
5
4
2
1
1
2
5
7
5
1
-2
-5
-8
-11
-11
-7
-5
-5
-4
-1
-1
0
2
7
9
6
1
-4
-7
-9
-8
-6
-3
-3
-1
2
4
4
3
2
1
-2
-3
-4
-4
-2
2
4
6
4
-2
-6
-8
-9
-6
-6
-8
-9
-9
-3
0
-2
-2
2
6
7
4
0
-1
1
4
3
4
4
-2
-3
0
0
-1
0
8
9
7
9
7
2
4
5
3
3
-1
-4
-1
0
0
-2
-2
2
-1
-3
7
10
5
9
6
0
1
-1
-3
0
-3
-1
2
-2
-1
-3
-4
-3
-2
-3
-2
1
3
1
-2
-4
-4
4
3
-3
1
-2
-8
-6
-7
-4
-1
-6
-9
-5
-4
3
4
3
3
2
2
1
1
-1
-1
-1
-1
-3
-4
-4
-5
-3
1
4
5
3
2
1
-1
0
1
1
-2
-3
1
5
3
-1
-2
-1
-2
-5
-4
1
3
0
-3
-1
2
2
0
1
1
1
0
2
4
5
3
2
0
-1
-1
1
2
2
0
0
0
1
1
2
2
1
0
-1
2
3
6
7
4
-2
-4
-3
-3
-5
-5
-1
1
0
-1
1
1
-1
-4
-5
-2
-1
1
-2
-3
-2
1
3
2
0
2
2
-2
-5
-1
6
6
0
-3
-4
-6
-9
-8
-2
0
-1
-2
2
3
-2
-4
-3
-1
-3
-6
-6
-4
-5
-2
3
2
-1
1
1
-1
-3
-1
-2
-5
-4
0
-2
-3
2
2
8
6
0
3
7
4
-1
-2
0
-1
1
-4
-4
0
-1
2
-3
2
2
4
3
1
0
5
0
3
-3
3
0
7
-13
20
-15
13
-5
1
7
-14
9
-6
-2
-3
2
-1
9
-8
11
4
3
1
2
-2
-1
0
-5
-4
0
-4
4
-5
3
1
1
1
-1
-1
-1
-2
-4
4
-2
4
0
2
-3
-4
0
-3
-4
3
2
2
1
0
0
-2
-9
-1
-7
-1
-3
-2
-2
-2
-4
-2
-5
-3
-3
-6
-2
-4
-7
-3
1
-1
-1
5
8
5
2
2
2
3
1
-1
-4
-6
-4
1
3
4
4
3
2
0
-6
-5
-3
0
-3
-5
-4
1
2
1
3
4
5
5
3
2
-1
-2
-2
-2
-1
-3
-4
-3
-1
1
2
6
10
3
-1
1
0
-3
-2
1
-3
-8
-5
-1
2
3
2
-1
-1
0
-2
-3
-2
-2
-3
-1
3
-3
-8
-3
-1
0
1
4
1
0
1
-1
-3
-2
-3
-1
0
1
0
1
3
5
5
0
-2
-1
-1
-4
-5
-1
-1
-1
1
4
4
1
-4
-3
1
4
3
0
2
5
4
3
1
-2
-1
1
3
2
0
-4
-5
-1
2
-2
-5
-1
1
-1
3
4
-2
-5
-4
-2
-3
-3
-3
-1
1
2
0
-3
-6
-5
-4
-2
-2
-4
-4
-1
2
4
1
-1
-1
-1
-1
-2
-1
3
6
3
-1
-1
2
4
-1
-3
-3
0
1
-1
-5
-6
-3
0
0
3
5
2
0
3
3
-1
1
2
-2
-4
1
2
1
1
2
2
3
4
4
1
-4
-5
-1
0
-4
-4
-3
-3
-3
3
5
0
-2
0
2
0
-4
-7
-4
-2
-2
-5
-4
-2
-2
-1
1
-1
-3
-2
4
4
-1
-4
-1
4
5
3
-1
-3
-4
-1
0
-1
-3
0
1
0
2
5
11
9
1
-2
-1
0
-2
0
3
5
2
-1
-1
-1
-1
1
1
1
-1
-1
1
1
1
1
3
3
-1
-5
-7
-3
-1
-2
-3
-1
4
4
2
-1
-2
0
2
2
1
0
-2
-4
-5
-2
-2
-5
-4
-2
2
0
-4
-4
0
3
3
1
1
-2
-2
0
3
3
2
2
1
-2
-5
-4
1
4
2
0
2
4
5
4
3
2
2
-1
-2
-5
-8
-7
-5
-3
-3
-2
-1
-3
-4
-3
-1
-2
-3
0
3
1
-2
3
8
5
0
-1
3
5
2
0
3
5
2
-1
-3
-3
-4
0
2
3
-3
-7
-7
-4
-3
-4
-8
-8
-8
-3
2
0
-3
-4
-3
-1
-1
-2
-1
-2
0
0
4
5
3
0
-2
-2
-2
0
2
2
1
2
3
3
0
-1
-1
-1
-2
-3
-1
0
2
3
5
3
1
0
4
4
4
0
1
1
-2
1
5
6
4
1
1
1
1
-1
-3
-4
-2
2
4
3
1
2
4
4
3
5
5
2
-2
-2
-1
-3
-7
-6
-3
-5
-5
-4
0
-1
-6
-9
-4
-1
-1
-5
-5
-2
-3
-6
-3
-1
1
0
-2
-1
-3
2
3
5
4
-2
1
1
2
2
5
4
-3
4
2
-2
4
1
-1
-1
-5
-3
2
0
2
1
1
-1
0
0
-2
-7
-10
-3
-1
-1
-5
-9
-2
-7
-5
-2
-2
3
0
1
-4
-5
-1
-5
-10
-7
-2
-5
-8
-6
-6
-5
1
1
-4
-3
0
-3
-1
3
3
2
2
2
1
2
1
1
1
-2
-2
-2
0
-1
2
9
7
2
2
3
5
3
-1
1
8
9
5
5
9
6
1
4
-2
1
1
-3
5
4
4
4
-1
3
2
5
2
-1
-4
-5
-2
1
2
2
2
-1
-2
-1
0
-1
0
-2
-3
-4
-4
-1
2
4
2
-2
-3
-3
-3
-3
-1
-1
-1
-1
1
1
2
1
0
2
3
3
1
-1
-1
-2
-2
0
0
-1
-3
-7
-6
-4
-1
0
-1
-4
-5
-7
-8
-7
-3
-1
-4
-6
-6
-5
-5
-4
-5
-6
-7
-5
-2
-2
-4
-3
-2
-2
-1
-1
-1
0
1
1
3
2
0
0
2
0
-6
-7
-1
3
3
1
-1
-1
1
6
7
6
2
1
0
0
-2
-1
2
4
0
-3
0
3
2
1
2
2
1
2
3
1
0
1
3
8
4
1
-3
-4
-1
2
2
1
0
1
1
2
1
3
4
5
2
-1
1
1
0
-2
-2
1
2
0
-2
-4
-2
1
3
3
2
2
3
2
1
5
4
-1
-7
-6
-1
-2
-6
-6
0
1
-1
-2
0
0
-5
-6
-6
-1
0
-1
-1
-3
-5
-4
-2
0
0
-1
-3
-4
-4
-3
-2
-1
-1
-1
0
-1
0
1
3
3
3
1
-2
-4
-2
-2
-2
-4
-3
0
2
2
2
2
3
2
0
0
3
1
-6
-9
-7
-4
1
3
3
3
3
3
5
3
-2
-1
1
3
1
0
0
-4
-5
-4
1
2
2
2
2
2
6
7
3
1
-2
0
-1
-3
-7
-1
1
-2
-5
0
4
0
-4
-3
0
-1
-3
-4
-1
-4
-7
-4
0
0
3
3
2
6
6
-1
-5
-3
0
-2
1
3
0
1
7
4
-2
-1
3
2
-1
-3
-3
-4
-2
-1
-2
-3
-2
0
0
-1
-3
-1
4
5
3
-2
-4
-1
2
0
-2
-5
-3
-1
-1
-1
0
2
3
2
0
-2
0
1
6
7
6
2
-3
-2
1
1
-2
-4
-2
-1
-2
-1
1
2
0
-4
-4
-3
-2
1
1
0
-1
0
1
-1
-2
-2
-2
-1
-2
-3
-3
-4
-1
4
8
4
0
3
9
9
2
-2
2
2
-1
-6
-4
0
1
-1
-5
-2
3
1
-3
-5
-4
-3
-3
1
0
-1
0
1
2
0
0
1
-2
-2
-2
-3
-2
1
1
0
0
4
3
3
4
3
0
-1
0
-1
-4
-5
-5
-3
3
2
-2
-3
1
0
-1
1
1
-4
-5
-3
-3
-6
-4
-2
-2
-1
-3
-5
-1
3
1
-4
-5
-3
-4
1
8
9
3
1
3
1
-4
-8
-8
-4
-2
-2
-1
1
-3
-4
3
6
5
6
6
1
1
7
7
2
-1
-1
-1
0
1
0
2
3
0
-3
-2
-1
1
7
9
7
2
1
1
3
-1
-1
-1
-3
-9
-9
-3
2
1
-2
-2
2
0
-3
-4
-2
-2
-3
-3
-3
-2
-1
-3
-5
-3
-1
-1
0
2
0
0
-3
-2
-2
-1
1
1
0
0
-2
-2
-1
0
0
0
-2
-4
-3
-1
0
-1
-1
-1
-2
-2
-2
0
1
3
4
3
3
3
1
0
-2
-2
-1
1
3
1
-2
-1
3
6
4
0
-1
0
-3
-5
-5
-2
-2
-5
-5
0
1
-2
-6
-2
1
0
-2
-2
-2
-4
-5
-5
-4
-4
-4
-2
-2
0
0
2
4
5
4
2
-2
-1
3
6
4
0
0
3
1
2
3
8
8
3
1
5
5
3
0
1
1
0
0
4
9
10
8
6
8
7
5
1
-2
-3
-1
2
4
2
0
0
1
2
2
1
2
2
0
-3
-3
-3
-2
-4
-6
-6
-7
-7
-6
-6
-6
-6
-6
-5
-1
-1
0
-1
-2
-3
-2
-2
-3
-4
-6
-9
-8
-7
-5
-5
-4
-5
-7
-3
2
6
5
2
1
0
0
-3
-4
0
1
-1
-3
-1
1
3
2
3
3
5
4
4
2
0
2
5
6
7
6
4
2
0
1
3
4
3
1
-2
-3
-1
1
3
4
2
0
-2
0
3
5
7
5
4
1
2
3
2
1
-1
-2
0
2
2
1
-3
-1
-2
-3
-5
-2
1
1
-3
-1
2
2
-2
-6
-5
-7
-9
-6
1
5
3
4
3
0
-5
-6
-1
-1
-3
-5
-4
-4
-4
-1
0
0
-5
-6
-3
0
-2
-2
-1
-1
0
1
0
-2
-2
3
7
4
0
1
5
5
1
0
4
9
6
0
-6
-9
-8
-5
-1
-2
-5
-7
-4
-3
-2
-2
1
3
2
-1
-2
-4
-3
-2
0
-2
-2
1
5
5
1
-1
3
5
5
5
4
2
3
5
8
6
0
-3
0
3
1
-1
1
5
7
5
3
4
4
4
3
0
-3
-4
-2
-2
1
0
1
2
5
4
-1
-5
-4
-3
-2
-2
-1
-4
-7
-9
-10
-9
-5
2
9
11
7
3
0
-3
-5
-11
-17
-22
-20
-11
1
6
4
3
2
0
-5
-7
-7
-5
-5
-3
-2
-2
-3
-3
-2
1
0
-3
-6
-5
-7
-7
-3
7
12
12
5
