-3
-5
-9
-6
-7
-5
-5
-1
2
-6
-2
-4
-2
-4
-11
-5
-6
1
0
-1
2
1
2
-1
1
6
3
-4
-5
-4
-5
-4
-7
-3
-2
-4
4
6
9
13
14
12
15
14
5
4
5
2
-4
0
4
4
8
3
5
8
4
-1
-2
2
-1
-2
2
-3
-5
-2
-3
-4
-5
-6
1
0
3
4
-1
-3
-9
-5
-8
-7
-4
-5
-9
-13
-11
-9
-5
-3
2
2
0
3
5
6
4
5
7
-3
-5
2
0
1
4
2
7
8
9
10
5
8
4
3
3
-2
-6
-10
-10
-7
-5
-6
-3
2
1
2
0
2
2
-2
-2
-5
-9
-10
-9
-10
-10
-10
-7
0
-2
6
7
3
5
2
5
3
1
3
0
-2
2
5
10
8
9
11
9
9
5
6
0
-3
-2
-2
-1
2
1
1
-3
-4
-3
-3
0
-5
-3
-4
-1
2
-1
6
3
1
-3
-7
-8
-13
-7
-5
-1
5
-2
-5
-1
0
2
5
2
-3
-2
-3
-4
1
3
3
3
3
3
7
8
9
9
1
1
9
1
-3
0
-4
-5
-1
-2
-2
-5
-4
3
-2
-8
1
-3
-11
-7
-3
-2
-3
-3
-5
-3
-3
2
4
-3
0
0
-9
-12
-7
-2
-5
3
8
9
7
-2
-2
3
4
2
-1
2
8
8
7
4
7
12
8
7
7
1
1
1
-2
3
-4
-10
-2
2
6
10
2
-2
4
3
7
2
-1
1
-1
0
-6
-4
0
3
1
-3
-5
-9
-6
-4
-4
-5
-5
-6
-3
-3
-4
-5
-4
0
-1
4
2
5
5
-4
-9
-5
-6
-4
1
-1
-3
-5
-2
-3
3
3
-1
0
-5
-3
-1
-2
-2
-3
-3
0
4
8
12
13
10
5
0
0
-2
-4
-2
-5
-9
-4
-3
1
4
2
4
2
1
0
-5
-7
-1
2
3
6
5
14
19
14
11
9
2
3
-1
1
3
-7
-1
-6
-9
-3
-5
-4
-4
0
1
2
0
-2
6
4
-5
-3
-5
-13
-14
-8
-5
-6
-9
-7
-2
8
4
-4
6
9
7
6
7
9
1
-1
-6
-7
-3
-8
-6
-1
4
4
5
4
6
2
-2
-1
-6
-6
-3
-2
-5
-7
-8
-5
0
-2
-3
7
6
8
8
-2
-4
2
-3
-1
0
-3
-1
1
1
0
1
-2
1
-1
2
-1
-2
4
4
6
1
0
1
-4
0
1
-1
2
7
9
11
14
12
11
8
1
3
0
-2
-3
-4
-1
-6
-4
-1
0
-5
-1
-2
-3
1
-5
-5
-6
-5
-4
-3
-3
-8
-9
-5
-5
-5
-3
-4
-2
0
1
-2
3
3
1
-1
-7
-4
1
2
4
9
5
8
8
11
15
5
-1
4
3
-5
-3
3
6
4
0
2
1
-3
-5
-5
-6
-2
-3
-5
-2
-5
-7
-2
-7
-3
-6
-8
-4
-6
-5
1
5
4
4
6
5
1
3
0
-5
2
3
3
4
2
-2
0
4
2
0
1
1
5
10
3
-1
0
-4
1
4
3
7
3
-4
-1
4
6
7
7
9
3
4
11
6
4
-3
-8
-3
-12
-8
-5
-10
-12
-14
-11
-10
-9
-10
-9
-9
-2
1
1
3
-1
2
-3
-4
-3
-7
-2
-1
-1
-3
-3
3
5
3
10
7
5
9
3
1
8
2
1
4
1
3
0
3
1
2
2
-1
3
3
4
6
-1
1
0
-6
-1
-6
-5
7
2
2
5
5
-1
1
-1
-3
-4
-3
-1
-4
-5
-10
0
4
-1
3
2
10
12
10
11
9
11
11
4
-3
0
1
-2
0
1
4
2
-5
-5
-2
-9
-8
-5
-8
-1
-2
-9
-7
-8
-8
-12
-9
-10
-14
-9
-7
-3
3
0
0
2
-4
-7
-10
-9
-2
-1
-4
-5
-5
0
4
6
9
6
12
16
12
12
12
7
-1
0
1
0
1
-4
-4
-4
-1
2
5
4
5
0
4
8
7
12
6
7
7
3
6
4
7
5
-3
0
6
7
3
5
2
-4
-4
-3
-6
-6
-11
-18
-12
-11
-11
-5
-7
0
-5
0
6
1
4
2
-4
-8
-8
-4
-2
0
1
3
8
5
2
0
1
1
-3
-3
-2
1
1
-6
-12
-14
-13
-7
-1
5
5
3
3
3
3
7
4
-3
-4
-6
-9
-5
2
5
7
2
1
10
7
9
2
-1
5
7
6
-4
-1
-3
-5
-1
0
4
3
5
7
10
7
5
4
-3
-2
-3
-3
0
-2
-6
-7
-2
7
4
-5
-7
-8
-3
4
-1
-4
-2
-7
-6
-3
-4
-10
-10
-5
0
5
8
4
5
10
9
12
11
4
-1
-5
2
7
2
-5
-3
0
1
4
-2
0
5
9
10
7
4
-7
-9
-7
-3
-5
-7
0
-5
-6
-1
-3
-5
-6
-6
-11
-10
-4
-4
-1
6
1
-4
2
2
5
4
5
6
4
2
-3
-1
0
-2
2
1
-2
-2
-6
4
8
6
7
1
2
2
1
-3
-5
-4
-3
3
-1
1
0
-3
-1
-2
1
1
1
-5
-2
2
4
2
-5
-5
-3
1
2
4
2
4
4
2
7
7
11
10
5
3
2
2
-2
1
-2
-5
5
4
0
6
3
5
6
6
4
-3
0
1
1
2
3
-6
-8
-5
-2
-4
-7
-9
-12
-6
-13
-17
-12
-12
-10
-7
-8
-7
-5
-5
-9
-8
-4
-4
-9
-6
-3
-5
-5
-3
3
6
12
6
0
7
7
7
6
6
6
11
14
9
12
15
11
8
11
13
14
15
14
11
7
6
5
5
2
1
1
-3
-3
-1
-5
-4
-6
-10
-6
-5
-5
-3
-5
-4
2
-2
-3
1
-5
-9
-11
-6
-2
-5
-8
-7
-6
2
1
-5
1
2
-4
0
-3
-10
-8
-9
-8
-6
-7
-9
-7
0
0
-4
-1
0
3
0
-4
-7
-11
-3
-5
3
6
4
2
2
8
10
12
9
9
7
9
8
8
9
4
8
9
6
8
7
7
7
5
6
6
7
8
4
-3
-5
-6
-4
-1
2
-2
-1
4
0
1
-5
-8
-4
-1
3
4
1
-3
0
-6
-9
-11
-19
-18
-17
-8
-1
-4
-7
1
3
5
6
-1
-8
-10
-9
-3
-7
-13
-11
-11
0
6
2
-1
-3
5
7
8
3
0
3
1
3
2
3
2
1
5
8
10
4
9
14
12
13
15
16
12
14
13
4
-2
2
8
5
1
-3
-2
2
-5
-12
-11
-9
-4
-4
-5
-4
-4
-4
-8
-13
-13
-13
-15
-9
-6
-6
-2
-2
2
6
6
3
-1
1
2
0
-1
-7
-6
1
6
4
2
3
1
4
6
-1
-4
-2
0
2
6
6
-2
-5
2
1
-4
-5
-7
5
14
4
-1
-2
4
10
1
-5
-6
-4
3
4
-1
-5
-4
5
4
6
6
0
7
12
13
5
-1
2
2
4
0
-5
-4
3
11
8
-2
-3
-3
1
7
4
-4
-14
-11
-4
-2
-9
-18
-17
-9
0
-4
-6
-13
-13
-3
0
-5
-12
-7
-2
6
12
8
6
9
12
14
19
11
7
7
8
11
4
-1
-1
2
2
3
-3
-6
4
3
2
-1
-10
-11
-3
3
0
-7
-1
3
0
-1
-3
-13
-3
6
3
-7
-8
-1
1
6
4
-2
-6
1
10
6
0
-8
-5
5
5
-1
-9
-4
3
5
5
-1
-3
-2
4
4
-2
-4
-12
-15
-12
-18
-16
-14
-9
-2
0
-2
-3
4
13
17
12
13
10
14
14
11
3
-7
-3
3
5
4
-2
-2
7
12
9
1
-4
-2
6
7
7
7
0
-2
8
6
-1
-9
-6
1
0
7
-1
-2
10
11
8
-2
-14
-10
0
3
-3
-12
-16
-11
4
6
-4
-7
-5
1
4
1
-8
-13
-13
-8
-9
-13
-13
-15
-8
0
-6
-11
-4
5
7
10
1
-6
-1
3
1
-4
-7
-7
1
12
8
3
6
15
17
15
10
-1
-1
4
8
2
2
2
2
11
11
0
-4
-2
9
9
0
0
-3
-2
1
0
-5
-7
-6
2
8
4
0
0
8
4
5
7
2
0
-1
1
1
-6
-8
-6
1
-2
-3
-6
-4
5
4
-5
-10
-9
-9
-1
0
-7
-10
-7
-2
-1
-11
-12
-7
-3
5
3
-2
-3
7
11
5
-4
-12
-7
1
9
1
-6
-4
1
7
4
2
2
3
14
18
8
4
-4
0
5
-2
-5
-9
1
5
12
13
5
8
8
9
3
-10
-4
-1
4
0
-9
-6
-3
4
8
3
-6
-4
-2
1
4
-9
-9
2
6
7
0
-11
-8
1
4
-1
-7
-14
-10
0
0
-7
-14
-10
-4
0
2
1
-5
-4
3
-3
-6
-6
-2
7
4
0
2
0
1
8
6
2
0
-4
5
10
8
7
5
3
5
5
6
-1
1
3
1
-6
-8
-7
-1
6
3
-3
-8
-3
4
6
1
-2
0
2
6
8
2
-3
0
7
6
3
-2
-2
1
3
1
1
0
3
11
8
6
4
0
5
3
-4
-5
-5
-2
-3
0
-2
-4
-1
2
1
-5
-7
-7
-5
-3
-2
-4
-9
-6
-6
-9
-11
-14
-13
-10
-8
-3
1
5
9
5
1
-1
-6
-3
2
0
-4
-7
-7
-6
-7
0
-2
-6
-2
3
11
13
15
15
11
13
13
10
6
-1
-1
6
3
1
3
2
7
8
3
8
3
2
6
6
-3
2
3
2
6
2
-1
-4
-3
-7
-8
-2
2
3
-1
-2
-8
-6
-2
-3
0
-9
-7
-4
-13
-8
-11
-9
-3
0
1
3
1
-4
2
-4
-4
1
-5
-4
1
4
4
-1
-3
4
11
10
6
2
1
5
5
-1
-1
-10
-7
0
0
-2
-8
-2
4
7
5
4
2
-1
2
0
2
-4
-3
-5
-6
5
4
1
5
5
7
9
5
5
7
1
-6
-7
-9
-6
-8
-5
-8
-8
-1
5
11
8
4
0
-3
-2
3
-4
-9
-3
2
8
4
3
2
-4
-3
-1
1
1
1
3
-2
3
3
-3
-5
-4
-2
-4
-4
-8
-5
-3
0
2
-1
4
14
9
5
5
5
10
4
1
-1
0
0
0
-4
-6
-5
1
11
9
6
5
3
1
-1
1
-7
-8
-6
-4
-1
-8
-6
-2
-5
3
-4
-12
-10
-7
-6
-4
-3
-3
0
-4
-2
-1
-3
-3
-4
5
8
1
-2
6
8
8
8
3
-3
0
4
2
-1
-6
-7
1
1
0
1
1
2
1
8
6
4
8
8
8
11
4
-1
-1
1
1
-2
-5
-10
-5
-6
-6
-1
2
5
5
2
4
7
2
2
7
3
-6
-1
-4
-8
-10
-8
-11
-9
-2
-4
5
3
5
6
4
9
3
1
6
6
3
1
-1
-4
-1
3
3
4
3
0
0
1
-5
-7
-2
-3
-2
-5
-5
0
-4
-6
-5
-6
-7
-10
-7
-6
-11
-12
-9
-4
2
9
-1
-4
2
0
2
0
0
0
-1
6
10
7
6
7
13
10
10
14
11
13
12
11
10
11
8
3
2
-7
-7
-6
-8
-4
-3
-3
-5
-8
-3
3
1
0
1
-3
-3
-5
-9
-9
-9
-6
-8
-11
-8
-5
-1
2
0
-3
0
2
7
8
5
2
5
-1
-2
-4
-4
2
-1
0
6
7
11
9
9
6
2
3
-3
-5
-4
-5
-3
-9
-2
2
-4
-3
-2
-1
-4
-2
1
1
-1
-1
2
2
4
8
5
-1
-1
-1
-4
-1
0
-3
-6
-1
0
1
5
4
2
4
1
-7
-4
-5
-6
-1
2
4
4
3
3
4
7
2
-4
-6
-4
-1
-2
-2
-8
-11
0
5
7
3
2
4
4
9
11
3
-4
-2
-6
-10
-7
-11
-6
0
4
0
-2
9
5
5
9
4
-1
2
5
2
1
1
-2
0
4
4
-2
-6
-7
-5
1
0
-5
-3
-1
-4
-1
0
-4
-9
-4
4
-1
-1
6
8
8
12
9
6
2
-5
-8
-6
-9
-9
-3
-1
-4
-5
2
8
5
6
7
7
7
8
3
-6
-3
-1
-4
-5
-5
-1
1
1
2
1
2
-2
-1
3
2
1
1
-2
-4
0
-3
-5
1
-4
-4
1
-4
-7
-6
-10
-10
-3
0
5
2
3
0
-1
8
2
1
5
0
1
-2
-4
1
-4
0
-3
-2
4
2
3
4
2
-5
0
3
5
8
8
7
9
16
14
12
9
2
1
2
4
5
4
5
9
14
4
-2
-4
-9
-8
-12
-12
-12
-10
-8
-9
-5
-10
-14
-9
-9
-8
-13
-15
-15
-12
-4
-12
-3
1
-3
0
3
5
2
8
2
-5
-8
-7
0
0
7
11
9
13
11
14
13
4
7
14
19
17
12
8
4
10
9
2
-1
0
-4
4
6
0
4
-2
-5
-5
-8
-13
-16
-13
-12
-5
-2
-6
-12
-5
-3
-2
-2
-7
-12
-7
-4
-5
-9
-11
1
3
3
3
2
1
5
9
8
7
4
7
8
10
5
2
4
4
7
7
4
4
5
10
12
12
8
3
0
-7
-4
-4
-11
-4
-3
-6
-10
-11
-7
-2
2
1
-2
-2
-1
-6
-3
-7
-11
-7
-10
-3
-6
-5
-3
0
1
1
5
2
2
3
4
5
0
1
4
4
-1
-5
-5
-1
6
10
10
2
1
2
2
1
-7
-10
-1
1
-1
-4
-2
-2
-2
0
-5
-5
-5
-6
-1
-1
-5
-4
5
8
7
0
0
2
-2
1
3
2
4
10
9
13
18
11
12
12
11
13
5
1
7
3
3
3
-4
-6
0
1
-5
-2
-2
-5
-2
-4
-7
-9
-11
-11
-5
-7
-13
-15
-16
-16
-14
-9
-8
-4
-4
-1
-4
-13
-9
-8
-10
-8
-10
-5
-3
-1
4
4
5
9
10
14
14
11
6
7
11
11
6
4
2
8
12
13
13
17
15
12
11
7
3
-4
2
-1
-5
-6
-10
-5
-4
-3
-4
-4
-1
-3
-1
3
0
-3
-6
-8
-8
-7
-5
1
-2
-6
-5
-12
-10
1
1
-2
0
2
6
8
1
-1
3
1
-4
-4
2
-1
-8
-7
-5
-2
-3
-3
0
1
0
3
4
2
3
0
1
-1
-2
-4
2
8
1
-3
0
-2
1
7
0
4
7
-1
5
1
2
3
-3
4
7
2
-6
-2
-1
0
4
0
3
5
-2
-5
-2
-7
-4
2
5
6
-5
-4
0
1
0
0
1
6
9
9
3
-3
-7
-5
-3
-3
-4
-7
-1
-3
-3
-1
-1
-5
-4
3
1
1
0
-2
0
-4
-3
-6
-3
3
3
1
-3
2
1
4
4
1
2
4
9
7
9
12
8
4
4
4
3
0
2
8
8
8
11
-1
0
-1
-11
-12
-16
-15
-13
-15
-12
-12
-18
-10
-5
-6
-6
-5
0
-1
-3
-5
-4
-2
-2
2
7
-1
-6
1
7
5
5
7
11
9
10
8
5
4
1
9
7
2
11
11
7
3
2
6
1
-2
8
7
-1
0
4
0
-9
-3
-2
-10
-9
-1
1
-8
-6
-1
-1
1
0
2
6
4
6
9
1
-4
-2
-5
-11
-10
-6
-2
-2
-4
-3
-2
-5
-7
-2
-5
-4
-3
-7
-3
1
-3
0
4
3
7
7
8
2
1
2
0
-6
-6
-1
2
0
-3
-1
-2
-3
2
2
0
2
6
7
8
2
-6
-5
-4
-7
-8
-7
-4
3
1
4
8
8
8
5
6
4
3
3
4
9
9
8
3
3
1
-2
-1
1
2
2
4
4
-1
-2
-9
-5
-9
-14
-10
-14
-10
-4
-5
-8
-4
0
-3
4
2
-4
0
0
0
-1
-5
-3
2
5
4
3
3
1
7
13
13
6
6
11
7
3
-2
-1
6
5
2
0
-7
1
6
3
7
4
-11
-10
-3
-1
0
-1
4
8
5
4
-2
-1
1
-6
-5
-10
-12
-8
-10
-7
-5
-16
-16
-10
-9
-4
-4
-7
-4
3
1
1
-4
-2
-1
4
5
-4
0
2
2
8
4
-3
-2
-1
1
0
-2
6
13
15
17
14
18
15
10
10
7
2
1
7
9
8
6
1
4
-1
-6
-4
-12
-7
-7
-11
-10
-7
-2
-4
-6
-1
-2
-3
-1
6
5
-2
3
8
-1
-5
-4
-5
-9
-9
-3
-3
-7
-4
-4
-5
-3
-4
-1
3
4
1
2
1
5
7
4
7
9
5
-1
1
8
4
-1
2
4
1
-1
-2
0
-4
-7
3
0
-10
-12
-17
-14
-13
-11
-9
-7
-3
-3
-3
3
1
-5
3
7
1
-3
3
10
1
-3
-2
3
7
-1
0
6
9
13
16
15
14
12
5
3
15
11
-3
-3
-3
-3
5
-1
-3
2
-2
-2
-2
3
6
1
-3
-6
-2
-6
-9
-9
-3
-5
-8
-5
-7
-1
4
6
3
3
3
1
-5
-2
0
-7
-9
-9
-10
-8
-3
-2
-5
-1
2
3
-4
-4
1
0
2
0
-7
-5
1
4
3
3
5
6
1
5
13
4
6
5
-2
-4
-1
1
3
2
-3
3
1
3
2
5
9
8
4
-1
3
1
-1
-3
-5
-3
3
2
-6
-2
0
-7
-11
-9
3
6
-1
2
1
2
1
1
2
-3
2
8
2
1
4
7
0
-5
0
-2
-3
1
-1
-7
-11
-11
-10
-10
-4
0
-6
-5
3
1
-4
5
12
7
4
4
4
0
-5
0
2
0
-3
-3
-4
3
5
1
0
2
7
10
12
7
0
-3
-3
-6
-3
-2
-2
1
2
9
7
1
2
7
7
6
2
-2
1
1
-4
-9
-5
0
-1
-5
-5
3
6
0
-4
0
-3
-14
-9
-4
-6
-7
-9
-7
-4
5
6
-4
-5
6
3
0
7
7
1
-1
3
1
1
5
5
-4
-2
2
-5
-6
-5
0
0
5
8
9
11
6
-5
-11
-9
-8
-6
-2
2
3
1
4
3
4
8
7
-2
-2
-7
-11
-13
-5
11
-1
-4
5
4
2
1
5
1
-7
-3
2
4
4
6
8
3
3
7
2
1
7
8
3
-2
3
7
4
2
0
2
0
0
3
3
3
4
4
1
-4
-4
-5
-11
-12
-12
-11
-11
-16
-9
-4
-10
-7
7
0
-10
-10
-9
-5
-15
-5
6
2
3
-4
-7
0
3
-5
-1
3
4
-1
-1
13
16
13
14
16
18
15
14
13
7
1
-7
-12
-5
-4
-13
-7
-7
-6
-4
-5
-4
-2
-1
0
-1
6
9
5
6
7
3
1
-1
1
0
-1
1
-2
3
8
6
8
3
2
2
-4
2
4
-1
-3
0
-1
-7
-4
-3
-3
-2
-4
2
2
2
-1
-7
-1
-7
-15
-9
-6
-5
-12
-12
-8
-4
4
4
7
8
4
8
13
6
7
2
-5
-4
-5
7
4
-5
-7
-13
-10
-7
0
8
7
2
-6
-11
-7
3
3
-3
-7
-5
-2
-1
7
15
10
8
8
9
7
3
2
-1
-4
-3
-7
3
5
1
4
5
2
-4
1
7
10
2
-10
-9
-7
-7
-7
-8
-6
0
5
3
7
13
8
2
-2
6
14
7
-1
-3
2
-1
-7
-5
3
2
-5
-10
-8
3
7
7
3
2
-2
-7
-8
-7
-5
-1
-10
-18
-16
-9
-2
4
-1
-4
-9
-8
-1
3
4
7
8
-3
-3
2
12
11
1
1
8
11
7
5
7
8
5
5
-3
-4
1
-1
-3
4
8
2
-6
0
10
7
2
1
5
-5
-3
6
-2
-3
1
-1
-2
-8
-2
9
-4
-14
-7
1
-5
-14
-6
0
5
0
-9
-11
-7
-6
-9
-1
1
0
-3
-6
-2
5
2
2
3
-4
-5
-5
-4
-2
-4
-2
-5
-11
-3
7
5
7
5
3
2
-1
3
7
7
7
11
9
8
13
17
13
12
16
5
-4
-5
-3
6
0
-2
-6
-12
3
8
7
7
5
-1
-2
6
4
3
3
1
-2
-7
-4
1
-3
-4
-2
-8
-8
-9
-11
-11
-10
-6
-5
-7
-4
2
-4
-9
0
5
7
0
3
4
-5
-10
-8
1
-3
-7
-6
-7
-8
-1
1
4
4
2
-5
-8
-1
-1
-1
-4
-4
-3
-8
-8
7
11
2
1
0
2
6
6
4
6
5
6
5
5
6
5
11
6
8
14
16
19
20
15
10
12
9
9
8
4
-2
-7
-9
-13
-8
-5
-4
-2
-6
-10
-3
-7
-10
-3
-9
-10
-12
-15
-13
-10
-11
-11
-8
-4
4
3
-4
0
2
-3
-7
-1
2
-5
-10
-12
-4
1
-2
-3
-5
-5
-5
0
-2
6
10
9
14
3
0
5
8
5
1
11
9
-4
-3
7
16
12
13
23
19
9
0
-5
0
2
5
7
-2
-4
5
2
4
10
3
-1
-6
-4
-5
0
1
-6
-12
-15
-10
0
-1
-9
2
5
-9
-3
10
17
8
-4
2
0
-9
0
-2
-19
-17
-7
-11
-14
2
0
-23
-21
0
-5
-12
-5
-3
-14
-18
-3
-3
-4
7
-3
-6
6
9
8
10
16
11
0
8
13
11
16
18
9
-1
-1
2
11
16
8
5
10
12
8
8
6
5
10
1
-9
-2
-1
1
-5
1
15
8
6
5
5
4
1
-7
-11
-9
-10
-8
-13
-11
-12
-19
-23
-19
-5
-3
-9
-13
-6
-3
-6
-6
3
7
6
4
-5
-5
1
5
8
4
8
11
1
-2
5
11
13
11
8
10
2
-2
-4
-8
-4
-3
-4
-11
-14
-10
0
9
8
10
9
-1
-5
-4
4
5
-3
-14
-14
-4
-2
2
9
13
5
-2
-3
-2
4
8
1
-5
-8
-6
-4
-7
-4
4
-1
-13
-8
-4
-4
2
1
3
1
-2
6
10
4
5
14
9
0
5
0
-4
3
6
10
-1
-5
0
1
10
15
14
4
-5
-2
-4
3
8
4
-4
-10
-1
-1
-1
11
6
-4
-10
-15
0
5
10
7
-6
-4
-7
-8
-4
4
4
-9
-17
-10
-8
-6
-1
0
3
-1
-11
-14
-10
4
12
12
5
-8
-9
-9
-7
-2
-4
-1
-11
-22
-23
-13
0
1
2
-1
0
2
0
1
9
16
17
10
2
9
12
10
9
8
11
10
3
4
11
16
17
9
8
9
8
9
-1
-6
-8
-5
1
-4
-6
-2
2
-4
-8
-6
-7
-5
-5
-4
-4
0
2
-1
-4
-9
-5
-2
-6
-12
-10
-4
-4
-4
0
11
11
11
10
4
6
12
8
7
2
-2
-2
-2
-2
-2
7
0
-9
-4
-2
-3
-5
-6
-10
-15
-18
-15
-10
-3
-3
-8
-9
-5
1
-2
-1
4
8
1
-11
-10
-1
0
0
5
5
-1
-3
-6
-3
4
18
19
1
-3
-3
4
6
6
12
7
0
1
6
10
14
17
16
8
7
10
7
9
11
8
3
-2
0
0
-5
-7
-2
-3
-7
-1
0
-1
-7
-14
-11
-8
-17
-23
-20
-19
-13
-9
-9
-3
3
2
-4
-5
1
10
5
-6
-7
1
9
8
1
5
3
4
5
3
14
13
10
6
3
11
13
14
9
1
2
-2
-6
2
5
5
-4
-6
-4
-6
-5
-11
-10
-5
-7
-3
2
3
2
-2
-4
-4
-3
-6
-3
-4
-10
-13
-9
-8
-12
-3
-1
-1
3
8
9
3
-2
-3
0
4
4
2
8
-1
-8
1
-2
-2
6
7
3
1
3
-2
-9
-10
-7
-3
-6
-5
-1
-6
-10
-4
2
2
7
0
-5
7
9
10
15
15
7
1
10
8
10
2
-6
1
0
2
8
10
7
4
2
4
6
10
8
2
4
7
12
12
8
9
10
6
5
2
6
3
-11
-7
-2
-5
-7
-6
-1
-8
-12
-7
-8
-11
-22
-31
-24
-19
-21
-19
-14
-13
-18
-18
-19
-15
-4
-6
-17
-19
-10
2
4
-1
3
11
15
2
-8
4
15
21
8
0
14
24
14
12
16
22
14
5
5
3
5
7
-5
-11
-5
1
8
7
10
5
4
3
0
2
-2
0
2
4
3
1
-1
0
3
-6
-3
4
0
4
3
7
16
6
4
6
3
9
3
1
-1
2
12
8
3
-2
1
4
-1
5
10
7
-2
-4
-3
0
10
3
-1
-2
-8
-1
9
6
-6
-9
-5
-1
-8
-12
-16
-17
-16
-25
-31
-34
-34
-32
-30
-26
-22
-16
-19
-20
-15
-6
-1
-10
-21
-24
-14
0
0
4
7
7
16
22
15
20
25
12
5
2
9
11
2
4
5
7
6
6
7
8
11
18
24
22
16
10
8
13
14
10
16
19
21
13
10
21
25
27
16
11
19
14
16
15
9
12
10
2
-8
-2
5
-4
-7
-1
0
-9
-15
-11
1
3
-6
-2
-2
-3
-5
-13
-12
-8
-6
-1
1
0
-1
-1
5
-2
-5
-9
-18
-24
-29
-27
-31
-36
-39
-45
-49
-43
-31
-29
-31
-40
-39
-40
-42
-36
-34
-35
-35
-31
-31
-24
-15
-8
-3
-3
2
5
15
21
28
37
37
47
43
45
55
54
55
49
45
43
37
36
37
31
28
29
30
22
18
18
17
21
20
19
24
22
16
12
10
8
9
7
6
8
21
19
9
13
10
13
15
17
14
-2
-8
-8
-16
-17
-13
-21
-32
-37
-36
-29
-26
-33
-32
-36
-36
-30
-31
-25
-28
-34
-31
-31
-33
-37
-23
-13
-16
-12
-4
4
10
0
-2
8
7
12
18
11
12
4
-5
-16
-27
-27
-37
-57
-72
-75
-76
-77
-82
-82
-77
-78
-76
-67
-58
-31
-13
-3
19
32
79
137
159
188
195
275
395
396
409
421
472
622
622
575
556
511
536
483
369
293
197
97
-29
-156
-256
-322
-404
-559
-652
-671
-670
-676
-769
-798
-723
-669
-614
-607
-574
-456
-344
-256
-195
-110
2
104
183
231
306
392
440
446
392
361
339
255
132
-22
-159
-285
-405
-540
-668
-732
-800
-835
-845
-852
-797
-742
-687
-605
-531
-433
-312
-203
-93
19
139
289
480
650
786
939
1108
1263
1373
1428
1452
1468
1437
1334
1167
975
769
527
239
-58
-343
-606
-866
-1118
-1315
-1466
-1575
-1649
-1688
-1669
-1600
-1486
-1344
-1171
-956
-712
-456
-191
84
378
671
940
1197
1444
1680
1889
2045
2170
2267
2326
2331
2276
2179
2032
1835
1584
1280
931
554
168
-242
-665
-1067
-1430
-1748
-2013
-2216
-2336
-2378
-2355
-2286
-2176
-2004
-1806
-1596
-1373
-1160
-950
-742
-542
-348
-158
28
217
403
575
740
897
1033
1142
1207
1225
1199
1123
999
844
654
452
235
12
-185
-363
-505
-597
-653
-667
-632
-571
-484
-374
-250
-125
5
140
274
408
538
673
817
960
1101
1243
1385
1513
1618
1706
1755
1759
1717
1617
1456
1236
954
621
254
-145
-563
-988
-1396
-1780
-2114
-2399
-2632
-2802
-2913
-2959
-2943
-2867
-2730
-2547
-2321
-2059
-1767
-1440
-1087
-717
-347
21
394
762
1109
1437
1735
2010
2259
2450
2587
2683
2723
2682
2577
2394
2150
1847
1479
1078
642
195
-235
-647
-1036
-1366
-1625
-1831
-1975
-2053
-2056
-1992
-1892
-1738
-1550
-1338
-1099
-872
-636
-381
-143
95
342
583
824
1035
1231
1416
1569
1688
1759
1787
1770
1702
1582
1417
1215
992
739
466
193
-65
-300
-510
-688
-830
-931
-988
-998
-975
-933
-845
-735
-606
-474
-333
-175
-11
153
311
472
627
777
903
1018
1119
1195
1250
1269
1255
1191
1084
925
703
429
97
-261
-657
-1090
-1517
-1933
-2319
-2658
-2937
-3143
-3272
-3320
-3286
-3171
-2981
-2730
-2428
-2083
-1717
-1333
-942
-561
-169
217
588
954
1299
1634
1950
2237
2502
2727
2899
3028
3102
3109
3046
2913
2726
2473
2166
1814
1433
1044
662
283
-82
-403
-676
-900
-1089
-1232
-1327
-1383
-1409
-1415
-1384
-1318
-1234
-1119
-975
-805
-632
-439
-220
1
214
423
613
784
920
1003
1047
1057
1026
955
841
695
519
329
142
-48
-225
-388
-540
-663
-762
-851
-904
-923
-917
-897
-868
-808
-730
-632
-527
-406
-265
-121
25
172
330
470
599
719
815
891
947
983
1002
992
943
865
758
609
425
202
-65
-347
-651
-968
-1277
-1569
-1836
-2070
-2253
-2383
-2449
-2439
-2369
-2259
-2097
-1883
-1620
-1319
-999
-661
-304
63
428
784
1126
1464
1774
2051
2306
2528
2716
2856
2952
2997
2991
2931
2806
2639
2416
2137
1812
1440
1053
646
222
-176
-554
-902
-1214
-1485
-1697
-1865
-1987
-2050
-2069
-2043
-1985
-1896
-1764
-1622
-1464
-1289
-1093
-888
-688
-474
-275
-82
93
251
390
504
597
658
684
677
652
605
529
433
319
202
88
-26
-137
-232
-304
-356
-397
-415
-400
-364
-310
-257
-190
-102
-2
103
214
332
462
587
709
833
945
1054
1147
1224
1287
1325
1327
1300
1241
1145
1025
860
659
434
193
-64
-340
-608
-879
-1149
-1395
-1617
-1790
-1932
-2044
-2098
-2117
-2101
-2035
-1929
-1781
-1606
-1397
-1151
-892
-624
-339
-31
279
583
884
1157
1414
1644
1840
2001
2117
2198
2214
2178
2101
1964
1792
1584
1341
1066
775
454
131
-171
-471
-755
-1020
-1253
-1449
-1611
-1726
-1793
-1817
-1803
-1749
-1662
-1538
-1378
-1206
-1029
-839
-641
-443
-241
-47
120
277
419
538
636
712
773
807
806
791
766
718
662
602
524
444
365
290
222
154
106
70
33
10
2
7
26
47
96
155
220
306
406
519
625
735
843
950
1057
1145
1217
1267
1305
1325
1305
1257
1177
1067
920
733
517
269
4
-280
-585
-891
-1195
-1488
-1767
-2013
-2229
-2410
-2551
-2643
-2680
-2676
-2626
-2523
-2370
-2186
-1960
-1703
-1414
-1099
-769
-434
-97
253
589
904
1208
1479
1710
1910
2069
2190
2276
2306
2302
2248
2148
2007
1828
1628
1385
1108
813
506
185
-139
-456
-767
-1047
-1298
-1520
-1703
-1826
-1906
-1936
-1911
-1858
-1750
-1598
-1416
-1210
-984
-744
-497
-251
-13
215
417
601
770
915
1032
1117
1168
1200
1214
1208
1179
1124
1060
982
891
792
692
585
485
387
290
203
125
59
15
-15
-28
-20
-5
38
98
166
236
310
397
483
577
659
735
806
857
896
911
908
884
830
742
620
458
256
31
-228
-514
-824
-1150
-1477
-1790
-2082
-2355
-2600
-2789
-2918
-3009
-3033
-2994
-2893
-2738
-2539
-2292
-2003
-1677
-1328
-967
-585
-189
201
571
931
1278
1598
1887
2141
2357
2537
2663
2740
2770
2753
2681
2555
2384
2174
1924
1636
1319
985
635
273
-78
-407
-711
-994
-1248
-1466
-1626
-1740
-1808
-1827
-1796
-1728
-1630
-1496
-1329
-1141
-954
-740
-531
-320
-98
115
322
505
663
815
944
1044
1108
1149
1163
1150
1116
1056
985
902
812
710
605
504
411
315
221
144
73
11
-28
-59
-73
-67
-51
-14
31
84
151
215
280
353
422
496
556
614
670
713
751
770
773
747
679
582
446
263
38
-228
-529
-844
-1177
-1513
-1825
-2116
-2376
-2598
-2778
-2899
-2962
-2987
-2960
-2881
-2745
-2569
-2358
-2091
-1786
-1451
-1084
-701
-299
114
512
909
1294
1660
2001
2298
2558
2784
2951
3069
3141
3160
3125
3029
2885
2688
2434
2138
1812
1463
1081
687
291
-102
-491
-859
-1188
-1482
-1741
-1952
-2104
-2204
-2256
-2254
-2196
-2083
-1946
-1778
-1559
-1315
-1064
-811
-548
-266
8
270
529
770
991
1192
1359
1499
1611
1694
1732
1726
1690
1611
1492
1351
1183
989
781
566
358
158
-31
-190
-330
-433
-507
-555
-561
-545
-515
-460
-398
-330
-262
-205
-144
-88
-33
12
59
128
201
275
358
441
512
559
575
573
511
402
239
1
-277
-590
-935
-1283
-1638
-1995
-2317
-2583
-2790
-2928
-3016
-3024
-2962
-2844
-2657
-2422
-2141
-1822
-1480
-1112
-733
-348
58
458
845
1241
1626
1993
2347
2675
2973
3222
3417
3547
3621
3628
3555
3413
3201
2931
2595
2212
1798
1351
899
436
-14
-445
-852
-1219
-1538
-1809
-2044
-2222
-2346
-2432
-2476
-2475
-2433
-2340
-2209
-2028
-1807
-1558
-1276
-965
-624
-282
63
409
724
1017
1272
1480
1638
1745
1795
1787
1731
1632
1494
1321
1132
935
729
513
305
105
-88
-259
-405
-516
-603
-655
-688
-693
-666
-625
-559
-481
-399
-315
-225
-124
-23
76
177
284
393
505
630
745
858
945
1001
1026
1003
927
784
594
335
23
-330
-720
-1123
-1527
-1916
-2261
-2560
-2802
-2976
-3067
-3082
-3027
-2898
-2710
-2475
-2200
-1896
-1576
-1241
-894
-541
-181
185
569
959
1354
1749
2141
2526
2885
3218
3498
3712
3850
3913
3885
3756
3537
3226
2838
2387
1895
1369
842
319
-189
-665
-1113
-1510
-1858
-2162
-2413
-2615
-2771
-2888
-2942
-2936
-2889
-2790
-2625
-2411
-2145
-1822
-1456
-1046
-610
-166
283
710
1110
1472
1778
2022
2194
2302
2339
2306
2218
2069
1878
1658
1408
1148
874
603
340
90
-135
-336
-509
-653
-768
-855
-906
-917
-910
-876
-820
-740
-640
-528
-394
-253
-98
70
251
435
619
800
974
1136
1262
1359
1401
1392
1327
1189
994
727
395
15
-406
-850
-1292
-1726
-2143
-2516
-2837
-3093
-3280
-3402
-3444
-3425
-3337
-3184
-2971
-2708
-2411
-2065
-1687
-1281
-852
-397
69
536
996
1447
1893
2310
2696
3049
3358
3616
3807
3931
3992
3970
3867
3683
3414
3073
2660
2184
1670
1133
580
25
-513
-1013
-1466
-1866
-2199
-2459
-2653
-2784
-2844
-2841
-2776
-2654
-2489
-2282
-2040
-1773
-1463
-1126
-782
-412
-34
339
716
1067
1396
1692
1936
2129
2259
2319
2305
2227
2086
1870
1611
1321
1011
700
387
89
-176
-415
-614
-771
-893
-985
-1040
-1066
-1066
-1026
-973
-899
-798
-681
-548
-398
-234
-62
130
313
485
661
827
965
1078
1161
1195
1195
1152
1065
925
737
511
235
-81
-432
-804
-1184
-1575
-1959
-2313
-2631
-2902
-3109
-3257
-3322
-3325
-3262
-3110
-2901
-2631
-2309
-1940
-1542
-1127
-693
-244
202
640
1065
1469
1862
2229
2565
2873
3154
3393
3584
3719
3796
3813
3763
3639
3426
3142
2795
2374
1901
1399
867
322
-216
-733
-1197
-1607
-1970
-2267
-2502
-2666
-2760
-2811
-2798
-2728
-2615
-2455
-2237
-1983
-1686
-1354
-986
-589
-175
254
676
1083
1461
1792
2068
2278
2416
2467
2433
2330
2154
1914
1624
1311
977
642
319
9
-263
-511
-726
-899
-1035
-1133
-1196
-1222
-1213
-1178
-1120
-1036
-943
-826
-695
-560
-414
-269
-121
26
179
332
473
590
696
788
856
908
944
944
902
825
710
558
358
113
-178
-503
-835
-1182
-1534
-1864
-2156
-2409
-2610
-2748
-2815
-2805
-2746
-2631
-2456
-2237
-1977
-1685
-1365
-1014
-658
-294
84
463
846
1217
1574
1931
2279
2596
2879
3121
3323
3475
3563
3583
3532
3421
3234
2970
2653
2281
1860
1411
936
457
-12
-474
-910
-1293
-1638
-1942
-2194
-2386
-2528
-2630
-2670
-2658
-2605
-2502
-2352
-2148
-1898
-1614
-1288
-929
-541
-139
255
647
1001
1308
1567
1763
1897
1953
1939
1863
1730
1550
1341
1116
881
654
444
247
77
-77
-209
-321
-409
-476
-535
-581
-613
-629
-629
-615
-584
-540
-478
-409
-321
-219
-114
2
113
219
334
445
549
640
713
771
806
820
805
754
656
516
328
108
-136
-421
-712
-1011
-1301
-1582
-1844
-2058
-2239
-2375
-2458
-2489
-2480
-2413
-2306
-2163
-1967
-1754
-1517
-1256
-972
-674
-364
-38
295
635
969
1298
1619
1932
2227
2484
2706
2897
3035
3131
3176
3156
3082
2937
2732
2462
2139
1773
1366
925
474
14
-441
-870
-1271
-1624
-1935
-2197
-2392
-2523
-2587
-2587
-2521
-2386
-2205
-1973
-1696
-1391
-1062
-719
-369
-18
315
624
919
1167
1376
1550
1667
1735
1752
1719
1640
1517
1367
1185
984
782
576
375
192
22
-132
-249
-341
-408
-456
-479
-489
-491
-472
-445
-409
-365
-313
-258
-188
-109
-22
67
157
250
336
421
499
563
613
645
655
629
580
501
385
237
51
-154
-391
-647
-905
-1169
-1429
-1685
-1920
-2122
-2297
-2435
-2525
-2571
-2566
-2516
-2427
-2283
-2104
-1888
-1631
-1353
-1053
-739
-404
-60
293
645
988
1325
1648
1945
2224
2479
2696
2885
3019
3104
3144
3122
3044
2908
2707
2453
2145
1788
1406
993
568
138
-286
-677
-1053
-1382
-1656
-1889
-2063
-2180
-2246
-2250
-2208
-2123
-1984
-1811
-1596
-1347
-1074
-776
-468
-146
175
485
787
1052
1289
1485
1633
1750
1809
1808
1775
1695
1575
1429
1261
1070
870
681
493
320
164
9
-115
-233
-342
-433
-503
-560
-608
-636
-657
-652
-634
-605
-555
-503
-441
-373
-296
-219
-145
-75
-14
44
96
135
144
144
130
83
21
-70
-183
-322
-504
-706
-913
-1134
-1355
-1575
-1784
-1963
-2128
-2253
-2327
-2355
-2334
-2261
-2142
-1970
-1760
-1531
-1271
-979
-679
-372
-59
252
572
880
1177
1476
1764
2030
2282
2520
2729
2901
3038
3138
3189
3179
3122
3008
2831
2602
2315
1977
1601
1203
780
358
-61
-469
-846
-1193
-1491
-1742
-1942
-2079
-2170
-2195
-2175
-2111
-1983
-1826
-1633
-1402
-1148
-877
-590
-292
-4
274
540
775
995
1169
1296
1398
1461
1475
1450
1385
1286
1158
1003
836
657
474
293
110
-59
-207
-336
-445
-536
-603
-654
-691
-704
-705
-697
-672
-645
-615
-574
-536
-481
-421
-352
-274
-201
-111
-21
65
155
232
292
334
344
331
292
211
96
-51
-225
-424
-640
-867
-1088
-1296
-1495
-1667
-1811
-1919
-1981
-2003
-1988
-1930
-1838
-1703
-1529
-1335
-1112
-863
-599
-318
-29
265
565
854
1141
1424
1685
1938
2180
2394
2590
2750
2867
2954
2988
2974
2909
2787
2605
2375
2097
1773
1413
1038
647
252
-142
-519
-859
-1164
-1440
-1681
-1863
-2003
-2110
-2161
-2167
-2135
-2063
-1959
-1815
-1631
-1420
-1176
-902
-623
-335
-39
251
528
776
989
1174
1308
1395
1437
1424
1372
1286
1163
1018
863
695
530
370
211
70
-58
-174
-270
-348
-409
-456
-494
-519
-525
-520
-510
-493
-466
-431
-393
-340
-285
-221
-141
-59
21
110
194
277
348
397
432
426
392
337
233
108
-44
-230
-422
-627
-836
-1039
-1238
-1411
-1568
-1704
-1803
-1872
-1905
-1909
-1880
-1808
-1703
-1577
-1418
-1226
-1006
-772
-523
-260
17
301
591
878
1161
1444
1710
1966
2203
2412
2599
2749
2866
2939
2963
2941
2863
2724
2543
2306
2002
1657
1289
897
470
42
-369
-762
-1129
-1468
-1751
-1979
-2158
-2293
-2365
-2380
-2345
-2268
-2148
-1975
-1777
-1554
-1316
-1059
-782
-519
-250
16
270
510
725
924
1086
1208
1303
1361
1379
1366
1321
1258
1180
1073
950
836
724
606
482
364
258
148
35
-76
-167
-258
-353
-429
-492
-536
-564
-573
-563
-532
-495
-441
-363
-280
-189
-88
0
83
165
227
274
292
291
257
188
104
-15
-167
-339
-531
-733
-950
-1162
-1361
-1545
-1712
-1850
-1944
-1996
-2013
-1988
-1910
-1799
-1649
-1474
-1272
-1039
-797
-541
-270
5
279
555
823
1100
1370
1622
1871
2107
2330
2527
2708
2859
2958
3012
3022
2975
2869
2714
2502
2235
1915
1552
1161
746
313
-119
-546
-955
-1336
-1664
-1950
-2196
-2378
-2512
-2587
-2593
-2551
-2450
-2303
-2112
-1880
-1622
-1339
-1040
-741
-443
-145
128
390
624
826
1015
1157
1274
1360
1418
1451
1445
1418
1365
1290
1189
1068
937
803
656
507
370
233
105
-16
-125
-222
-309
-379
-445
-497
-530
-558
-574
-576
-570
-552
-525
-489
-435
-372
-295
-216
-129
-29
59
139
204
244
263
256
217
146
36
-97
-246
-425
-615
-812
-1005
-1175
-1334
-1470
-1566
-1635
-1670
-1674
-1645
-1574
-1488
-1382
-1246
-1089
-903
-705
-485
-244
5
262
543
829
1117
1416
1702
1984
2246
2479
2684
2846
2970
3030
3032
2973
2845
2661
2412
2107
1754
1362
940
504
64
-369
-790
-1187
-1543
-1867
-2144
-2360
-2522
-2629
-2696
-2702
-2652
-2557
-2417
-2237
-2007
-1760
-1490
-1193
-884
-557
-225
103
423
733
1010
1256
1469
1634
1773
1866
1906
1908
1871
1801
1697
1573
1427
1258
1083
903
719
541
363
181
15
-144
-304
-438
-555
-664
-753
-812
-844
-855
-837
-788
-720
-633
-522
-408
-279
-145
-29
88
200
298
375
436
465
474
444
372
289
159
0
-184
-393
-604
-833
-1064
-1282
-1487
-1674
-1832
-1946
-2022
-2064
-2071
-2019
-1915
-1786
-1627
-1431
-1206
-965
-712
-439
-163
111
400
688
973
1257
1540
1815
2071
2320
2548
2742
2902
3017
3079
3099
3053
2927
2748
2509
2196
1827
1419
967
497
15
-466
-923
-1339
-1715
-2037
-2286
-2473
-2604
-2665
-2658
-2601
-2507
-2373
-2192
-1982
-1754
-1506
-1239
-949
-650
-353
-50
259
554
831
1078
1303
1498
1653
1765
1841
1878
1871
1839
1773
1678
1550
1393
1224
1038
836
628
418
212
10
-177
-341
-484
-607
-708
-788
-834
-862
-874
-858
-827
-781
-723
-646
-560
-456
-340
-217
-75
69
212
342
465
577
645
682
674
611
505
353
154
-82
-350
-634
-920
-1196
-1456
-1692
-1905
-2069
-2184
-2260
-2298
-2297
-2241
-2151
-2028
-1855
-1652
-1417
-1153
-868
-562
-241
89
433
782
1136
1490
1833
2160
2466
2753
2995
3191
3339
3433
3462
3417
3301
3127
2884
2570
2202
1795
1343
873
391
-99
-578
-1035
-1450
-1823
-2151
-2422
-2634
-2786
-2878
-2904
-2870
-2778
-2642
-2466
-2237
-1973
-1682
-1358
-1021
-671
-308
48
410
757
1083
1380
1647
1871
2038
2159
2220
2227
2188
2100
1963
1791
1594
1378
1148
905
663
432
211
5
-181
-357
-518
-654
-773
-877
-955
-1017
-1059
-1074
-1069
-1033
-970
-888
-773
-652
-524
-382
-235
-88
45
176
298
396
475
521
548
545
500
421
315
180
12
-178
-385
-604
-831
-1061
-1278
-1481
-1671
-1832
-1953
-2039
-2086
-2090
-2053
-1971
-1841
-1680
-1480
-1235
-964
-669
-357
-24
318
664
1014
1349
1677
1991
2277
2538
2762
2948
3092
3181
3213
3183
3099
2962
2759
2494
2179
1830
1442
1020
579
136
-309
-749
-1156
-1525
-1860
-2156
-2405
-2585
-2714
-2794
-2808
-2772
-2678
-2542
-2358
-2120
-1846
-1541
-1205
-846
-474
-96
280
634
962
1258
1511
1723
1884
2002
2070
2088
2056
1991
1890
1754
1595
1428
1240
1036
834
628
431
227
38
-129
-283
-421
-531
-619
-698
-758
-794
-817
-826
-824
-820
-795
-761
-718
-666
-603
-531
-454
-363
-263
-157
-57
37
132
208
260
290
297
264
187
84
-49
-212
-397
-592
-793
-994
-1176
-1344
-1477
-1577
-1650
-1687
-1688
-1653
-1587
-1487
-1357
-1200
-1022
-836
-625
-392
-150
94
347
610
867
1122
1372
1614
1839
2043
2222
2369
2485
2557
2584
2567
2509
2412
2262
2062
1823
1555
1258
929
585
232
-123
-469
-814
-1134
-1420
-1683
-1910
-2092
-2211
-2288
-2325
-2300
-2226
-2111
-1960
-1756
-1524
-1271
-990
-704
-399
-94
208
510
799
1073
1312
1530
1719
1854
1951
2007
2011
1979
1900
1776
1620
1433
1226
1009
788
565
347
133
-58
-230
-381
-517
-630
-725
-803
-864
-916
-955
-987
-1009
-1021
-1018
-1000
-974
-925
-857
-767
-668
-557
-424
-287
-157
-24
100
205
282
334
367
366
332
270
180
76
-52
-201
-354
-505
-664
-818
-961
-1097
-1220
-1334
-1420
-1476
-1515
-1527
-1505
-1445
-1346
-1212
-1047
-840
-611
-359
-91
186
476
745
1008
1273
1514
1733
1933
2112
2265
2378
2454
2498
2499
2458
2368
2233
2069
1861
1618
1344
1039
716
383
47
-294
-631
-932
-1213
-1471
-1682
-1862
-1992
-2079
-2121
-2111
-2053
-1955
-1813
-1627
-1410
-1167
-906
-625
-340
-53
233
504
758
987
1197
1378
1512
1615
1689
1718
1711
1669
1596
1494
1364
1216
1048
868
668
468
267
58
-135
-317
-492
-660
-808
-928
-1026
-1104
-1158
-1179
-1181
-1161
-1122
-1072
-998
-903
-798
-678
-558
-432
-295
-160
-26
102
220
325
407
469
509
531
527
491
423
339
229
84
-65
-223
-398
-573
-744
-909
-1060
-1197
-1319
-1409
-1474
-1507
-1501
-1465
-1391
-1288
-1160
-991
-797
-588
-361
-132
111
361
600
833
1063
1281
1482
1666
1828
1979
2105
2192
2260
2283
2265
2211
2112
1972
1774
1547
1293
992
672
358
36
-279
-595
-884
-1132
-1356
-1551
-1693
-1786
-1835
-1846
-1816
-1729
-1609
-1462
-1288
-1087
-871
-650
-415
-172
70
310
540
754
953
1127
1273
1391
1476
1532
1552
1538
1497
1432
1334
1211
1070
908
731
542
351
162
-22
-203
-378
-537
-690
-823
-939
-1029
-1096
-1150
-1169
-1173
-1158
-1127
-1072
-993
-915
-822
-717
-607
-497
-378
-260
-147
-35
72
178
269
355
427
479
518
532
514
468
398
291
162
13
-149
-323
-517
-704
-880
-1036
-1167
-1277
-1338
-1366
-1363
-1322
-1242
-1138
-1014
-868
-717
-547
-374
-203
-28
141
316
489
661
844
1024
1201
1377
1544
1703
1849
1969
2060
2115
2139
2109
2033
1915
1750
1537
1278
995
695
376
48
-264
-553
-823
-1062
-1264
-1411
-1516
-1583
-1609
-1598
-1547
-1473
-1375
-1250
-1106
-948
-776
-593
-398
-193
19
234
445
652
841
1010
1162
1273
1353
1397
1412
1390
1336
1250
1143
1015
861
693
512
333
142
-45
-219
-387
-542
-679
-786
-872
-936
-975
-991
-977
-956
-926
-869
-806
-747
-683
-605
-523
-444
-355
-260
-157
-46
68
195
317
431
535
618
680
699
690
639
547
418
250
56
-158
-380
-609
-836
-1044
-1215
-1361
-1478
-1553
-1595
-1610
-1599
-1551
-1488
-1398
-1293
-1178
-1039
-887
-737
-575
-398
-212
-11
204
436
673
917
1168
1419
1659
1884
2086
2250
2367
2444
2474
2442
2352
2202
2004
1765
1499
1209
894
569
262
-35
-317
-574
-799
-981
-1134
-1255
-1337
-1373
-1386
-1370
-1314
-1226
-1115
-987
-833
-668
-488
-290
-86
128
336
535
727
903
1055
1180
1279
1349
1380
1367
1324
1240
1119
981
814
625
433
233
28
-173
-354
-521
-680
-821
-937
-1035
-1120
-1190
-1239
-1272
-1289
-1285
-1265
-1223
-1159
-1074
-963
-832
-683
-525
-358
-178
-3
171
335
481
612
710
788
830
842
825
766
680
562
420
270
100
-86
-276
-468
-651
-826
-993
-1138
-1265
-1367
-1438
-1496
-1529
-1536
-1518
-1477
-1415
-1329
-1230
-1099
-945
-774
-561
-341
-93
178
449
736
1027
1318
1594
1839
2064
2259
2400
2497
2549
2544
2492
2387
2237
2053
1838
1598
1339
1064
783
500
220
-53
-308
-537
-754
-942
-1090
-1216
-1303
-1355
-1375
-1345
-1292
-1216
-1106
-972
-819
-649
-475
-291
-102
83
263
426
580
718
835
935
1003
1042
1051
1026
979
904
798
671
519
363
192
9
-164
-345
-512
-666
-811
-931
-1031
-1111
-1166
-1202
-1215
-1203
-1174
-1132
-1068
-986
-895
-786
-662
-525
-377
-220
-67
83
240
381
507
613
695
766
808
812
798
766
701
613
518
402
262
108
-58
-233
-423
-621
-816
-997
-1171
-1335
-1468
-1582
-1658
-1697
-1710
-1675
-1594
-1481
-1342
-1169
-961
-736
-493
-240
26
298
559
824
1082
1333
1571
1783
1981
2148
2286
2393
2457
2480
2473
2420
2318
2176
1992
1778
1530
1251
953
641
324
6
-299
-584
-835
-1054
-1241
-1384
-1485
-1541
-1553
-1532
-1480
-1395
-1280
-1140
-983
-809
-628
-433
-244
-54
137
310
475
618
740
841
926
977
989
977
926
859
764
646
512
358
208
44
-124
-272
-412
-545
-665
-769
-851
-918
-969
-995
-1009
-997
-965
-927
-863
-788
-691
-590
-478
-350
-223
-88
35
159
279
386
489
576
640
687
715
729
718
688
637
568
476
365
238
91
-60
-221
-389
-555
-721
-878
-1022
-1152
-1275
-1360
-1418
-1468
-1491
-1485
-1448
-1369
-1272
-1160
-1022
-862
-680
-484
-277
-66
157
380
595
818
1027
1233
1415
1561
1704
1820
1904
1962
1970
1956
1920
1842
1745
1610
1446
1270
1082
877
654
435
218
14
-182
-367
-521
-647
-760
-847
-900
-918
-914
-903
-862
-800
-730
-647
-566
-469
-369
-268
-155
-43
64
163
257
340
407
458
483
487
466
429
374
298
217
131
32
-61
-146
-235
-324
-396
-454
-501
-538
-569
-586
-590
-586
-571
-543
-496
-447
-384
-317
-244
-165
-88
-3
75
150
221
287
346
389
421
449
466
462
449
416
372
315
242
163
78
-16
-116
-229
-344
-455
-576
-688
-803
-904
-988
-1076
-1138
-1185
-1213
-1217
-1213
-1187
-1140
-1065
-971
-870
-743
-593
-440
-277
-97
87
275
458
635
812
984
1143
1292
1426
1533
1623
1689
1728
1739
1716
1679
1604
1515
1413
1278
1124
958
788
618
437
258
93
-67
-216
-352
-461
-562
-645
-709
-753
-773
-784
-772
-735
-693
-638
-574
-498
-411
-323
-234
-139
-54
27
105
174
236
286
328
347
363
360
345
326
278
245
199
134
69
3
-67
-142
-206
-274
-331
-385
-427
-467
-494
-514
-531
-522
-517
-501
-469
-423
-370
-318
-259
-193
-131
-67
-7
52
108
152
196
231
247
252
256
239
201
162
104
37
-28
-115
-218
-310
-409
-515
-606
-704
-786
-845
-899
-945
-965
-970
-957
-915
-866
-802
-724
-632
-513
-395
-270
-130
16
170
314
459
610
763
898
1021
1141
1245
1346
1414
1442
1476
1497
1490
1463
1392
1311
1223
1113
1001
851
688
533
377
220
56
-89
-227
-358
-464
-557
-632
-687
-727
-753
-761
-742
-713
-677
-631
-583
-524
-453
-383
-314
-244
-167
-98
-27
44
104
153
187
218
228
217
202
176
140
84
26
-26
-78
-135
-179
-211
-247
-256
-269
-268
-253
-240
-216
-200
-175
-146
-122
-104
-87
-65
-46
-30
-10
7
29
59
81
108
142
174
211
241
250
258
259
241
223
187
135
78
4
-79
-171
-279
-375
-473
-581
-678
-769
-841
-894
-944
-964
-971
-962
-923
-880
-818
-735
-647
-542
-428
-312
-185
-40
106
248
407
554
699
842
970
1089
1201
1297
1373
1438
1476
1490
1485
1462
1413
1337
1244
1129
992
842
682
511
337
155
-19
-177
-320
-444
-546
-631
-698
-739
-772
-779
-782
-768
-735
-706
-659
-607
-548
-480
-409
-326
-242
-160
-75
18
109
191
264
326
371
396
400
382
348
296
240
175
101
31
-30
-84
-127
-154
-178
-197
-199
-204
-196
-191
-187
-170
-158
-147
-140
-127
-119
-110
-96
-81
-64
-43
-18
1
23
44
62
69
68
62
33
7
-29
-68
-110
-159
-203
-251
-304
-352
-392
-439
-480
-526
-572
-593
-626
-668
-702
-722
-714
-710
-699
-673
-630
-560
-482
-400
-300
-200
-91
33
155
281
403
522
624
714
808
893
977
1039
1081
1131
1163
1183
1185
1143
1104
1045
970
879
759
638
512
383
253
110
-12
-125
-229
-313
-391
-443
-488
-524
-540
-549
-538
-518
-502
-480
-454
-414
-367
-327
-283
-229
-168
-107
-49
0
47
89
125
152
164
171
167
147
129
102
78
54
28
13
-6
-24
-36
-53
-64
-71
-90
-102
-104
-120
-127
-128
-137
-139
-142
-140
-139
-124
-103
-84
-56
-32
-5
18
38
61
77
81
72
68
53
29
1
-26
-57
-95
-136
-180
-224
-272
-317
-359
-405
-447
-484
-510
-529
-550
-559
-564
-551
-528
-507
-475
-429
-379
-312
-240
-161
-73
14
110
201
303
407
497
587
677
764
843
907
965
1009
1043
1056
1058
1046
1013
966
897
824
743
645
540
431
312
191
77
-36
-146
-250
-347
-426
-496
-550
-578
-599
-608
-605
-586
-554
-515
-474
-425
-368
-310
-246
-180
-122
-61
0
53
99
136
171
192
211
224
222
212
198
184
165
134
104
78
55
26
-3
-22
-39
-59
-79
-92
-94
-101
-112
-120
-123
-134
-141
-147
-149
-145
-137
-132
-124
-105
-103
-95
-77
-58
-40
-38
-38
-41
-43
-53
-73
-93
-127
-165
-195
-226
-257
-291
-320
-338
-366
-377
-381
-390
-385
-386
-376
-355
-333
-302
-279
-246
-185
-137
-95
-46
9
76
123
172
219
253
289
326
370
410
449
484
498
507
521
533
540
519
496
482
454
428
389
341
303
261
214
164
118
70
21
-24
-63
-99
-134
-169
-187
-200
-211
-203
-205
-208
-196
-184
-166
-142
-126
-105
-82
-56
-41
-26
0
15
28
38
47
61
68
64
76
72
56
47
32
26
14
1
-11
-21
-31
-42
-50
-57
-63
-71
-80
-82
-78
-80
-76
-67
-54
-42
-37
-29
-23
-22
-23
-21
-14
-3
3
7
4
-3
-10
-20
-35
-60
-86
-107
-128
-156
-176
-202
-233
-254
-274
-292
-301
-309
-303
-305
-314
-291
-271
-256
-238
-222
-199
-172
-138
-99
-63
-27
8
50
94
131
176
219
258
302
340
380
413
443
466
491
516
525
541
549
541
526
508
488
454
421
388
342
286
238
187
129
72
17
-40
-93
-132
-164
-191
-212
-231
-234
-233
-232
-216
-207
-196
-183
-168
-144
-124
-105
-89
-68
-52
-37
-20
-8
3
12
19
23
20
27
30
26
24
16
13
5
-8
-21
-30
-39
-44
-54
-63
-62
-71
-74
-78
-83
-74
-79
-85
-81
-79
-71
-62
-64
-64
-54
-54
-47
-41
-37
-30
-35
-50
-61
-80
-106
-124
-154
-184
-212
-248
-271
-292
-310
-319
-325
-316
-305
-299
-283
-265
-231
-195
-163
-125
-89
-47
-6
31
66
100
135
166
195
226
240
259
275
281
290
297
294
287
276
266
253
233
222
207
186
176
168
157
140
132
125
113
107
97
84
74
67
56
49
46
37
34
24
14
7
0
1
5
6
0
5
6
-1
-5
-12
-8
-11
-31
-41
-48
-54
-56
-63
-64
-72
-76
-73
-73
-70
-71
-60
-50
-47
-40
-35
-32
-23
-23
-18
-11
-6
0
7
15
20
24
25
23
26
22
5
-2
-14
-29
-44
-61
-69
-77
-94
-108
-115
-127
-143
-157
-173
-179
-180
-190
-192
-196
-199
-198
-198
-195
-189
-178
-164
-148
-134
-111
-85
-63
-43
-19
1
23
49
67
87
104
120
139
146
160
177
188
197
195
195
191
185
188
184
178
166
162
160
155
145
138
137
138
143
144
145
147
151
150
157
159
154
156
148
140
139
129
120
110
104
102
90
80
72
59
44
33
19
5
-14
-31
-47
-65
-86
-97
-104
-114
-119
-121
-127
-129
-129
-134
-128
-128
-124
-126
-121
-108
-108
-96
-88
-79
-68
-56
-47
-36
-21
-13
-1
9
13
17
14
13
8
4
-10
-17
-24
-36
-45
-57
-66
-77
-83
-93
-95
-99
-92
-92
-98
-95
-91
-87
-83
-74
-76
-71
-62
-55
-43
-37
-23
-13
-15
-5
3
3
3
11
14
16
10
12
18
19
21
16
14
18
17
13
17
22
23
33
31
33
47
49
56
64
68
78
83
90
91
94
97
97
95
92
93
94
91
90
92
84
78
73
65
59
50
38
35
29
22
12
1
1
-7
-8
-12
-14
-16
-25
-30
-32
-30
-31
-33
-33
-30
-29
-27
-33
-30
-23
-26
-23
-21
-16
-11
-11
-14
-9
-9
-4
1
-1
3
5
5
5
3
-5
-11
-6
-6
-8
-11
-17
-25
-34
-36
-43
-58
-66
-70
-71
-74
-77
-78
-76
-79
-85
-90
-92
-95
-90
-89
-92
-88
-82
-83
-80
-68
-61
-53
-43
-36
-26
-16
-9
-4
0
10
10
9
15
18
17
22
25
23
26
29
33
39
38
45
55
60
67
75
78
79
83
90
93
92
104
118
126
126
129
133
140
145
144
143
145
139
132
129
124
114
102
93
82
74
65
57
48
43
36
23
8
-1
-8
-25
-32
-36
-47
-50
-53
-62
-70
-71
-66
-68
-66
-68
-67
-58
-63
-62
-62
-62
-53
-45
-39
-36
-39
-41
-41
-38
-32
-27
-29
-39
-41
-34
-36
-39
-44
-44
-39
-45
-47
-50
-56
-60
-56
-56
-55
-55
-56
-61
-63
-58
-54
-44
-38
-33
-20
-15
-13
-11
-10
-9
-5
-4
9
11
5
12
17
20
23
31
31
31
31
32
35
26
23
23
24
19
18
10
4
-2
-6
3
0
-2
-1
5
9
8
14
19
16
19
22
26
25
27
37
32
41
47
53
59
58
62
65
64
60
56
54
51
49
40
34
28
18
16
12
7
3
-3
-3
0
-7
-13
-19
-23
-31
-35
-36
-37
-33
-31
-26
-30
-32
-29
-24
-25
-24
-21
-19
-13
-9
-9
-12
-11
-10
-15
-15
-15
-18
-19
-27
-24
-23
-23
-23
-27
-33
-41
-37
-45
-50
-56
-54
-47
-49
-45
-44
-44
-45
-42
-39
-28
-20
-16
-3
-2
-9
-8
-4
-6
-5
3
7
8
10
14
16
10
11
18
15
12
10
17
13
2
0
-5
-8
-5
-7
-11
-15
-16
-11
-8
-6
1
7
10
17
16
27
36
36
39
44
47
44
49
52
63
71
70
78
84
85
82
80
77
72
63
59
55
54
46
37
31
28
29
15
1
-1
-8
-21
-24
-27
-33
-35
-38
-34
-35
-31
-23
-28
-28
-23
-19
-13
-15
-19
-14
-10
-12
-9
-8
-14
-19
-22
-22
-25
-23
-22
-26
-22
-19
-16
-23
-26
-24
-33
-36
-40
-44
-48
-46
-44
-42
-48
-56
-48
-49
-41
-44
-39
-25
-22
-14
-9
-6
-1
-3
-3
1
-1
4
6
1
7
11
18
14
16
31
27
26
21
21
16
16
20
14
17
13
8
2
2
1
-4
-4
-3
0
2
2
7
8
4
7
6
10
15
14
13
14
15
13
15
18
20
20
20
23
24
27
33
30
24
17
10
11
11
7
15
15
8
10
5
2
-3
-12
-11
-14
-15
-21
-25
-18
-17
-22
-22
-17
-16
-13
-13
-12
-11
-9
-13
-6
-3
-7
-4
-7
-6
-4
-11
-9
1
-1
7
9
2
4
0
-8
-8
-16
-16
-11
-18
-24
-22
-18
-14
-13
-18
-19
-16
-15
-15
-12
-7
-2
0
-6
-5
-2
-5
-3
-8
-2
-1
1
7
6
5
6
10
11
13
10
9
7
6
10
10
3
-3
-4
-4
-5
-2
1
-4
-7
-7
-1
6
1
-4
-2
-1
-4
-4
-4
-4
-1
7
11
15
20
18
14
19
21
19
26
25
21
16
16
19
15
15
11
15
11
2
3
0
1
1
-2
-7
-10
-7
-12
-17
-17
-24
-14
-10
-14
-6
-4
-9
-7
-3
-6
-4
-5
-5
-4
-5
2
1
-3
5
8
-1
-3
-6
-3
-3
-5
-1
-8
-12
-11
-10
-11
-12
-8
-10
-14
-17
-14
-11
-9
-10
-11
-10
-13
-15
-13
-8
-8
-10
-12
-13
-4
-1
-2
-1
3
3
5
6
3
5
7
10
5
-2
-3
-5
-6
-6
-5
-1
-1
-2
-5
0
5
2
0
-3
0
-2
-4
-4
-3
-3
-6
0
3
2
12
16
10
13
15
15
19
18
13
15
19
20
21
19
16
13
18
20
18
18
13
15
15
10
13
3
-6
-8
-12
-8
-9
-8
-10
-13
-11
-15
-16
-17
-18
-18
-21
-17
-10
-11
-13
-11
-14
-14
-7
-5
-3
-1
-2
-3
-5
1
5
2
-1
1
1
3
-1
-5
-5
-9
-9
-8
-1
-3
-3
-7
-12
-8
-8
-6
-10
-10
-4
-4
-7
-6
-3
-1
-1
6
6
5
8
4
4
4
3
3
1
-1
2
0
-3
3
4
2
2
3
-1
4
6
-1
3
2
-1
-3
-5
-4
-9
-15
-19
-20
-12
-12
-10
-7
-7
-4
-10
-7
1
5
9
5
12
12
14
20
15
8
8
7
7
11
17
21
18
12
8
6
8
1
4
5
6
8
2
-1
-6
-2
-4
-8
-5
-3
-2
-4
-2
4
4
-4
-2
-1
-6
-5
-4
-3
-3
-2
0
-3
-1
0
2
7
1
7
9
9
8
4
4
0
-4
-8
-11
-12
-10
-11
-13
-14
-19
-19
-15
-12
-12
-14
-13
-11
-7
-5
-11
-11
-7
-4
-7
-7
-10
-6
4
6
6
2
2
0
-1
1
0
-2
-1
1
-4
-7
-3
-6
-8
-8
-3
-3
-1
4
-3
-2
2
4
-3
-3
1
-2
-4
-2
3
5
10
8
10
10
13
13
14
18
15
18
16
14
12
12
11
5
7
11
11
15
13
9
5
2
-1
-2
4
1
-3
-10
-12
-9
-9
-9
-11
-13
-16
-9
-10
-10
-12
-14
-10
-15
-15
-10
-3
0
-5
-5
1
-3
-2
0
4
6
4
6
1
-3
3
8
4
5
6
5
0
-6
-1
-2
1
4
0
4
8
5
3
5
-2
-5
-5
-9
-10
-6
-4
-3
-4
-3
-3
-5
-5
1
-2
-3
3
-1
-1
-2
-8
-7
-8
-4
-6
-9
-7
-4
-2
-3
-5
-6
-9
-9
-2
-8
-10
-6
-6
2
-2
-4
1
-1
-4
-5
-3
-1
5
4
2
4
0
-4
-3
5
4
3
13
13
17
19
16
16
16
16
17
14
13
13
9
7
9
11
4
2
2
0
-4
-12
-9
-4
-1
-2
-6
-10
-16
-17
-9
-13
-16
-15
-14
-11
-5
-2
0
7
0
-5
2
2
5
4
7
8
6
9
8
9
11
6
-1
0
1
1
-1
-5
-3
-4
0
2
-5
-6
-7
-11
-17
-11
-7
-6
-8
-3
-3
-8
-5
-2
-1
1
4
4
6
2
1
-1
-2
4
0
3
6
6
3
0
-6
0
4
1
-1
-5
-7
-8
-9
-10
-3
-13
-12
0
-3
-3
-5
-2
-4
-7
-12
-13
-6
-2
1
3
3
-1
1
-2
-8
-3
-1
5
4
3
11
13
8
3
-2
-5
-4
-3
-2
2
6
8
4
5
6
6
8
7
14
19
15
19
15
12
8
-3
-2
-4
-6
1
3
4
8
12
9
9
8
5
4
4
9
6
4
6
0
-5
-5
-4
-1
1
-3
-2
2
-1
-3
-4
-2
-5
-7
-7
-12
-16
-14
-10
-14
-22
-23
-23
-19
-17
-15
-2
-4
-6
2
-1
-4
-7
-12
-9
-10
-13
-14
-13
-10
-9
-5
-2
-4
-7
-7
-6
-5
-1
2
2
-6
1
-3
-6
2
5
8
8
7
10
14
13
15
14
12
8
6
9
5
3
8
10
10
16
16
12
12
14
16
10
9
7
8
6
1
8
12
10
10
12
11
9
5
4
4
-1
-3
-4
-4
-1
-4
-9
-10
-15
-17
-17
-18
-18
-15
-11
-12
-5
-12
-16
-14
-22
-15
-9
-14
-11
-4
-3
-5
-1
4
2
-5
4
4
4
10
4
6
5
5
5
2
1
2
3
-3
3
-1
-5
3
2
-3
-11
-6
-4
-11
-8
-5
-1
-4
-3
-2
-7
0
-1
2
1
-1
-1
-2
-2
0
7
6
3
8
8
5
6
6
2
6
5
3
7
5
9
9
10
7
7
9
10
9
9
9
5
2
-4
-4
-5
-4
-5
-4
-5
-3
-5
-5
-6
-7
-4
-3
-1
-1
-2
-3
3
-3
-2
-1
-7
-7
-7
-4
-1
2
4
3
2
7
2
2
9
4
-1
-1
-6
-13
-15
-12
-14
-15
-14
-9
-5
-7
-3
-6
-7
-5
-4
3
4
4
8
4
2
6
7
2
1
6
6
5
4
1
2
3
5
11
8
4
7
2
-1
1
0
4
2
-3
-6
-5
-3
-6
-5
-4
1
10
10
6
15
16
7
9
2
1
-4
-5
-4
-10
-2
0
3
8
8
11
9
8
6
4
4
0
-6
-6
-2
-3
-9
-17
-20
-24
-19
-16
-16
-9
-11
-10
-7
-7
-6
-6
-12
-12
-10
-9
-9
-12
-10
-4
-5
-8
1
4
7
10
12
15
11
9
10
17
13
4
1
2
3
1
2
8
10
11
9
7
2
2
-1
-3
1
1
1
1
5
2
1
7
4
4
13
13
12
14
11
9
5
1
4
3
-2
-2
0
3
4
7
2
3
6
4
2
0
2
-8
-13
-14
-18
-20
-19
-18
-20
-13
-9
-12
-7
-6
-1
6
5
-3
-7
-5
-10
-13
-14
-15
-8
-12
-18
-17
-10
-3
-2
3
2
-4
3
6
1
2
2
0
6
4
4
6
8
11
11
15
12
13
13
4
3
2
3
-1
-2
-1
3
9
3
10
5
1
6
3
6
8
5
1
-1
4
8
3
0
7
3
-2
-4
-2
-4
-5
-1
-6
-7
-6
-2
-1
-8
-1
0
-5
-5
-6
-8
-5
-3
-2
1
2
4
5
6
6
4
3
1
-4
-1
-2
2
4
-2
6
9
3
7
-3
0
5
-7
-9
-3
-7
-7
-7
-6
-3
-3
-3
-6
-11
-12
-11
-7
-4
-8
-6
-6
-6
-6
-5
-3
-1
-3
-5
3
6
4
2
2
-3
-1
4
4
9
8
10
10
10
13
10
11
8
2
0
3
1
2
-2
-3
-6
-7
-4
-3
2
3
4
-3
2
2
0
0
-2
0
0
2
-1
2
-2
-5
-9
-11
-4
1
-1
-1
2
2
5
1
2
4
5
-2
-7
-1
2
5
4
2
9
7
-4
-2
0
-7
-5
0
4
10
7
7
6
11
12
6
1
-8
-12
-5
-8
-8
-5
-6
-5
-2
-2
-4
0
-3
-3
3
1
-4
-5
-5
-5
-3
-6
-8
-14
-14
-13
-9
-11
-10
0
5
0
1
1
1
0
-3
0
-6
-4
2
-7
-7
0
-2
2
10
12
9
15
15
14
12
11
14
9
5
4
0
1
3
2
-1
0
6
4
7
11
8
-2
-9
-3
1
0
0
-4
-1
3
-4
2
9
2
-1
-2
1
3
-7
-6
-3
-9
-10
-10
-7
-5
-7
-10
-11
-7
-8
-10
-2
-3
-6
0
0
3
2
5
2
1
6
-2
3
0
-7
-3
-3
1
0
2
1
2
0
1
7
0
1
-4
-2
1
-9
-7
-1
5
6
8
15
6
3
2
1
-2
-6
3
0
0
5
3
2
2
3
0
4
7
6
9
2
4
8
5
1
1
-2
-6
-5
-3
1
-1
-1
2
1
0
0
-3
-1
-3
-7
-3
2
-5
-9
-8
-9
-10
-14
-9
-8
-4
-6
-3
4
0
0
4
3
0
-2
-5
-3
-2
-3
-3
2
1
6
12
4
3
7
-3
-4
-4
-5
-2
-3
2
4
5
4
1
1
5
3
3
1
-2
-2
-5
-4
0
6
4
2
5
4
2
3
6
5
4
9
7
2
9
5
0
-5
-5
1
4
7
4
3
8
9
1
-1
-3
-4
1
0
1
0
0
-4
-11
-3
-5
-10
-10
-13
-11
-9
-6
-3
0
0
-4
-3
-6
-10
-10
-12
-11
-10
-7
-7
-3
-4
-2
-1
-2
1
-3
-3
1
-2
-1
7
4
1
5
3
3
11
11
5
6
1
0
2
-1
8
6
3
7
8
14
14
10
15
10
7
9
11
11
7
7
7
9
3
1
4
1
-3
-8
-6
-6
-8
-5
-9
-10
-7
-9
-5
1
-1
0
3
2
-4
0
0
-4
-6
-8
-8
-9
-5
-7
-8
-2
-4
-11
-6
0
-2
4
3
2
2
-5
-7
-2
-4
-8
-10
-10
-8
-1
0
0
-2
-1
-3
-6
-6
-8
-3
-3
-3
0
0
-9
-10
-6
-1
3
1
7
13
16
18
15
11
7
3
-1
-3
2
5
10
14
13
11
14
21
20
10
15
16
9
8
4
7
5
-1
-1
-2
-6
0
5
-5
-3
0
-1
-4
-10
-9
-7
-7
-12
-14
-16
-13
-17
-15
-13
-14
-9
-6
-1
-2
1
2
-4
-5
-5
-8
-10
-11
-13
-7
-6
-5
-1
-4
-1
3
-1
4
2
2
6
1
3
1
-3
-4
-3
0
3
2
7
13
14
16
18
14
12
17
15
5
3
3
0
4
0
-1
2
-4
-2
-3
0
4
0
0
-2
-4
-6
-4
-7
-10
-10
-11
-5
-2
-1
-1
0
0
2
1
3
2
2
0
-3
0
-1
-2
3
2
1
4
-1
-1
0
0
0
-1
-3
0
-2
-8
-8
0
-1
0
4
-3
-3
1
0
1
5
3
3
2
2
4
0
2
4
1
-1
-1
3
5
7
6
8
3
-1
-2
-5
-7
-6
-9
-13
-12
-5
-2
-3
2
0
-3
-3
0
4
1
1
1
0
-2
-7
-4
2
-1
6
3
-1
3
2
6
8
8
9
12
13
11
0
-2
0
-5
-1
-3
-3
-2
-5
-8
-13
-12
-12
-13
-9
-7
-6
-5
-2
-7
-6
0
-6
-2
-1
3
2
-7
-4
1
0
2
9
4
5
9
6
4
5
5
7
11
9
11
6
4
-1
-3
-3
-3
-4
-5
0
2
2
7
9
10
10
7
8
5
1
3
2
1
1
3
0
-1
-1
-2
-2
-2
2
-1
-1
-3
-5
-1
-3
-4
-2
-3
-3
-6
-11
-7
-7
-11
-10
-14
-17
-21
-19
-15
-16
-15
-12
-11
-9
-2
-3
4
6
2
4
4
7
2
3
4
5
8
6
15
18
18
20
21
24
23
15
14
11
7
7
4
-3
-1
5
-1
0
2
-1
0
-1
1
0
-3
0
2
-5
-10
-8
-6
-8
-9
-7
-11
-6
-11
-13
-8
-12
-2
-2
-1
2
-3
-4
-13
-19
-15
-16
-15
-9
-7
-7
-5
-3
1
0
4
8
8
6
3
4
-2
-3
4
-2
3
7
5
7
4
4
6
8
8
13
22
21
21
20
15
14
4
1
4
3
4
3
-4
-3
-4
-4
-2
-1
-2
-2
-5
-7
-6
-5
-7
-6
-2
-3
0
-2
-6
-3
-4
-2
-1
-5
-4
-5
-2
-10
-7
0
-5
-6
-3
-5
-2
-2
-5
1
3
3
3
3
2
1
-2
-6
-5
-6
-5
0
0
4
4
6
5
-1
0
-7
-8
-1
-2
7
2
0
3
-3
-1
-2
1
5
0
2
5
7
10
8
5
0
-4
-6
-4
-6
-6
3
4
4
5
0
1
0
-2
-3
-6
0
2
2
0
1
6
0
2
2
1
5
0
1
2
2
3
10
13
11
9
9
8
5
5
3
2
-2
2
1
-7
-1
2
4
-6
-6
-3
-3
-1
-7
-8
-6
-11
-10
-7
-8
-9
-2
-6
-8
-5
-9
-8
-12
-14
-12
-8
-4
-2
-3
0
4
5
6
4
9
11
5
3
10
5
1
5
2
-3
-1
1
3
1
0
-4
-2
3
1
-1
6
6
6
8
7
11
8
7
2
-1
2
3
-3
-9
-2
-5
-8
-5
-9
-6
-8
-4
3
3
3
0
0
0
-4
-4
-3
-2
2
3
4
3
2
4
5
3
-5
-10
-8
-14
-11
-6
-8
-10
-11
-7
-1
1
7
4
6
6
8
15
10
13
10
10
14
14
10
7
8
9
10
8
1
0
0
0
-5
-3
-3
-5
-7
-8
-7
-9
-10
-7
-8
-6
-6
-5
0
-3
-7
-8
-12
-15
-8
-3
-5
0
1
-5
-2
-3
-3
6
7
12
15
13
16
15
11
5
-4
-4
-5
-9
-6
2
4
-1
2
3
1
-2
0
-1
-7
4
-4
-11
-2
-10
-14
-11
-12
-11
-9
-7
-4
-1
4
5
7
9
4
4
2
0
3
4
5
0
0
7
11
11
11
13
11
7
2
5
8
0
1
3
-3
-3
0
0
-6
-10
-11
-10
-2
0
-3
3
1
-1
-3
-6
-4
-2
-6
-3
3
-4
-2
0
-2
3
8
11
6
3
3
-2
0
-4
-8
-1
0
0
-3
-6
-4
-1
0
-7
-3
1
2
3
-2
3
-2
-3
-3
-6
-4
-3
-3
-1
8
6
6
5
4
3
3
7
7
1
-4
2
0
0
2
-2
-8
-5
3
-3
1
4
0
4
4
0
1
-3
-5
-9
-13
-14
-16
-16
-11
-4
1
0
-1
6
7
2
2
3
2
2
0
3
11
5
1
6
6
5
2
3
7
12
9
6
8
3
4
-3
-9
-7
-5
-3
-3
-3
-2
-4
-9
-5
-4
-9
-5
-3
-1
-3
-4
-1
-3
-1
0
1
2
1
-1
1
10
11
8
10
8
12
19
14
7
7
5
0
3
1
-4
-3
-3
-1
3
-1
-2
-2
-2
-2
-7
-7
-10
-13
-13
-13
-13
-10
-9
-7
-3
-2
-6
2
4
0
3
3
1
3
8
7
3
0
-3
-4
-3
-5
-7
-7
-4
-5
-1
3
2
1
4
3
0
3
0
-3
2
-2
-5
-1
0
-1
-4
-1
-2
1
7
8
5
10
14
8
7
3
3
3
6
9
9
9
11
14
6
5
3
-2
-1
-5
-5
-11
-12
-9
-8
-10
-9
-2
-7
-2
-6
-11
-6
-4
-1
0
0
0
9
5
-1
7
7
11
13
7
9
9
6
11
6
0
-1
-10
-9
-3
-6
-5
-5
-7
-9
-6
-9
-9
-8
-10
-6
-2
-5
-4
-2
-1
-6
-8
-10
-12
-2
2
0
4
2
-4
1
9
8
11
8
4
8
10
4
0
0
-1
2
3
4
2
2
-1
4
4
3
8
3
-3
-1
-3
-6
-1
-6
-8
-2
-3
-6
2
6
1
12
10
4
4
-1
2
2
-1
0
0
4
2
2
1
-5
3
4
5
3
4
6
0
-2
-8
-11
-10
-11
-12
-7
-5
-1
1
3
3
4
0
-1
4
0
-2
-4
-4
-1
-1
0
1
3
3
7
9
7
6
6
4
6
1
-9
-8
-6
-7
-4
-6
-5
-6
-4
0
-7
-5
-5
-2
-1
-5
-2
1
5
6
3
6
-1
-4
-2
-3
-7
-3
-3
0
4
2
2
3
5
1
0
-2
-3
3
-1
2
1
5
0
-2
5
1
6
11
2
-2
4
7
5
-1
0
8
6
1
6
7
7
4
4
4
-5
-6
-7
-9
0
2
2
3
1
3
2
9
15
8
7
-2
-1
0
-9
-5
-5
-3
0
1
1
-3
-2
-2
-6
-5
-7
-10
-9
-11
-9
-5
-5
-10
-10
-6
-10
-16
-20
-19
-12
-9
-3
-1
-2
-1
0
6
10
8
2
1
0
-4
1
6
6
5
4
7
11
15
10
7
11
11
9
13
15
13
14
15
14
9
5
4
1
-3
1
8
3
0
5
-1
3
-2
-4
0
-6
-3
0
-3
-6
0
6
3
1
-1
-4
-7
-9
-2
-2
-5
-2
-2
-2
-12
-12
-7
-10
-12
-11
-12
-15
-13
-5
-2
-5
-3
7
6
2
9
4
0
0
-3
-6
1
2
-8
-4
-4
-3
-3
-2
-7
3
9
4
9
3
0
3
0
-7
-4
1
2
0
4
4
6
8
6
3
2
7
3
-4
-4
-6
-9
1
-2
0
8
11
12
16
8
5
13
8
4
12
6
6
8
2
4
5
-1
2
9
5
5
6
9
9
1
-5
1
2
-7
-12
-20
-20
-18
-19
-11
-7
-8
-2
-1
3
4
-1
-3
-8
-16
-14
-8
-7
-6
-7
-4
-1
-4
-4
0
3
6
3
5
0
0
3
1
7
3
3
3
3
6
1
5
1
-3
-1
-5
-1
2
-3
3
3
-5
-3
-5
-2
-1
-2
5
4
9
3
6
12
5
3
-1
-2
-5
-6
-6
-4
-2
-8
-8
-8
-4
-6
3
9
5
7
12
10
6
6
1
0
2
1
4
8
7
7
7
7
7
7
3
1
9
7
-2
-1
-1
-6
-7
-4
-9
-2
-3
-3
3
0
-3
-7
-6
-5
-6
-10
-16
-11
-10
-11
-4
-5
-3
-3
-4
-5
-5
-5
-6
0
-1
-1
0
5
4
3
8
7
2
2
6
6
6
12
8
4
4
2
-1
-1
-2
-3
-4
-3
2
0
-7
1
5
-1
1
-3
1
0
-7
-1
-3
1
4
-1
5
9
5
7
5
-2
-1
0
2
5
-1
-1
4
2
-1
-8
-6
1
0
-1
0
3
5
5
5
-2
-5
-4
-4
1
1
1
5
0
1
-4
-7
-3
-4
-5
-2
-5
-3
-4
-8
-2
-6
-3
1
2
-1
-3
-3
-6
-7
-4
0
0
3
-2
0
0
2
6
1
2
6
4
5
6
5
3
4
7
5
4
0
5
10
4
3
6
10
7
9
6
0
3
-5
-5
1
-1
-2
-5
-3
1
2
2
4
5
8
1
-6
-3
-6
-8
-11
-16
-10
-9
-11
-11
-6
-8
-15
-10
-10
-3
1
-4
-2
3
-5
-6
-2
-6
-2
2
3
6
11
14
10
13
14
12
14
13
7
0
-3
-5
-5
-7
-6
-2
0
1
-1
2
3
2
5
3
8
5
3
3
-3
-10
-9
-5
-8
-9
-7
-8
-2
-2
2
-2
-4
9
6
7
11
5
7
10
7
5
3
1
9
6
2
8
8
4
1
-4
-5
-4
-7
-7
-3
-4
-3
-8
-12
-9
-10
-7
-3
-3
-2
2
3
-1
-3
0
4
0
1
2
-4
-4
-3
-4
0
-3
0
-1
-1
5
-3
4
1
-2
3
-6
-4
-1
-4
-2
-1
2
5
7
10
5
8
7
-1
-2
1
4
3
-1
-1
0
4
5
5
4
1
4
2
0
2
1
-1
-1
-1
-6
-3
1
-1
-1
2
0
-2
1
-3
-3
-1
3
-2
-6
-4
-3
-5
-2
-6
-11
-8
-9
-3
1
-4
1
5
7
7
3
0
-1
2
0
1
-1
-2
-5
-5
-3
0
0
1
4
5
5
6
9
3
-1
0
-1
-2
-5
2
2
-1
1
1
5
7
6
8
4
0
-3
-1
5
-1
-1
5
6
6
4
3
1
-1
-2
-5
-4
-4
4
2
-1
-3
-2
2
-3
-2
-1
-5
-6
-5
-3
-6
-7
-1
-6
-2
-2
-6
-3
-4
0
-2
-4
1
-4
-1
-6
-6
-1
-3
-3
0
-1
-5
1
3
3
1
-4
-1
0
-1
-1
-1
2
3
4
8
3
3
4
2
3
7
7
7
7
5
7
7
5
3
0
-4
-4
-3
-3
-3
-5
-9
-4
4
4
4
3
-2
-1
-2
3
3
4
6
3
6
4
5
6
4
1
0
-1
-3
-4
-4
-4
-5
0
3
3
5
5
0
2
5
6
8
2
-4
-2
-6
-3
1
-6
-3
-6
-7
-3
-6
-6
-4
-5
-8
-9
-9
-9
-11
-13
-17
-22
-19
-14
-11
-5
-5
-1
6
1
3
6
3
-1
-3
1
0
0
0
0
3
3
7
9
13
17
18
17
19
24
23
19
15
12
10
4
3
2
-1
-1
3
6
3
2
4
4
5
8
2
0
-3
-4
-2
-8
-16
