0
-3
-1
-4
2
5
-1
2
4
3
4
4
0
0
5
1
4
8
5
11
6
10
12
10
19
8
4
10
7
4
0
-1
1
-6
-7
-4
-4
4
4
6
3
1
0
-1
-5
-3
-1
-6
-3
2
0
-1
-1
-3
-4
-6
-3
-4
-8
-6
-4
-6
-3
0
0
2
-1
-5
-5
-3
1
-4
-3
2
2
2
3
2
1
-2
-10
-12
-8
-6
-7
-9
-10
-7
-2
-1
-2
-7
-1
1
-2
-2
-1
4
9
6
6
10
6
4
9
15
14
11
9
12
14
8
10
7
10
13
9
7
-4
-12
-6
-3
-7
-8
-5
-5
-3
-2
-2
-3
-1
1
-4
-4
-3
-1
-7
-10
-5
-6
-6
-8
-4
4
1
0
-1
1
0
-1
1
-2
-7
-7
-6
-7
-6
-7
-6
1
6
-2
-2
5
3
4
6
6
1
-2
3
2
5
3
6
9
-2
3
1
0
6
4
6
4
3
5
6
5
2
1
0
0
-2
-3
-3
-3
-5
-3
-4
-2
-2
-6
-1
-1
-8
-7
-4
-5
-4
-4
-2
1
-2
-1
2
3
5
4
8
7
3
4
1
0
4
3
2
5
1
-2
3
3
-4
0
-2
-1
2
-4
-9
-12
-10
-10
-7
-1
-3
1
2
0
4
6
3
-2
-2
-5
-2
2
0
-1
-2
0
-2
0
0
0
-1
4
3
2
1
-3
4
9
7
1
0
1
-3
1
4
-1
-1
7
4
7
8
3
4
0
-3
-6
-3
-2
-7
-3
0
0
5
4
4
4
4
0
1
8
6
-2
-3
4
0
0
0
-1
2
-2
-2
0
-2
-4
-4
-3
-3
-5
0
-2
-9
-10
-9
-7
-13
-10
0
-5
2
7
2
8
1
0
2
-1
-2
-6
-5
-2
-1
-5
-7
0
1
-5
-3
-1
-3
3
0
-4
-1
3
2
-2
2
2
0
3
2
6
12
11
12
8
8
14
6
5
9
5
7
7
6
6
2
0
-1
1
3
5
7
6
7
5
4
2
1
5
1
-1
0
-6
-6
-4
-9
-3
-3
-5
-9
-7
-5
-3
-4
-7
-7
-10
-12
-10
-8
-5
-8
-12
-14
-15
-8
-14
-11
-7
-8
-2
1
2
1
1
-1
-2
-1
-2
-6
-1
3
3
6
10
7
8
13
6
9
7
6
9
10
4
1
10
16
14
15
12
8
7
4
9
5
3
-1
-3
3
-3
-4
-2
-1
-2
1
3
0
1
-3
-5
-3
6
10
8
7
1
3
-4
-7
-13
-13
-12
-13
-6
-7
-10
-8
-5
-9
-10
-3
1
-2
-5
-5
-9
-8
-12
-10
-9
-7
-2
0
1
2
3
3
-1
0
-1
-2
-2
0
4
2
5
6
7
14
15
9
16
15
9
8
8
6
5
6
5
6
5
3
5
2
2
3
-3
-1
0
-6
-1
2
-1
0
-1
-2
-5
-10
-14
-8
-6
-4
-6
-9
-7
-2
2
1
1
2
7
10
6
-5
-6
-4
-7
-7
-6
-10
-8
-7
-11
-6
0
1
-3
6
5
0
1
-2
-2
-3
1
3
6
9
5
8
12
8
11
9
10
9
1
2
1
-3
-5
-6
-1
-3
-5
0
-5
-3
-4
-2
0
-1
4
1
2
0
-5
-4
-8
-7
-4
-5
-4
-3
-4
-2
4
4
8
12
4
3
5
3
4
2
-1
1
2
7
1
-1
3
-2
0
3
-3
-7
-7
-4
-7
-2
2
-1
-1
3
1
-3
-1
-1
-2
2
-3
-3
-2
0
0
-5
-3
-4
1
8
4
2
2
4
2
0
0
-5
-3
0
-4
-1
2
2
9
11
10
5
3
1
0
3
6
4
3
0
-3
-4
-12
-9
-4
-2
0
1
-2
0
3
4
2
-3
-4
-9
-7
-3
-4
-6
-4
-2
-1
1
2
5
3
2
1
0
1
-7
-6
-3
-6
-10
-8
-2
-4
-6
-3
-1
7
10
8
15
12
7
2
0
1
0
-1
1
0
-2
0
-2
-3
-1
2
6
4
6
5
3
1
-2
2
2
2
3
3
2
0
-3
-5
2
2
0
1
1
0
-3
-4
-3
-3
0
-2
-1
-1
-2
2
1
1
3
7
3
-1
4
2
-1
-2
-2
-4
-3
-6
-3
-2
-1
-1
0
5
3
5
-1
-8
-4
3
3
2
0
-6
-1
-1
-4
-6
-9
-1
-2
-6
-3
-2
1
-2
-2
3
5
-3
-4
0
-6
-4
-5
-7
-10
-9
-5
-1
1
8
10
7
11
11
11
9
9
5
4
0
3
3
0
4
3
1
2
7
5
3
3
3
1
-2
-1
-3
-6
-8
-4
0
-2
-7
-2
1
-5
-7
-7
-4
-7
-3
3
1
7
3
2
3
-5
-2
-5
-6
-4
1
1
2
6
6
6
5
6
5
4
0
-2
0
-5
-11
-10
-8
-7
-3
-4
1
3
-5
-2
1
1
1
-2
1
0
-1
5
3
1
3
7
6
4
6
3
6
10
9
7
3
0
-5
-3
-6
-6
1
-3
-4
6
3
1
5
-3
1
2
-6
-2
-3
-5
-5
-10
-8
-6
-4
-1
-1
-4
-2
-1
-5
-3
-3
-4
-1
-2
-1
-1
-1
-4
-4
4
1
-5
-2
2
0
0
6
10
4
-2
0
2
0
1
4
-1
-1
4
3
6
7
4
4
3
0
-3
-3
1
3
2
7
7
4
8
8
-1
-2
-2
-2
-4
-5
2
2
-3
-3
-4
-8
-7
-7
-5
-3
-4
0
2
2
1
-1
2
4
-2
1
2
0
0
-4
-1
-2
-1
5
5
3
-1
5
7
7
4
1
1
1
-1
-2
3
2
8
8
4
5
3
1
-2
-5
-4
-4
-4
-10
-5
1
1
-2
-2
-7
-11
-5
-11
-11
-6
-9
-10
-8
-10
-7
-10
-9
-7
-8
-9
-5
3
8
7
2
1
7
8
8
11
4
4
2
4
5
3
3
5
2
2
11
10
11
15
17
15
13
12
8
9
0
-2
0
-1
0
-3
-2
-4
-6
-7
-7
-5
-5
-3
1
-5
-11
-11
-9
-10
-10
-8
-10
-8
-3
2
5
4
2
5
4
3
5
9
8
1
-1
-1
0
0
3
1
-2
-2
-2
2
0
-4
2
2
-3
3
8
8
0
-4
-3
-6
-1
-3
-4
-1
-5
-3
-1
-2
2
5
4
3
0
-1
-4
-3
-5
-7
-6
-5
-6
-6
-2
3
6
2
5
9
2
0
4
-4
-5
0
-3
-2
3
4
9
10
2
4
1
6
4
-4
0
0
-5
-5
-3
-5
-1
-1
-6
-2
-6
-1
2
3
4
4
10
7
4
1
-1
-7
-6
-3
-1
4
1
0
3
0
0
0
-4
-5
-4
-5
-3
-1
-2
1
4
5
10
7
5
5
5
2
0
1
-4
-4
-3
0
-2
-6
-5
-6
-10
-8
-6
-3
0
3
7
1
6
10
7
6
4
6
-1
-6
-4
-6
-4
-6
0
3
4
-1
2
8
7
6
2
2
-1
0
-1
-8
-8
-8
-4
-2
4
5
6
7
9
6
1
3
1
1
5
0
-5
-3
-5
-8
-8
-3
-2
-5
-9
-9
-5
0
2
3
4
2
4
-2
-2
-1
-8
-7
-9
-8
0
-1
-4
-2
-3
-2
-2
-4
-6
-8
-7
-4
0
1
2
7
6
10
11
7
8
8
11
11
10
8
8
10
7
3
4
3
1
1
1
-1
3
2
2
7
2
-2
1
-3
-4
-7
-12
-8
-2
-3
-2
-2
-3
0
-1
0
0
-4
-4
-6
-5
-3
-3
3
1
-2
-1
-4
1
2
4
4
-1
2
-2
-8
-7
-3
-10
-13
-3
-5
-6
-4
-5
-4
-7
-6
-3
-3
1
3
-2
-2
-4
-4
1
-3
-2
3
4
10
6
4
7
11
13
11
8
12
7
8
10
2
5
-3
1
11
6
6
6
3
4
4
-1
-1
-3
1
0
-7
-1
1
-2
-3
-3
4
2
-3
0
2
-1
2
3
5
4
-3
-2
-4
-10
-7
-3
-5
-6
-3
-8
-8
-3
-5
-3
-10
-10
-5
-9
-9
-6
-6
-9
-2
0
-2
0
-4
-7
-6
-6
-1
-3
0
-2
-6
-2
-4
-2
-1
-1
3
3
0
0
2
2
2
3
7
12
15
6
12
10
3
5
-3
0
0
-2
-1
5
2
1
8
3
8
11
10
9
6
11
10
4
8
6
4
7
7
15
12
9
11
11
12
8
3
4
5
4
5
2
-5
-4
-8
-11
-6
-11
-8
-10
-16
-16
-9
-13
-13
-12
-16
-9
-8
-14
-12
-14
-23
-14
-10
-14
-10
-11
-8
-8
-12
-15
-13
-9
-9
-6
-7
-6
-1
0
4
12
11
7
13
8
10
12
5
10
9
7
7
8
13
6
1
3
9
10
5
9
14
11
11
17
17
18
11
4
3
0
2
5
1
1
-1
-1
-2
0
1
1
1
-1
-4
-8
-7
-5
-6
-8
-4
1
0
-3
-5
-4
0
-2
-8
-5
-2
-4
-6
-4
-5
-6
-2
-4
-6
-6
-1
-1
1
2
0
6
8
3
7
9
3
11
4
2
2
-3
0
-2
6
6
-1
1
6
5
-5
-6
-1
-4
-6
-9
-7
-5
-3
-2
-3
-4
-1
-4
-2
4
1
-4
-2
-6
-7
-10
-10
-11
-11
-7
-9
-8
-9
-7
0
3
2
2
5
3
-8
-6
0
-2
2
4
8
7
9
13
6
4
4
7
10
7
4
4
6
3
5
8
6
5
5
12
14
15
14
10
14
11
6
2
6
-1
-5
1
-4
-3
-4
1
4
-1
0
-8
-6
-4
-10
-8
-10
-5
-5
-8
-5
-8
-4
-8
-11
-2
-9
-9
-5
-3
-5
-5
0
-5
-8
-9
-11
-9
-6
-9
-13
-13
-9
-3
-4
2
3
2
9
10
12
8
5
7
0
2
0
1
4
1
3
6
5
5
5
0
5
6
7
10
5
3
0
0
-1
1
3
1
7
10
9
11
12
7
4
4
7
5
3
4
0
0
-4
-2
2
-3
-4
6
4
5
5
0
0
-1
-3
-7
-2
-2
-11
-11
-7
-7
-8
-3
-8
-6
-7
-14
-5
-3
-8
-8
-5
-11
-9
-15
-20
-18
-23
-17
-15
-8
-3
-3
3
0
3
4
4
5
3
3
0
5
3
5
5
4
9
6
10
14
16
20
22
19
14
13
9
8
10
4
0
2
8
11
10
5
4
5
2
6
6
4
12
2
-3
7
4
1
4
1
-1
-3
-5
-4
-7
-9
-8
-6
-5
-3
-1
-6
-3
-2
-10
-12
-10
-14
-15
-18
-16
-9
-9
-4
-4
-7
1
2
-3
-2
-1
-1
-4
-8
-5
-10
-7
-4
-3
3
-3
8
5
0
9
6
4
4
0
-5
-9
-8
-4
1
3
11
10
1
6
8
8
9
8
7
8
3
4
5
5
3
3
2
3
9
6
6
11
8
6
4
4
7
7
5
2
3
1
-2
-3
-5
-3
-4
0
3
-4
-3
2
0
-2
-3
-1
-2
-6
-12
-12
-13
-13
-11
-11
-7
-5
-4
-8
-11
-9
-9
-8
-4
-1
1
3
5
3
3
-1
-4
-4
0
3
0
-2
-1
9
4
-2
5
9
10
9
8
4
0
3
3
6
7
10
16
11
9
14
7
5
5
3
6
1
2
6
2
2
6
1
-2
-2
-3
2
0
-7
-5
-8
-7
-4
-4
-4
-8
-10
-11
-8
-9
-17
-15
-15
-15
-11
-6
-4
-7
-6
-7
-4
-1
-5
-6
-5
-3
-1
-5
-8
-5
-2
-5
-4
3
6
4
9
9
11
11
13
15
10
15
11
3
4
10
10
7
11
10
3
-2
0
4
6
10
11
10
9
3
4
7
2
0
-2
-7
-3
-2
0
0
1
1
0
0
-3
-5
-12
-15
-12
-11
-12
-8
-5
-7
-8
-10
-11
-7
-3
1
6
4
3
5
-1
-3
-1
0
-3
-4
-3
-4
-3
-2
-2
1
2
3
5
3
0
3
4
-5
-5
0
2
3
-1
2
0
1
0
-1
5
9
8
7
3
5
3
0
2
0
-3
2
0
-4
1
-3
0
3
2
2
5
8
5
2
6
8
6
1
-2
-3
-6
-10
-7
1
-2
-3
-3
-3
-2
-5
0
1
-2
-2
-5
-9
-11
-10
-3
-1
-6
2
4
5
7
6
4
4
6
5
3
0
-5
-6
-5
-7
-6
-2
0
2
3
0
-4
-3
-2
-4
-5
-3
-5
-8
-7
-5
0
3
-1
1
4
4
1
2
8
4
7
6
2
0
-3
-2
-5
-1
2
-3
5
12
6
8
10
7
5
0
0
7
11
11
13
5
3
2
-6
-2
1
2
7
6
8
12
6
2
-6
-9
-6
-8
-8
-2
-7
-8
0
1
2
3
2
6
5
-1
1
0
-4
-4
-6
-3
-2
-8
-11
-9
-12
-10
-11
-9
-3
-6
-8
-9
-9
-3
-5
-5
-8
-5
-7
-11
-11
-16
-15
-12
-5
-6
-2
-1
0
4
-1
0
1
3
2
7
7
7
7
9
11
12
11
9
12
13
19
21
16
14
13
12
13
8
4
4
4
5
7
2
3
5
7
8
7
8
9
7
0
-3
-1
3
6
8
4
8
6
6
3
0
-2
-3
0
-9
-9
-5
-11
-14
-10
-11
-17
-12
-11
-15
-15
-16
-14
-15
-19
-17
-16
-20
-15
-17
-14
-10
-9
-10
-10
-5
-9
-3
7
-1
-6
0
0
-5
-7
-11
-11
0
-2
2
7
7
10
10
13
12
17
16
14
17
16
18
13
12
12
17
11
9
13
6
6
12
17
17
18
14
10
12
15
15
9
12
10
9
6
5
6
0
-3
-7
-5
-11
-8
-9
-13
-7
-8
-7
-13
-16
-16
-22
-20
-20
-17
-13
-11
-7
-11
-8
-12
-11
-8
-8
-5
-10
-2
5
1
2
-6
-9
-9
-10
-11
-13
-15
-12
-5
-3
-1
-5
-6
1
-1
0
3
1
1
6
6
10
17
10
10
14
9
12
13
14
15
13
11
13
12
10
9
15
14
9
8
8
4
4
6
7
4
2
2
1
4
7
7
3
-2
-3
-2
0
1
-4
-6
-6
-5
-8
-11
-7
-7
-9
-7
-7
-11
-9
-8
-5
-3
-4
-1
-1
0
-1
-4
-9
-9
-7
-9
-6
-5
-5
-4
-4
-3
-2
0
-5
-4
7
3
1
3
-2
-4
-4
-5
-7
1
3
-3
-4
-8
-2
4
7
11
8
6
3
4
1
-3
1
0
1
-3
-1
2
-3
-3
-1
-1
4
10
12
16
12
10
7
1
1
2
8
5
2
6
4
2
-2
1
4
4
1
2
2
-5
-4
-1
2
-5
-6
3
3
6
5
3
7
4
4
7
7
6
5
3
2
1
1
1
-1
0
0
-1
0
-3
1
-3
-6
-2
-3
-8
-17
-16
-14
-19
-14
-19
-21
-15
-12
-9
-8
-7
-6
-7
-13
-13
-8
-11
-14
-4
3
6
10
5
6
5
2
2
8
10
7
9
5
3
8
6
0
8
6
0
8
11
14
14
15
17
10
7
6
4
-3
-1
0
-1
3
4
13
10
10
16
13
11
6
1
-2
0
-4
-9
-3
-7
-7
-7
-4
-4
-5
-1
-1
3
0
0
-6
-10
-9
-16
-14
-18
-16
-16
-18
-11
-5
-1
-1
2
2
3
0
-8
-5
-3
-5
0
-2
-1
-3
-3
0
0
1
9
11
8
10
11
9
7
6
1
0
-2
-4
0
0
0
-2
2
3
5
9
2
8
7
1
0
0
7
5
4
6
3
0
3
1
-1
8
7
2
2
1
2
-4
-12
-5
-3
-5
-8
-8
-12
-14
-10
-10
-5
-7
-3
-1
-3
1
0
-3
-9
-3
-2
-7
-8
-9
-10
-3
1
5
0
-11
5
14
2
5
21
14
6
10
3
14
19
5
3
9
8
-12
-3
19
5
-9
7
16
3
4
9
9
1
-8
-5
1
-11
-15
-2
1
-4
-3
5
9
8
5
5
7
-1
-5
2
-3
-12
-6
-5
-7
-4
-7
3
2
-1
2
-1
-5
-11
-15
-14
-13
-12
-9
-6
-7
-5
-6
-6
0
-1
2
0
2
4
-2
2
-3
-1
3
-1
-2
0
3
1
-5
-2
-7
-5
1
-3
2
5
2
1
1
7
1
-6
-5
0
4
0
4
12
13
5
10
12
10
11
7
11
12
5
2
9
8
3
3
4
10
10
13
14
13
17
14
7
7
12
-2
-2
-7
-10
-6
-17
-8
-4
-10
-2
-7
-5
1
-5
1
-3
-6
-6
-14
-11
-7
-6
-15
-13
-6
-2
1
-4
-2
-3
-6
-13
-11
-8
-13
-12
-14
-11
-8
-12
-14
-9
-10
-12
-13
-8
-3
-3
0
-3
6
14
5
5
6
4
8
3
6
9
4
6
9
11
8
9
11
12
9
4
6
9
13
8
11
16
11
13
7
5
6
0
5
9
8
2
2
3
2
8
5
2
2
5
8
6
7
7
5
8
3
1
1
-6
-6
-6
-6
-7
-7
-9
-12
-3
-11
-18
-9
-5
-11
-19
-20
-14
-11
-12
-10
-7
-7
-5
0
1
5
2
4
7
3
3
9
7
1
0
1
-1
-5
-10
-8
1
-4
-11
-15
-11
-8
-12
-15
-17
-14
-12
-12
-10
-8
-5
-7
0
0
-3
4
1
4
11
8
9
14
10
12
14
11
12
9
7
7
11
14
14
16
18
19
19
15
16
15
11
8
7
3
1
1
3
11
6
6
7
2
2
4
6
5
1
7
2
1
7
4
2
-1
-5
-11
-9
-9
-10
-11
-11
-11
-13
-14
-16
-13
-13
-16
-12
-10
-9
-9
-6
0
-4
-2
-3
-1
1
1
8
4
0
3
0
1
-6
-10
-10
-11
-11
-9
-11
-11
-3
-7
-14
-7
-8
-8
-10
-21
-21
-21
-18
-15
-11
-6
-8
-6
-3
2
4
8
10
9
11
6
7
12
1
-1
1
0
5
3
8
13
13
16
8
11
16
11
11
14
13
9
12
18
21
21
26
28
35
35
31
33
36
28
22
26
18
13
13
11
8
4
4
8
3
1
3
-4
-4
-6
-14
-9
-10
-20
-20
-24
-30
-25
-27
-27
-23
-22
-23
-32
-25
-22
-21
-22
-15
-5
-10
-1
9
12
8
5
11
8
4
0
-8
-8
-19
-28
-34
-35
-34
-42
-44
-41
-34
-36
-41
-32
-27
-22
-27
-26
-16
-18
-20
-20
-17
-13
-10
-6
-1
-2
2
5
10
17
17
18
20
24
28
27
28
39
38
38
44
55
62
68
75
68
78
74
65
66
61
52
37
36
38
33
29
24
24
29
29
27
25
24
28
18
8
8
-1
-6
-7
-18
-24
-31
-34
-36
-39
-38
-43
-45
-44
-48
-51
-56
-65
-63
-64
-73
-72
-65
-62
-58
-57
-49
-36
-31
-28
-20
-8
-10
-12
-2
5
-4
-5
1
2
4
10
19
33
31
21
16
6
-4
-17
-40
-54
-62
-81
-94
-89
-83
-78
-69
-54
-38
-27
-11
4
17
24
33
43
54
63
73
86
111
126
131
140
156
168
158
146
145
141
100
59
51
32
3
-37
-43
-28
-40
-53
-40
-16
-10
-8
-9
8
17
1
-5
-8
4
1
-8
1
14
24
13
15
31
36
17
2
-4
-17
-47
-81
-91
-93
-134
-267
-289
-264
-261
-244
-311
-302
-238
-231
-200
-171
-149
-144
-151
-114
-63
-54
-58
-4
111
193
260
357
487
617
618
640
771
819
755
595
529
619
564
369
264
299
339
166
-63
-114
-144
-413
-844
-1052
-1126
-1332
-1706
-2022
-1911
-1784
-1844
-1758
-1470
-1045
-789
-622
-203
320
619
673
902
1306
1576
1683
1784
2133
2446
2439
2524
2787
2947
2832
2485
2385
2403
2032
1465
1030
813
514
16
-332
-405
-437
-617
-741
-621
-447
-423
-471
-379
-220
-200
-314
-360
-288
-292
-430
-528
-464
-390
-453
-537
-501
-419
-491
-684
-809
-880
-1080
-1438
-1744
-1917
-2135
-2466
-2735
-2813
-2826
-2908
-2951
-2821
-2575
-2369
-2207
-1930
-1525
-1151
-879
-558
-116
302
613
894
1265
1638
1868
2019
2208
2400
2475
2434
2428
2481
2457
2328
2220
2222
2208
2064
1916
1915
1932
1803
1621
1585
1629
1521
1292
1173
1172
989
587
236
20
-314
-903
-1469
-1780
-2045
-2505
-2930
-3028
-2917
-2931
-3039
-2882
-2472
-2190
-2132
-1979
-1563
-1185
-1058
-944
-555
-48
253
431
802
1330
1668
1730
1810
2037
2135
1907
1594
1477
1400
1092
686
515
538
423
166
78
237
296
109
-7
110
202
34
-167
-124
-13
-122
-337
-346
-198
-210
-381
-400
-209
-103
-192
-221
-48
88
-1
-126
-111
-92
-299
-619
-815
-944
-1204
-1571
-1794
-1864
-1962
-2116
-2140
-1967
-1769
-1638
-1452
-1103
-730
-450
-177
194
604
903
1150
1453
1780
2019
2164
2314
2485
2577
2570
2550
2546
2502
2365
2184
2040
1911
1700
1433
1234
1126
1000
798
659
661
676
565
396
346
316
66
-362
-722
-986
-1412
-2066
-2630
-2939
-3248
-3726
-4121
-4185
-4092
-4138
-4202
-3994
-3598
-3327
-3200
-2923
-2435
-1997
-1726
-1377
-783
-138
382
882
1519
2193
2688
3011
3285
3515
3565
3402
3152
2903
2626
2283
1957
1720
1561
1437
1349
1328
1336
1342
1319
1271
1184
1041
871
698
503
293
121
7
-67
-132
-128
-41
55
140
230
352
457
474
433
378
289
98
-196
-500
-788
-1125
-1524
-1907
-2202
-2447
-2724
-2968
-3097
-3138
-3167
-3192
-3110
-2883
-2634
-2411
-2122
-1693
-1216
-808
-417
60
592
1013
1321
1646
2008
2269
2367
2416
2521
2582
2499
2365
2280
2219
2090
1910
1763
1616
1456
1315
1191
1034
876
840
890
857
743
747
863
812
472
110
-88
-398
-1090
-1886
-2383
-2706
-3250
-3920
-4219
-4081
-3995
-4161
-4123
-3630
-3128
-2990
-2912
-2455
-1846
-1546
-1414
-953
-175
455
860
1439
2309
3064
3463
3755
4141
4390
4247
3889
3583
3258
2748
2197
1839
1621
1370
1185
1235
1366
1358
1297
1363
1412
1165
749
483
302
-102
-648
-948
-960
-1020
-1222
-1224
-893
-574
-496
-445
-205
27
-37
-297
-459
-554
-829
-1290
-1669
-1863
-2088
-2432
-2701
-2778
-2821
-2967
-3084
-3054
-2994
-3015
-3012
-2873
-2653
-2458
-2220
-1813
-1289
-765
-245
375
1085
1716
2200
2643
3083
3407
3512
3491
3487
3466
3319
3075
2908
2849
2759
2566
2382
2293
2193
1944
1617
1381
1190
899
558
350
299
208
29
-61
-25
-82
-346
-653
-876
-1181
-1716
-2306
-2734
-3075
-3510
-3940
-4113
-4055
-4006
-3984
-3776
-3341
-2922
-2659
-2351
-1855
-1380
-1071
-762
-260
325
762
1158
1722
2356
2794
3025
3283
3543
3540
3250
2940
2717
2384
1871
1427
1252
1177
982
838
954
1175
1207
1111
1147
1233
1072
691
369
168
-143
-629
-992
-1091
-1152
-1301
-1347
-1113
-787
-622
-524
-273
37
131
-8
-111
-117
-266
-647
-1029
-1221
-1386
-1717
-2063
-2191
-2177
-2261
-2417
-2434
-2284
-2191
-2237
-2213
-2009
-1765
-1612
-1434
-1049
-529
-75
338
876
1516
2044
2385
2706
3059
3275
3254
3169
3168
3119
2914
2690
2614
2578
2409
2168
2026
1927
1668
1280
966
755
486
141
-98
-124
-101
-157
-183
-74
33
-61
-309
-553
-834
-1311
-1954
-2557
-3047
-3525
-3992
-4307
-4388
-4327
-4233
-4048
-3715
-3330
-3009
-2741
-2433
-2107
-1835
-1590
-1272
-826
-340
159
749
1431
2093
2645
3106
3488
3723
3728
3547
3287
2957
2526
2059
1686
1459
1303
1204
1262
1472
1706
1866
2000
2136
2145
1939
1598
1230
819
304
-223
-583
-772
-897
-954
-812
-491
-174
53
268
497
597
468
202
-61
-359
-787
-1255
-1601
-1813
-2021
-2239
-2329
-2274
-2233
-2293
-2334
-2274
-2258
-2357
-2464
-2466
-2399
-2365
-2288
-2045
-1654
-1222
-772
-189
510
1146
1659
2145
2601
2894
2978
2962
2937
2807
2542
2287
2137
2012
1834
1704
1697
1680
1548
1379
1240
1040
683
289
-15
-284
-584
-810
-814
-681
-573
-443
-181
109
209
116
18
-121
-497
-1094
-1648
-2086
-2562
-3102
-3487
-3586
-3589
-3628
-3567
-3273
-2897
-2639
-2412
-2045
-1606
-1275
-1009
-613
-90
395
804
1285
1881
2412
2786
3085
3375
3547
3502
3294
3044
2769
2393
1954
1576
1366
1244
1143
1111
1226
1436
1569
1600
1620
1653
1550
1236
869
576
278
-124
-503
-672
-692
-717
-726
-569
-271
-59
12
68
154
113
-150
-483
-761
-1057
-1471
-1901
-2168
-2312
-2476
-2662
-2715
-2646
-2620
-2679
-2710
-2654
-2627
-2670
-2681
-2560
-2351
-2130
-1845
-1414
-860
-295
274
897
1550
2113
2519
2855
3145
3314
3295
3190
3101
2955
2700
2442
2321
2242
2050
1795
1641
1527
1244
822
494
276
-58
-495
-727
-627
-475
-428
-248
182
551
586
474
479
382
-153
-950
-1600
-2103
-2763
-3515
-3949
-3985
-4015
-4173
-4120
-3680
-3184
-2930
-2710
-2248
-1726
-1454
-1274
-857
-279
135
402
839
1498
2091
2485
2892
3406
3779
3844
3789
3789
3721
3395
2903
2514
2260
2003
1715
1568
1667
1819
1864
1900
2077
2264
2198
1880
1526
1200
710
22
-598
-993
-1305
-1665
-1891
-1789
-1512
-1312
-1162
-913
-659
-611
-796
-1027
-1251
-1621
-2131
-2590
-2884
-3107
-3340
-3451
-3354
-3196
-3110
-3016
-2827
-2655
-2628
-2664
-2628
-2521
-2451
-2381
-2131
-1692
-1212
-699
-52
764
1572
2233
2842
3468
3976
4227
4286
4305
4260
4019
3633
3300
3089
2851
2535
2309
2229
2135
1896
1641
1485
1279
913
523
287
156
-20
-131
4
281
487
642
894
1133
1101
779
414
4
-678
-1590
-2439
-3092
-3738
-4422
-4894
-5006
-4953
-4925
-4818
-4471
-4012
-3721
-3546
-3277
-2905
-2615
-2450
-2146
-1583
-948
-340
375
1315
2307
3110
3763
4408
4927
5115
4982
4730
4441
3976
3330
2746
2382
2121
1845
1687
1794
1998
2079
2066
2090
2061
1747
1173
566
-32
-757
-1565
-2207
-2553
-2732
-2822
-2667
-2200
-1610
-1096
-639
-159
227
323
177
-37
-298
-703
-1218
-1641
-1890
-2083
-2287
-2383
-2302
-2193
-2189
-2228
-2216
-2220
-2347
-2549
-2683
-2701
-2678
-2595
-2340
-1862
-1217
-477
345
1247
2184
3028
3700
4221
4604
4807
4783
4579
4310
4025
3704
3365
3090
2930
2816
2669
2490
2321
2097
1721
1216
682
160
-392
-929
-1329
-1527
-1594
-1592
-1472
-1223
-967
-844
-852
-913
-1094
-1508
-2079
-2653
-3180
-3722
-4234
-4568
-4667
-4625
-4532
-4316
-3951
-3549
-3206
-2925
-2612
-2286
-2017
-1777
-1468
-1024
-493
81
745
1536
2407
3209
3895
4506
5006
5282
5255
5009
4665
4210
3594
2913
2385
2078
1850
1656
1678
1998
2345
2489
2559
2709
2735
2338
1657
1051
487
-320
-1259
-1889
-2129
-2286
-2457
-2346
-1819
-1229
-862
-568
-157
153
72
-295
-659
-994
-1505
-2161
-2672
-2905
-3049
-3251
-3323
-3133
-2886
-2813
-2808
-2695
-2577
-2638
-2805
-2825
-2701
-2587
-2453
-2112
-1513
-832
-154
612
1529
2419
3106
3650
4152
4529
4611
4453
4273
4088
3757
3317
2984
2810
2633
2373
2170
2071
1898
1547
1106
672
215
-330
-883
-1305
-1525
-1586
-1559
-1407
-1043
-558
-178
29
175
288
138
-356
-963
-1502
-2081
-2824
-3528
-3931
-4091
-4240
-4372
-4247
-3854
-3492
-3299
-3053
-2598
-2149
-1916
-1718
-1268
-659
-165
289
973
1872
2669
3278
3926
4653
5168
5317
5292
5231
4972
4385
3666
3055
2511
1893
1339
1086
1080
1106
1146
1354
1677
1834
1726
1546
1331
850
80
-699
-1322
-1914
-2542
-2946
-2956
-2761
-2522
-2151
-1551
-913
-485
-250
-87
-54
-305
-806
-1369
-1888
-2421
-2981
-3398
-3551
-3545
-3493
-3357
-3081
-2754
-2530
-2431
-2339
-2247
-2251
-2323
-2320
-2148
-1861
-1494
-956
-198
699
1614
2518
3431
4309
5018
5474
5738
5900
5893
5610
5142
4695
4275
3729
3080
2541
2181
1788
1246
743
420
92
-449
-1048
-1448
-1721
-2094
-2487
-2596
-2390
-2124
-1898
-1511
-857
-203
180
385
608
739
497
-83
-684
-1205
-1827
-2596
-3239
-3551
-3682
-3844
-3923
-3745
-3418
-3178
-3048
-2846
-2537
-2306
-2180
-1965
-1545
-1019
-494
140
993
1935
2777
3531
4269
4890
5217
5250
5124
4875
4423
3781
3138
2628
2193
1788
1505
1460
1563
1627
1620
1653
1697
1546
1121
604
128
-444
-1199
-1910
-2368
-2667
-2957
-3114
-2947
-2556
-2183
-1841
-1381
-883
-560
-474
-479
-507
-698
-1092
-1527
-1851
-2110
-2389
-2607
-2633
-2496
-2361
-2252
-2074
-1828
-1660
-1625
-1605
-1528
-1428
-1358
-1220
-897
-439
74
662
1380
2187
2947
3608
4202
4719
5077
5195
5120
4951
4657
4171
3581
3042
2572
2064
1529
1144
892
572
142
-237
-546
-972
-1583
-2147
-2473
-2719
-3000
-3089
-2743
-2156
-1642
-1127
-366
472
941
1017
1054
1096
779
12
-772
-1282
-1805
-2588
-3288
-3550
-3575
-3757
-3995
-3905
-3567
-3380
-3393
-3244
-2820
-2432
-2215
-1897
-1248
-463
204
887
1804
2830
3657
4274
4861
5391
5623
5494
5209
4873
4369
3662
2957
2410
1972
1581
1315
1263
1346
1446
1532
1586
1552
1388
1062
572
-68
-778
-1471
-2141
-2755
-3178
-3323
-3256
-3054
-2672
-2101
-1479
-957
-562
-260
-108
-195
-498
-887
-1280
-1697
-2117
-2410
-2509
-2457
-2338
-2149
-1824
-1452
-1179
-1018
-887
-801
-852
-1018
-1156
-1209
-1217
-1151
-902
-447
136
797
1538
2332
3071
3660
4105
4411
4504
4359
4054
3660
3178
2598
2019
1561
1196
852
559
408
364
249
21
-214
-426
-724
-1194
-1691
-2032
-2237
-2417
-2513
-2309
-1766
-1109
-473
246
1091
1851
2260
2341
2276
2037
1430
482
-515
-1394
-2258
-3137
-3826
-4167
-4240
-4212
-4085
-3757
-3276
-2832
-2515
-2213
-1890
-1611
-1415
-1223
-901
-472
24
614
1348
2170
2982
3745
4432
4983
5302
5383
5266
4931
4382
3706
3000
2307
1650
1107
747
560
484
468
526
613
607
461
192
-180
-689
-1342
-2014
-2620
-3132
-3527
-3732
-3687
-3435
-3024
-2506
-1896
-1264
-718
-305
-29
95
55
-118
-379
-655
-928
-1152
-1274
-1290
-1211
-1062
-859
-630
-426
-278
-190
-181
-256
-376
-504
-601
-617
-524
-318
9
455
1009
1606
2171
2695
3150
3462
3581
3540
3405
3162
2802
2380
1984
1651
1350
1065
829
676
549
365
131
-107
-351
-651
-1012
-1378
-1674
-1871
-1986
-2004
-1866
-1542
-1066
-525
19
572
1110
1479
1570
1421
1116
642
-87
-1004
-1898
-2660
-3345
-3963
-4354
-4423
-4264
-4041
-3755
-3303
-2758
-2308
-2014
-1746
-1428
-1162
-983
-754
-348
184
753
1389
2148
2979
3743
4385
4896
5238
5338
5178
4810
4274
3595
2843
2113
1424
819
410
210
143
129
198
382
533
488
299
81
-213
-728
-1406
-1994
-2392
-2721
-3022
-3085
-2802
-2349
-1879
-1336
-649
30
487
716
862
908
730
339
-84
-426
-762
-1118
-1352
-1383
-1280
-1179
-1081
-904
-714
-626
-666
-761
-852
-990
-1187
-1340
-1338
-1191
-978
-659
-168
442
1066
1639
2184
2679
3027
3165
3171
3106
2918
2583
2193
1863
1568
1241
959
789
681
539
364
242
127
-67
-315
-553
-781
-1012
-1195
-1259
-1215
-1086
-826
-437
-2
373
720
1074
1267
1148
803
395
-131
-930
-1888
-2704
-3301
-3886
-4475
-4785
-4688
-4428
-4235
-3955
-3403
-2755
-2281
-1959
-1541
-994
-559
-279
66
623
1252
1802
2362
3066
3819
4430
4868
5209
5435
5420
5121
4633
4030
3291
2453
1627
883
250
-247
-549
-658
-657
-575
-401
-199
-76
-89
-179
-312
-564
-947
-1333
-1601
-1759
-1871
-1869
-1628
-1209
-750
-302
178
677
1026
1136
1086
935
649
178
-398
-907
-1328
-1721
-2052
-2218
-2192
-2088
-1980
-1838
-1641
-1485
-1464
-1530
-1597
-1682
-1825
-1960
-1963
-1808
-1553
-1192
-655
67
842
1571
2308
3045
3632
3974
4120
4167
4068
3735
3241
2774
2374
1908
1413
1058
885
747
517
333
302
247
-4
-348
-593
-809
-1190
-1635
-1892
-1930
-1959
-2025
-1862
-1405
-925
-604
-284
170
500
446
172
-50
-323
-913
-1674
-2226
-2534
-2871
-3240
-3294
-2964
-2572
-2309
-1956
-1351
-776
-481
-327
-54
251
332
286
415
768
1098
1325
1690
2289
2866
3219
3467
3764
3960
3820
3415
3011
2624
2039
1269
635
264
-71
-470
-698
-573
-338
-280
-246
30
365
398
196
117
150
-60
-536
-859
-885
-939
-1201
-1340
-1094
-769
-690
-673
-423
-110
-126
-405
-576
-624
-891
-1415
-1815
-1914
-1991
-2236
-2370
-2164
-1853
-1742
-1704
-1450
-1109
-996
-1073
-1024
-799
-664
-663
-513
-72
420
793
1225
1877
2564
3014
3303
3638
3955
3993
3755
3511
3343
3043
2528
2036
1754
1544
1209
852
688
655
479
122
-171
-351
-654
-1183
-1718
-2044
-2280
-2601
-2867
-2835
-2539
-2240
-1990
-1603
-1052
-590
-413
-407
-399
-479
-837
-1389
-1863
-2156
-2442
-2757
-2876
-2661
-2260
-1897
-1525
-984
-381
40
249
419
614
702
608
509
574
744
905
1112
1475
1965
2404
2733
3029
3281
3376
3244
2953
2597
2162
1629
1084
630
288
45
-83
-70
91
350
626
881
1094
1257
1318
1222
997
707
374
-51
-514
-883
-1127
-1323
-1481
-1505
-1386
-1258
-1191
-1121
-1026
-1011
-1164
-1396
-1597
-1820
-2128
-2424
-2572
-2600
-2602
-2549
-2332
-1991
-1687
-1418
-1100
-760
-526
-407
-281
-114
37
144
311
621
996
1364
1767
2250
2734
3107
3358
3544
3656
3604
3385
3092
2783
2427
2008
1592
1251
973
712
449
208
26
-146
-385
-701
-1010
-1283
-1575
-1919
-2217
-2343
-2341
-2314
-2229
-1956
-1509
-1094
-787
-462
-74
184
163
0
-129
-284
-661
-1164
-1510
-1670
-1843
-2080
-2132
-1886
-1576
-1409
-1232
-863
-480
-341
-373
-292
-126
-135
-279
-261
8
304
514
832
1389
1971
2343
2602
2899
3119
3049
2736
2411
2107
1680
1152
763
592
509
444
495
747
1062
1280
1412
1544
1629
1518
1208
843
502
92
-421
-878
-1156
-1327
-1500
-1613
-1558
-1395
-1296
-1277
-1224
-1133
-1157
-1333
-1514
-1625
-1740
-1923
-2066
-2043
-1921
-1789
-1625
-1338
-977
-657
-402
-167
64
225
273
283
313
351
382
424
542
751
1003
1259
1527
1824
2100
2290
2380
2408
2365
2217
1955
1634
1339
1040
701
379
147
9
-140
-325
-444
-488
-563
-747
-976
-1108
-1223
-1448
-1704
-1817
-1763
-1716
-1717
-1569
-1192
-791
-529
-295
68
437
535
405
312
287
66
-421
-851
-1030
-1166
-1467
-1737
-1663
-1378
-1245
-1234
-1025
-606
-336
-349
-355
-146
33
-47
-169
-38
265
456
570
885
1408
1860
2110
2354
2691
2914
2865
2670
2526
2353
2025
1620
1334
1204
1076
937
921
1066
1200
1214
1206
1227
1156
888
506
152
-222
-708
-1199
-1561
-1799
-2024
-2215
-2243
-2102
-1960
-1887
-1751
-1515
-1343
-1368
-1436
-1402
-1368
-1499
-1680
-1670
-1522
-1437
-1405
-1210
-820
-489
-321
-141
141
345
326
221
206
211
103
-31
-7
167
348
527
835
1268
1659
1947
2206
2465
2592
2508
2332
2158
1909
1514
1088
767
528
265
-4
-151
-164
-181
-279
-372
-404
-455
-619
-868
-1077
-1228
-1386
-1555
-1649
-1588
-1411
-1190
-943
-633
-256
91
306
373
360
314
128
-242
-672
-1009
-1261
-1547
-1816
-1862
-1672
-1442
-1269
-1027
-620
-240
-90
-61
32
121
46
-153
-252
-149
-5
97
298
729
1262
1680
2012
2376
2711
2841
2740
2555
2370
2087
1684
1312
1089
967
851
807
925
1122
1242
1279
1331
1348
1188
839
445
74
-378
-923
-1408
-1719
-1924
-2126
-2236
-2159
-1963
-1796
-1671
-1505
-1309
-1212
-1243
-1306
-1337
-1385
-1504
-1593
-1559
-1434
-1298
-1138
-887
-565
-286
-92
79
238
316
289
219
188
180
154
167
291
529
805
1083
1395
1752
2056
2223
2283
2293
2215
1995
1672
1336
1028
721
419
186
72
18
-18
-17
17
26
-34
-154
-317
-528
-806
-1101
-1349
-1526
-1632
-1668
-1586
-1342
-1002
-661
-336
24
380
584
558
419
281
60
-396
-956
-1331
-1516
-1754
-2077
-2181
-1923
-1593
-1453
-1342
-982
-507
-295
-348
-320
-116
-15
-150
-262
-97
227
462
659
1054
1631
2148
2484
2751
3020
3177
3116
2875
2560
2224
1857
1455
1067
797
687
654
658
740
936
1160
1246
1193
1134
1038
751
258
-243
-649
-1087
-1608
-2042
-2235
-2292
-2376
-2406
-2241
-1963
-1760
-1650
-1510
-1326
-1244
-1312
-1386
-1384
-1396
-1469
-1513
-1421
-1228
-1041
-847
-559
-210
79
273
449
623
703
652
570
539
498
426
413
535
744
937
1133
1401
1718
1949
2029
2050
2037
1916
1654
1337
1080
834
534
238
57
-13
-79
-167
-218
-212
-242
-358
-490
-582
-668
-809
-975
-1091
-1116
-1088
-1041
-963
-826
-633
-453
-332
-238
-119
-15
-39
-184
-315
-374
-490
-733
-959
-1031
-1040
-1140
-1257
-1191
-959
-792
-768
-666
-394
-157
-126
-175
-73
96
118
44
110
376
618
749
952
1339
1740
1951
2074
2278
2465
2442
2247
2087
1983
1764
1424
1171
1069
962
787
664
677
686
578
420
316
176
-112
-471
-767
-1022
-1348
-1703
-1939
-2043
-2140
-2244
-2234
-2083
-1908
-1800
-1708
-1521
-1343
-1272
-1234
-1145
-1006
-904
-855
-717
-487
-276
-123
41
271
499
639
695
777
864
858
783
724
736
737
667
634
715
826
883
911
997
1122
1163
1134
1116
1086
974
778
611
506
354
142
-9
-38
-63
-154
-222
-193
-160
-254
-393
-434
-444
-556
-743
-852
-829
-855
-971
-1000
-881
-747
-720
-716
-581
-411
-365
-383
-315
-174
-117
-175
-190
-80
28
7
-52
-4
94
83
-12
-33
39
45
-68
-146
-93
-12
-44
-112
-59
62
108
69
102
258
355
338
345
477
637
689
699
809
963
1001
943
938
1014
980
801
655
622
592
434
241
190
190
67
-132
-229
-214
-299
-505
-645
-631
-640
-781
-896
-873
-818
-881
-977
-942
-835
-815
-837
-763
-582
-432
-372
-262
-48
148
219
253
360
482
503
440
434
494
484
381
318
344
357
276
178
156
167
111
5
-35
-13
-24
-95
-127
-75
-22
-37
-53
11
90
104
87
127
207
238
211
209
256
274
214
128
101
77
-22
-149
-222
-230
-269
-352
-395
-369
-346
-381
-425
-425
-397
-422
-491
-509
-468
-422
-391
-335
-204
-38
98
199
324
471
570
589
572
570
552
458
323
233
187
110
-4
-65
-54
-39
-69
-99
-65
-20
-39
-89
-94
-65
-71
-117
-134
-83
-18
-1
24
110
227
299
324
382
459
494
453
387
366
339
242
121
43
14
-54
-173
-261
-272
-292
-375
-442
-444
-430
-472
-534
-524
-484
-490
-514
-485
-387
-307
-279
-197
-47
104
194
290
456
600
666
682
741
802
760
649
542
466
338
144
-24
-135
-243
-387
-508
-544
-545
-564
-591
-567
-486
-442
-424
-374
-287
-202
-162
-99
18
147
225
292
404
505
555
564
560
563
509
392
276
170
50
-97
-235
-344
-432
-518
-604
-655
-696
-732
-759
-778
-765
-741
-700
-633
-528
-401
-247
-53
162
383
588
803
1015
1174
1262
1316
1366
1344
1227
1075
938
776
544
298
111
-35
-221
-418
-528
-566
-630
-739
-787
-756
-739
-793
-825
-771
-696
-680
-684
-585
-431
-318
-241
-111
101
278
349
430
580
704
706
640
639
659
578
407
295
280
214
53
-70
-60
-49
-137
-232
-215
-157
-221
-342
-366
-317
-346
-446
-450
-320
-199
-159
-55
182
420
549
629
782
936
943
815
714
672
534
269
36
-81
-198
-394
-585
-634
-593
-643
-738
-725
-627
-577
-621
-630
-521
-432
-434
-421
-307
-148
-66
-29
82
239
323
330
359
428
457
386
301
290
266
163
30
-20
-23
-89
-187
-223
-188
-201
-273
-301
-252
-208
-221
-221
-138
-19
55
106
223
385
487
539
617
721
771
732
683
671
623
505
368
275
198
81
-48
-124
-165
-224
-290
-342
-354
-370
-428
-470
-487
-513
-560
-596
-605
-603
-603
-589
-538
-473
-410
-340
-253
-163
-92
-36
21
85
123
146
189
231
274
307
341
388
417
430
435
435
407
358
309
257
196
117
60
41
22
7
28
78
128
173
231
303
347
357
375
388
368
308
253
219
169
93
31
3
-22
-71
-128
-160
-177
-227
-292
-337
-371
-410
-461
-499
-501
-494
-489
-478
-438
-392
-350
-310
-268
-212
-165
-133
-111
-86
-69
-66
-64
-57
-49
-54
-59
-54
-42
-39
-39
-15
7
10
12
31
70
89
110
153
209
270
307
352
415
461
485
505
526
536
517
478
435
383
323
241
157
93
22
-57
-123
-178
-224
-270
-318
-348
-366
-382
-401
-404
-392
-376
-356
-330
-295
-259
-226
-198
-153
-106
-82
-63
-34
1
17
27
41
59
68
74
77
77
87
92
93
96
92
97
99
97
104
107
105
103
104
110
117
125
139
155
172
186
203
219
233
248
255
261
259
254
245
231
212
186
160
126
90
49
-5
-54
-115
-177
-237
-294
-344
-394
-428
-454
-472
-481
-477
-470
-464
-442
-418
-389
-355
-332
-292
-255
-219
-173
-134
-94
-50
-1
38
64
94
117
133
137
139
137
131
127
122
119
119
116
127
145
162
183
213
246
277
306
334
365
394
410
418
425
430
420
406
386
356
322
276
225
174
116
50
-15
-82
-148
-209
-267
-316
-359
-403
-437
-458
-468
-475
-486
-476
-462
-441
-404
-373
-335
-290
-239
-189
-138
-88
-45
-4
33
68
102
138
165
178
197
211
214
212
216
205
186
168
143
112
77
47
10
-15
-35
-58
-65
-66
-56
-40
-12
24
69
114
157
205
246
281
309
327
331
318
292
265
227
182
136
83
41
4
-33
-62
-89
-117
-136
-150
-166
-185
-197
-207
-231
-250
-266
-283
-295
-293
-282
-261
-231
-193
-150
-100
-53
-16
19
39
52
57
45
30
18
7
-15
-31
-27
-27
-26
-20
-8
18
41
53
59
74
90
89
86
96
113
113
110
118
133
153
161
173
199
214
212
202
191
171
119
59
17
-26
-85
-139
-183
-201
-213
-232
-233
-227
-212
-215
-227
-214
-205
-215
-224
-229
-215
-198
-190
-161
-112
-56
-6
40
105
173
215
236
267
290
293
272
253
257
243
210
186
181
185
171
140
123
111
80
26
-23
-41
-60
-93
-125
-124
-110
-100
-77
-41
-2
29
51
71
94
98
85
65
40
21
-20
-55
-71
-92
-104
-108
-112
-105
-102
-105
-101
-93
-95
-107
-122
-129
-139
-160
-169
-179
-175
-157
-137
-105
-69
-27
16
47
79
111
123
125
126
117
102
82
59
49
45
44
49
53
63
76
83
93
99
92
84
69
50
36
18
4
2
-2
-3
6
24
32
50
60
63
72
63
43
24
2
-25
-59
-85
-105
-125
-137
-140
-143
-145
-142
-143
-139
-132
-133
-129
-124
-123
-119
-114
-104
-85
-66
-45
-11
7
37
69
92
125
151
171
185
200
212
209
207
201
193
180
164
146
130
110
90
77
58
38
18
3
-10
-24
-36
-42
-43
-42
-40
-44
-46
-48
-51
-57
-62
-66
-66
-65
-63
-61
-58
-52
-55
-67
-71
-76
-85
-98
-112
-119
-124
-130
-135
-130
-125
-117
-100
-89
-82
-74
-60
-45
-26
-6
10
33
60
79
99
119
136
149
160
169
174
179
186
181
176
171
169
163
144
134
122
99
81
56
39
21
-2
-14
-28
-45
-55
-66
-70
-73
-83
-82
-86
-86
-81
-85
-87
-89
-94
-105
-109
-120
-134
-137
-154
-162
-165
-177
-188
-192
-192
-191
-187
-174
-155
-142
-127
-109
-78
-41
-16
13
46
74
104
134
157
183
207
217
238
253
263
272
277
278
282
273
259
248
229
211
185
156
130
98
76
57
32
13
-4
-20
-34
-38
-47
-56
-58
-74
-85
-94
-103
-104
-108
-122
-134
-138
-143
-151
-155
-157
-155
-149
-148
-148
-149
-147
-150
-150
-156
-168
-174
-181
-180
-181
-173
-163
-150
-127
-101
-71
-37
-6
22
52
73
106
131
149
172
189
211
230
246
263
276
286
291
292
294
285
273
253
225
210
187
155
122
93
61
30
6
-20
-38
-60
-79
-92
-99
-106
-123
-139
-152
-167
-182
-191
-197
-202
-205
-204
-195
-198
-198
-191
-195
-189
-187
-190
-187
-185
-172
-152
-138
-120
-94
-70
-45
-9
20
48
73
94
115
129
143
153
158
169
177
184
193
192
201
216
219
228
232
223
210
196
171
139
107
70
36
4
-22
-36
-48
-53
-47
-33
-23
-9
4
7
7
-4
-22
-48
-79
-110
-139
-162
-178
-186
-185
-180
-167
-143
-116
-102
-93
-86
-79
-75
-84
-94
-96
-97
-105
-100
-90
-76
-59
-34
-4
16
36
58
77
91
94
99
103
99
99
95
98
105
110
119
134
151
161
172
178
176
169
163
148
127
109
93
78
61
49
47
41
33
32
30
21
15
7
-9
-24
-44
-60
-77
-104
-126
-148
-171
-182
-204
-215
-221
-229
-222
-221
-223
-215
-211
-205
-196
-193
-188
-183
-171
-163
-149
-133
-115
-83
-48
-23
12
47
80
110
134
158
180
197
205
207
214
218
221
226
227
230
233
230
227
220
208
191
172
148
122
97
65
39
14
-11
-32
-43
-53
-63
-64
-70
-81
-87
-96
-107
-118
-124
-132
-147
-150
-151
-154
-148
-146
-138
-123
-115
-98
-83
-71
-59
-47
-41
-34
-31
-24
-22
-21
-10
-3
7
21
37
44
56
67
75
80
81
90
87
82
75
75
76
71
75
75
71
67
73
76
72
81
74
68
69
63
63
57
56
51
41
34
30
23
19
15
10
5
-3
-7
-16
-33
-42
-56
-70
-90
-112
-129
-138
-149
-161
-173
-177
-177
-181
-183
-182
-177
-171
-165
-158
-148
-135
-124
-112
-92
-75
-57
-36
-16
6
24
47
71
86
106
125
138
155
166
178
189
194
200
200
200
201
205
197
190
180
166
160
142
128
115
94
82
69
59
41
22
12
2
-13
-32
-47
-55
-72
-87
-102
-107
-113
-126
-134
-139
-133
-133
-140
-135
-130
-119
-106
-103
-93
-73
-54
-45
-33
-20
-13
-7
3
7
11
15
23
31
29
31
30
28
27
20
13
6
7
8
9
13
19
20
20
20
26
28
23
31
29
22
21
17
16
9
7
9
5
15
26
31
44
49
47
50
53
53
46
38
33
23
9
3
-9
-20
-26
-29
-32
-39
-39
-42
-42
-41
-38
-38
-41
-42
-42
-45
-45
-47
-49
-50
-44
-35
-32
-28
-20
-11
-6
4
9
17
24
26
29
33
31
25
29
28
24
21
24
24
18
15
15
12
16
13
9
11
4
4
9
3
-2
-1
0
-1
-2
-3
-3
-5
-7
-4
-4
-4
-3
-4
-2
-12
-8
-5
-8
-4
-11
-15
-12
-13
-15
-15
-17
-17
-12
-8
-7
-5
-3
0
-1
-1
2
0
4
6
2
2
5
2
9
11
12
18
23
24
27
23
18
20
16
10
-1
-6
-6
-13
-13
-7
-5
-3
-3
10
15
15
22
23
27
23
18
15
10
11
7
5
4
4
2
3
-1
-6
-8
-13
-10
-18
-25
-27
-29
-30
-34
-34
-39
-40
-35
-32
-26
-25
-23
-18
-16
-9
-4
-8
-5
-5
-3
1
0
2
7
5
12
17
15
17
16
15
14
11
10
13
9
11
11
8
7
0
0
7
2
9
19
12
13
17
18
15
16
16
11
7
3
2
4
4
8
9
16
16
14
16
9
4
4
2
-2
-8
-12
-13
-19
-27
-24
-24
-21
-19
-17
-12
-12
-9
-10
-16
-15
-14
-17
-16
-15
-15
-10
-1
2
6
10
14
19
16
9
7
6
5
3
1
-2
-7
-7
-6
-6
-4
0
1
0
5
8
12
11
12
16
17
10
1
3
1
-4
-4
-2
-2
0
5
6
12
8
7
6
-5
-6
-13
-11
-10
-11
-7
-14
-17
-13
-1
4
7
6
4
7
4
5
4
7
11
0
-2
3
0
-4
-4
5
5
3
9
8
9
7
4
0
-3
-6
-10
-9
-10
-10
-4
-8
-10
-7
-6
-6
-1
0
-6
-7
-6
-5
-4
-2
-8
-6
-1
8
9
6
12
9
7
9
5
6
8
2
-3
-7
-7
-7
-12
-15
-13
-11
-10
-14
-9
-3
2
2
4
1
-2
0
-7
-6
-3
-2
4
1
9
15
12
18
17
17
23
18
15
10
1
-1
-3
-4
-2
-6
-7
0
3
6
14
11
9
14
11
12
8
2
2
3
3
0
-2
-1
2
0
1
4
3
4
0
2
3
-3
-9
-15
-11
-15
-19
-18
-22
-17
-13
-6
-4
-9
-2
-1
-7
0
0
-2
0
0
-1
-1
2
-3
-4
1
1
-3
0
-1
1
-1
-3
-4
-8
-8
-10
-13
-17
-21
-21
-17
-15
-16
-12
-10
-5
-2
-4
0
2
1
2
2
4
5
10
11
13
19
24
25
28
29
36
34
26
28
28
25
20
13
9
10
3
4
6
0
-2
-1
8
10
1
-6
-1
-5
-11
-9
-14
-18
-23
-18
-18
-18
-15
-14
-10
-7
-7
-7
-6
-9
-9
-6
-5
-4
-5
-12
-10
-9
-8
0
-1
-1
3
0
0
0
0
-1
-5
-5
-4
-4
-5
-5
-4
-8
-10
-9
-1
6
6
4
4
9
2
0
-1
0
9
5
11
13
13
17
13
15
21
21
19
19
16
14
9
12
12
6
7
0
-1
-3
-5
-10
-11
-7
-4
1
1
1
4
2
-8
-11
-9
-11
-10
-14
-18
-19
-20
-19
-15
-15
-9
-10
-4
-2
-9
-10
-10
-5
-2
2
0
-6
-9
-9
-10
-13
-16
-15
-10
0
-5
-6
4
5
9
13
12
13
11
6
8
3
-1
7
5
10
17
18
23
21
18
15
18
12
8
7
1
1
5
4
3
1
3
3
5
6
3
8
8
4
5
4
-1
-6
-5
-8
-7
-4
-4
-5
-6
-3
-4
6
5
-4
-1
-10
-12
-12
-11
-11
-12
-6
-8
-9
-10
-15
-17
-13
-9
-7
-3
-2
-3
-4
2
-1
0
5
6
4
5
7
5
1
3
6
3
4
1
3
-2
-7
-5
-1
-5
-9
-2
-6
-16
-6
0
-2
4
5
5
5
7
3
1
9
4
-2
-1
2
9
5
4
9
6
9
12
9
9
9
9
4
-1
1
-4
-4
-3
-7
-1
4
8
6
10
11
7
10
2
-2
1
-1
-7
-10
-9
-14
-15
-14
-8
-8
-6
-1
-3
-7
-2
-4
-11
-8
-9
-11
-15
-11
-8
-11
-6
-2
-2
-5
-1
-1
-6
1
0
-4
1
4
2
5
10
7
6
4
7
14
7
10
13
10
10
10
9
10
15
12
7
10
13
12
7
1
9
14
5
4
5
4
7
8
3
2
-1
-7
-12
-15
-15
-17
-15
-13
-9
-9
-10
-4
-5
1
1
-9
-9
-11
-12
-14
-19
-15
-15
-13
-14
-11
-4
-7
-9
-3
3
6
4
7
6
2
-1
0
2
2
6
13
10
9
18
11
11
10
9
10
9
10
2
-4
-5
-7
-5
-3
-3
-6
1
0
-5
1
2
-1
-4
2
8
5
3
5
0
-5
1
-2
-4
6
5
2
4
6
5
4
-1
1
2
-1
-2
-9
-12
-13
-14
-16
-11
-9
-5
3
-3
-5
-1
-2
0
1
1
6
2
-2
2
3
-1
-5
-1
2
2
6
9
11
12
7
10
8
6
11
10
12
6
4
12
18
23
20
16
18
13
7
-2
-6
-3
-7
-8
-9
-10
-9
-16
-17
-18
-25
-21
-18
-17
-11
-14
-13
-15
-14
-11
-16
-19
-18
-18
-13
-5
-9
-5
0
0
7
9
7
13
19
13
12
16
12
8
8
13
16
13
18
15
10
13
9
11
4
3
4
4
6
-4
-5
-5
-8
-11
-16
-13
-12
-8
-5
-5
5
7
2
4
4
-3
-8
-1
0
-2
-2
3
6
1
4
-3
-4
2
-2
-2
-5
-5
-4
-1
-6
-8
-2
-10
-9
-7
-8
-5
-5
-1
1
-3
-4
2
0
-1
1
5
2
-5
-5
-3
2
5
6
5
5
11
6
1
11
8
6
10
8
11
10
8
10
9
17
19
18
18
14
11
4
0
-4
-10
-10
-7
-13
-17
-15
-11
-9
-7
-7
-3
0
-7
-8
-6
-6
-13
-14
-13
-12
-10
-11
-12
-9
-10
-8
-2
-5
0
5
3
3
0
1
-1
0
-2
1
2
-1
4
5
3
6
11
11
9
9
12
16
11
10
7
3
2
-1
1
-2
-4
3
3
-2
4
3
-4
-1
-2
-1
-4
-3
-5
-5
1
-1
-1
3
1
-5
-5
-4
-4
-4
-4
-3
-4
-3
-4
-8
-2
-4
-12
-7
-10
-3
-6
-10
0
-1
-1
0
1
2
4
4
2
6
7
7
11
7
6
9
7
9
12
12
12
14
11
18
13
3
5
5
7
12
13
13
9
7
7
1
-3
-6
-9
-8
-5
-3
-8
-8
-12
-15
-15
-15
-19
-22
-20
-23
-24
-25
-23
-24
-22
-18
-21
-18
-10
-7
-5
-4
0
5
5
6
11
11
12
12
15
15
9
14
9
8
18
16
18
17
11
16
17
13
9
8
16
14
9
4
2
6
11
8
4
8
4
-1
-5
-2
-1
-5
-3
-8
-4
-4
-5
-4
-7
-8
-8
-8
-8
-6
-7
-9
-8
-14
-16
-13
-17
-15
-17
-19
-16
-18
-22
-20
-16
-11
-8
-5
-5
-11
-13
-10
-2
1
0
0
1
4
8
12
13
19
23
20
26
29
28
26
19
18
20
19
18
20
22
18
16
13
11
14
9
5
4
4
-1
-5
-4
-7
-12
-18
-15
-16
-16
-11
-16
-16
-7
-8
-15
-12
-7
-9
-13
-6
-6
-6
-1
-3
0
2
0
-2
-4
-5
-3
-5
-5
-3
1
3
0
3
-5
-6
-5
-6
-6
-7
-8
-8
-6
-3
5
4
2
3
2
0
4
3
6
7
6
10
3
-2
2
-1
3
6
5
7
7
10
8
6
0
2
4
-1
3
3
1
3
0
-6
-9
-5
-6
-8
-9
-9
-8
-9
-7
2
7
6
11
8
7
6
6
6
7
9
11
7
4
7
3
8
10
3
3
8
6
3
0
-3
-12
-7
-12
-12
-4
-7
-2
-3
-1
0
-1
0
-2
-8
-5
-3
-12
-10
-11
-11
-6
-13
-10
-12
-11
-3
-2
7
2
4
4
-2
3
1
-4
3
4
0
12
3
8
10
4
14
9
8
5
3
5
1
0
-2
-2
-4
-1
-4
-12
-2
2
2
0
-4
-2
-2
1
4
8
6
5
5
0
-2
-3
-9
-9
-8
-7
-4
-1
1
3
0
-1
3
4
2
6
8
0
2
-1
-4
-1
4
-3
2
10
6
14
7
6
12
3
2
5
2
-5
-6
-3
-6
-6
-10
-11
-7
-6
-5
0
-3
0
-1
-7
-5
-6
-6
-12
-14
-15
-16
-10
-5
-2
-4
3
5
1
4
1
4
3
2
10
6
7
9
4
9
14
12
3
2
3
1
14
13
6
2
2
1
-3
-2
-6
-2
-3
-4
-3
-1
2
4
5
5
9
16
13
13
9
3
0
-3
-2
0
-1
-5
-2
3
0
-4
-2
-4
-8
1
-4
-8
-5
-10
-8
-9
-7
-8
-12
-10
-10
-7
-5
-3
-3
-8
-10
-7
-3
-2
2
-1
-1
-5
-8
-7
-9
-7
-4
-4
-5
0
6
6
7
10
7
8
4
0
5
8
4
1
2
-1
4
3
1
9
10
9
1
3
6
1
4
7
11
10
3
5
8
9
5
1
5
4
2
5
2
6
3
-1
0
1
3
5
0
-1
1
-2
-3
3
0
-3
4
3
-5
-6
-5
1
4
6
11
8
-1
-2
-3
-8
-12
-10
-12
-21
-19
-13
-11
-10
-11
-9
-5
-9
-7
-7
-9
-1
-3
-6
-3
-8
-9
-10
-12
-11
-5
-3
3
1
1
5
6
16
16
15
11
4
5
2
-1
-1
0
4
1
8
10
12
15
12
13
13
11
9
15
9
5
9
4
3
4
2
1
0
1
4
6
8
8
0
-2
-2
3
2
-2
0
1
-2
-1
-4
-7
-5
-8
-10
-5
-7
-8
-9
-14
-15
-17
-16
-11
-13
-8
-13
-15
-14
-18
-13
-7
-5
-3
1
2
6
7
7
6
3
6
4
4
2
-2
3
5
5
5
7
4
4
8
3
6
9
6
5
8
7
8
5
5
10
4
1
6
10
8
7
11
16
14
6
7
7
6
7
-4
-2
-1
-9
-4
-7
-11
-6
-7
-2
-2
-4
-2
-3
-7
-10
-4
-12
-14
-11
-17
-16
-15
-16
-11
-11
-13
-5
-5
0
7
2
10
8
3
9
1
-3
-2
-2
-4
-7
-3
-3
-1
2
-2
9
5
-1
4
4
-1
-6
-5
-3
0
-4
-2
2
0
6
8
10
6
0
-2
6
9
3
7
5
3
7
6
6
10
8
8
8
14
17
14
10
9
7
3
2
-2
-1
-4
-7
-3
-3
-5
-2
-2
2
4
-1
-1
-3
-4
-3
-6
-9
-6
-4
-6
-5
-4
-10
-15
-11
-10
-8
-1
-4
-4
-5
-8
-10
-7
-5
-6
-3
-4
-2
-2
-4
0
0
-2
-3
-7
-6
-4
-7
-7
-4
-2
6
6
2
4
-1
-1
2
2
6
9
9
9
15
14
6
8
9
6
4
7
6
4
8
6
6
8
8
4
1
-4
-9
-2
-3
-8
-1
1
3
5
12
14
7
4
5
2
2
-2
-8
-5
-6
-5
-2
0
-1
-2
-2
-2
2
-2
0
4
-5
-4
-3
-3
-1
-4
-2
-4
-10
-12
-11
-10
-6
-7
-11
-11
-6
0
1
0
-4
-5
-4
-4
-1
-5
-7
-5
-1
1
-1
0
2
2
2
3
4
2
1
3
8
3
4
2
6
4
2
4
2
6
5
7
10
8
9
8
8
6
4
7
1
-3
-1
3
0
2
7
5
10
6
0
5
4
5
6
-2
-4
-3
-7
-5
-6
-7
-2
0
-4
1
1
-6
-2
-5
-10
-9
-10
-9
-6
-8
-8
-4
-3
-11
-8
-7
-1
-3
-9
-5
-5
1
1
0
-1
-6
-5
2
0
-1
3
3
4
2
8
5
8
12
9
10
11
9
4
8
6
5
4
2
7
-1
-1
4
8
6
8
13
11
11
7
3
-2
-6
-9
-4
-2
-4
0
-2
-1
-5
-2
1
-3
-6
-2
-6
-10
-7
-19
-17
-15
-18
-11
-11
-8
-5
-7
-6
-4
-1
-5
0
9
5
1
0
1
2
6
3
-1
5
11
5
4
9
8
4
5
7
12
8
4
4
2
1
0
6
13
9
7
5
-1
-2
2
9
3
-2
-2
-3
-2
-3
-4
-4
-3
-3
-2
-5
-9
-6
-8
-4
-13
-15
-12
-19
-17
-11
-6
-5
-2
-2
0
-1
-1
0
-5
0
6
2
6
9
6
5
9
6
2
2
8
12
4
9
15
16
23
16
9
12
12
12
11
6
4
1
-1
1
-2
-6
0
-2
-7
-7
-2
0
-2
-3
-3
-6
-11
-13
-18
-11
-9
-12
-5
-5
-9
-6
-3
-4
-6
-7
-7
-6
-6
-8
-5
-4
-8
-11
-8
-6
-6
-3
-10
-14
-11
-9
-2
-6
1
9
6
12
12
7
4
6
9
9
9
10
19
20
17
13
9
4
2
7
6
5
6
4
4
5
9
10
5
3
6
4
2
3
3
4
5
-1
-2
-3
0
-2
-8
0
2
1
-6
-9
-9
-13
-7
-7
-5
-2
-4
-6
-8
-5
-5
-2
6
4
0
0
2
-2
-3
-1
-5
-8
-6
-7
-12
-11
-14
-12
-10
-9
-7
-1
4
2
-4
-8
-3
-4
1
2
5
7
5
9
6
11
14
4
2
3
2
8
2
-3
1
3
0
-4
-4
-4
-3
-2
0
3
5
5
3
7
11
12
12
6
6
7
2
2
6
3
0
2
3
2
-1
0
5
2
1
0
-5
-1
0
0
-4
-5
-3
-4
4
3
-2
0
-1
-5
-10
-6
-6
-5
-4
-9
0
-4
-8
-5
-8
-7
-4
-2
0
4
8
8
4
0
-3
-2
-4
-3
-7
-4
-6
-4
-1
-2
8
3
1
6
6
3
3
1
1
4
6
1
1
0
-3
-3
-5
-1
2
0
6
5
4
7
4
6
8
5
11
13
5
3
1
-4
-4
-8
-10
-6
-2
-5
1
6
3
4
3
-1
-8
-10
-10
-12
-9
-9
-7
-1
-3
-5
3
6
0
1
2
1
-2
-3
-1
-6
-2
-2
-4
-5
-5
-1
6
2
-5
3
4
2
3
5
7
2
1
1
1
-1
3
4
1
6
7
5
5
8
7
6
6
4
6
4
3
5
0
-2
-6
-5
-2
-5
-1
6
0
0
5
4
2
1
-1
-6
-1
-2
-8
-7
-10
-4
-6
-7
-3
-5
-6
-6
-5
-2
2
0
1
-2
-2
-7
-9
-5
-7
-1
3
-2
0
1
5
7
4
3
-1
-2
-3
-3
1
1
4
7
10
11
3
5
10
5
8
9
7
9
5
8
6
2
2
-1
2
5
4
4
0
-3
-1
-5
-3
-1
-4
-2
4
-1
-3
-4
-9
-6
-6
-12
-11
-6
-7
-9
-8
-5
-4
-7
-9
-10
-11
-4
-7
-10
-4
-3
-1
4
4
-3
1
5
6
5
6
7
11
10
4
5
9
9
4
6
10
12
7
7
16
11
8
11
2
-6
-5
-7
-6
-4
3
2
-3
-2
0
3
2
3
-3
-2
-2
-7
-2
-6
-8
-4
-6
-8
-5
-1
-1
-5
-7
-4
-5
-3
-2
-1
-6
-9
-5
-7
-3
-2
-1
4
2
3
0
5
10
7
3
2
1
-4
2
2
0
6
4
-1
3
9
9
7
10
14
16
12
10
10
2
0
-3
-4
2
3
0
0
2
2
2
-5
-4
-2
-5
-6
-8
-7
-8
-9
-16
-11
-6
-7
-7
-10
-13
-11
-6
-8
-5
1
-8
-8
-4
-5
-8
-5
-3
-3
-1
-1
-2
-4
-2
3
5
5
11
9
5
10
11
9
9
13
12
11
6
8
5
1
10
3
3
8
9
6
4
3
1
4
1
4
3
4
6
4
-1
1
6
-2
0
4
3
5
2
1
-1
-3
-5
-12
-11
-12
-8
-5
-16
-8
-4
-8
-2
-4
0
1
-2
-2
-9
-13
-14
-20
-16
-15
-11
-4
-6
-4
-1
-1
-3
-7
-3
-3
-4
0
-2
-3
-4
-1
7
10
10
13
11
12
16
14
14
14
9
9
8
6
8
7
8
9
10
6
3
4
2
2
2
0
1
1
-1
-1
0
-3
-3
-4
-8
-7
-9
-10
-6
-3
-3
-2
0
3
8
1
0
3
4
5
-5
-5
-4
-6
-8
-6
-2
0
2
-2
0
2
6
8
4
2
0
1
-6
-8
-13
-12
-7
-8
-3
-1
-4
-5
-5
-2
-1
-6
-7
-8
-8
-4
3
6
3
8
13
8
5
7
6
8
1
-2
0
5
2
-3
0
-4
-5
-6
-6
-9
-7
-5
-11
-3
3
4
4
3
4
3
-1
0
0
5
8
0
-1
2
7
5
2
2
8
10
11
8
4
3
1
3
5
7
8
10
5
4
6
6
9
6
7
4
6
8
0
0
-3
-5
-7
-8
-2
-6
-11
-8
-12
-13
-4
-8
-3
1
-6
-9
-13
-8
-8
-11
-8
-3
-1
-6
-7
-2
-7
-5
-2
-6
-10
-11
-9
-8
