-14
-10
-8
-2
-2
-2
0
5
10
11
12
9
4
-2
-4
-5
-3
-5
-6
-3
-2
0
-5
1
1
2
4
6
7
12
12
6
8
7
7
2
2
7
1
2
6
2
2
0
-8
-9
-5
-5
-2
-3
-1
-3
-7
-9
-7
-4
-12
-12
0
1
-4
1
7
5
-1
-4
-3
3
0
2
3
1
2
-2
0
3
3
-3
-9
-2
-8
-13
-2
-3
-2
2
-4
-4
-3
-3
0
5
4
1
2
2
2
2
3
-4
-2
-8
-7
-2
-1
2
7
11
5
5
-2
-4
-3
0
0
-5
-2
2
3
3
9
10
6
5
3
1
5
8
4
2
5
3
1
7
1
-3
0
-1
2
-2
-4
-1
1
2
9
11
6
5
4
2
3
1
-3
-5
-2
-1
-5
-6
-6
-6
-5
-9
-11
-7
-10
-10
-6
-4
-5
-9
-12
-12
-8
-6
-3
-1
5
6
5
6
6
3
-3
-6
-6
-4
-1
0
1
2
3
11
11
7
7
2
0
-4
0
-3
-5
-2
-4
-2
2
1
-1
1
0
-2
-3
-5
-1
1
5
4
5
3
5
8
2
8
5
5
7
5
10
11
7
9
13
10
5
2
3
-3
-5
-3
-4
-4
-6
-5
-8
-1
1
-4
-6
-8
-4
-3
-1
0
-4
-3
-2
-12
-11
-12
-12
-13
-11
-7
-5
2
5
5
5
8
6
0
1
1
0
0
3
0
1
4
4
5
5
6
5
-1
6
8
3
6
3
0
-1
0
-1
-6
-4
-2
-6
-4
-2
-3
-3
-3
-4
-1
1
-1
0
-1
2
3
1
1
1
0
-3
-6
-5
-5
-9
-4
0
-4
-2
1
-2
-5
1
3
-1
5
7
11
14
12
16
19
13
9
7
9
8
-1
3
4
1
6
8
5
3
1
-1
-3
-4
-3
-8
-7
-5
-8
-6
-5
-2
0
-7
-6
-4
-10
-10
-11
-10
-10
-10
-1
-6
-7
0
0
-2
-3
-4
-6
-6
-8
-9
-9
-12
-7
-7
-5
-2
-6
2
2
1
4
1
0
6
1
0
1
-1
3
3
8
11
8
8
8
10
5
8
4
1
2
3
5
1
5
9
8
11
10
14
17
11
8
9
11
5
7
7
5
3
1
-1
3
6
0
-1
3
2
-1
6
1
0
1
-3
-5
-5
-5
-7
-8
-12
-14
-12
-13
-5
-7
-3
-2
-7
-4
-7
-10
-13
-12
-17
-15
-10
-7
-1
-3
-8
-12
-11
-8
-13
-9
2
-2
-5
-4
-3
3
2
-9
-9
-5
-5
-4
-4
4
6
8
7
3
2
3
2
2
1
6
11
5
9
15
16
15
9
14
16
15
17
14
12
12
7
6
6
7
6
5
5
5
8
9
9
13
8
7
1
4
3
-5
-3
-5
-3
-4
-3
-2
0
-1
0
-2
-4
0
-2
-8
-10
-10
-13
-14
-10
-14
-16
-9
-7
-1
-6
-10
-8
-8
-8
-5
-5
-6
-11
-18
-12
-12
-11
-9
-6
-2
-5
-1
1
4
2
2
4
-4
-6
-3
-3
-2
-6
-1
0
1
2
0
2
5
10
8
10
10
11
18
12
13
13
7
8
4
5
5
10
10
10
17
13
10
6
4
4
0
-2
5
5
-3
-3
-5
-1
-2
-1
6
3
3
0
0
5
2
-1
-3
-3
-4
-6
-4
-4
-8
-4
0
-1
0
3
6
9
3
1
-1
-4
0
0
-4
-9
-12
-10
-7
-16
-13
-10
-12
-3
-8
-5
-1
0
-3
-5
-4
-9
-4
-5
-10
-9
-11
-10
-5
0
0
-1
3
8
5
7
4
5
5
2
6
2
5
7
5
7
5
6
2
-1
3
8
3
8
3
-2
5
7
9
9
11
10
12
10
0
-3
-2
-1
3
-1
-5
8
3
-1
3
-5
-6
-8
-8
-3
-9
-4
-5
-8
-5
-7
-2
0
-2
-1
4
5
5
4
3
7
6
-1
0
4
-2
-4
0
5
4
7
7
6
8
3
5
7
5
-2
-7
-4
-5
2
2
-5
-1
-4
-5
-10
-13
-7
-10
-7
-6
-6
-9
-12
-13
-13
-15
-16
-9
-10
-5
-1
-1
-1
-1
0
-4
-3
-1
-2
-6
-1
3
-5
2
14
14
15
16
13
10
6
7
6
10
2
1
9
6
7
9
8
12
13
10
11
10
13
12
5
3
1
-2
-5
-5
-5
-6
-1
2
1
3
-1
1
5
1
4
4
-1
-4
-7
-8
-9
-11
-13
-14
-13
-14
-10
-8
-8
-4
-1
0
-2
-4
-3
-1
2
1
-7
-12
-9
-5
-1
-4
-4
0
3
0
-3
0
4
0
-1
2
-2
-2
-1
-4
-8
-8
-4
-4
-2
-4
0
1
-2
3
-1
-3
0
-3
6
9
6
12
12
16
20
17
15
12
18
14
12
21
17
10
6
9
3
0
0
-4
2
4
0
-4
1
1
-3
0
-4
-10
-13
-13
-15
-15
-16
-11
-6
-4
-1
3
-2
-1
3
-2
-4
-4
-9
-11
-7
-13
-15
-6
-5
-3
-1
4
3
-2
3
-3
-5
2
-3
-4
-3
-1
-6
1
1
-7
1
1
1
9
9
10
15
11
10
10
2
-1
0
0
-6
-7
-6
-4
-5
-9
-8
-7
-7
-5
-7
-7
-3
-3
-3
0
-2
0
6
3
-2
-1
0
6
7
10
8
13
19
20
20
18
17
18
20
15
13
11
6
6
8
4
-3
-3
-3
-3
0
0
3
2
2
3
0
-2
-8
-14
-11
-15
-16
-16
-20
-21
-22
-22
-26
-25
-21
-14
-9
-2
-2
-1
3
3
4
5
4
3
0
1
0
3
9
3
4
4
2
7
4
1
3
5
4
0
0
-1
-2
4
1
5
5
2
0
-2
1
1
-3
-2
3
0
-5
-1
0
5
7
10
9
2
-1
-3
-3
-1
-6
-7
-2
1
4
8
11
14
16
17
15
13
12
6
-2
-4
-3
-2
-1
2
-1
-2
-5
-4
-2
-7
-3
1
-2
3
4
3
9
7
5
4
3
-2
-9
-6
-9
-7
-11
-14
-8
-3
-5
-5
2
-3
-10
-13
-12
-11
-11
-8
-9
-9
-7
-7
-6
-5
-4
0
-3
-1
-2
-6
-3
-4
-2
0
6
7
4
3
6
5
5
8
7
8
5
7
9
7
10
3
3
4
-2
0
-1
-1
1
5
7
5
8
5
2
6
-1
-7
-6
-6
-5
-6
-9
-7
-7
-8
-4
-2
3
10
11
16
12
14
13
11
13
8
6
7
4
4
2
1
11
10
6
7
8
9
5
5
5
-1
-2
-5
-7
-12
-17
-17
-19
-17
-16
-18
-14
-8
-4
0
-1
0
-1
-8
-10
-10
-13
-14
-15
-19
-17
-16
-17
-5
-6
-6
1
1
1
1
2
1
-2
0
0
-3
-4
-2
-1
2
2
7
13
11
12
14
16
9
7
5
1
10
12
8
9
18
13
11
13
14
15
9
7
13
14
8
9
7
6
-1
-2
0
-2
0
-4
-5
-3
-5
-3
-1
-1
0
-3
-3
-3
-3
-2
-4
-7
-10
-6
1
4
-3
-2
-1
-6
-3
-3
-3
-4
-9
-4
-5
-5
-3
-3
-9
-13
-14
-13
-17
-16
-13
-14
-9
-8
-8
-11
-8
-7
-11
-8
-8
-4
1
3
0
5
8
5
7
4
1
5
9
7
7
12
12
16
18
16
17
14
13
3
5
-1
2
11
8
11
11
12
12
12
12
14
9
6
4
2
-1
-3
0
0
1
4
-1
-3
-2
-2
-3
-6
-6
-8
-10
-9
-12
-6
-2
-7
-6
2
4
2
-7
-6
-6
-12
-11
-11
-10
-10
-7
-11
-14
-11
-15
-10
-8
-15
-10
-9
-10
-2
-1
-9
-4
-3
-6
0
2
2
6
12
18
13
16
21
14
8
9
9
4
4
6
4
2
-3
-3
-1
-3
3
6
7
8
13
13
3
10
11
6
5
0
0
-2
0
-3
-7
-2
4
10
3
5
9
7
6
2
5
4
2
-1
-8
-9
-6
-3
-3
-3
4
4
-1
-3
-6
-7
-11
-15
-17
-11
-17
-14
-12
-12
-11
-12
-10
-15
-16
-10
-3
0
-4
-3
0
2
7
3
4
3
0
5
6
6
10
6
9
9
2
4
4
2
0
6
8
5
8
4
9
8
8
8
12
9
4
7
-2
0
0
-6
-5
-4
-3
-6
-1
1
0
2
-1
-1
0
0
5
1
-1
1
-10
-9
-3
-4
-5
-4
-1
6
6
4
6
7
6
3
-2
-2
0
-4
-3
1
0
2
-1
-5
1
3
-1
2
3
7
7
3
1
4
3
-5
-10
-8
-6
-9
-3
-6
-8
-5
-6
1
4
1
-5
-5
-5
-11
-7
-6
-8
-5
-10
-9
-6
-1
3
2
0
0
4
12
12
2
0
1
-4
3
5
3
3
0
5
8
7
10
15
12
9
13
13
8
5
-3
0
-2
-6
1
-3
-1
-2
-1
2
4
4
3
-2
-5
-2
-4
-2
0
-4
-5
-5
-3
-2
-2
-4
-5
-3
-8
-4
3
0
1
3
4
0
-1
1
-3
-1
0
1
0
-6
-6
-6
-4
0
0
2
0
4
5
2
7
7
6
4
5
2
-3
-1
-2
-3
-6
-5
-6
-8
-9
-9
-4
-4
-7
-8
-8
-3
-1
3
11
5
5
11
5
3
4
6
4
6
8
-1
-7
0
-1
-4
-5
-2
-2
-2
4
6
9
10
7
10
8
13
9
0
-5
-6
-1
-2
-3
1
-2
-2
-2
-5
-2
-7
-7
-2
-4
-9
-10
-12
-16
-10
-5
-10
-5
-1
-3
2
9
7
5
9
11
5
6
7
5
1
1
2
-3
-3
2
5
4
3
8
11
13
18
17
8
1
6
3
0
-5
-6
-6
-6
-3
-6
-5
-6
-6
-5
-7
-7
-8
-4
-8
-9
-6
-11
-4
-6
-9
-11
-10
-3
-7
-6
-3
-2
1
-2
4
8
0
-3
-3
-5
-6
0
-1
-7
1
7
4
2
4
5
-1
2
4
7
14
11
9
9
10
11
8
6
7
8
13
10
13
14
9
9
8
2
-4
0
-3
-6
-7
-8
-5
1
1
-4
1
-5
-8
-6
-10
-11
-18
-19
-19
-14
-9
-9
-6
-7
-1
3
3
11
9
6
9
6
6
8
4
6
-2
7
9
1
11
12
7
4
6
7
3
-1
-1
-4
-10
-16
-17
-15
-18
-16
-17
-12
-10
-12
-8
-10
-8
-8
-8
-9
-8
-4
-3
1
1
2
7
9
9
8
14
18
19
19
17
16
15
17
16
12
8
7
7
3
-2
3
4
5
9
1
2
1
-5
-6
-8
-6
-9
-13
-12
-13
-12
-17
-14
-8
-10
-10
-8
-10
-6
-2
-5
3
10
5
7
8
13
13
6
8
8
7
6
4
9
4
4
7
4
8
6
4
0
-4
-4
-6
-7
-7
-10
-7
-5
-8
-2
2
-4
-9
-3
-1
-1
-2
-10
-11
-10
-14
-14
-8
-4
3
4
3
4
8
0
0
7
0
1
7
2
1
-1
-7
1
0
-3
-4
-3
-5
-7
2
3
1
2
1
6
9
10
7
2
8
9
11
13
8
13
20
12
9
3
3
5
0
2
5
5
-1
-5
-7
-4
-4
-11
-5
-2
-2
-1
-9
-12
-10
-8
-10
-9
-8
-8
-3
-1
-3
-5
-10
-12
-6
-5
-8
-7
0
5
6
11
12
12
8
4
-2
-1
0
0
4
7
11
3
2
3
-2
3
2
2
4
-3
-5
-6
-5
-6
-9
-12
-12
-3
-2
-2
3
5
9
8
7
11
4
-3
-2
-3
-6
-3
-7
-8
-4
-5
-2
1
5
2
6
12
10
11
7
9
7
1
2
-3
2
3
3
3
6
12
7
5
1
4
0
-2
2
-5
-6
-9
-9
-6
-9
-9
-4
-7
-11
-6
-9
-8
-5
-2
0
-3
3
2
3
-4
-4
-3
-11
-2
0
0
3
3
5
2
8
9
6
5
-4
-5
-12
-12
-9
-5
0
0
5
10
5
1
6
4
1
0
-2
2
1
7
7
3
2
-1
6
8
8
15
15
14
8
7
0
-3
-2
-11
-13
-6
-5
1
-1
0
3
2
-5
-10
-9
-2
4
-3
0
3
4
6
3
3
-2
-2
4
7
3
1
5
5
6
5
0
-2
-7
-7
-11
-15
-10
-8
-6
-10
-7
-3
-9
-8
-7
-7
-4
-2
-6
-7
-4
-5
-1
-1
-7
-5
-5
-2
3
3
0
8
13
6
6
9
7
4
5
10
5
2
5
7
8
6
3
4
8
5
7
4
5
7
3
3
1
2
2
-3
2
7
1
-2
-9
-11
-2
-6
-5
1
0
4
7
6
2
2
1
-1
-4
-5
-5
-5
-5
-5
-8
-8
-4
-5
-4
-2
2
-2
-7
-2
-9
-7
0
2
3
-2
0
5
3
1
0
0
2
3
4
5
9
8
7
7
-5
-8
-7
-10
-8
-8
-4
-4
0
7
3
-5
-4
-3
-2
-1
-1
-3
-8
-6
-3
-4
-3
1
2
3
5
1
1
6
8
8
4
1
2
1
-1
3
8
11
8
9
15
10
5
6
3
-6
-5
-4
-9
-3
-5
0
5
6
7
1
6
6
-3
2
-5
-12
-8
-6
-8
-9
-5
-5
-1
-2
-7
-2
-4
-4
-1
2
-3
-4
2
-1
-2
-5
-6
-4
-5
-1
0
-2
0
1
-1
-3
1
6
2
2
4
2
3
2
-1
-3
2
8
6
2
7
9
4
4
3
-3
2
1
-3
1
0
-4
-1
0
-3
-2
2
-1
-4
3
9
4
-5
-1
1
-2
-2
-1
0
-1
-3
-8
-3
1
5
7
3
4
2
0
-2
-1
4
8
5
1
4
9
10
1
1
-4
-6
-3
-2
1
-4
-2
-1
-7
-10
-5
1
-13
-19
-10
-14
-14
-5
-3
-4
-6
-1
3
-2
2
5
-2
-1
0
1
9
9
13
8
6
5
0
7
6
0
4
11
9
3
5
8
4
3
5
6
0
2
8
3
-3
-5
-8
-11
-13
-7
-6
-5
-4
1
5
4
2
-2
-2
-4
-8
-11
-7
-3
-10
-3
1
2
4
1
-1
5
8
6
2
-2
-5
-6
-4
-2
2
2
1
4
9
8
7
6
7
9
7
1
4
11
10
6
1
-5
-9
-7
-7
-6
-7
-12
-7
-6
-2
2
0
0
0
-1
0
-3
-7
-7
-10
-7
-7
-7
-9
-4
-1
-2
0
-3
-2
2
0
-3
2
7
10
10
9
12
12
8
6
7
4
1
-2
0
1
0
2
2
4
10
7
4
4
6
3
-1
-1
-5
-1
3
-4
-6
-5
-8
0
-4
-9
-6
-2
-3
-11
-5
0
-8
-12
-9
-8
-8
0
4
4
5
1
-3
1
5
2
8
14
12
12
11
7
6
4
1
1
-2
-5
-4
-4
-3
-2
-3
-1
-1
0
1
1
-1
-1
-2
-3
-3
-9
-10
-12
-15
-13
-13
-6
-2
-1
6
12
15
6
3
4
5
6
4
3
7
3
-1
3
4
1
3
0
1
6
5
4
8
9
9
4
-3
-3
-5
-6
-3
3
2
3
0
-4
-4
-6
-1
-4
-10
-11
-12
-3
-2
-1
4
5
5
3
7
5
2
-1
3
5
-2
-6
-6
-5
-8
-10
-14
-11
-9
-9
-2
-1
5
8
2
1
-2
1
-2
-4
-1
0
5
9
12
13
18
13
13
15
7
9
7
5
1
-4
2
1
1
-4
-6
-3
-6
-6
-8
-7
-11
-6
-4
-10
-6
-6
-9
-11
-15
-9
-6
-5
1
-3
-3
1
-1
0
4
-1
6
11
6
4
7
10
5
8
4
3
3
3
11
16
12
9
14
14
9
4
2
-2
-5
-9
-14
-12
-10
-11
-11
-9
-9
-3
1
2
3
2
0
-3
-7
-7
-3
-7
-11
-4
-2
6
6
2
6
2
4
6
10
10
4
4
1
3
1
-1
1
-1
-1
-3
-4
0
-2
0
0
-2
0
-5
-6
-7
-13
-8
-9
-5
-6
-8
0
-1
2
0
-2
1
6
3
-3
2
4
-2
-2
0
-2
1
1
-5
-2
2
-2
-3
-1
1
1
-2
-1
-4
-2
-3
-4
2
3
6
10
11
12
9
12
11
8
5
2
8
7
7
6
12
11
10
12
8
11
14
8
5
2
1
6
1
-1
-3
-10
-9
-6
-4
-6
-9
-8
-9
-9
-7
-10
-15
-17
-9
-10
-13
-11
-13
-10
-10
-13
-13
-11
-4
-8
-3
-1
-7
-4
-3
3
0
-6
1
-4
-2
-1
-2
4
3
4
6
4
5
5
-4
-5
-2
-3
4
3
2
6
10
12
4
4
6
8
8
14
13
14
14
11
14
8
8
11
5
7
6
5
8
8
6
0
1
6
1
-5
-4
3
3
1
6
4
1
1
-8
-5
-7
-10
-7
-6
-2
-5
-2
0
-3
-5
-4
0
-7
-4
2
-6
-5
-8
-8
-3
-7
-1
-1
-1
-2
-5
-6
-9
-10
-10
-10
-12
-18
-17
-13
-16
-24
-19
-12
-13
-5
1
-2
6
9
11
12
9
13
10
9
10
8
7
6
7
3
5
8
8
10
13
17
18
17
17
18
14
11
5
-2
-1
-6
-12
-11
-8
-5
-6
-4
0
4
5
5
2
0
-2
-5
-13
-13
-7
-8
-6
-6
-3
3
0
4
10
6
9
5
10
8
12
21
15
15
15
14
6
4
7
7
5
4
6
4
4
2
3
2
-4
-6
-10
-9
-15
-20
-20
-19
-20
-22
-18
-21
-19
-17
-22
-25
-23
-26
-27
-18
-22
-21
-23
-21
-15
-12
-10
-5
-2
-2
4
10
10
12
15
19
17
18
24
19
20
25
27
22
12
9
12
5
8
9
6
8
-4
-2
4
5
3
0
7
5
2
6
6
7
2
2
4
3
7
2
5
11
11
16
14
19
19
14
17
21
23
17
13
4
3
-1
1
1
-2
4
4
2
3
2
3
5
1
-3
-4
-9
-13
-14
-19
-24
-24
-26
-25
-23
-22
-23
-31
-35
-37
-38
-41
-45
-41
-38
-40
-37
-33
-26
-25
-22
-16
-21
-17
-8
-5
4
6
9
12
15
13
15
23
20
18
16
16
24
24
22
18
12
18
15
17
28
28
29
32
34
28
30
25
24
24
22
18
16
18
20
27
27
24
24
22
16
23
21
12
13
10
11
11
3
-2
-1
-6
-10
-12
-20
-19
-19
-22
-21
-22
-18
-15
-18
-24
-21
-19
-26
-25
-23
-16
-18
-24
-20
-19
-17
-16
-11
-10
-10
-3
-3
-3
-1
-4
-2
-1
-4
-11
-14
-16
-16
-16
-19
-13
-20
-19
-22
-24
-22
-26
-29
-28
-32
-40
-36
-41
-35
-31
-32
-21
-19
-13
-7
3
12
17
21
34
47
48
61
68
72
75
80
88
80
78
81
82
77
63
55
45
35
24
14
12
2
-9
-16
-17
-17
-26
-29
-24
-24
-31
-29
-26
-24
-25
-27
-17
-17
-11
-5
-8
-5
-1
0
1
4
6
4
2
-2
-3
-6
-7
-14
-8
-9
-20
-17
-20
-24
-26
-28
-27
-26
-29
-35
-31
-31
-31
-33
-35
-25
-21
-19
-16
-13
-7
1
-2
5
13
22
29
25
28
25
20
16
6
-1
-13
-19
-26
-44
-49
-53
-58
-56
-54
-49
-46
-43
-37
-29
-19
-10
2
20
27
38
53
61
77
89
93
108
114
125
129
121
134
125
116
115
98
142
154
124
108
69
42
7
-43
-90
-135
-186
-273
-325
-348
-368
-366
-429
-456
-424
-417
-378
-378
-388
-341
-306
-262
-231
-215
-169
-116
-64
-17
33
89
138
179
208
256
299
298
295
278
250
220
163
106
43
-24
-78
-125
-152
-174
-177
-176
-169
-143
-114
-77
-49
-18
13
46
87
125
170
227
288
360
432
525
641
716
781
828
874
917
880
807
698
548
383
189
-30
-253
-464
-662
-833
-971
-1089
-1157
-1190
-1221
-1210
-1170
-1101
-1012
-938
-846
-719
-587
-446
-306
-145
44
228
417
615
831
1026
1194
1348
1465
1569
1620
1607
1558
1448
1302
1118
884
626
338
46
-234
-511
-772
-1001
-1188
-1363
-1501
-1582
-1619
-1617
-1613
-1580
-1492
-1386
-1260
-1131
-989
-814
-635
-445
-241
-46
164
365
554
740
921
1086
1203
1311
1373
1403
1424
1387
1320
1222
1102
987
849
695
543
397
265
140
27
-65
-131
-184
-234
-261
-264
-253
-220
-174
-110
-33
52
157
264
373
487
579
666
733
776
781
752
683
568
423
234
11
-234
-498
-777
-1059
-1332
-1591
-1833
-2046
-2228
-2377
-2481
-2539
-2560
-2549
-2482
-2357
-2197
-1990
-1748
-1475
-1158
-817
-450
-59
339
742
1131
1508
1863
2188
2475
2705
2889
3005
3069
3075
3000
2865
2661
2403
2100
1743
1358
955
542
139
-255
-627
-960
-1256
-1506
-1697
-1829
-1903
-1925
-1899
-1834
-1716
-1552
-1359
-1146
-911
-665
-416
-162
87
337
577
798
997
1175
1329
1443
1514
1548
1530
1460
1343
1187
994
773
527
273
20
-228
-452
-654
-830
-970
-1084
-1159
-1196
-1215
-1202
-1155
-1086
-996
-880
-742
-581
-393
-199
7
219
435
653
850
1023
1172
1281
1348
1367
1325
1218
1059
847
580
271
-60
-414
-785
-1146
-1494
-1809
-2086
-2313
-2492
-2617
-2676
-2690
-2650
-2544
-2386
-2178
-1928
-1633
-1293
-924
-529
-115
316
759
1191
1606
2001
2362
2683
2949
3158
3309
3383
3380
3326
3204
3019
2788
2500
2175
1819
1442
1043
638
245
-144
-514
-861
-1170
-1437
-1663
-1840
-1958
-2028
-2053
-2026
-1959
-1841
-1683
-1496
-1288
-1061
-821
-573
-328
-86
142
351
540
702
832
933
994
1014
995
935
841
709
552
376
180
-26
-234
-430
-620
-790
-929
-1038
-1120
-1164
-1178
-1162
-1107
-1035
-925
-791
-632
-446
-252
-49
162
380
583
782
974
1146
1301
1434
1543
1608
1629
1599
1514
1383
1195
965
702
397
68
-270
-614
-956
-1279
-1564
-1822
-2031
-2198
-2313
-2366
-2379
-2318
-2210
-2060
-1859
-1623
-1344
-1030
-692
-330
40
418
796
1155
1505
1837
2136
2390
2609
2786
2914
2988
2989
2945
2843
2686
2482
2217
1909
1567
1202
812
409
6
-385
-762
-1114
-1434
-1709
-1939
-2130
-2274
-2366
-2403
-2393
-2343
-2242
-2105
-1933
-1729
-1500
-1254
-994
-730
-466
-204
42
270
474
652
792
893
958
983
974
938
871
782
671
551
425
301
187
80
-20
-107
-181
-234
-279
-313
-324
-328
-318
-291
-243
-187
-112
-14
89
205
330
472
613
760
908
1035
1161
1268
1350
1405
1420
1398
1335
1232
1085
903
677
418
134
-173
-488
-809
-1113
-1394
-1654
-1879
-2055
-2178
-2258
-2280
-2257
-2188
-2065
-1910
-1721
-1501
-1260
-997
-719
-426
-126
182
489
784
1073
1344
1591
1809
1995
2131
2217
2263
2250
2190
2080
1926
1729
1486
1227
949
641
336
42
-244
-517
-770
-996
-1183
-1342
-1477
-1580
-1651
-1687
-1695
-1680
-1641
-1577
-1489
-1387
-1257
-1112
-959
-790
-605
-422
-238
-58
113
274
422
552
661
757
830
884
917
933
937
927
908
879
848
811
765
723
671
613
548
478
416
350
284
233
200
174
174
208
256
328
416
511
610
709
798
879
942
981
996
987
948
875
777
642
479
295
78
-168
-427
-702
-978
-1267
-1548
-1805
-2055
-2273
-2457
-2592
-2680
-2722
-2708
-2644
-2525
-2362
-2160
-1918
-1646
-1356
-1047
-723
-399
-76
247
562
867
1160
1447
1720
1963
2196
2400
2565
2700
2777
2806
2790
2713
2561
2338
2070
1747
1388
998
592
182
-220
-598
-940
-1253
-1520
-1739
-1919
-2036
-2125
-2166
-2151
-2115
-2050
-1955
-1821
-1667
-1496
-1297
-1080
-844
-587
-320
-45
226
498
758
1001
1221
1405
1558
1672
1741
1768
1762
1722
1641
1536
1409
1261
1101
924
747
573
407
251
119
5
-89
-145
-186
-199
-187
-163
-128
-77
-27
31
97
163
235
297
363
428
491
541
567
570
541
481
388
247
58
-163
-414
-691
-991
-1288
-1575
-1851
-2100
-2306
-2467
-2577
-2633
-2645
-2595
-2504
-2366
-2192
-1999
-1782
-1539
-1284
-1009
-726
-438
-130
185
503
824
1145
1452
1744
2016
2252
2458
2628
2747
2804
2800
2749
2642
2474
2249
1981
1673
1333
979
612
247
-109
-451
-766
-1047
-1303
-1526
-1704
-1854
-1961
-2020
-2029
-1993
-1929
-1813
-1646
-1447
-1213
-954
-676
-387
-95
194
473
727
955
1157
1319
1449
1545
1608
1637
1635
1615
1559
1477
1383
1267
1138
997
844
687
528
364
200
47
-90
-219
-328
-413
-486
-535
-559
-563
-549
-512
-454
-379
-294
-191
-79
33
150
264
362
438
488
495
471
397
274
120
-77
-309
-562
-821
-1099
-1375
-1642
-1894
-2125
-2327
-2491
-2611
-2686
-2712
-2683
-2605
-2475
-2297
-2072
-1801
-1494
-1162
-804
-431
-62
320
700
1065
1420
1754
2067
2357
2619
2855
3054
3217
3331
3394
3412
3374
3287
3127
2910
2635
2299
1913
1489
1038
569
93
-389
-844
-1266
-1645
-1979
-2263
-2480
-2634
-2741
-2791
-2774
-2707
-2591
-2430
-2221
-1976
-1709
-1407
-1084
-742
-401
-56
295
620
932
1216
1454
1662
1808
1912
1969
1968
1916
1820
1686
1514
1321
1109
883
660
441
228
36
-136
-280
-404
-499
-560
-601
-608
-597
-559
-496
-417
-328
-220
-93
37
180
328
476
621
742
843
913
941
928
871
747
568
346
81
-221
-553
-903
-1262
-1601
-1936
-2240
-2493
-2714
-2880
-2994
-3040
-3032
-2965
-2833
-2663
-2435
-2162
-1850
-1503
-1124
-729
-319
105
527
952
1362
1751
2126
2466
2769
3033
3248
3411
3521
3570
3565
3495
3363
3176
2932
2641
2300
1921
1512
1081
644
204
-230
-649
-1055
-1432
-1769
-2071
-2318
-2524
-2680
-2776
-2821
-2803
-2736
-2611
-2428
-2196
-1915
-1605
-1271
-913
-546
-181
169
499
807
1071
1299
1481
1619
1721
1775
1786
1758
1703
1615
1499
1359
1195
1027
846
658
474
299
133
-15
-149
-263
-359
-429
-474
-505
-501
-480
-438
-374
-290
-187
-80
42
177
309
438
548
641
720
760
760
723
639
513
338
122
-127
-409
-702
-1011
-1328
-1638
-1935
-2198
-2423
-2609
-2759
-2848
-2878
-2856
-2772
-2636
-2442
-2203
-1918
-1588
-1225
-833
-431
-2
429
863
1300
1711
2112
2483
2816
3106
3340
3528
3656
3716
3707
3632
3493
3290
3019
2691
2318
1894
1439
961
462
-41
-538
-1017
-1467
-1892
-2276
-2602
-2874
-3090
-3236
-3308
-3316
-3270
-3149
-2963
-2732
-2449
-2118
-1747
-1339
-913
-480
-32
403
818
1210
1564
1877
2131
2328
2485
2572
2602
2579
2500
2365
2187
1970
1715
1442
1155
854
557
271
2
-236
-442
-610
-723
-798
-843
-844
-810
-754
-683
-593
-500
-396
-288
-177
-54
65
182
296
411
518
604
670
700
697
646
535
374
172
-82
-395
-740
-1108
-1491
-1861
-2207
-2508
-2765
-2960
-3073
-3113
-3077
-2976
-2811
-2590
-2336
-2044
-1733
-1411
-1071
-721
-367
-3
378
778
1195
1617
2045
2473
2880
3255
3580
3838
4013
4089
4073
3951
3729
3419
3024
2576
2083
1570
1047
532
42
-419
-837
-1217
-1554
-1859
-2120
-2341
-2534
-2693
-2810
-2876
-2890
-2852
-2751
-2585
-2356
-2056
-1705
-1309
-873
-419
36
480
897
1262
1579
1831
2015
2135
2196
2197
2145
2056
1936
1785
1615
1428
1227
1024
815
606
402
208
16
-172
-346
-499
-637
-757
-843
-905
-930
-926
-893
-822
-725
-595
-443
-281
-105
77
254
412
554
673
754
798
796
751
653
499
296
54
-227
-543
-877
-1225
-1560
-1877
-2174
-2425
-2629
-2776
-2866
-2904
-2871
-2771
-2628
-2436
-2197
-1913
-1597
-1258
-882
-485
-70
350
778
1220
1647
2054
2448
2805
3123
3376
3569
3706
3769
3755
3668
3518
3305
3022
2685
2318
1905
1462
1011
558
101
-347
-777
-1181
-1543
-1882
-2179
-2421
-2618
-2769
-2873
-2906
-2884
-2808
-2671
-2476
-2218
-1916
-1576
-1196
-796
-379
33
427
802
1141
1434
1678
1876
2012
2088
2114
2095
2030
1911
1756
1579
1372
1145
895
639
385
132
-112
-334
-531
-702
-836
-937
-999
-1019
-1001
-953
-873
-762
-633
-479
-312
-138
45
229
408
587
740
871
978
1042
1067
1047
987
876
714
503
257
-25
-340
-676
-1029
-1379
-1734
-2078
-2385
-2660
-2881
-3042
-3135
-3153
-3104
-2981
-2799
-2550
-2238
-1886
-1500
-1084
-647
-198
242
683
1119
1537
1939
2323
2679
3007
3300
3550
3746
3869
3932
3911
3809
3627
3357
3021
2608
2151
1659
1142
627
118
-369
-818
-1238
-1615
-1937
-2215
-2443
-2620
-2751
-2824
-2844
-2815
-2732
-2596
-2408
-2171
-1892
-1569
-1218
-847
-457
-70
311
668
991
1265
1491
1663
1763
1804
1787
1714
1594
1438
1261
1071
866
656
474
307
145
9
-118
-227
-320
-414
-468
-508
-546
-558
-546
-500
-435
-345
-224
-79
85
249
418
597
766
912
1026
1116
1171
1179
1139
1061
945
772
557
309
44
-254
-589
-918
-1245
-1577
-1911
-2216
-2471
-2702
-2908
-3049
-3117
-3117
-3072
-2967
-2774
-2518
-2216
-1873
-1477
-1037
-586
-124
344
819
1286
1726
2141
2529
2864
3143
3394
3589
3707
3748
3739
3690
3556
3316
3032
2720
2346
1883
1381
909
420
-127
-677
-1149
-1572
-1994
-2395
-2703
-2902
-3065
-3214
-3272
-3214
-3097
-2965
-2776
-2502
-2178
-1840
-1476
-1065
-635
-226
182
593
965
1288
1589
1869
2084
2210
2284
2348
2352
2248
2097
1950
1789
1549
1252
999
789
554
282
42
-125
-260
-412
-562
-626
-637
-669
-701
-660
-562
-485
-410
-274
-89
58
173
350
552
679
747
851
974
994
918
854
813
669
397
125
-103
-399
-811
-1211
-1509
-1818
-2206
-2551
-2753
-2894
-3087
-3239
-3233
-3129
-3049
-2955
-2711
-2364
-2053
-1757
-1349
-862
-428
-60
373
882
1334
1680
2050
2504
2886
3120
3314
3576
3762
3752
3668
3618
3520
3220
2826
2511
2191
1707
1143
685
290
-211
-765
-1185
-1484
-1827
-2217
-2480
-2581
-2696
-2854
-2900
-2805
-2684
-2585
-2418
-2137
-1808
-1502
-1167
-765
-331
78
452
833
1221
1553
1795
1995
2178
2291
2307
2260
2199
2101
1913
1699
1493
1281
1027
762
533
329
125
-71
-231
-359
-474
-574
-643
-685
-716
-731
-723
-689
-635
-574
-480
-363
-241
-112
31
187
340
480
602
719
800
823
799
737
618
423
174
-108
-431
-798
-1178
-1543
-1895
-2232
-2525
-2746
-2916
-3059
-3110
-3070
-2982
-2875
-2715
-2467
-2184
-1907
-1613
-1246
-860
-486
-111
307
767
1201
1609
2034
2483
2891
3225
3519
3780
3968
4043
4010
3922
3759
3483
3111
2699
2273
1790
1254
737
264
-194
-655
-1068
-1415
-1716
-1993
-2241
-2422
-2550
-2652
-2729
-2745
-2689
-2603
-2483
-2285
-2020
-1712
-1371
-985
-548
-109
310
731
1140
1503
1798
2025
2214
2328
2352
2313
2234
2095
1899
1669
1421
1162
890
620
365
129
-94
-299
-475
-622
-745
-852
-943
-996
-1017
-1029
-1023
-984
-913
-827
-719
-578
-416
-240
-52
143
336
525
697
845
951
1003
1017
981
873
700
480
222
-89
-440
-813
-1179
-1536
-1894
-2221
-2490
-2705
-2879
-2994
-3023
-2963
-2859
-2713
-2501
-2229
-1923
-1615
-1286
-904
-512
-146
226
635
1059
1457
1837
2241
2643
2982
3272
3545
3787
3923
3962
3964
3911
3747
3462
3139
2810
2395
1874
1366
909
424
-121
-631
-1022
-1396
-1810
-2177
-2406
-2573
-2780
-2952
-2990
-2940
-2907
-2862
-2692
-2419
-2154
-1887
-1541
-1104
-668
-297
82
517
927
1219
1444
1675
1875
1950
1912
1885
1865
1741
1524
1328
1184
996
731
488
319
144
-87
-295
-421
-531
-673
-785
-818
-817
-834
-820
-734
-616
-526
-416
-250
-66
99
249
439
643
798
918
1048
1164
1202
1181
1139
1056
887
648
395
104
-250
-629
-998
-1364
-1733
-2070
-2342
-2570
-2774
-2903
-2952
-2952
-2917
-2803
-2618
-2414
-2165
-1865
-1532
-1184
-799
-391
17
431
864
1303
1707
2100
2498
2858
3151
3399
3617
3764
3795
3751
3677
3510
3214
2864
2521
2117
1617
1117
668
214
-284
-752
-1127
-1474
-1845
-2158
-2384
-2582
-2774
-2906
-2952
-2958
-2928
-2818
-2637
-2413
-2125
-1774
-1382
-959
-501
-34
403
818
1218
1566
1820
2012
2171
2252
2238
2162
2061
1922
1719
1487
1272
1054
808
568
356
145
-62
-251
-415
-553
-677
-781
-849
-896
-913
-890
-831
-747
-631
-472
-297
-101
113
330
535
721
894
1026
1119
1181
1183
1126
1010
847
638
370
56
-281
-639
-1012
-1388
-1755
-2096
-2411
-2680
-2906
-3070
-3171
-3215
-3185
-3089
-2931
-2715
-2450
-2127
-1772
-1382
-963
-537
-95
350
793
1233
1659
2062
2446
2806
3122
3401
3644
3835
3953
3999
3985
3893
3716
3454
3133
2749
2292
1784
1265
743
194
-347
-855
-1304
-1720
-2107
-2435
-2687
-2868
-3021
-3114
-3123
-3056
-2956
-2818
-2585
-2288
-1970
-1630
-1238
-799
-377
20
429
837
1197
1472
1709
1925
2064
2118
2115
2080
2002
1849
1647
1449
1247
1009
734
476
246
9
-234
-450
-611
-756
-894
-992
-1033
-1039
-1030
-976
-859
-710
-558
-387
-169
66
272
468
662
855
1002
1090
1155
1187
1169
1083
952
776
553
286
-19
-346
-706
-1072
-1443
-1796
-2123
-2441
-2710
-2916
-3059
-3152
-3177
-3125
-2990
-2791
-2549
-2245
-1869
-1461
-1034
-587
-125
345
810
1264
1704
2122
2518
2887
3212
3477
3691
3860
3956
3971
3907
3769
3557
3273
2911
2492
2037
1556
1053
541
42
-431
-865
-1274
-1640
-1961
-2241
-2465
-2649
-2782
-2865
-2903
-2879
-2808
-2694
-2523
-2294
-2019
-1704
-1355
-978
-585
-185
200
558
896
1199
1445
1634
1768
1850
1868
1824
1749
1626
1465
1280
1084
879
668
462
267
95
-77
-234
-372
-488
-584
-669
-721
-747
-741
-701
-640
-538
-407
-245
-60
130
338
544
741
916
1066
1175
1239
1260
1219
1124
985
795
563
292
-8
-326
-657
-985
-1319
-1642
-1949
-2232
-2478
-2694
-2862
-2970
-3025
-3019
-2953
-2821
-2620
-2355
-2033
-1672
-1270
-830
-380
80
548
1006
1444
1862
2248
2594
2905
3169
3380
3549
3662
3709
3696
3620
3487
3281
3008
2675
2291
1863
1386
888
371
-148
-649
-1132
-1573
-1958
-2300
-2591
-2801
-2949
-3037
-3066
-3031
-2921
-2766
-2570
-2322
-2025
-1700
-1356
-985
-594
-209
164
522
854
1159
1419
1629
1792
1907
1976
1987
1955
1883
1771
1622
1441
1243
1020
782
540
299
60
-168
-386
-577
-731
-864
-970
-1032
-1040
-1018
-958
-851
-707
-528
-338
-123
104
341
566
767
953
1106
1216
1276
1288
1252
1161
1020
827
590
318
7
-321
-663
-1023
-1374
-1706
-2014
-2294
-2535
-2726
-2865
-2936
-2950
-2902
-2783
-2606
-2373
-2080
-1747
-1378
-970
-544
-110
323
755
1177
1582
1959
2309
2629
2912
3155
3348
3491
3581
3617
3587
3489
3322
3096
2794
2432
2020
1561
1065
538
14
-507
-1012
-1482
-1905
-2275
-2582
-2820
-2991
-3088
-3120
-3082
-2983
-2824
-2612
-2354
-2052
-1727
-1387
-1027
-670
-315
29
362
669
948
1208
1414
1586
1724
1818
1873
1872
1832
1749
1634
1487
1310
1119
903
675
462
245
31
-163
-337
-478
-590
-668
-717
-730
-718
-671
-599
-509
-388
-248
-94
67
246
430
603
774
922
1043
1137
1190
1205
1173
1096
973
797
572
297
-10
-342
-703
-1071
-1432
-1787
-2117
-2411
-2657
-2846
-2979
-3051
-3057
-2996
-2876
-2696
-2472
-2190
-1860
-1506
-1120
-721
-306
115
534
956
1371
1761
2134
2483
2795
3072
3305
3486
3609
3658
3647
3568
3408
3179
2876
2513
2095
1631
1146
645
130
-387
-865
-1303
-1715
-2095
-2396
-2625
-2818
-2946
-2989
-2962
-2905
-2791
-2592
-2354
-2094
-1785
-1437
-1084
-728
-353
29
380
708
1043
1338
1570
1775
1941
2044
2074
2079
2050
1930
1755
1580
1378
1111
831
582
331
51
-179
-348
-508
-659
-742
-763
-798
-810
-755
-687
-638
-566
-447
-342
-263
-147
6
147
272
435
610
743
857
981
1062
1079
1061
1005
881
681
453
195
-134
-501
-848
-1189
-1560
-1914
-2211
-2461
-2695
-2863
-2942
-2965
-2945
-2851
-2670
-2452
-2206
-1888
-1529
-1172
-784
-369
42
442
856
1281
1661
2012
2370
2692
2944
3154
3359
3501
3532
3518
3505
3393
3159
2905
2652
2319
1878
1434
1034
580
46
-430
-818
-1227
-1672
-2050
-2292
-2506
-2753
-2900
-2906
-2870
-2856
-2777
-2556
-2302
-2072
-1810
-1458
-1059
-713
-406
-38
368
689
934
1191
1449
1624
1694
1735
1793
1801
1698
1562
1463
1342
1147
929
770
626
420
203
50
-76
-227
-389
-481
-530
-602
-670
-684
-631
-586
-538
-442
-317
-194
-87
51
222
366
489
605
716
819
866
889
901
883
819
693
541
379
160
-117
-397
-686
-1001
-1335
-1662
-1953
-2227
-2488
-2690
-2827
-2905
-2924
-2881
-2740
-2546
-2301
-1995
-1639
-1232
-827
-421
15
454
862
1245
1627
1998
2325
2611
2881
3118
3295
3425
3506
3542
3500
3377
3211
2984
2686
2324
1921
1496
1034
555
92
-358
-786
-1187
-1564
-1889
-2182
-2439
-2642
-2809
-2929
-3001
-3024
-2983
-2882
-2730
-2507
-2220
-1880
-1495
-1089
-652
-208
220
628
994
1318
1597
1803
1942
2041
2090
2072
2015
1929
1806
1659
1500
1320
1131
928
711
503
293
84
-112
-288
-443
-578
-683
-754
-796
-807
-789
-737
-666
-580
-477
-358
-226
-94
42
186
342
488
613
730
838
925
960
950
907
805
639
413
145
-161
-513
-888
-1259
-1622
-1965
-2278
-2538
-2733
-2871
-2941
-2935
-2856
-2716
-2525
-2281
-1990
-1671
-1332
-971
-601
-217
166
534
908
1289
1651
1996
2332
2652
2943
3186
3381
3523
3600
3609
3537
3382
3164
2883
2544
2162
1757
1324
878
433
3
-412
-820
-1200
-1558
-1885
-2182
-2447
-2658
-2824
-2944
-3001
-2992
-2926
-2789
-2591
-2338
-2020
-1665
-1273
-869
-458
-47
334
700
1021
1292
1521
1694
1822
1894
1921
1914
1878
1803
1700
1582
1446
1288
1118
936
729
518
303
86
-119
-310
-478
-619
-718
-787
-823
-825
-790
-720
-638
-538
-423
-296
-169
-56
58
175
282
385
481
579
669
737
782
804
801
754
654
511
313
65
-228
-560
-920
-1296
-1674
-2033
-2350
-2624
-2836
-2974
-3034
-3011
-2919
-2752
-2511
-2214
-1878
-1510
-1119
-722
-313
95
486
866
1234
1589
1929
2244
2527
2781
2999
3172
3284
3352
3366
3312
3202
3014
2776
2491
2152
1775
1365
941
504
59
-366
-765
-1148
-1486
-1785
-2050
-2269
-2452
-2572
-2647
-2677
-2641
-2548
-2395
-2187
-1930
-1619
-1266
-888
-486
-78
312
685
1016
1313
1557
1745
1878
1944
1957
1926
1854
1752
1617
1457
1297
1112
919
729
526
326
113
-100
-302
-502
-682
-835
-954
-1049
-1101
-1098
-1065
-997
-900
-777
-645
-513
-376
-249
-137
-34
58
137
211
290
364
439
526
595
657
694
699
670
589
448
249
8
-286
-625
-984
-1352
-1708
-2031
-2304
-2513
-2653
-2713
-2682
-2582
-2408
-2184
-1915
-1602
-1272
-931
-579
-229
127
479
815
1152
1484
1799
2091
2364
2608
2817
2972
3077
3148
3149
3088
2981
2833
2638
2388
2112
1824
1521
1195
848
517
192
-152
-500
-825
-1131
-1438
-1736
-1994
-2192
-2358
-2496
-2564
-2562
-2501
-2397
-2230
-1994
-1719
-1428
-1119
-783
-448
-140
130
372
588
743
840
916
973
1003
1006
1009
1029
1047
1055
1058
1077
1078
1027
951
867
759
595
410
247
84
-80
-238
-337
-376
-409
-420
-386
-308
-243
-207
-155
-101
-74
-87
-102
-94
-98
-103
-93
-35
44
109
190
285
366
391
371
315
213
42
-185
-432
-699
-987
-1284
-1557
-1791
-1998
-2174
-2286
-2326
-2314
-2245
-2113
-1935
-1713
-1450
-1161
-858
-542
-227
87
397
690
966
1228
1475
1706
1923
2125
2302
2448
2557
2635
2673
2665
2615
2531
2420
2274
2095
1896
1688
1470
1245
1017
776
546
297
28
-238
-517
-804
-1103
-1393
-1674
-1932
-2157
-2325
-2418
-2470
-2461
-2392
-2256
-2059
-1846
-1606
-1355
-1109
-859
-629
-418
-221
-46
118
276
419
550
680
802
901
991
1074
1136
1177
1177
1154
1122
1057
981
888
774
660
543
423
315
214
119
37
-30
-90
-138
-175
-211
-233
-258
-285
-304
-312
-314
-310
-288
-245
-194
-121
-35
45
132
205
264
305
316
302
256
182
81
-40
-180
-322
-466
-622
-763
-896
-1019
-1108
-1177
-1229
-1251
-1240
-1193
-1130
-1051
-949
-823
-680
-531
-384
-227
-71
71
213
357
492
624
744
859
982
1093
1202
1303
1380
1446
1499
1529
1534
1499
1430
1337
1215
1072
900
708
514
313
107
-96
-287
-469
-641
-803
-951
-1072
-1177
-1277
-1354
-1411
-1453
-1453
-1441
-1406
-1338
-1236
-1098
-941
-768
-563
-345
-130
88
302
499
684
844
971
1085
1173
1237
1284
1295
1290
1277
1248
1203
1141
1060
974
876
769
637
490
351
206
54
-97
-232
-350
-456
-546
-612
-669
-709
-720
-722
-700
-677
-664
-620
-569
-518
-458
-392
-320
-242
-161
-85
-16
43
79
99
93
56
-5
-86
-189
-316
-438
-576
-712
-829
-947
-1046
-1139
-1224
-1275
-1304
-1301
-1280
-1259
-1185
-1086
-967
-819
-659
-470
-269
-52
165
380
610
822
1033
1233
1425
1628
1798
1938
2074
2190
2317
2409
2435
2461
2428
2381
2313
2161
1973
1734
1457
1164
816
421
27
-376
-777
-1171
-1542
-1860
-2125
-2363
-2552
-2653
-2681
-2663
-2597
-2450
-2277
-2060
-1804
-1536
-1236
-929
-617
-291
37
359
665
953
1225
1476
1682
1849
1978
2068
2103
2072
2010
1903
1736
1539
1314
1076
826
565
309
72
-147
-349
-520
-668
-780
-871
-951
-1000
-1042
-1082
-1102
-1123
-1138
-1138
-1126
-1087
-1027
-935
-807
-651
-470
-262
-44
178
383
557
694
784
818
793
703
557
372
146
-106
-370
-636
-891
-1133
-1337
-1499
-1634
-1726
-1767
-1767
-1726
-1656
-1553
-1419
-1259
-1073
-869
-647
-406
-149
125
398
674
960
1245
1524
1780
2027
2245
2431
2586
2707
2788
2819
2800
2733
2617
2460
2263
2021
1739
1429
1096
752
393
34
-318
-661
-983
-1298
-1588
-1842
-2073
-2265
-2419
-2532
-2590
-2603
-2562
-2464
-2313
-2115
-1865
-1577
-1256
-907
-541
-157
216
579
923
1228
1500
1718
1886
2002
2064
2071
2026
1940
1816
1653
1466
1261
1038
819
587
355
144
-65
-265
-451
-615
-761
-895
-1011
-1101
-1169
-1211
-1228
-1220
-1188
-1130
-1053
-960
-852
-727
-598
-461
-316
-163
-6
140
285
425
545
650
734
782
792
765
692
571
411
209
-32
-292
-574
-864
-1152
-1425
-1662
-1860
-2008
-2100
-2131
-2098
-1989
-1815
-1591
-1318
-1010
-678
-334
11
347
667
957
1218
1454
1662
1855
2022
2168
2301
2418
2514
2578
2627
2641
2615
2545
2426
2267
2058
1804
1525
1207
866
510
149
-206
-561
-905
-1232
-1540
-1826
-2094
-2330
-2525
-2676
-2786
-2836
-2817
-2737
-2584
-2363
-2075
-1730
-1350
-942
-520
-96
313
694
1032
1321
1559
1738
1859
1926
1937
1911
1843
1746
1637
1502
1353
1208
1058
893
731
569
391
208
19
-171
-361
-545
-705
-854
-975
-1066
-1133
-1154
-1138
-1095
-1023
-928
-818
-688
-562
-431
-298
-178
-59
38
126
217
298
364
431
490
536
576
592
586
547
465
337
155
-62
-322
-619
-926
-1239
-1520
-1762
-1953
-2067
-2105
-2065
-1947
-1754
-1508
-1216
-909
-596
-301
-39
207
408
580
726
845
963
1079
1193
1323
1473
1625
1774
1925
2068
2185
2268
2304
2295
2227
2111
1944
1727
1475
1193
896
588
280
-33
-326
-616
-894
-1139
-1361
-1563
-1744
-1887
-1985
-2044
-2063
-2027
-1953
-1836
-1671
-1472
-1234
-977
-707
-415
-135
125
369
583
773
926
1043
1138
1202
1239
1256
1257
1245
1222
1184
1136
1066
979
882
765
638
495
338
182
16
-148
-292
-424
-541
-637
-712
-764
-792
-804
-799
-779
-747
-706
-664
-617
-563
-499
-429
-343
-247
-146
-25
100
216
330
430
504
538
528
477
393
274
115
-58
-242
-433
-612
-780
-934
-1056
-1149
-1224
-1274
-1291
-1277
-1252
-1211
-1142
-1063
-954
-824
-694
-540
-380
-214
-33
144
320
487
652
804
940
1075
1192
1301
1389
1453
1520
1555
1576
1576
1552
1522
1471
1398
1306
1200
1077
946
802
636
448
249
47
-158
-356
-545
-718
-870
-994
-1089
-1163
-1185
-1184
-1165
-1111
-1041
-946
-833
-718
-598
-475
-353
-228
-106
7
118
222
313
402
486
555
617
671
723
767
784
794
790
760
723
666
592
511
402
287
171
47
-75
-191
-305
-409
-499
-578
-637
-685
-719
-740
-746
-747
-730
-709
-674
-638
-608
-549
-493
-438
-373
-303
-227
-145
-66
8
83
141
194
236
252
262
257
229
184
125
57
-25
-107
-186
-267
-340
-406
-465
-504
-531
-558
-561
-551
-531
-494
-456
-396
-323
-247
-151
-49
57
172
287
405
530
646
756
849
938
1020
1071
1101
1120
1130
1134
1111
1078
1051
1017
978
925
860
795
701
599
503
381
241
71
-86
-238
-431
-621
-787
-939
-1090
-1236
-1340
-1390
-1421
-1443
-1428
-1354
-1259
-1168
-1054
-903
-749
-596
-441
-274
-97
54
197
368
520
649
762
863
966
1033
1071
1117
1138
1123
1080
1003
926
825
685
537
388
242
91
-58
-185
-294
-399
-502
-562
-606
-652
-683
-703
-705
-706
-708
-695
-668
-640
-602
-547
-471
-375
-275
-165
-35
104
231
347
469
564
625
644
637
604
525
403
259
104
-76
-266
-449
-616
-765
-907
-1029
-1111
-1167
-1206
-1243
-1255
-1228
-1190
-1145
-1080
-995
-887
-757
-608
-439
-242
-34
186
421
652
884
1102
1295
1475
1623
1739
1836
1902
1933
1948
1938
1916
1879
1812
1715
1594
1470
1323
1126
911
688
439
170
-112
-386
-646
-908
-1146
-1344
-1508
-1642
-1736
-1784
-1786
-1752
-1678
-1567
-1428
-1264
-1093
-910
-715
-516
-315
-113
87
281
466
639
802
951
1075
1175
1249
1286
1290
1263
1208
1123
1005
873
727
563
398
236
85
-61
-189
-305
-410
-492
-567
-642
-703
-756
-805
-841
-872
-883
-876
-854
-805
-741
-660
-565
-455
-342
-220
-100
4
102
184
247
290
306
299
264
206
121
19
-91
-212
-346
-478
-605
-728
-839
-939
-1028
-1092
-1139
-1176
-1183
-1171
-1131
-1078
-1003
-892
-753
-586
-410
-211
-1
215
444
660
877
1078
1266
1444
1588
1717
1818
1898
1975
2020
2039
2041
2023
2007
1971
1892
1803
1690
1561
1419
1240
1039
825
597
350
96
-158
-416
-655
-890
-1114
-1304
-1468
-1603
-1707
-1774
-1798
-1791
-1741
-1664
-1568
-1444
-1304
-1148
-990
-832
-665
-499
-339
-185
-37
108
228
332
423
487
548
592
617
624
616
597
565
512
451
390
317
243
165
86
21
-44
-100
-152
-196
-231
-257
-284
-299
-298
-292
-275
-250
-218
-173
-124
-81
-43
-6
30
53
67
83
80
66
44
13
-22
-69
-131
-195
-270
-355
-434
-509
-585
-660
-724
-780
-823
-860
-880
-885
-878
-854
-815
-756
-682
-586
-477
-353
-219
-81
63
208
348
481
612
726
838
934
1015
1100
1176
1246
1299
1333
1369
1398
1422
1439
1432
1416
1388
1341
1274
1177
1073
945
800
653
486
307
118
-68
-249
-431
-600
-752
-897
-1015
-1116
-1191
-1231
-1256
-1255
-1237
-1189
-1106
-1026
-933
-829
-721
-603
-497
-403
-310
-225
-145
-71
-6
59
123
191
255
310
366
423
473
513
548
578
601
618
616
601
590
557
515
472
414
365
313
261
212
159
113
65
27
-15
-62
-113
-163
-209
-263
-311
-360
-404
-450
-495
-533
-565
-594
-622
-643
-661
-675
-683
-696
-704
-717
-720
-710
-711
-706
-697
-681
-653
-626
-590
-545
-498
-435
-357
-280
-203
-120
-33
50
131
211
288
365
447
518
579
636
692
757
821
872
920
955
997
1057
1078
1090
1103
1093
1107
1104
1064
1028
990
954
913
858
795
724
655
582
492
386
277
151
24
-104
-248
-381
-508
-634
-758
-856
-942
-1006
-1050
-1094
-1107
-1094
-1074
-1040
-1019
-977
-913
-871
-813
-759
-716
-641
-572
-491
-398
-315
-205
-84
41
172
295
410
517
602
668
719
747
741
712
666
616
553
478
414
346
281
228
180
134
88
36
-12
-71
-136
-204
-285
-362
-440
-519
-592
-659
-720
-754
-778
-791
-782
-765
-728
-685
-632
-583
-545
-505
-471
-451
-442
-439
-435
-438
-442
-432
-407
-379
-337
-283
-214
-131
-52
35
124
210
291
369
448
506
565
627
677
740
786
823
875
927
971
1016
1058
1099
1138
1168
1185
1183
1167
1141
1100
1051
977
887
803
711
617
514
402
293
179
65
-54
-171
-290
-412
-534
-650
-756
-856
-951
-1026
-1091
-1141
-1153
-1159
-1144
-1108
-1062
-975
-872
-780
-674
-560
-441
-330
-224
-119
-30
63
144
219
289
351
406
448
490
523
540
548
540
519
493
451
398
337
268
212
149
85
31
-23
-71
-112
-136
-156
-167
-167
-173
-170
-166
-162
-159
-170
-178
-184
-208
-227
-241
-260
-276
-294
-305
-306
-307
-305
-302
-295
-283
-276
-280
-290
-304
-318
-333
-355
-372
-389
-393
-376
-363
-330
-279
-220
-138
-64
9
97
176
253
320
384
452
493
546
607
648
697
731
766
825
863
879
886
883
889
869
815
757
680
609
529
432
337
235
134
36
-61
-146
-235
-314
-389
-459
-520
-580
-619
-660
-704
-724
-728
-709
-684
-655
-598
-512
-421
-330
-221
-114
-8
97
184
279
366
420
466
507
536
550
542
521
491
447
409
361
290
211
123
42
-43
-139
-232
-310
-386
-459
-519
-570
-601
-619
-634
-627
-604
-570
-535
-484
-422
-358
-300
-241
-173
-115
-66
-27
14
52
69
82
91
87
69
39
7
-43
-104
-170
-243
-315
-394
-479
-557
-629
-672
-711
-747
-755
-753
-724
-669
-610
-542
-463
-361
-250
-140
-23
98
227
339
459
587
698
818
909
981
1067
1128
1179
1211
1201
1197
1175
1137
1089
1002
918
842
750
654
544
438
331
222
124
27
-65
-157
-233
-307
-377
-422
-463
-497
-519
-537
-530
-508
-498
-472
-434
-390
-338
-282
-227
-171
-108
-57
-7
46
91
136
168
195
209
208
212
203
184
161
130
91
49
5
-50
-105
-157
-203
-250
-299
-337
-363
-384
-400
-401
-398
-396
-380
-361
-337
-299
-262
-221
-168
-127
-85
-29
19
61
108
152
183
210
237
247
252
245
225
205
175
133
87
41
-3
-57
-110
-154
-205
-252
-292
-328
-348
-370
-387
-382
-371
-352
-320
-284
-245
-197
-146
-93
-33
22
79
137
193
245
295
348
381
414
450
466
481
490
489
496
482
469
452
421
401
370
339
307
267
229
193
160
126
91
58
27
-5
-35
-62
-83
-94
-105
-119
-123
-123
-113
-104
-91
-65
-44
-17
18
52
89
115
139
171
186
195
207
214
212
211
199
176
150
115
75
41
5
-42
-85
-128
-176
-222
-266
-300
-338
-375
-408
-438
-465
-490
-513
-529
-540
-538
-537
-548
-547
-535
-522
-507
-480
-446
-419
-386
-354
-319
-271
-235
-203
-168
-138
-101
-70
-42
-16
11
36
62
83
102
120
136
143
153
166
175
185
180
179
177
171
172
163
151
151
149
149
148
142
144
147
153
160
168
170
173
180
183
185
177
180
188
189
193
188
194
198
202
212
209
202
198
196
200
193
179
182
181
168
156
138
128
115
95
82
62
41
17
0
-15
-33
-50
-67
-82
-92
-100
-107
-111
-110
-110
-107
-103
-98
-87
-75
-62
-45
-34
-24
-9
1
12
12
19
18
11
9
-4
-21
-35
-55
-76
-98
-120
-143
-164
-185
-212
-236
-259
-282
-296
-312
-327
-333
-327
-317
-306
-295
-279
-256
-231
-203
-167
-127
-95
-59
-14
27
72
111
155
193
223
258
284
303
315
320
319
316
306
293
278
252
224
197
170
149
112
78
56
20
-7
-34
-64
-88
-105
-121
-131
-136
-137
-134
-121
-101
-83
-61
-32
4
42
76
114
147
174
202
218
230
243
247
247
248
235
218
200
178
157
132
107
76
49
19
-7
-29
-54
-76
-96
-106
-123
-138
-137
-141
-134
-131
-127
-111
-95
-79
-63
-42
-18
4
20
43
62
78
97
106
116
124
124
123
116
110
93
71
50
27
1
-27
-60
-92
-120
-151
-175
-203
-232
-253
-276
-295
-308
-313
-320
-318
-301
-286
-265
-232
-202
-185
-153
-126
-96
-53
-24
-6
20
45
59
71
88
91
97
106
97
94
97
92
83
70
61
55
52
50
35
31
28
13
22
23
17
18
18
24
28
42
49
51
64
66
63
69
70
71
82
88
88
97
103
102
100
103
105
102
105
102
96
90
83
84
75
63
59
47
38
36
30
23
17
17
8
0
2
1
-3
-6
-2
-7
-11
-9
-7
-8
-5
-4
-8
0
-4
-11
-9
-18
-23
-24
-27
-31
-30
-31
-39
-46
-48
-51
-53
-52
-61
-62
-56
-60
-62
-62
-64
-68
-64
-59
-60
-59
-59
-59
-62
-66
-67
-63
-66
-55
-43
-42
-31
-27
-24
-15
-13
-1
14
16
21
21
28
32
31
38
40
41
41
48
54
49
52
60
56
58
60
58
61
62
58
59
58
50
45
42
38
34
32
25
14
18
15
13
15
8
9
9
9
7
-2
1
0
-4
-3
-5
-6
-5
-5
-5
-5
-4
3
5
11
15
15
18
23
23
21
20
21
22
21
24
24
24
24
30
27
27
31
29
34
33
29
20
14
10
8
9
3
4
3
1
1
2
-1
-1
-3
-6
0
-6
-11
-16
-22
-27
-29
-28
-32
-35
-39
-39
-38
-43
-42
-34
-34
-39
-39
-35
-36
-38
-37
-39
-38
-35
-30
-26
-23
-17
-16
-16
-10
-11
-8
-6
-4
-9
-8
-1
2
3
0
0
1
-2
-4
-5
-1
7
8
4
0
1
0
0
0
-6
-4
-4
-6
-5
-4
2
9
17
24
27
25
25
26
30
30
29
29
26
31
36
36
43
52
50
51
52
48
41
34
31
27
24
16
13
15
17
15
13
16
17
18
16
14
19
23
23
25
19
19
20
20
22
18
19
17
19
17
14
17
14
11
3
-3
-6
-8
-6
-11
-20
-24
-26
-31
-42
-42
-41
-53
-50
-48
-45
-42
-37
-33
-35
-33
-33
-35
-33
-30
-22
-20
-17
-11
-10
-1
-1
3
6
6
9
5
6
10
10
6
4
1
2
3
2
3
-4
-5
-1
-14
-20
-15
-18
-16
-17
-13
-7
-5
0
5
5
7
14
16
16
17
20
22
25
27
29
23
25
31
32
33
34
30
26
32
20
17
21
11
5
9
6
7
8
2
4
-7
-8
-4
-6
-10
-12
-12
-11
-9
-6
-3
0
5
8
14
13
15
16
16
14
13
20
20
18
14
9
15
14
16
18
10
7
7
5
-1
-5
-11
-13
-14
-17
-19
-21
-23
-26
-30
-31
-30
-25
-18
-22
-16
-10
-8
-9
-7
-1
-5
-4
-2
2
3
2
0
-2
0
-1
-4
-9
-9
-9
-4
-5
-1
-4
-6
-4
-14
-12
-14
-15
-16
-13
-9
-9
-4
-1
-3
2
7
1
0
2
4
9
15
21
25
29
27
24
29
28
31
36
38
34
31
35
35
33
24
22
20
17
18
11
11
9
4
7
-3
-6
-11
-16
-14
-15
-17
-19
-15
-13
-4
2
4
9
5
5
7
17
14
11
10
2
-1
-2
-1
0
2
4
1
4
4
3
3
5
5
-4
-8
-11
-18
-23
-26
-23
-25
-28
-24
-22
-19
-12
-11
-13
-8
-6
-7
-2
0
-5
-2
5
6
6
9
9
8
15
19
19
23
27
20
24
25
19
16
8
0
-4
-9
-13
-10
-5
-6
-5
-6
-6
-8
-13
-15
-14
-17
-22
-19
-17
-18
-17
-16
-11
-6
-4
3
6
8
8
11
13
10
10
9
10
15
14
9
15
22
17
19
21
21
19
17
15
9
4
6
9
3
6
8
3
6
7
7
10
9
13
14
8
6
7
10
10
14
16
9
7
12
9
10
14
5
1
0
2
3
-4
-5
-7
-8
-17
-19
-20
-26
-19
-22
-23
-21
-17
-13
-12
-15
-18
-16
-19
-25
-20
-20
-14
-8
-11
-5
-3
-1
7
8
16
15
15
16
11
14
14
17
18
12
14
20
17
14
12
8
10
7
6
3
6
6
-3
-3
-7
-11
-10
-15
-16
-17
-13
-11
-13
-8
-5
-4
-1
1
2
4
9
13
16
12
14
13
15
20
19
17
14
9
10
13
11
9
8
7
0
3
6
3
3
-2
-1
-5
-11
-12
-12
-11
-11
-8
-3
-1
-6
-8
-6
1
2
-2
0
3
0
7
0
-7
0
-9
-6
-3
-3
2
0
8
11
8
5
5
6
7
4
0
1
-1
-8
-6
-4
-6
-2
-4
-2
2
0
3
3
1
6
5
1
5
6
0
-1
5
8
8
12
17
17
10
11
15
15
13
11
13
9
9
12
4
5
1
-4
1
-4
-1
-3
1
0
-6
-5
-11
-14
-16
-14
-13
-15
-13
-11
-9
-10
-15
-10
-14
-15
-10
-12
-10
-7
-6
-3
-2
-4
-1
-7
-8
-5
-4
0
3
5
9
11
15
18
6
5
2
-3
-3
-5
-4
-6
-2
0
3
5
9
10
10
12
14
15
11
10
11
6
5
6
11
15
18
19
25
26
23
19
15
16
14
8
4
8
7
2
-1
-3
-1
2
0
-3
-8
-10
-6
-5
-8
-13
-21
-19
-20
-24
-19
-21
-22
-15
-14
-17
-11
-5
-4
-2
-3
1
4
7
13
9
10
8
4
10
10
11
8
7
9
10
13
12
13
12
2
0
4
0
-2
0
1
-4
-10
-5
-5
-9
-12
-11
-10
-10
-11
-7
-5
-8
-7
-2
1
-1
-1
5
1
2
2
5
4
-1
1
1
-1
-2
1
3
2
8
6
2
4
2
1
1
-5
-7
-4
-4
-3
1
8
5
5
2
1
0
-4
0
-2
0
9
10
9
13
22
14
11
16
16
17
14
13
15
15
15
12
10
7
2
-3
-5
-8
-8
-8
-12
-6
-5
-7
-2
-1
0
-2
-9
-10
-12
-16
-15
-15
-9
-5
-3
0
-1
-6
-3
3
1
6
6
5
8
9
12
14
9
3
2
4
2
0
2
4
10
7
6
6
0
-5
-8
-11
-10
-8
-8
-6
-6
-2
-3
-4
-3
-3
-2
-8
-10
-2
-2
-2
6
3
7
9
-1
4
5
-4
3
0
8
-2
-7
7
-8
-7
-7
-1
-8
-9
0
-5
-3
-5
-5
-3
-5
-5
-3
-3
6
8
7
9
2
3
3
-4
-1
-3
8
13
7
17
17
17
17
15
12
6
9
7
3
5
8
5
7
12
10
11
11
9
14
11
6
11
7
3
-3
-6
-3
-7
-9
-10
-6
-4
-3
-2
-3
-1
-6
2
6
-4
-1
-4
-6
-7
-11
-10
-12
-13
-14
-11
-9
-8
-1
0
1
2
0
3
-2
-4
-8
-14
-11
-9
-9
-13
-9
-4
-2
2
5
7
5
8
4
1
1
-8
0
4
1
2
1
2
6
9
12
9
9
8
8
6
7
3
-1
-3
-8
-9
-7
1
0
1
-1
-1
0
-3
1
1
2
5
6
4
1
2
0
1
2
-2
4
1
0
7
7
8
7
12
11
9
7
7
12
8
10
12
9
10
11
9
5
5
2
1
-6
-4
-1
-2
-3
-6
-1
0
-3
-7
-2
-3
-5
-3
-5
5
1
-7
-10
-18
-16
-19
-21
-11
-13
-10
-4
1
3
2
7
1
0
-5
-4
-2
-5
-5
-5
-5
0
0
-2
1
0
7
3
5
8
10
9
12
14
10
12
9
9
5
0
5
7
9
13
11
11
14
9
5
2
0
0
-5
-4
-5
-11
-9
-11
-14
-10
-10
-13
-9
-1
-3
-5
-6
-2
-3
-11
-7
-10
-12
-6
-7
-6
3
-4
0
5
1
5
8
6
4
9
10
7
8
10
12
13
11
11
6
6
4
-2
4
6
5
6
5
3
6
4
2
1
1
-2
-4
-4
-5
0
-2
-10
-3
2
2
8
5
11
6
4
10
8
8
3
-1
0
-1
1
2
-4
-7
-5
-3
-5
-5
-5
-10
-10
-11
-13
-15
-15
-12
-10
-5
-6
-10
-10
-10
-5
-5
-7
-4
-4
4
5
4
5
3
7
3
1
10
7
10
16
12
16
16
19
19
12
9
6
7
7
3
3
1
3
3
1
2
-1
1
-2
-3
-2
-3
-4
-1
1
-4
-5
-7
-7
-12
-10
-8
-5
-3
-5
-6
-2
-6
-8
-6
-10
-8
-12
-14
-8
-7
-8
-2
0
-3
0
1
0
0
1
-6
-7
-5
-3
-1
0
3
1
9
10
9
16
22
25
26
24
22
21
17
18
14
14
10
9
6
4
5
2
5
3
9
10
4
5
6
-1
-2
1
-2
-7
-7
-12
-10
-10
-15
-13
-16
-20
-12
-10
-11
-10
-9
-7
-9
-13
-10
-7
-8
-11
-2
2
-2
3
9
-2
-5
1
-1
-7
-7
-4
-4
-7
-9
-4
-6
-7
0
1
-2
1
4
3
3
10
4
3
2
-1
2
2
0
1
3
6
6
11
10
11
13
11
11
7
10
12
6
7
9
9
12
13
10
7
5
5
2
2
2
-2
-2
-2
-3
-5
-5
-6
-12
-10
-11
-11
-8
-8
-10
-7
-3
-6
1
-1
0
8
3
5
-1
1
1
5
8
0
0
6
10
4
4
5
5
3
-1
-1
-7
-8
-6
-7
-5
-11
-8
0
-2
-7
-7
-6
-9
-6
0
-3
-1
5
3
4
4
3
4
2
-1
5
9
12
7
4
11
9
7
8
4
4
5
0
-1
5
0
2
6
0
0
2
-6
-7
-9
-13
-10
-12
-8
-6
-5
-2
1
4
-2
-5
-4
-8
-11
-11
-8
-4
-3
-1
3
5
3
4
3
7
7
4
6
0
-1
1
0
1
-3
-3
0
-2
1
4
6
7
7
4
0
-1
0
3
4
-3
7
10
6
10
10
11
4
-1
-2
1
5
3
1
2
8
9
7
7
4
5
2
0
3
7
1
-1
0
-1
-2
-2
-7
-10
-12
-17
-16
-13
-12
-11
-10
-7
-7
2
5
5
8
6
3
5
4
-1
-1
-4
-5
-8
-6
2
1
6
8
8
7
3
2
-3
-5
-8
-7
-9
-11
-6
-2
0
0
-3
-5
5
5
6
5
-5
0
-2
-4
1
-3
0
7
6
9
12
6
2
2
12
11
10
12
9
12
7
0
4
3
-4
-6
-9
-3
-4
-5
-2
-1
1
1
-1
-2
0
-4
-8
-10
-12
-7
-10
-13
-10
-10
-2
-1
0
6
8
5
6
11
6
1
1
1
0
-1
1
4
3
7
11
12
10
6
8
4
-2
-2
-3
-2
-1
1
3
4
7
13
10
4
1
1
-3
-5
-7
-8
-8
-6
-3
2
4
0
2
2
-4
-4
-6
-2
7
4
7
5
-1
-1
-5
-9
-10
-6
-9
-10
-8
-6
-3
-4
-1
-6
-10
-4
-3
-6
-8
-8
-5
-1
-3
-6
-1
3
3
3
4
3
4
2
8
11
2
3
4
3
1
1
4
6
13
11
12
11
11
17
12
7
5
5
0
0
1
-1
2
3
6
4
3
4
5
5
2
1
0
1
4
-2
-1
-1
-3
-5
-8
-8
-7
-7
-5
-5
-3
-6
-10
-9
-9
-8
-13
-13
-16
-18
-13
-15
-12
-10
-6
-5
-6
-5
-1
3
0
3
9
12
12
13
16
13
9
9
11
3
1
7
2
8
9
8
9
5
8
1
1
2
6
7
1
2
1
2
4
7
4
4
5
1
2
1
3
-3
-5
-4
-2
3
-9
-5
-2
-5
-6
-11
-7
-7
-10
-3
2
5
1
2
0
-6
-3
-8
-8
-1
-7
-9
-6
-5
0
2
-1
-3
-1
-1
0
4
4
7
5
4
4
7
10
7
8
2
-1
5
2
2
2
1
2
1
0
4
5
5
3
-4
-1
-3
-8
-11
-15
-13
-9
-11
-5
0
-2
2
-1
-3
0
1
-4
-7
-2
-5
-12
-10
-4
-4
5
14
12
16
19
15
16
16
6
7
5
-1
2
-2
1
4
8
9
4
8
9
4
-2
-3
-1
-3
0
-2
-8
-5
-2
-4
-11
-14
-7
-4
-6
0
3
4
7
4
4
2
2
4
-2
-2
2
-3
-1
4
6
4
7
9
4
2
-2
-4
-4
-3
-11
-11
-8
-3
-5
-5
0
1
-3
-5
0
3
-5
-7
-1
-6
-9
-6
-5
-7
-10
-6
2
2
4
3
2
10
7
-1
2
2
-1
-2
-6
-7
-6
-6
-2
1
-2
-1
-2
-1
-5
-6
-2
-1
-2
-1
4
3
-1
-2
-2
5
-1
2
7
6
11
12
17
19
18
15
14
21
14
13
13
10
10
10
11
11
9
8
8
10
11
3
-3
-1
1
-1
-3
-6
-8
-10
-13
-15
-14
-9
-13
-10
-7
-6
-9
-12
-10
-12
-7
-8
-13
-13
-9
-10
-17
-8
-7
-11
-3
-7
-9
-8
-11
-11
-12
-10
-8
-4
4
0
1
6
6
3
2
1
5
6
5
6
1
-3
-5
0
6
1
-1
3
8
5
6
9
10
14
14
16
20
10
7
13
11
7
5
11
13
8
6
9
7
3
7
8
6
8
7
1
4
3
-2
-2
-3
-3
1
-4
-8
-8
-13
-9
-7
-2
-3
-9
-6
-8
-10
-8
-9
-8
-6
-3
-4
-7
-7
-9
-5
-5
-3
-2
-2
-1
-9
-10
-3
-9
-6
-3
-6
-6
-5
-2
-2
-2
3
3
-1
2
3
5
7
-2
-1
3
1
2
6
6
7
7
7
7
6
6
6
9
11
10
9
10
8
8
9
7
3
1
-2
3
5
1
6
3
-2
-1
3
4
2
-3
-3
-8
-7
-12
-15
-12
-8
-11
-13
-9
-10
-6
2
5
6
3
2
0
1
-1
-3
-5
-4
-4
-6
-4
-6
-3
0
4
5
2
-2
0
-1
-7
-6
-7
-9
-3
-1
-3
5
3
0
1
4
3
2
7
4
2
1
-2
2
-4
-6
-2
1
6
6
7
16
12
12
19
13
14
12
6
14
10
5
6
5
4
2
0
-2
0
-3
-7
-5
-2
-2
-3
-5
-3
-4
-6
-9
-14
-13
-14
-15
-6
-3
-3
4
8
3
4
-1
-11
-12
-13
-12
-12
-8
-2
-4
-2
2
-1
6
5
-1
-1
0
-5
-5
-2
-4
-3
-6
-1
5
8
11
10
9
7
7
10
6
6
11
0
-2
0
-2
2
2
5
2
2
4
0
0
1
1
2
2
0
-5
-10
-9
-5
-4
-4
-4
5
6
5
7
4
2
4
0
4
8
3
5
5
1
-1
-2
-7
-7
-4
0
2
5
8
11
9
8
9
-1
1
-1
-7
-4
-6
-7
-6
-8
-5
-4
-4
-1
-5
-6
1
-3
1
4
-4
-6
-3
-1
-2
-3
-7
-7
-13
-7
-1
-3
-2
-3
-4
-6
-3
-2
-3
-1
1
8
9
2
9
10
-1
0
2
-1
-1
2
0
7
8
10
16
8
4
3
-1
4
-1
-3
4
-3
-1
-2
-3
-1
-3
-4
-1
-1
1
0
-1
1
-1
-1
-2
0
1
4
4
5
4
1
1
1
-3
1
1
4
0
-1
4
5
11
10
7
8
6
1
-1
-1
-1
2
-4
-4
-6
-4
-5
-10
-2
-8
-16
-10
-12
-16
-12
-7
-6
-2
0
0
1
-6
-3
-4
-5
-6
-7
-3
-2
1
6
6
0
0
3
0
0
3
5
6
3
3
3
9
8
6
8
4
5
5
5
12
11
7
5
0
-2
-4
0
-1
-7
-4
-2
1
1
2
7
6
2
5
7
8
5
1
-3
-2
2
0
-2
1
-1
-3
-1
-1
-1
-1
-2
1
-2
-1
-1
-3
-4
-2
-2
-9
-9
-7
-10
-12
-6
-1
-4
-10
-10
-7
-8
-10
-9
-3
1
2
5
6
2
1
7
1
-6
2
8
8
15
8
7
9
9
10
6
8
6
6
3
-2
-4
-6
-6
-5
-2
-1
0
-1
-1
-6
-5
-1
-4
-7
-10
-14
-12
-9
-9
-8
1
11
12
11
10
8
7
5
2
-4
-6
-7
-6
-2
2
0
6
4
3
9
5
5
3
1
2
2
0
6
2
-5
0
0
5
1
-2
1
1
0
-1
3
3
5
2
-3
2
-4
-6
-5
-3
0
0
2
3
6
7
4
6
4
5
5
-1
-6
-2
-2
-6
-4
-5
-4
-6
-8
0
-1
-1
4
-1
0
1
-6
-1
-5
-11
-11
-12
-13
-11
-4
-3
-2
-4
-7
-2
-1
-3
-2
-4
-2
-1
1
6
6
9
11
10
3
-1
0
-2
-6
-5
-3
-4
3
1
4
13
10
14
17
14
10
8
9
5
2
-2
-3
5
2
1
1
2
6
5
0
-1
4
-1
-3
0
1
3
7
5
-2
-6
-9
-6
-6
-2
6
-1
-4
-7
-12
-7
-3
-3
2
-4
-7
1
2
-1
0
3
2
1
1
3
1
-4
-2
-6
-6
-6
-4
2
-2
-3
-2
0
2
0
-1
-3
-4
-4
-2
-3
-4
1
-1
-5
-3
-5
-4
-4
-7
-3
1
2
8
8
8
7
3
5
4
4
6
7
6
2
1
3
0
3
6
-1
-4
2
6
2
2
1
-1
2
1
-1
-3
-3
1
0
3
2
1
-4
-5
-3
-7
-10
-11
-6
-1
1
-3
-1
7
10
7
7
4
4
4
-5
-9
-9
-9
-4
-7
-6
-7
-3
2
3
2
3
13
17
16
12
8
7
3
4
1
0
0
3
7
2
7
5
2
5
7
0
-6
-2
-4
-7
-5
-6
-5
-2
-4
-1
2
4
-2
-8
-10
-9
-11
-12
-10
-13
-10
-9
-9
-6
-13
-7
-4
-6
0
-5
-2
4
7
9
5
5
7
7
6
3
-2
0
3
-1
-2
5
10
9
13
10
3
5
6
3
3
-1
-1
-4
-10
-4
-3
-6
1
3
4
4
7
0
0
7
3
2
-4
-6
0
-7
-10
-4
5
1
4
13
15
16
9
4
6
5
-2
-9
-10
-10
-8
-7
-5
-5
-3
1
0
2
4
3
7
11
7
4
7
3
-1
-3
-4
-11
-10
-2
-2
-2
-4
-3
-1
3
-3
-7
-3
-4
0
-2
-6
-7
-7
-5
-3
-5
-3
-1
1
3
-3
2
1
-1
2
0
-2
-3
2
6
4
2
4
4
7
2
-4
-5
-3
2
1
-5
-3
5
4
2
1
0
6
9
3
-2
-2
-2
5
5
0
0
3
6
11
11
5
12
11
