4
5
11
11
4
7
9
2
-3
1
5
1
0
3
1
-4
4
9
6
8
6
11
5
6
8
-1
3
2
3
6
2
2
-1
1
-4
-4
1
-2
2
-2
-10
-8
-11
-17
-11
-7
-5
-8
-4
3
2
1
1
-3
-12
-10
-7
-8
-9
-10
-12
-10
-11
-9
-6
-8
-8
-5
0
-2
-4
-2
-1
1
-6
-4
-2
-4
1
3
2
4
2
-1
5
9
6
9
9
10
9
9
11
11
8
8
5
7
9
7
12
9
7
8
11
17
15
17
14
11
7
3
0
-3
1
-5
-10
-3
-8
-7
0
2
3
-2
0
0
-6
-7
-8
-11
-9
-8
-4
-4
-5
-2
-1
-6
-11
-9
-10
-5
-4
-6
-2
-7
-2
-2
-7
-9
-8
-5
-8
-9
-9
-3
2
-3
-3
-3
-6
-4
-4
-10
-12
-10
-6
1
4
4
6
8
4
2
2
7
9
9
14
16
10
8
3
-1
1
3
3
8
7
5
15
14
8
8
10
12
9
8
6
2
2
3
0
-1
-5
-4
1
-1
-1
-2
-2
-3
2
7
2
-1
-2
-3
-8
-7
-8
-9
-8
-3
-6
-10
-6
-10
-7
0
0
-6
-7
-9
-12
-4
-9
-12
-9
-2
0
-2
-2
-2
1
3
4
3
8
8
6
8
6
5
0
-5
-2
1
3
5
7
6
3
4
5
2
-2
-2
-1
-2
-4
-4
0
2
6
4
6
10
7
3
2
4
6
4
4
10
4
3
2
-1
-4
-6
-3
-7
-6
-4
-3
-5
-10
-3
-4
-5
-5
-7
-1
-8
-8
-4
-14
-8
-5
-3
3
-2
2
0
0
4
4
0
-2
2
1
4
3
2
4
6
8
6
11
12
7
4
4
6
7
2
5
10
4
-2
1
-3
-7
-1
-2
-3
2
1
1
0
-2
-3
-3
-2
-2
3
-3
0
2
-3
0
-7
-6
1
0
1
0
-3
-5
-1
-2
-10
-10
-7
-8
-8
-6
-4
1
-1
0
-1
-5
-4
-2
-9
-11
-10
-6
-7
-5
2
-3
1
5
2
3
9
9
6
8
10
10
15
13
8
15
18
14
14
11
11
8
9
13
8
8
6
7
10
6
4
-5
-7
-10
-14
-8
-11
-8
-3
-8
-6
-1
-4
-5
-7
-7
-7
-14
-16
-12
-4
-3
-6
-6
-8
-8
-10
-3
4
5
3
-1
-5
-8
-11
-14
-16
-16
-15
-11
-6
0
6
8
10
15
13
13
4
-2
-2
-5
-5
-1
2
0
3
6
5
13
14
15
12
8
11
11
14
13
9
7
9
10
8
8
0
3
5
4
4
-5
-6
-6
-8
-7
-3
-3
-4
-5
-8
-7
-10
-10
-8
-9
-2
-5
-6
2
-3
-2
1
-3
1
1
0
2
-2
-4
1
-2
-1
-4
-2
-4
-5
3
-3
-3
2
2
2
3
0
-3
-2
4
2
-1
1
0
1
2
2
3
2
0
4
6
10
9
9
4
4
0
-4
3
-3
-6
-2
-3
4
5
-1
4
-1
-4
-1
-6
-7
-7
-14
-14
-11
-11
-9
-5
-2
2
1
4
4
-2
1
2
1
4
-1
-4
-2
-1
0
6
7
4
5
8
7
1
3
2
1
0
-7
-4
-2
-3
3
6
-2
0
-1
-2
-1
-2
0
1
0
0
3
6
7
3
4
7
10
8
12
11
7
6
1
9
10
7
7
0
-1
-1
-8
-12
-8
-7
-17
-16
-10
-9
-7
-1
-3
-9
-4
-2
-2
-1
0
-2
-6
-6
-9
-9
-2
-3
-3
4
0
5
5
5
11
5
6
6
0
-6
-4
0
-2
1
0
4
4
1
-1
-6
-3
-3
-4
-2
-5
-2
-1
-1
-2
0
-4
-7
-3
-1
-1
0
5
7
5
5
6
7
3
0
0
1
4
5
3
4
1
-2
4
2
4
6
10
8
4
6
-2
-3
-5
-3
-3
-2
9
9
10
10
8
3
7
3
-2
-1
-5
-5
-1
-1
-3
-1
-3
1
0
-7
-5
-3
1
1
0
-3
-8
-10
-11
-8
-5
-11
-7
-7
-8
-3
-7
-4
-3
-5
-5
-4
-8
-6
-7
-11
-7
-5
-6
-5
-7
-7
-2
0
4
-2
0
3
2
4
2
2
7
1
7
12
7
7
7
12
11
11
14
14
16
14
8
6
5
3
2
1
3
0
2
0
-1
8
9
6
8
8
5
2
1
5
2
3
2
-2
2
-3
-7
-6
-6
-6
-9
-9
-3
-8
-1
2
-10
-5
-2
1
-2
-8
-7
-12
-7
-7
-9
-6
-6
-4
-6
-13
-10
-7
-8
-12
-13
-12
-11
-13
-11
-10
-8
-3
5
5
5
8
5
5
7
2
2
1
3
4
4
5
5
3
3
5
4
8
7
10
12
7
4
9
12
14
15
9
2
4
1
2
3
-2
1
5
4
8
12
10
13
11
9
6
1
-4
-6
-2
-2
-1
0
-3
-2
1
4
0
2
3
-4
-8
-11
-16
-18
-18
-21
-19
-17
-16
-14
-10
-5
-4
-5
-7
-10
-7
-10
-11
-12
-11
-5
-7
-6
1
2
-1
3
3
1
9
7
10
11
8
12
16
15
9
10
11
11
6
2
5
11
11
5
7
10
10
6
4
4
3
6
5
5
4
0
3
2
-3
1
6
6
5
3
5
6
3
2
-5
-7
-10
-12
-8
-9
-8
-8
-7
-5
-7
-11
-9
-10
-6
-2
-7
-9
-10
-9
-12
-11
-11
-10
-3
-3
-1
1
3
-1
-4
-3
1
-1
-5
-9
-5
-7
-4
6
5
8
6
5
8
6
6
7
10
10
9
5
-2
0
1
0
6
2
0
9
9
6
9
10
7
8
9
3
0
0
2
2
-4
-1
1
1
2
5
3
-5
-1
2
-2
-4
1
0
-5
0
1
2
0
-1
5
6
4
5
3
-1
1
-4
-8
-4
-4
-2
1
-3
-9
-8
-10
-6
-4
-3
-5
-2
1
-6
-8
-10
-9
-13
-8
-4
-7
-6
-2
-1
-6
-2
3
5
5
4
4
-1
-4
2
-2
-1
2
-2
4
3
3
8
4
9
9
6
7
3
0
1
-2
0
-4
-3
-2
-1
5
3
4
6
1
4
10
5
3
2
-6
-4
-4
-5
-2
-8
-5
2
5
8
6
3
4
10
10
8
5
1
0
-4
-4
-1
-1
-1
0
2
1
2
1
1
-1
0
-1
-3
-4
-2
0
-2
-1
-1
-1
-1
-4
-4
-5
-4
-3
-4
-2
-3
-4
-1
-5
-1
-2
-6
-5
-5
-7
-3
-5
-3
1
-1
5
6
3
1
0
6
-4
-6
-4
-5
-3
-5
-2
5
1
0
5
1
-3
-2
-5
-1
2
-3
-5
-8
-7
-1
5
7
10
8
9
9
5
6
5
7
9
10
8
9
12
5
0
3
1
-1
5
3
2
3
3
3
-2
1
0
0
3
-1
3
-4
-9
-3
-11
-14
-8
-6
-10
-11
-9
-10
-9
-4
-2
0
1
3
3
0
3
1
0
-4
-5
-1
-3
-5
-5
-3
1
1
3
2
3
-1
-4
3
3
1
2
-4
-1
0
-7
-4
0
-3
-1
-2
-3
-1
0
4
12
11
4
7
9
7
4
2
4
2
1
0
6
11
7
-1
2
4
4
8
11
9
9
2
-3
-3
-1
-1
-4
-5
-4
3
3
-5
1
4
-5
-10
-8
-5
-6
-6
-10
-10
-8
-12
-8
-8
-7
-4
-10
-11
-11
-1
-1
-4
4
1
-2
-6
-3
3
-1
-1
-1
-4
3
7
1
3
2
-4
-1
-1
0
2
2
2
-4
1
2
5
10
12
18
11
12
10
5
9
5
7
12
14
13
14
17
8
7
8
2
5
4
-3
-7
-4
-4
-3
-1
-4
-4
0
0
4
-1
-8
-9
-14
-14
-9
-11
-16
-13
-12
-16
-13
-5
-2
-8
-6
1
0
0
-7
-10
-9
-9
-6
-8
-9
0
0
2
2
0
6
6
11
11
5
2
-6
-6
1
-1
1
2
1
6
9
7
7
6
4
9
11
4
5
11
7
0
5
11
8
8
4
4
5
4
4
4
4
-2
3
0
-3
1
-2
-5
-10
-10
-8
-15
-12
-6
-7
-5
-3
4
3
-1
1
-2
-3
-3
-1
-4
-3
-6
-7
-4
-2
2
1
4
7
4
3
3
2
5
-3
2
4
3
0
-4
-1
-5
-5
-3
-1
-1
2
4
-5
1
2
1
8
4
0
-2
-4
-2
3
-3
-6
3
5
3
5
8
6
5
2
-4
1
0
-4
-2
-1
1
0
3
-2
-4
-2
-3
-2
-1
3
5
3
0
-1
0
-1
-1
-6
-7
-9
-3
2
0
3
4
6
9
4
2
-2
-1
-4
-2
-6
-9
-4
-6
-6
-5
-2
-2
-1
1
4
4
3
1
2
3
0
0
1
1
3
6
2
6
12
3
3
9
7
1
2
3
-2
-10
-10
-7
-7
-10
-3
3
-1
-2
-3
-1
1
0
3
-1
-5
-2
-5
-5
-4
-6
-1
2
7
2
4
5
0
9
4
-2
1
6
8
4
1
4
4
5
7
4
4
3
0
-4
-5
4
3
-2
5
4
1
0
-1
-2
-5
-6
-9
-4
-2
-1
3
1
4
0
-3
4
1
1
3
-4
-6
-9
-4
-2
-2
0
0
3
1
-2
0
-5
-5
-5
-6
-1
-2
-4
-9
-11
-5
-3
-1
-2
-2
0
4
9
5
4
5
3
5
2
-1
-2
2
0
1
1
-6
-6
2
1
-3
3
0
2
9
9
6
1
6
4
0
1
1
-1
-1
4
2
-2
0
2
-2
1
2
-1
-3
-2
0
-1
-2
4
7
3
3
3
1
-1
-6
-6
0
0
4
4
5
8
5
6
-1
1
4
-2
0
4
5
0
-2
0
-6
-3
-6
-6
2
-1
2
6
3
1
1
2
-1
2
5
-3
-5
-1
-4
-7
-8
-6
-10
-6
-5
-7
1
-2
4
12
6
2
-1
4
3
-1
-5
1
0
-8
-2
-2
-2
-2
-1
5
0
-4
-2
-2
-10
-10
-11
-18
-14
-12
-9
-6
-8
-7
0
4
4
6
6
3
1
3
2
1
0
6
7
5
8
11
15
13
11
10
13
13
12
14
11
7
5
2
1
-1
1
2
0
1
2
4
6
5
8
4
-1
2
-1
0
-2
-2
-3
-6
-4
-4
-3
-1
3
1
1
3
-2
-7
-5
-6
-7
-9
-14
-17
-14
-10
-11
-6
-2
-4
-9
-7
-4
-10
-7
-10
-11
-9
-4
-1
-2
-2
-6
-7
0
-7
-4
-1
0
-1
-2
3
10
11
8
13
10
7
5
-1
0
2
1
1
0
6
10
13
16
20
22
18
18
12
9
3
0
4
-4
-7
0
-3
-6
4
10
4
8
10
11
9
0
3
0
-5
-9
-13
-12
-5
-5
-4
-2
-2
-3
0
-2
0
6
1
-5
-8
-13
-13
-14
-13
-8
-11
-11
-10
-11
-9
-11
-10
-9
-7
-3
-3
-4
-4
-6
-11
-9
-9
-10
-5
-7
0
5
2
2
4
10
9
6
6
7
9
9
5
6
6
9
7
4
7
2
5
8
11
15
14
16
12
10
8
7
5
6
2
2
9
12
13
11
9
13
11
7
6
1
-3
-8
-10
-6
-6
-3
-5
-7
-2
-5
1
0
-2
-3
-4
0
-3
-6
-8
-7
-11
-16
-14
-10
-17
-19
-13
-7
-8
-8
-4
-2
-4
-5
-3
-5
-10
-15
-12
-8
-10
-15
-14
-13
-10
-4
-8
-4
5
5
0
3
3
2
0
6
11
11
13
11
11
13
11
13
17
13
3
5
13
16
11
7
9
3
-2
6
8
4
5
5
8
7
5
4
3
1
-1
0
7
7
7
5
9
7
5
9
4
3
0
1
0
-4
-4
0
-3
-7
-5
-4
-4
-4
-5
-7
-8
-7
-10
-7
-9
-11
-12
-18
-15
-13
-14
-13
-11
-5
-8
-8
-4
-6
-7
-6
-7
-6
-6
-6
-4
-6
-13
-10
-1
1
1
6
13
13
12
16
13
12
7
9
8
3
2
2
5
6
2
-3
5
11
6
10
9
10
14
14
11
5
7
3
5
7
0
6
1
-1
-3
-1
4
-2
5
7
1
-3
-1
-1
-1
0
-3
-6
-9
-9
-12
-6
-7
-9
-3
-5
-5
-7
-5
-2
-10
-4
0
-1
1
-3
-8
-8
-13
-9
-6
-5
-4
-6
-1
-7
-10
-6
-5
-10
-2
2
4
6
0
5
6
2
7
9
6
6
7
5
9
8
8
12
10
7
3
3
-1
-4
-6
-7
-1
-2
5
9
7
17
14
13
8
7
8
3
-1
0
5
2
3
2
3
7
1
0
1
-2
-2
-5
-6
-4
-9
-13
-12
-8
-10
-6
-1
1
-3
-4
1
0
0
4
2
1
-3
-7
-4
-10
-11
-8
-7
-9
-9
-5
-6
-4
1
-1
2
0
1
3
-3
-5
-5
-6
-15
-13
-11
-11
-2
3
-1
4
7
0
6
10
8
11
7
3
4
3
1
2
3
3
8
10
10
13
14
11
13
18
15
11
6
2
0
-1
0
-3
-3
4
0
0
-1
1
3
-2
-1
-3
-6
-6
-9
-9
-4
-6
-8
-2
3
2
-2
-5
-4
-6
-6
-3
0
3
9
1
-7
-3
-1
2
4
3
3
5
0
1
6
0
-2
-4
-7
-10
-13
-12
-8
-7
-9
-13
-13
-6
-1
-4
-3
-2
-1
-6
-17
-9
-2
-7
-4
-4
0
7
4
6
16
10
7
14
9
11
8
0
0
1
0
1
10
6
2
3
1
6
8
11
11
8
10
4
6
6
-2
2
-2
-2
0
5
9
10
13
6
8
5
1
1
-5
-6
-5
-5
-6
-9
-8
-8
-6
-5
-2
-2
-1
1
2
4
-3
-2
1
-4
-8
-2
-9
-11
-2
-4
-8
-7
-6
-4
-1
-3
-5
-3
-6
-10
-8
-7
-7
-12
-10
-2
-3
-3
-4
-3
0
2
2
9
9
6
9
1
1
0
-4
-2
-5
-1
-1
2
2
-2
4
6
4
8
11
9
10
8
3
0
1
3
-2
5
5
5
11
10
12
7
5
9
4
4
0
3
4
-4
5
8
5
11
10
7
5
6
5
0
-7
-7
-9
-16
-14
-12
-17
-18
-19
-14
-5
-5
-8
-5
2
2
-2
0
0
3
1
-1
-2
4
6
0
11
13
15
17
15
16
15
8
1
1
1
2
-3
-5
-9
-16
-14
-14
-15
-16
-18
-17
-17
-18
-16
-20
-16
-15
-20
-15
-11
-11
-9
-7
-7
-7
-1
1
5
4
8
7
1
8
7
3
4
3
-1
-3
-1
2
2
7
12
10
10
13
15
16
15
16
19
22
23
23
16
17
21
19
20
16
12
14
9
5
10
7
7
8
8
6
3
2
0
-8
-10
-3
-4
-10
-12
-6
-7
-7
-3
-7
-3
8
7
1
1
7
5
6
0
2
6
2
5
10
11
8
7
2
4
5
-1
1
-9
-23
-32
-36
-45
-49
-46
-59
-54
-41
-41
-38
-42
-31
-26
-33
-31
-32
-30
-36
-43
-44
-48
-42
-39
-34
-23
-11
-5
4
16
19
26
33
34
38
38
34
26
27
38
42
45
53
62
70
66
70
72
65
65
58
47
37
32
29
29
28
35
26
46
91
96
104
103
111
145
126
90
60
33
2
-34
-60
-71
-81
-122
-163
-170
-184
-200
-231
-302
-336
-372
-414
-428
-497
-516
-486
-481
-429
-392
-364
-307
-255
-187
-133
-124
-126
-101
-71
-70
-97
-84
-18
48
92
165
286
367
353
255
144
8
-216
-514
-822
-1067
-1394
-1705
-1877
-1931
-1797
-1702
-1615
-1343
-1021
-703
-464
-245
39
306
483
604
813
1094
1334
1615
1937
2435
2952
3229
3461
3656
3750
3664
3453
3186
2843
2363
1781
1219
732
279
-142
-461
-634
-719
-802
-839
-768
-649
-562
-489
-412
-361
-380
-455
-523
-538
-506
-470
-402
-252
-68
81
222
374
469
486
412
222
-39
-335
-720
-1145
-1483
-1773
-2064
-2274
-2348
-2354
-2332
-2246
-2111
-1927
-1721
-1564
-1418
-1195
-986
-884
-709
-390
-109
139
435
697
942
1231
1426
1514
1733
1925
1836
1732
1767
1660
1455
1422
1385
1206
1122
1048
773
545
481
249
-157
-481
-860
-1392
-1901
-2316
-2670
-2915
-3048
-3148
-3149
-2964
-2655
-2318
-1917
-1411
-917
-480
-48
379
811
1267
1719
2103
2469
2881
3263
3549
3782
3965
4032
3973
3780
3469
3102
2674
2137
1552
1012
527
80
-306
-618
-839
-994
-1147
-1271
-1295
-1261
-1268
-1282
-1239
-1151
-1044
-940
-827
-663
-467
-323
-218
-71
105
204
224
238
240
182
70
-70
-260
-512
-810
-1162
-1529
-1872
-2205
-2537
-2825
-3039
-3188
-3275
-3276
-3184
-3032
-2823
-2547
-2218
-1827
-1380
-917
-441
81
615
1130
1632
2106
2518
2863
3158
3361
3473
3510
3476
3368
3203
3022
2823
2602
2392
2203
2015
1848
1701
1564
1417
1237
1024
766
468
127
-278
-738
-1213
-1692
-2161
-2595
-2962
-3228
-3388
-3463
-3450
-3337
-3116
-2833
-2521
-2195
-1860
-1508
-1161
-841
-507
-136
246
625
1007
1391
1767
2107
2375
2563
2666
2669
2551
2328
2028
1673
1302
917
563
262
18
-171
-306
-378
-414
-421
-389
-349
-318
-269
-215
-180
-132
-59
29
107
185
274
343
406
441
457
467
449
391
301
189
49
-119
-310
-520
-747
-980
-1233
-1520
-1799
-2038
-2247
-2461
-2643
-2748
-2795
-2796
-2726
-2540
-2275
-1936
-1515
-1043
-540
-27
500
1025
1503
1927
2288
2596
2840
2988
3076
3111
3085
3004
2880
2730
2547
2345
2158
1987
1806
1632
1466
1287
1095
931
825
717
562
382
230
73
-153
-425
-708
-1007
-1385
-1843
-2334
-2804
-3181
-3478
-3737
-3964
-4077
-3986
-3768
-3550
-3312
-2952
-2506
-2100
-1769
-1433
-1014
-578
-185
212
641
1105
1562
1983
2354
2624
2794
2897
2910
2770
2516
2249
1961
1629
1294
1058
923
762
597
553
590
561
477
487
543
480
340
296
351
348
286
300
383
436
453
505
578
614
627
627
576
506
467
399
225
7
-152
-350
-678
-1020
-1268
-1536
-1929
-2303
-2529
-2710
-2963
-3147
-3140
-3058
-2983
-2819
-2478
-2078
-1694
-1245
-705
-171
290
751
1219
1590
1865
2111
2305
2392
2416
2441
2439
2359
2285
2256
2208
2111
2014
1970
1892
1744
1597
1493
1395
1232
1062
945
815
583
312
55
-286
-767
-1303
-1814
-2374
-3019
-3601
-3994
-4282
-4555
-4715
-4627
-4380
-4125
-3855
-3463
-2975
-2519
-2122
-1699
-1194
-634
-79
476
1104
1791
2454
3021
3496
3891
4159
4248
4155
3927
3603
3219
2787
2321
1903
1626
1439
1234
1061
1051
1110
1020
852
829
847
645
329
198
186
27
-211
-259
-151
-122
-177
-126
18
103
117
108
73
31
-29
-185
-447
-672
-821
-1082
-1513
-1871
-2051
-2319
-2766
-3116
-3225
-3338
-3637
-3844
-3764
-3645
-3660
-3587
-3238
-2780
-2390
-1937
-1280
-532
148
776
1439
2088
2613
2979
3227
3415
3542
3547
3428
3307
3249
3135
2923
2741
2640
2502
2252
2012
1853
1699
1490
1285
1164
1100
1014
863
687
531
342
9
-456
-931
-1371
-1875
-2487
-3061
-3451
-3735
-4027
-4266
-4311
-4176
-4006
-3820
-3540
-3146
-2711
-2285
-1838
-1360
-833
-277
290
860
1434
2028
2560
3025
3422
3716
3861
3840
3701
3435
3036
2521
1981
1487
1018
597
267
109
69
52
89
213
356
398
363
330
258
78
-177
-357
-461
-568
-648
-606
-422
-224
-44
172
392
542
576
522
390
184
-96
-441
-810
-1162
-1477
-1787
-2092
-2337
-2506
-2672
-2853
-2977
-3020
-3054
-3108
-3078
-2913
-2689
-2423
-2055
-1550
-965
-376
251
927
1586
2169
2671
3102
3432
3620
3678
3649
3558
3374
3102
2830
2606
2389
2109
1860
1724
1619
1438
1228
1131
1107
1006
840
769
809
784
619
466
395
246
-130
-608
-1018
-1440
-2030
-2718
-3281
-3668
-4044
-4444
-4678
-4653
-4516
-4404
-4219
-3854
-3425
-3034
-2641
-2171
-1638
-1102
-544
63
707
1344
1942
2504
3003
3398
3648
3737
3710
3552
3238
2822
2381
1917
1431
1018
731
505
340
347
474
577
674
867
1050
1052
947
883
769
457
107
-117
-288
-498
-601
-486
-306
-134
130
470
709
829
916
904
673
333
1
-431
-960
-1424
-1765
-2085
-2395
-2548
-2555
-2595
-2661
-2622
-2527
-2506
-2552
-2505
-2376
-2251
-2085
-1776
-1324
-799
-209
452
1145
1815
2414
2900
3244
3448
3511
3372
3097
2785
2422
2003
1611
1319
1096
911
813
812
818
788
752
739
696
553
388
295
253
166
23
-51
-32
-76
-315
-618
-843
-1127
-1636
-2281
-2812
-3184
-3590
-4060
-4364
-4370
-4210
-4064
-3871
-3454
-2869
-2322
-1867
-1379
-800
-235
220
633
1111
1618
2089
2506
2937
3374
3711
3938
4083
4117
3983
3681
3294
2846
2326
1770
1261
881
615
419
291
275
370
465
461
394
362
275
22
-312
-570
-767
-984
-1164
-1174
-1032
-855
-615
-275
87
382
619
800
842
744
567
282
-123
-547
-940
-1368
-1810
-2109
-2285
-2512
-2726
-2761
-2715
-2791
-2892
-2815
-2676
-2647
-2589
-2331
-1959
-1609
-1187
-588
64
663
1259
1859
2368
2746
3002
3130
3140
3075
2935
2702
2455
2293
2168
1991
1839
1806
1790
1669
1498
1358
1190
937
670
446
249
95
20
-20
-83
-109
-93
-180
-437
-747
-1052
-1458
-2026
-2627
-3095
-3457
-3808
-4087
-4156
-4002
-3730
-3435
-3110
-2675
-2155
-1711
-1421
-1158
-802
-449
-211
8
379
863
1337
1794
2297
2823
3261
3565
3718
3690
3527
3243
2792
2242
1722
1269
850
515
351
324
358
479
695
866
943
1001
1016
876
611
379
180
-84
-313
-349
-282
-204
-22
302
642
868
1066
1261
1284
1119
899
596
158
-340
-815
-1266
-1737
-2135
-2401
-2676
-2946
-3073
-3143
-3257
-3368
-3376
-3308
-3282
-3233
-3016
-2712
-2396
-1991
-1485
-924
-349
235
806
1301
1722
2104
2372
2479
2544
2611
2599
2492
2392
2384
2340
2198
2088
2016
1881
1654
1413
1188
953
704
507
365
271
266
302
315
324
363
330
130
-160
-459
-824
-1321
-1844
-2246
-2537
-2809
-3027
-3057
-2913
-2710
-2505
-2272
-1991
-1705
-1501
-1377
-1255
-1089
-912
-732
-489
-119
361
868
1402
1955
2483
2915
3172
3267
3223
3012
2633
2157
1642
1134
686
306
55
-18
58
207
384
663
998
1224
1308
1349
1368
1240
939
660
476
276
52
-51
10
118
234
429
668
826
854
805
674
410
19
-468
-1011
-1570
-2076
-2542
-2988
-3310
-3466
-3601
-3757
-3796
-3675
-3560
-3556
-3509
-3329
-3142
-2984
-2710
-2293
-1842
-1366
-791
-129
562
1258
1928
2502
2932
3268
3525
3646
3652
3564
3374
3099
2818
2592
2411
2235
2042
1843
1636
1439
1265
1095
933
762
561
354
249
309
456
556
615
712
829
868
769
615
415
48
-533
-1175
-1686
-2072
-2503
-2998
-3364
-3511
-3545
-3596
-3591
-3438
-3221
-3086
-3011
-2841
-2521
-2157
-1843
-1499
-1011
-396
242
841
1427
2006
2481
2775
2910
2939
2869
2668
2341
1976
1640
1369
1186
1086
1074
1151
1282
1417
1531
1643
1742
1770
1651
1418
1160
898
612
302
31
-171
-333
-465
-526
-463
-329
-231
-191
-175
-143
-153
-257
-426
-620
-857
-1171
-1506
-1763
-1937
-2114
-2328
-2495
-2557
-2567
-2599
-2609
-2545
-2434
-2331
-2231
-2048
-1755
-1421
-1085
-720
-286
194
663
1099
1512
1904
2239
2492
2677
2825
2932
2976
2958
2897
2813
2715
2587
2424
2225
1993
1741
1456
1164
886
634
401
185
55
32
66
97
120
196
268
226
39
-219
-493
-881
-1459
-2097
-2633
-3071
-3534
-4002
-4264
-4261
-4170
-4089
-3928
-3590
-3194
-2886
-2626
-2312
-1919
-1527
-1164
-741
-213
391
1011
1599
2152
2650
3032
3252
3324
3275
3119
2876
2607
2337
2054
1808
1701
1708
1714
1694
1745
1897
2004
1981
1935
1929
1842
1574
1271
1050
795
459
159
-11
-153
-312
-357
-264
-168
-137
-99
-40
-42
-134
-305
-541
-818
-1094
-1403
-1816
-2185
-2377
-2538
-2814
-3065
-3077
-3001
-3051
-3086
-2923
-2687
-2547
-2397
-2108
-1777
-1510
-1240
-873
-484
-157
164
550
948
1279
1550
1802
2090
2346
2472
2522
2622
2739
2716
2548
2426
2375
2208
1887
1601
1416
1197
920
725
653
618
614
702
850
938
964
1012
1010
806
413
-28
-472
-1037
-1767
-2479
-2975
-3348
-3771
-4152
-4254
-4082
-3899
-3817
-3625
-3203
-2783
-2548
-2354
-1988
-1520
-1153
-842
-390
199
796
1315
1823
2369
2855
3172
3347
3421
3401
3260
3001
2714
2427
2162
1938
1789
1738
1750
1805
1920
2051
2125
2126
2080
1979
1759
1421
1066
730
380
15
-286
-457
-559
-636
-667
-618
-523
-492
-529
-565
-629
-785
-1038
-1319
-1567
-1859
-2192
-2485
-2708
-2858
-3004
-3123
-3151
-3123
-3072
-3029
-2983
-2890
-2769
-2648
-2534
-2391
-2160
-1866
-1553
-1208
-789
-278
260
766
1258
1770
2243
2618
2890
3103
3263
3327
3309
3235
3139
3036
2907
2747
2590
2454
2329
2164
1957
1794
1681
1550
1365
1217
1201
1240
1191
1076
1048
1070
915
512
48
-346
-842
-1610
-2460
-3082
-3517
-4034
-4593
-4857
-4764
-4604
-4567
-4430
-4004
-3490
-3165
-2941
-2540
-2001
-1558
-1238
-805
-194
403
900
1420
2016
2531
2888
3173
3394
3451
3338
3152
2933
2613
2207
1873
1681
1527
1367
1333
1493
1683
1768
1838
2001
2107
1950
1652
1399
1127
670
135
-240
-460
-685
-871
-875
-719
-536
-385
-225
-74
-8
-78
-275
-542
-850
-1232
-1692
-2130
-2439
-2665
-2922
-3116
-3124
-3023
-2978
-2969
-2865
-2691
-2587
-2575
-2544
-2439
-2299
-2158
-1975
-1693
-1265
-719
-128
480
1151
1873
2519
2995
3346
3639
3791
3733
3551
3372
3168
2880
2606
2454
2374
2265
2153
2121
2127
2014
1814
1643
1487
1249
934
700
605
507
338
206
180
131
-86
-427
-754
-1098
-1612
-2281
-2923
-3418
-3868
-4348
-4723
-4861
-4811
-4714
-4579
-4290
-3843
-3388
-2965
-2529
-2028
-1487
-981
-505
2
541
1051
1529
1990
2439
2837
3151
3398
3557
3614
3577
3468
3278
2987
2657
2365
2101
1813
1573
1489
1517
1535
1548
1657
1819
1874
1779
1633
1469
1177
716
241
-125
-459
-822
-1087
-1138
-1056
-976
-879
-675
-433
-327
-379
-466
-579
-837
-1254
-1689
-2055
-2422
-2819
-3133
-3275
-3316
-3351
-3347
-3232
-3047
-2899
-2804
-2677
-2497
-2325
-2198
-2016
-1723
-1376
-1005
-564
-18
584
1170
1748
2343
2884
3290
3577
3802
3912
3859
3695
3485
3249
2961
2653
2397
2182
1982
1799
1640
1515
1379
1228
1098
981
854
725
649
597
496
357
240
117
-146
-550
-957
-1353
-1840
-2441
-2989
-3372
-3699
-4032
-4261
-4278
-4139
-4004
-3861
-3599
-3206
-2833
-2556
-2247
-1827
-1359
-959
-576
-74
517
1067
1559
2088
2638
3082
3378
3597
3722
3700
3532
3295
3021
2674
2306
2005
1801
1655
1557
1563
1673
1806
1885
1903
1914
1859
1617
1225
812
390
-114
-670
-1099
-1370
-1572
-1694
-1668
-1470
-1225
-1009
-794
-586
-454
-470
-619
-827
-1092
-1438
-1847
-2224
-2514
-2739
-2938
-3076
-3079
-3003
-2935
-2879
-2787
-2662
-2578
-2538
-2479
-2378
-2240
-2053
-1786
-1399
-907
-331
329
1057
1824
2565
3242
3847
4330
4665
4834
4841
4723
4488
4155
3762
3357
2975
2632
2314
2040
1823
1616
1411
1191
940
658
365
61
-275
-573
-794
-974
-1156
-1289
-1316
-1317
-1378
-1500
-1605
-1709
-1918
-2235
-2556
-2825
-3097
-3416
-3702
-3836
-3837
-3811
-3748
-3550
-3192
-2785
-2415
-2005
-1495
-949
-472
-41
442
942
1414
1833
2237
2667
3042
3341
3567
3730
3810
3775
3653
3470
3210
2906
2604
2306
2042
1809
1615
1498
1422
1342
1265
1199
1105
937
691
397
58
-344
-750
-1111
-1424
-1670
-1822
-1852
-1762
-1603
-1401
-1182
-980
-822
-748
-767
-861
-1047
-1295
-1570
-1858
-2120
-2362
-2558
-2690
-2773
-2823
-2849
-2850
-2816
-2787
-2750
-2672
-2573
-2427
-2207
-1902
-1505
-1024
-451
222
952
1688
2448
3184
3835
4350
4725
4984
5091
5000
4769
4486
4165
3795
3384
2981
2616
2305
1997
1648
1290
955
610
228
-156
-532
-869
-1137
-1330
-1430
-1482
-1497
-1415
-1274
-1189
-1191
-1252
-1309
-1424
-1730
-2132
-2495
-2765
-3030
-3379
-3635
-3658
-3529
-3388
-3270
-3033
-2598
-2156
-1825
-1538
-1181
-734
-356
-84
217
632
1113
1557
1951
2423
2938
3376
3696
3888
4016
4020
3826
3505
3131
2727
2286
1827
1451
1218
1033
881
782
766
805
754
592
417
226
-38
-401
-796
-1101
-1344
-1559
-1694
-1710
-1597
-1408
-1166
-887
-612
-393
-242
-169
-208
-376
-649
-974
-1316
-1666
-2039
-2395
-2647
-2803
-2936
-3040
-3069
-3011
-2905
-2812
-2694
-2505
-2243
-1924
-1568
-1147
-638
-35
644
1337
2031
2744
3436
4056
4563
4937
5186
5305
5282
5106
4781
4360
3904
3429
2901
2331
1804
1355
930
478
24
-374
-726
-1098
-1493
-1842
-2098
-2303
-2485
-2582
-2526
-2377
-2221
-2029
-1746
-1437
-1237
-1160
-1097
-1040
-1102
-1342
-1627
-1823
-1996
-2235
-2495
-2626
-2585
-2505
-2471
-2380
-2135
-1814
-1554
-1339
-1058
-674
-292
30
376
820
1326
1815
2273
2742
3213
3611
3891
4060
4132
4078
3879
3591
3254
2864
2414
1984
1634
1349
1080
840
690
615
525
378
228
110
-36
-275
-555
-781
-969
-1176
-1376
-1495
-1526
-1525
-1501
-1434
-1308
-1168
-1067
-1003
-966
-954
-1021
-1171
-1365
-1580
-1825
-2095
-2354
-2573
-2738
-2864
-2936
-2931
-2840
-2679
-2460
-2166
-1806
-1401
-956
-479
24
541
1055
1550
2040
2511
2936
3332
3680
3966
4182
4321
4387
4365
4238
4006
3692
3299
2825
2290
1719
1142
573
12
-509
-975
-1415
-1794
-2091
-2313
-2496
-2621
-2620
-2516
-2386
-2207
-1907
-1507
-1121
-798
-440
-37
260
376
397
422
367
113
-243
-533
-776
-1101
-1490
-1760
-1874
-1959
-2083
-2153
-2056
-1882
-1750
-1617
-1375
-1039
-700
-373
10
468
947
1395
1825
2265
2654
2938
3141
3281
3314
3209
3019
2809
2559
2228
1889
1639
1467
1266
1044
917
882
802
603
383
230
54
-273
-672
-974
-1194
-1462
-1748
-1901
-1907
-1874
-1862
-1778
-1591
-1404
-1271
-1182
-1094
-1032
-1065
-1173
-1287
-1402
-1568
-1753
-1898
-1966
-1997
-2031
-2007
-1876
-1692
-1537
-1377
-1134
-835
-579
-361
-71
289
631
953
1323
1764
2211
2598
2942
3280
3577
3766
3838
3814
3719
3542
3253
2853
2407
1954
1487
990
493
59
-303
-631
-959
-1252
-1472
-1637
-1791
-1952
-2054
-2075
-2019
-1927
-1799
-1589
-1257
-805
-351
54
487
984
1404
1591
1587
1544
1443
1111
539
-74
-589
-1095
-1711
-2331
-2750
-2951
-3090
-3259
-3320
-3166
-2902
-2686
-2521
-2247
-1830
-1411
-1051
-670
-183
378
903
1388
1877
2356
2788
3135
3379
3515
3572
3550
3439
3225
2940
2651
2360
2064
1748
1419
1132
897
653
357
57
-185
-403
-702
-1042
-1312
-1519
-1738
-1974
-2126
-2160
-2147
-2097
-1965
-1756
-1508
-1234
-938
-667
-437
-214
-36
55
87
97
59
-49
-180
-292
-412
-557
-682
-745
-781
-821
-808
-731
-624
-508
-362
-170
38
256
480
714
957
1204
1438
1645
1826
1977
2085
2128
2117
2064
1946
1756
1520
1261
966
629
293
-9
-285
-577
-831
-987
-1067
-1149
-1234
-1215
-1093
-996
-962
-881
-678
-454
-314
-183
79
440
709
851
1042
1304
1438
1305
1036
796
485
-81
-834
-1518
-2043
-2582
-3213
-3703
-3877
-3840
-3809
-3733
-3409
-2887
-2385
-1973
-1514
-952
-426
-14
377
812
1242
1641
2032
2431
2819
3178
3518
3821
4019
4124
4168
4134
3974
3677
3329
2934
2444
1893
1381
916
389
-169
-592
-880
-1217
-1625
-1893
-1976
-2095
-2313
-2448
-2396
-2323
-2305
-2233
-2056
-1830
-1561
-1252
-972
-685
-341
-1
229
363
531
662
619
501
410
256
-6
-257
-430
-628
-906
-1078
-1107
-1182
-1296
-1285
-1156
-1046
-969
-787
-510
-281
-38
290
614
884
1137
1420
1660
1791
1887
1959
1985
1975
1913
1805
1686
1595
1514
1358
1149
1009
888
669
395
141
-53
-260
-515
-712
-821
-873
-863
-825
-743
-586
-402
-219
-47
103
207
241
241
209
21
-299
-592
-833
-1178
-1682
-2113
-2308
-2477
-2784
-3025
-3021
-2881
-2784
-2711
-2519
-2183
-1801
-1443
-1111
-711
-185
346
775
1201
1717
2226
2628
2955
3290
3554
3703
3795
3806
3679
3473
3244
2957
2571
2129
1719
1307
871
448
36
-353
-675
-957
-1241
-1513
-1712
-1796
-1885
-1998
-2003
-1908
-1801
-1695
-1516
-1274
-1030
-790
-514
-220
17
242
464
617
715
792
819
761
659
549
372
108
-153
-365
-622
-939
-1197
-1382
-1555
-1734
-1822
-1811
-1806
-1754
-1608
-1394
-1165
-910
-570
-191
160
521
912
1285
1613
1923
2207
2393
2504
2613
2679
2595
2404
2250
2090
1803
1437
1109
825
516
181
-106
-351
-573
-731
-855
-1000
-1107
-1120
-1118
-1196
-1263
-1225
-1170
-1198
-1212
-1097
-951
-845
-741
-573
-363
-207
-135
-140
-172
-220
-386
-690
-990
-1195
-1379
-1612
-1795
-1789
-1638
-1482
-1320
-1051
-670
-302
-14
239
507
788
999
1119
1241
1421
1610
1740
1826
1953
2111
2202
2195
2164
2144
2075
1908
1678
1439
1202
925
594
250
-51
-308
-594
-878
-1074
-1170
-1240
-1312
-1300
-1179
-1024
-900
-744
-528
-326
-185
-73
42
137
188
185
169
144
127
93
23
-34
-63
-104
-195
-293
-380
-484
-639
-831
-1014
-1176
-1352
-1530
-1648
-1685
-1656
-1580
-1417
-1149
-813
-438
-48
368
794
1192
1537
1824
2050
2225
2333
2361
2340
2278
2191
2066
1901
1727
1552
1360
1147
929
699
448
183
-94
-393
-709
-1014
-1300
-1567
-1817
-2017
-2131
-2193
-2218
-2183
-2040
-1847
-1655
-1444
-1157
-841
-593
-404
-202
15
131
121
86
106
90
-45
-202
-266
-262
-307
-407
-441
-361
-266
-245
-251
-180
-43
43
44
68
185
307
356
407
527
688
823
914
1034
1204
1343
1420
1482
1561
1617
1604
1541
1479
1406
1280
1101
918
757
586
377
167
25
-65
-173
-288
-330
-294
-256
-263
-279
-258
-249
-313
-416
-522
-611
-708
-812
-888
-921
-913
-875
-805
-700
-594
-524
-485
-445
-435
-511
-654
-785
-901
-1042
-1188
-1275
-1264
-1193
-1109
-963
-732
-443
-145
109
360
621
860
1043
1148
1258
1379
1467
1498
1516
1574
1604
1578
1513
1464
1399
1266
1095
904
725
520
281
30
-219
-431
-644
-864
-1061
-1217
-1312
-1401
-1476
-1494
-1470
-1421
-1382
-1321
-1245
-1157
-1058
-955
-841
-710
-529
-326
-132
76
306
534
707
822
915
953
914
802
661
496
292
81
-122
-286
-423
-527
-599
-634
-613
-565
-508
-438
-330
-203
-94
16
141
284
427
546
678
849
1035
1196
1339
1501
1677
1817
1877
1904
1925
1891
1759
1532
1290
1032
724
368
14
-293
-568
-829
-1060
-1221
-1318
-1392
-1449
-1476
-1467
-1442
-1428
-1425
-1399
-1352
-1310
-1274
-1199
-1075
-941
-808
-645
-435
-234
-56
102
242
354
414
424
389
331
259
162
47
-44
-91
-103
-96
-53
48
188
339
491
643
803
935
1001
1038
1058
1049
1010
943
867
802
735
650
568
497
429
345
240
127
18
-111
-266
-419
-547
-683
-819
-926
-1009
-1075
-1131
-1165
-1156
-1127
-1094
-1031
-932
-806
-671
-534
-361
-164
27
205
351
473
558
573
518
405
273
106
-106
-312
-476
-598
-692
-730
-710
-646
-552
-438
-333
-257
-185
-129
-115
-127
-120
-77
-25
57
213
448
727
1026
1349
1667
1971
2233
2412
2478
2456
2376
2212
1925
1597
1286
948
574
220
-46
-273
-503
-709
-844
-931
-1048
-1161
-1248
-1324
-1414
-1515
-1573
-1595
-1595
-1556
-1479
-1350
-1164
-946
-708
-464
-223
20
222
362
472
546
540
467
382
274
122
-36
-155
-249
-338
-380
-346
-278
-208
-101
54
200
299
395
511
562
550
544
535
488
406
366
346
307
269
272
288
269
266
278
263
202
147
96
6
-96
-188
-263
-347
-433
-480
-509
-540
-555
-555
-557
-561
-555
-536
-516
-503
-465
-413
-343
-259
-163
-54
55
153
230
298
334
338
317
256
176
69
-60
-185
-314
-433
-533
-609
-653
-659
-626
-557
-454
-322
-168
-1
176
359
534
706
873
1037
1209
1377
1525
1669
1796
1912
2003
2029
2025
1963
1846
1696
1473
1198
881
520
143
-246
-621
-972
-1279
-1522
-1704
-1835
-1898
-1915
-1889
-1815
-1742
-1660
-1573
-1488
-1403
-1317
-1209
-1083
-933
-758
-556
-335
-113
104
309
481
616
702
735
729
669
568
447
308
170
44
-49
-105
-127
-100
-34
63
180
297
405
502
557
585
577
546
503
440
392
356
336
339
360
401
449
493
524
527
494
424
326
192
32
-127
-285
-436
-556
-642
-692
-715
-721
-716
-704
-706
-711
-722
-740
-762
-773
-752
-703
-615
-492
-340
-164
16
187
334
454
515
512
461
353
211
43
-127
-269
-390
-453
-462
-426
-339
-217
-84
50
170
262
326
366
387
407
433
487
585
719
898
1105
1337
1564
1754
1899
1967
1966
1880
1700
1438
1116
766
379
-13
-370
-695
-968
-1199
-1370
-1476
-1555
-1598
-1614
-1613
-1592
-1569
-1533
-1493
-1449
-1384
-1293
-1172
-1029
-851
-645
-419
-183
55
274
474
642
758
830
863
855
800
719
617
496
385
278
175
101
49
14
5
8
27
56
84
117
146
167
186
193
202
222
239
264
296
324
358
390
418
445
444
430
405
361
308
234
149
61
-34
-135
-239
-328
-423
-525
-606
-690
-759
-813
-866
-903
-922
-927
-907
-866
-802
-713
-602
-470
-328
-187
-46
91
211
315
407
469
503
525
516
497
456
408
346
278
220
153
106
69
46
31
35
61
101
152
208
284
368
455
542
623
707
788
841
875
891
887
847
776
688
577
434
267
96
-71
-238
-402
-548
-664
-762
-843
-895
-915
-928
-932
-920
-900
-864
-835
-804
-751
-701
-624
-530
-438
-324
-198
-63
75
202
329
447
542
618
670
692
692
673
631
566
489
403
315
225
136
63
-7
-61
-107
-146
-176
-201
-214
-229
-241
-253
-265
-258
-240
-226
-196
-149
-97
-35
38
109
184
254
310
356
377
383
369
335
286
208
122
21
-89
-201
-316
-422
-527
-616
-686
-738
-755
-749
-726
-680
-609
-516
-407
-290
-163
-38
75
177
266
343
396
438
460
475
479
478
476
460
433
398
367
334
287
241
199
159
124
90
63
55
65
73
94
120
153
189
224
259
283
302
310
306
290
257
214
155
89
21
-47
-106
-149
-177
-198
-207
-217
-225
-223
-233
-249
-281
-316
-368
-430
-489
-553
-593
-614
-607
-566
-495
-395
-274
-150
-22
104
210
302
368
405
422
419
405
373
335
302
265
241
223
189
158
124
75
24
-30
-94
-152
-198
-242
-275
-294
-292
-265
-228
-180
-122
-56
13
69
122
169
204
241
275
314
358
381
402
407
398
379
325
248
154
39
-101
-248
-393
-539
-661
-773
-864
-903
-908
-878
-829
-764
-663
-536
-398
-256
-110
36
177
317
459
589
720
828
906
969
1004
1028
1002
935
847
723
587
426
247
70
-99
-251
-381
-484
-559
-606
-612
-588
-551
-493
-421
-342
-265
-195
-129
-64
-14
27
79
124
167
220
270
314
367
411
442
455
444
414
357
277
176
57
-71
-205
-336
-455
-564
-650
-713
-750
-762
-742
-694
-611
-503
-385
-255
-123
16
147
271
386
487
565
621
663
682
684
667
629
572
506
423
319
204
85
-31
-147
-262
-360
-437
-497
-533
-549
-548
-518
-476
-417
-352
-271
-192
-122
-43
28
94
147
193
223
240
249
239
214
182
140
90
32
-31
-99
-168
-229
-289
-347
-391
-425
-446
-446
-423
-388
-339
-265
-178
-79
38
161
278
391
501
597
669
728
767
788
778
745
705
652
579
492
402
305
204
101
4
-99
-204
-298
-387
-474
-545
-594
-636
-660
-669
-657
-625
-579
-515
-442
-359
-272
-181
-91
0
81
153
216
274
323
355
371
381
383
374
352
313
261
196
130
53
-31
-104
-183
-257
-310
-359
-377
-372
-357
-321
-271
-189
-97
-15
72
162
241
303
353
393
404
403
385
352
324
281
234
188
132
78
31
-17
-69
-114
-154
-203
-240
-272
-312
-339
-363
-378
-384
-384
-359
-338
-310
-270
-233
-175
-119
-75
-26
19
54
73
99
114
110
109
108
94
78
66
55
46
36
37
46
51
62
72
86
111
139
166
192
216
242
273
300
319
342
363
374
386
388
376
364
347
328
297
249
194
140
81
9
-61
-134
-211
-288
-359
-414
-462
-504
-539
-565
-575
-566
-559
-542
-513
-485
-439
-385
-339
-289
-230
-171
-114
-61
-14
34
82
124
167
201
231
259
275
280
275
267
252
229
201
174
147
122
100
78
65
57
60
65
76
101
118
135
153
179
190
191
203
205
197
175
155
133
105
82
62
37
9
-6
-16
-37
-58
-72
-84
-112
-136
-144
-168
-201
-221
-239
-269
-291
-293
-290
-295
-287
-274
-257
-237
-210
-175
-146
-116
-76
-43
-27
3
35
44
48
65
85
86
90
113
120
118
140
160
163
167
186
206
206
216
231
236
238
254
266
260
251
250
249
224
210
195
156
122
92
57
18
-20
-46
-84
-121
-154
-191
-229
-268
-291
-314
-344
-374
-386
-394
-407
-404
-386
-369
-351
-316
-273
-234
-196
-144
-85
-41
-1
60
115
146
186
229
252
270
291
311
318
307
307
309
283
259
247
213
175
146
118
83
46
27
14
-5
-13
-5
13
27
41
70
91
99
119
134
136
128
121
107
78
44
9
-27
-76
-123
-157
-192
-225
-243
-260
-280
-290
-295
-302
-306
-312
-315
-313
-311
-308
-307
-302
-287
-274
-249
-215
-173
-130
-86
-29
23
73
122
165
202
227
250
263
264
260
254
248
237
229
227
228
232
235
244
249
257
265
265
265
260
246
232
207
185
168
143
122
101
77
65
43
25
14
-16
-42
-71
-106
-144
-186
-229
-274
-312
-354
-383
-401
-420
-422
-426
-414
-384
-358
-324
-278
-237
-189
-144
-106
-61
-24
16
62
95
131
162
189
218
238
250
264
272
271
265
249
235
215
183
151
116
80
47
27
2
-9
-20
-29
-25
-17
-4
12
33
54
74
86
99
118
121
118
117
101
81
62
33
5
-26
-56
-82
-113
-139
-159
-178
-185
-202
-220
-224
-238
-249
-255
-257
-252
-244
-231
-211
-186
-157
-120
-88
-51
-13
22
69
105
136
169
194
209
214
216
209
202
193
183
170
155
139
133
126
113
115
110
95
93
89
78
64
50
39
32
19
7
-5
-8
-12
-19
-21
-32
-38
-41
-43
-48
-62
-72
-80
-94
-114
-130
-145
-166
-177
-192
-204
-213
-215
-207
-202
-187
-175
-159
-137
-109
-78
-53
-28
-2
31
60
83
121
143
167
193
206
218
220
221
215
210
198
176
157
141
123
101
88
66
47
37
18
9
-2
-8
-10
-15
-12
-13
-13
-18
-19
-23
-23
-17
-26
-21
-30
-31
-34
-50
-47
-58
-67
-82
-95
-105
-119
-131
-144
-144
-158
-163
-162
-157
-157
-156
-138
-132
-112
-98
-86
-62
-53
-31
-14
7
28
36
59
73
90
108
123
140
146
156
160
171
172
170
173
161
152
133
122
105
90
78
61
55
46
41
38
37
38
36
36
27
17
13
7
-5
-10
-23
-41
-43
-57
-68
-73
-86
-94
-99
-110
-125
-127
-136
-147
-154
-164
-174
-180
-179
-183
-170
-153
-143
-122
-93
-58
-29
-1
29
56
77
98
114
118
125
121
120
123
119
124
123
126
134
135
145
144
138
133
125
112
89
69
46
26
9
-8
-20
-32
-36
-35
-34
-29
-26
-31
-28
-24
-29
-33
-38
-42
-52
-58
-66
-76
-83
-89
-89
-94
-95
-92
-92
-95
-89
-80
-75
-77
-74
-68
-70
-63
-61
-51
-38
-30
-23
-14
-2
6
19
35
50
60
73
81
89
103
104
106
118
117
114
114
114
113
110
107
97
93
87
71
66
58
42
30
22
7
-6
-10
-16
-29
-31
-39
-43
-45
-52
-53
-57
-63
-64
-72
-84
-84
-90
-97
-100
-103
-102
-105
-105
-108
-111
-104
-100
-95
-89
-81
-74
-67
-51
-37
-18
-2
14
30
46
64
82
96
104
106
111
123
123
124
125
124
116
109
103
97
98
94
87
80
71
70
65
55
45
34
24
8
-4
-13
-27
-33
-40
-49
-55
-62
-60
-62
-65
-65
-67
-70
-73
-76
-75
-77
-83
-81
-86
-92
-91
-87
-84
-87
-78
-73
-65
-60
-58
-47
-40
-41
-31
-24
-19
-12
-7
5
19
28
39
47
57
67
73
81
82
80
81
80
82
80
76
75
72
70
70
66
58
56
45
32
21
17
8
-5
-11
-23
-27
-23
-22
-24
-29
-21
-20
-23
-22
-24
-27
-27
-19
-19
-22
-19
-17
-18
-19
-22
-24
-20
-18
-21
-24
-25
-24
-21
-26
-27
-28
-29
-23
-24
-22
-15
-11
-10
-5
1
5
9
15
25
26
26
23
21
21
21
19
23
29
26
26
25
26
21
27
28
21
26
21
18
13
7
3
0
-3
-4
1
-5
-7
-9
-12
-12
-14
-14
-17
-18
-21
-26
-26
-25
-26
-30
-29
-27
-31
-29
-26
-24
-19
-16
-10
-10
-12
-11
-9
-5
0
-1
-7
-3
1
2
10
15
13
16
20
20
18
23
24
26
24
23
25
22
21
12
9
11
1
4
4
-1
3
0
2
4
-2
-3
-3
-3
-7
-11
-11
-17
-16
-12
-8
-4
0
4
6
9
8
14
11
7
4
0
-3
-9
-9
-8
-11
-9
-8
-8
-3
-5
-9
-6
-7
-9
-3
-8
-6
-7
-13
-11
-8
-6
-2
-2
3
8
14
17
15
20
14
14
21
27
21
14
16
10
6
8
15
16
12
10
6
5
3
2
-5
-7
-8
-7
-10
-19
-21
-21
-24
-24
-28
-29
-24
-19
-17
-12
-12
-17
-17
-18
-20
-18
-18
-22
-18
-14
-11
-5
-4
-1
8
7
8
11
11
12
10
17
14
11
12
13
13
14
11
11
14
13
14
15
17
20
23
22
22
16
10
5
5
3
3
3
1
5
7
2
5
7
1
-2
-4
-3
0
-4
-1
1
-5
-7
-4
0
-4
-7
-2
-1
-7
-7
-4
-8
-5
-3
-8
-14
-20
-19
-24
-21
-19
-26
-22
-16
-18
-10
-7
-11
-8
-5
-8
-5
-2
-3
4
1
7
12
10
13
16
22
24
21
23
25
24
25
22
17
18
18
12
6
8
4
1
2
-5
-2
-3
-10
-10
-9
-6
-8
-17
-17
-11
-12
-17
-16
-14
-9
-5
-5
-2
-2
-5
-3
-9
-10
-11
-9
-11
-17
-11
-7
-7
0
3
3
9
11
11
8
4
3
3
-4
-3
1
-3
0
4
7
8
8
2
5
7
7
5
5
8
2
3
-2
-3
0
-1
-2
-2
1
7
11
11
12
16
18
15
13
15
8
1
2
2
0
1
-2
0
5
4
5
1
0
-1
-2
-4
-5
-7
-15
-26
-25
-20
-20
-15
-16
-17
-15
-7
-9
-13
-4
-1
-5
-8
-8
-3
0
2
4
4
5
6
5
13
12
12
20
16
21
19
12
12
3
-2
2
-5
-10
-6
-4
-3
-4
0
-2
-9
-12
-8
-4
-7
-1
-1
1
6
-1
-2
-4
-1
3
-3
0
1
-1
5
9
15
13
6
7
7
0
-4
-1
-6
-11
-12
-11
-11
-15
-10
-8
-12
-13
-10
-10
-8
-10
-6
-1
-3
-1
0
5
5
3
6
8
12
12
10
17
25
18
17
17
15
18
7
2
1
3
4
5
8
6
7
8
4
9
10
2
3
5
-3
-4
-5
-12
-16
-13
-11
-12
-11
-13
-10
-11
-11
-10
-18
-16
-9
-15
-20
-12
-12
-13
-9
-9
-11
-6
-1
-3
1
6
6
15
13
11
12
11
16
12
14
14
11
11
8
4
3
6
3
1
4
12
18
7
1
3
-2
-2
-3
-4
-5
-8
1
2
-3
2
0
-2
3
-2
2
3
-5
-2
1
-1
2
2
2
-1
-8
-5
-8
-10
-5
-8
-9
-4
-8
-14
-9
-12
-17
-22
-15
-16
-20
-12
-9
-6
-4
-2
-5
-7
-4
-3
0
2
0
1
1
4
8
8
6
13
13
8
10
10
9
7
4
12
15
10
13
16
19
22
21
26
29
21
19
14
11
13
8
6
4
7
4
0
6
3
-1
1
1
-3
-5
-7
-5
-13
-9
-6
-15
-14
-18
-16
-10
-13
-11
-9
-11
-12
-15
-8
-7
-13
-10
-14
-13
-16
-16
-12
-13
-7
-8
-8
-6
-8
-6
-4
-2
0
1
1
-6
-9
-9
-9
-8
-6
-2
-5
-3
-5
-1
1
1
-2
-2
3
4
5
4
6
10
4
1
5
4
7
14
8
6
15
19
16
15
13
11
13
11
8
9
9
5
8
14
12
10
13
17
12
13
14
16
19
19
17
9
10
9
2
-2
-1
-2
-12
-13
-11
-12
-12
-12
-7
-9
-15
-12
-12
-14
-17
-20
-20
-20
-20
-15
-17
-17
-19
-18
-8
-6
-1
3
-2
-5
-4
-2
-6
-6
-9
-5
-3
-4
-1
-2
-7
-8
-5
-2
0
4
7
9
7
6
8
8
1
-2
2
3
5
10
13
10
17
17
12
13
13
4
5
9
6
8
0
0
3
-5
-6
-4
0
-1
-1
3
-3
-6
0
0
-7
-2
-4
-9
-10
-13
-5
-5
-7
0
5
6
8
4
1
2
-1
0
1
-3
0
1
-3
0
0
4
5
1
4
10
9
3
7
11
9
4
3
6
4
7
7
1
3
0
-5
-4
-5
-1
2
-4
-4
1
0
-6
-10
-8
-9
-14
-9
-9
-15
-7
-7
-11
-4
-1
0
3
-2
-2
0
-6
-5
-13
-11
-2
-11
-6
-1
-4
-5
-8
-5
0
2
0
0
7
3
-4
-3
-3
-3
-4
2
6
9
9
9
16
23
22
21
18
16
18
14
8
6
10
7
7
17
16
8
10
12
6
6
9
6
4
0
-2
-4
-14
-15
-18
-15
-9
-13
-11
-8
-11
-9
-8
-10
-8
-4
-6
-7
-10
-13
-14
-18
-13
-15
-15
-11
-12
-9
-5
-12
-13
-12
-16
-17
-16
-14
-15
-12
-5
-6
-5
-2
2
4
10
15
16
17
14
14
14
16
8
11
17
17
22
21
18
18
10
10
18
17
16
16
14
13
9
9
12
10
8
7
12
12
12
12
7
6
6
3
-3
-9
-6
-8
-11
-11
-13
-10
-9
-8
1
1
-6
-6
-9
-7
-12
-15
-18
-22
-19
-20
-21
-20
-19
-12
-14
-16
-8
-5
-3
-3
-3
-5
-7
-9
-14
-13
-12
-14
-15
-11
-9
-8
-3
4
2
7
6
1
6
4
2
2
1
-2
8
14
7
8
12
12
13
19
21
21
19
20
22
19
15
14
13
13
13
11
12
10
12
9
5
2
0
0
-1
-6
-1
-1
-4
5
3
-2
2
-3
-7
-1
-1
-3
0
-3
-2
-1
-6
-8
-9
-14
-12
-14
-12
-13
-16
-15
-10
-7
-8
-12
-12
-11
-13
-10
-15
-9
-4
-10
-7
-7
-5
-7
-8
-3
-5
-2
4
1
0
6
4
5
10
5
4
8
1
3
5
1
10
15
9
8
9
12
15
14
12
15
19
18
13
14
11
1
6
8
3
6
8
4
3
-2
-6
-5
-2
-6
-9
-3
-6
-10
-15
-18
-12
-11
-12
-11
-18
-16
-14
-10
-9
-9
-6
-2
-1
-1
-2
-5
-3
-5
-6
-3
2
4
-1
0
0
1
1
-1
1
3
12
9
3
5
0
-1
2
3
0
5
6
3
9
6
7
12
11
7
5
11
10
6
5
3
2
0
-1
3
7
3
8
4
-1
9
12
13
7
-1
-1
-2
-7
-9
-7
-5
-1
-4
-12
-9
-2
-4
-5
-5
-10
-13
-16
-11
-10
-15
-19
-16
-10
-12
-7
1
1
7
6
4
7
2
1
6
4
1
-3
-1
2
4
8
6
2
5
4
5
7
10
9
4
2
3
1
4
4
1
-1
-5
-2
0
1
1
-4
-7
-3
-1
-5
1
-5
-6
-1
-5
-4
-2
1
-5
-2
2
-5
0
3
-3
-4
-3
-5
-5
-6
-3
1
-3
-2
0
2
6
4
5
9
8
9
8
9
8
7
5
7
8
11
11
11
11
0
3
8
5
3
4
2
-5
-2
-2
-2
-4
-3
-3
-4
-7
-5
0
-2
-6
-1
1
0
-3
-7
-8
-12
-13
-9
-4
-5
-3
0
-6
-3
-4
-5
-6
-8
-11
-12
-10
-12
-12
-12
-11
-16
-19
-10
-11
-10
-2
0
5
11
7
10
11
7
0
2
9
8
12
15
14
15
11
11
14
14
16
17
16
14
13
8
4
2
1
4
4
8
5
1
6
7
0
-1
1
-4
0
0
-4
-7
-6
-4
-6
-2
-1
-6
-13
-11
-9
-7
-2
-5
-2
-4
-5
-4
-6
-8
-11
-9
-9
-11
-8
-5
-2
-3
-5
-4
0
4
-3
0
-1
-4
2
-3
-2
0
-4
1
1
1
4
5
8
8
10
10
11
15
8
7
13
10
2
1
-1
-4
-3
-6
-5
-1
3
1
4
7
6
7
4
1
-3
-5
-12
-12
-9
-12
-10
-4
-6
-3
-1
-2
-2
-6
-3
-2
-5
-1
0
-2
1
5
7
3
3
2
5
7
6
10
7
5
7
6
4
-1
-1
-3
-4
0
-3
-4
2
0
3
5
-2
-3
5
1
2
1
-6
-5
-5
-1
-3
-8
-6
-3
-5
-7
-5
-6
-2
3
4
-1
-1
2
2
3
-1
-6
-3
-6
-10
-2
-1
-1
7
10
13
11
10
14
12
10
6
3
5
9
6
5
9
10
7
8
8
10
5
8
5
1
1
-6
-9
-14
-6
-8
-10
-3
-8
-10
-9
-9
-11
-12
-10
-7
-12
-13
-11
-13
-9
-12
-9
-10
-13
-11
-7
-9
-12
-13
-12
-8
-7
-6
-4
-1
-4
-5
-4
-2
-6
-2
2
3
5
10
15
13
15
14
10
13
18
17
15
16
12
17
21
21
22
18
12
10
18
20
16
19
15
16
11
7
3
-3
0
-2
3
6
3
-1
5
7
-1
-4
-6
-12
-9
-12
-19
-13
-15
-14
-13
-6
-4
-12
-6
-12
-10
-10
-19
-22
-22
-19
-17
-19
-17
-16
-15
-15
-13
-11
-9
-9
-10
-9
-14
-16
-11
-10
-11
-6
3
0
0
6
6
10
9
11
15
14
16
19
16
13
12
14
10
10
11
9
9
9
15
13
15
17
13
19
15
10
11
7
2
5
3
0
2
-5
-6
-2
-1
-1
-1
2
11
13
11
10
8
4
0
0
-2
-4
0
-1
-6
-11
-7
-4
-5
-7
-5
-7
-8
-6
-8
-6
-9
-8
-9
-14
-20
-19
-14
-17
-12
-8
-8
-5
-3
-3
-3
-1
-4
-4
-8
-13
-8
-11
-6
1
0
4
5
3
3
1
-2
2
-1
0
4
3
1
4
5
4
5
5
10
4
4
7
3
8
12
12
15
12
12
15
5
6
5
4
6
4
9
10
5
9
18
20
21
16
8
11
7
2
1
-5
-2
-3
-5
0
-3
-3
-8
-12
-8
-7
-8
-9
-7
-7
-10
-11
-15
-13
-13
-10
-10
-10
-4
-4
-5
-4
-4
-7
-4
-5
-7
-7
-7
-9
-19
-18
-13
-11
-9
-15
-12
-6
-11
-6
-6
-9
-5
-4
-2
-2
-3
2
5
7
9
11
11
10
14
13
18
22
22
24
20
22
22
16
15
18
15
14
16
13
12
14
8
8
10
10
9
5
6
7
2
-4
-6
-7
-9
-7
-8
-14
-12
-9
-8
-8
-3
-4
-6
-5
-4
-3
-6
-6
-10
-9
-10
-14
-8
-8
-13
-13
-13
-11
-13
-14
-8
-7
-11
-14
-10
-10
-6
-7
-11
-7
-6
0
-2
-1
0
-1
4
3
4
3
3
1
3
1
-2
3
4
10
10
6
13
13
12
7
6
7
7
5
8
6
-2
6
-3
-1
5
3
9
6
3
8
8
6
9
2
4
9
5
11
6
0
7
9
7
7
9
12
5
1
3
2
-5
-9
-1
-4
-4
-1
-3
-2
-4
-6
-7
-9
-4
1
-4
-4
-6
-10
-7
-9
-16
-13
-10
-9
-9
-7
-9
-11
-6
0
-12
-14
-11
-21
-12
-9
-12
-8
-3
-1
-1
-3
-6
2
6
-1
0
4
6
5
5
3
2
3
2
5
4
10
10
11
19
18
21
20
21
16
13
13
8
5
7
9
9
2
1
7
6
8
10
9
8
7
6
-3
-1
3
0
-3
-7
-11
-5
-4
-6
-7
-4
-7
-9
-7
-11
-11
-17
-12
-9
-15
-12
-17
-16
-19
-15
-11
-16
-14
-9
-4
-4
-8
-7
-1
-2
-3
-4
-5
-4
-3
0
-3
-2
4
4
6
9
6
2
8
11
14
12
10
13
8
11
16
11
11
10
7
11
5
4
9
6
8
12
8
9
7
7
1
2
0
-3
0
-4
1
-3
-8
4
4
-2
6
10
6
9
3
-8
-10
-17
-20
-14
-11
-4
4
1
3
1
-7
-2
0
-9
-10
-9
-13
-9
-11
-9
-2
-8
-4
0
-4
-5
-6
-5
-7
-11
-14
-9
-4
-3
-5
-5
-12
-8
-4
-2
11
5
-3
2
6
1
6
10
3
9
12
4
4
9
8
9
6
12
15
12
13
18
10
8
22
15
12
11
6
6
-4
-3
-2
-2
-4
-2
-8
-5
2
0
2
-1
-4
3
7
2
-3
-8
-12
-12
-12
-12
-7
-6
-6
1
-1
1
3
3
6
1
5
3
-1
-4
-7
-6
-7
-6
-4
-3
-2
-2
-1
2
0
-3
-2
-2
-2
-9
-9
-4
-9
-11
-14
-13
-10
-8
-8
-11
-11
0
4
2
6
12
10
4
5
4
7
5
-2
-3
-6
-3
1
-1
0
2
2
1
4
5
7
6
6
7
4
7
9
3
1
7
8
6
9
10
8
10
11
11
12
10
9
11
10
15
9
7
9
11
9
4
3
0
-2
-3
-4
-7
-2
-3
-2
-1
-8
-4
-4
-3
-7
-13
-19
-18
-15
-19
-19
-16
-16
-15
-15
-11
-11
-12
-16
-18
-11
-8
-6
-11
-13
-14
-13
-13
-9
-5
-9
-4
0
-4
3
4
3
3
8
10
5
3
1
1
2
0
3
9
5
8
11
12
11
14
14
16
21
23
24
26
23
20
16
20
19
18
18
14
15
18
16
13
15
16
11
12
11
0
-1
-5
-9
-9
-16
-12
-11
-11
-8
-7
-8
-11
-15
-15
-13
-16
-20
-19
-19
-24
-23
-24
-27
-24
-22
-23
-21
-14
-10
-9
-10
-13
-13
-13
-13
-9
-10
-10
-9
-9
-5
-2
-4
-2
1
3
6
11
11
8
7
8
11
10
13
11
8
9
14
17
18
21
20
18
22
25
21
21
25
25
22
17
17
16
14
7
7
13
5
5
6
7
9
7
10
8
9
5
3
0
-9
-9
-16
-12
-10
-19
-14
-15
-18
-18
-16
-15
-17
-16
-17
-15
-20
-23
-22
-19
-17
-23
-18
-12
-12
-10
-13
-15
-8
-3
-2
-4
-6
-5
-7
-10
-6
-1
-4
0
3
2
6
3
4
9
8
10
7
12
14
13
14
14
14
15
19
17
19
21
12
16
16
12
16
14
8
11
9
7
7
4
2
2
2
5
2
2
1
-4
-3
-2
-2
1
2
-1
-5
-3
-7
-9
-9
-11
-9
-10
-3
-1
-4
-2
-1
-3
-1
-5
-14
-14
-17
-11
-12
-14
-2
-2
-1
-3
-5
-4
-2
-6
-5
1
-1
-2
-1
-3
-6
-8
-9
-9
-9
-10
-6
-4
-6
-6
-8
-3
7
6
4
9
2
1
4
5
12
10
9
10
10
12
13
13
9
9
4
5
6
3
3
3
4
-1
1
7
3
2
7
8
3
-1
8
6
2
2
2
3
-5
-2
5
1
1
-2
-6
2
2
0
6
2
1
0
-3
-6
-7
-6
-3
-5
-3
1
0
-2
2
1
-3
-5
-7
-13
-17
-8
-16
-18
-15
-13
-11
-7
-6
-7
-6
-3
8
6
3
2
-1
2
1
3
5
7
5
2
2
4
4
4
5
8
10
8
9
5
3
2
1
4
1
-3
-1
1
-1
4
2
2
9
11
13
6
4
3
0
2
1
-3
-6
-4
-1
3
3
-4
-1
-1
-3
-1
3
3
-3
-2
4
-1
-1
5
-2
-2
-1
-5
-3
-5
-11
-5
-7
-2
0
-5
-3
-1
-2
-2
-1
-1
-3
-3
-3
-7
-4
2
0
4
10
11
2
-1
6
2
-2
-1
-3
-6
-7
-4
-2
5
6
0
-3
-4
-9
-9
0
-9
-9
-3
-7
-2
-4
-3
0
0
1
1
3
3
4
3
4
5
7
10
15
11
8
14
10
9
7
2
5
2
6
6
2
10
13
10
11
9
5
-2
-6
-7
-6
-4
-4
-1
-5
-2
-1
-2
-2
-5
-2
-4
-6
-4
-7
-10
-12
-8
-6
-9
-7
-8
-4
-11
-12
-6
-4
-1
-4
-1
1
-2
-4
-5
-4
-9
-8
-5
-3
-10
-7
-1
-3
-4
-4
-7
-7
-1
0
0
0
4
7
11
11
9
13
14
10
5
7
8
6
4
7
10
6
7
6
6
10
8
10
12
10
7
6
6
4
4
2
2
6
5
8
8
0
-1
0
0
0
-3
0
-1
-5
-7
0
4
-3
-1
-4
-11
-11
-13
-12
-15
-12
-9
-7
-6
-6
-5
-6
-8
-6
-6
-14
-10
-10
-6
-7
-7
-9
-12
-7
-7
-6
-6
-3
-7
-6
-1
2
6
4
4
1
-3
-1
0
3
2
0
7
14
10
6
10
11
9
9
13
7
4
4
5
12
8
5
7
5
8
9
7
6
8
6
7
6
6
10
7
7
6
1
1
1
3
4
1
1
1
1
0
-5
-5
-4
-2
-1
-6
-5
-7
-9
-5
-3
-5
-4
-3
-12
-16
-9
-11
-15
-11
-12
-17
-13
-13
-7
-5
-5
-5
-12
-9
-7
-10
-7
-7
-5
-6
-10
-5
-4
0
-2
0
4
4
6
8
12
10
7
9
10
5
6
7
5
1
-1
6
8
10
15
16
17
20
23
21
17
16
12
8
2
7
4
4
11
4
2
5
2
2
1
-2
-3
-1
4
2
-5
-5
-9
-10
-12
-12
-14
-13
-7
-5
-10
-10
-9
-12
-15
-14
-13
-17
-17
-9
-14
-16
-15
-15
-11
-12
-9
-2
-1
2
5
5
12
1
-3
1
0
2
-2
-3
6
5
2
2
2
6
11
10
9
1
7
13
7
11
7
8
12
5
4
6
6
4
4
6
10
9
10
14
13
17
14
16
16
13
11
0
-3
-9
-14
-9
-10
-9
-5
-3
0
3
6
2
2
0
0
-4
-11
-14
-17
-17
-14
-16
-12
-8
-9
1
-5
-9
-9
-12
-8
-7
-6
-8
-13
-12
-9
-4
-6
-3
-2
0
3
5
6
2
3
5
2
6
6
1
3
1
0
1
-1
0
-2
0
6
11
17
16
9
11
8
5
3
2
5
2
-3
-1
5
7
7
6
10
8
8
9
1
2
7
8
1
-1
-4
-8
-9
-5
-5
-11
-3
-5
-8
-3
0
3
8
3
0
-2
-9
-10
-10
-12
-10
-5
3
2
-2
5
3
0
1
-4
-5
-7
-11
-12
-6
-4
-7
-4
0
2
2
3
4
2
-3
-2
3
1
7
2
1
2
0
5
4
3
1
0
4
3
5
7
8
4
5
5
3
-2
-4
0
-4
-9
-6
0
2
4
4
0
1
6
0
-1
-1
-6
-11
-11
-7
0
-1
2
3
6
10
8
8
5
7
1
-2
1
-1
-3
-2
2
3
1
-3
-3
0
-1
-6
1
2
1
3
0
-3
-1
-5
-6
-5
-8
0
4
7
8
5
3
3
4
-5
-8
-8
-8
-9
-9
-11
-5
3
2
1
-2
-2
4
5
4
2
2
1
-3
-4
-4
-4
-2
2
2
4
7
7
9
9
7
7
3
0
-3
-6
-6
-7
-7
-2
-2
-2
-2
-5
1
-1
1
4
12
14
9
10
4
1
2
1
4
2
-1
1
2
-4
-4
-2
-5
3
2
5
6
-1
1
-1
-5
-6
-11
-11
-8
-7
-11
-13
-9
-1
-1
-2
2
-1
3
-3
-4
-5
-7
-4
-6
-5
-3
0
-3
-1
0
5
13
9
9
7
7
8
6
6
6
7
6
10
12
6
2
0
2
2
0
1
-2
-2
0
0
0
1
-1
-7
-8
-4
-2
-3
-7
-3
-4
-5
1
2
3
6
3
-1
-2
-3
-9
-12
-10
-8
-4
-4
-7
-2
-2
-2
4
5
4
3
3
2
5
0
-4
2
1
0
1
3
6
5
4
5
5
5
11
8
4
6
-1
-6
-9
-10
-6
-11
-2
1
-2
1
-1
3
3
1
3
-3
0
0
3
6
3
4
-1
-3
-7
-5
-5
-5
-6
-4
1
0
1
2
5
3
0
0
-1
-3
2
3
-1
0
0
3
4
6
6
4
6
0
0
-1
-4
-1
-3
-4
-3
-4
-6
-3
-8
-10
-6
2
9
4
5
5
-3
-4
-3
-3
-3
0
1
3
7
3
4
7
2
4
3
0
5
2
8
4
0
4
2
3
2
1
-4
-3
4
4
4
6
4
0
1
1
-3
1
1
-3
-1
-4
-7
-4
0
-1
-7
-10
-9
-6
-8
-11
-11
-6
-7
-9
-5
-7
-8
-3
-5
-9
-6
-1
-2
-3
-1
-2
-1
5
4
1
9
6
2
7
9
7
9
7
6
7
2
4
5
1
0
9
9
3
9
3
2
5
1
3
4
7
3
0
4
2
-2
-4
-1
0
3
6
5
6
3
7
3
-2
-4
-3
-5
-4
0
-3
0
-1
-3
-1
-1
-1
-5
-6
0
-3
-4
-6
-9
-9
-12
-7
-12
-18
-10
-8
-11
-6
-6
-7
-5
1
0
-5
-1
-7
-3
-3
-5
2
-5
-2
2
-1
3
6
9
11
10
13
12
14
14
11
12
10
9
12
8
8
11
9
9
7
6
8
8
7
8
6
1
-1
-7
-4
-4
-7
-10
-8
-6
-10
-10
-11
-7
-6
-8
-5
-10
-8
-7
-12
-10
-13
-15
-13
-11
-17
-9
-2
-7
-5
-1
8
9
6
8
4
4
-1
-2
2
-2
1
1
-1
7
7
3
2
7
10
8
13
11
8
15
15
9
8
4
-2
2
1
3
4
-1
7
9
9
16
15
17
14
8
8
9
1
-12
-9
-9
-14
-13
-12
-9
-6
-6
-11
-14
-5
-3
-8
-8
-12
-12
-11
-15
-13
-18
-20
-21
-18
-15
-13
-7
-2
4
10
8
7
6
5
5
0
-5
2
5
8
9
9
9
6
9
12
10
5
13
2
-6
2
-5
-3
0
-2
0
-3
-2
3
2
3
-1
-3
2
5
5
0
3
8
7
6
14
15
17
17
14
15
10
9
12
17
11
8
12
5
3
-4
-10
-9
-16
-18
-20
-22
-19
-20
-14
-17
-22
-14
-11
-9
-10
-13
-20
-18
-13
-18
-10
-6
-3
-4
-1
6
5
6
7
12
13
9
12
10
9
8
9
7
8
12
2
4
7
6
5
6
7
6
4
5
-2
-11
-5
-9
-11
-7
-3
-2
-1
-2
-2
1
0
2
7
9
10
7
8
5
2
5
6
7
5
4
6
8
8
6
5
-1
-5
-7
-3
-7
-8
-7
-5
-6
-10
-7
-7
-11
-10
-8
-10
-14
-12
-8
-6
-3
-1
-6
-3
-1
0
1
-3
-1
1
8
8
13
14
4
7
6
4
7
3
-2
3
3
6
11
9
9
6
5
3
-3
1
-9
-13
-7
-11
-11
-6
1
-6
-4
-1
-3
-3
-2
3
0
0
4
5
1
0
9
8
7
7
8
7
5
3
0
5
7
2
-3
-7
-4
-5
-12
-5
-11
-8
-1
-9
-10
-5
-7
-5
-3
-4
0
1
-4
-5
-4
-3
-2
-4
-2
-4
-4
-4
-2
2
2
7
10
12
15
9
5
10
6
5
5
7
9
8
12
5
10
12
9
10
9
6
4
7
2
-2
-8
-7
-4
-14
-15
-12
-10
-7
-6
-3
-5
-9
-12
-13
-11
-7
-8
-8
-3
-7
-8
-2
2
2
3
1
0
7
6
8
7
-1
-6
-4
-2
5
4
-5
-2
1
7
7
8
5
2
1
-1
-4
-2
-7
-8
1
-1
3
-1
-3
-2
-1
1
-5
-7
-6
-1
-3
2
4
-1
0
3
7
3
2
7
10
13
9
12
12
11
15
9
10
14
9
8
7
4
-1
-3
-6
-9
-13
-7
-5
-9
-10
-5
-3
-7
-6
-1
-7
-7
-5
-10
-10
-11
-12
-9
-7
-7
-9
-4
-3
-3
0
6
7
2
7
9
6
7
9
7
2
-5
-7
-6
-8
-2
3
2
5
4
8
9
5
8
12
10
3
-1
-4
-10
-13
-12
-6
-3
-4
0
-3
-5
2
4
5
7
5
5
5
0
-2
0
-4
-3
1
5
8
6
8
10
9
8
5
0
-2
0
-2
-5
-8
-10
-6
-13
-9
0
-4
-4
-7
-7
-6
-5
1
1
5
1
-5
-4
-2
-1
2
2
2
2
0
7
9
7
8
7
7
5
4
3
1
-1
1
-5
-6
2
2
8
7
-2
-5
-4
-3
-10
-8
-4
-8
-6
-6
-6
-5
-3
1
2
1
4
4
2
1
0
-4
-1
2
5
6
6
8
6
3
3
4
6
8
10
6
5
6
0
-2
-2
-6
-3
-11
-5
-1
-8
-7
-9
-10
-4
-5
-4
-2
-8
-3
-1
-3
0
1
4
-2
2
6
1
1
3
1
3
4
6
10
5
5
-2
-1
4
2
1
-6
-12
-3
-2
-4
-2
-4
-5
-7
-11
-6
-8
-13
-6
-3
2
7
8
12
10
9
13
9
9
9
10
8
4
2
-2
0
2
0
-3
-5
-1
2
3
5
7
8
3
-4
-2
-7
-9
-5
-8
-15
-9
-5
-7
-6
-5
2
1
-6
-5
-9
-6
-4
-3
-1
-3
0
1
-1
1
2
1
3
7
13
10
4
5
1
2
2
2
2
-4
-6
-8
-7
-4
-3
0
-1
1
1
0
4
4
3
9
6
3
7
8
2
4
13
12
6
4
10
9
7
7
4
4
5
5
8
10
4
-2
-3
-11
-22
-18
-19
-19
-13
-8
-10
-6
-6
-6
-8
-10
-9
-13
-11
-12
-11
-6
-3
-3
-6
-2
2
0
-1
8
7
1
4
8
8
3
0
4
5
5
-1
1
7
6
8
5
0
1
5
8
11
6
3
2
2
5
0
2
2
6
12
6
4
7
4
4
4
7
5
0
-3
-7
-4
-7
-7
-5
-2
0
2
4
-5
-1
-1
-8
-4
-4
-2
-7
-7
-11
-13
-9
-8
-3
-1
-5
-3
4
1
1
7
7
11
7
7
12
9
3
1
-4
-3
-1
1
4
3
7
8
5
4
-1
-7
-12
-10
-13
-12
-10
-14
-11
-10
-8
-8
-8
-3
-2
-5
-6
-3
2
5
4
-2
-3
-1
-3
1
3
0
