-13
-13
-17
-9
-5
-6
-3
-5
-10
-10
-16
-19
-11
-16
-19
-19
-15
-14
-15
-7
-6
-5
-8
-11
-7
-11
-12
-12
-11
-6
-5
3
2
0
5
6
8
8
10
10
12
9
13
17
14
10
9
9
8
6
7
8
6
1
1
5
1
4
3
6
10
0
-1
-4
0
2
-8
-8
-6
-7
-4
-6
-2
4
7
4
0
-4
-5
-2
-3
-2
0
-2
1
6
7
-4
-4
-2
1
3
1
2
-1
1
3
-3
-5
-2
5
8
0
2
3
2
9
5
4
8
5
3
0
-1
5
4
4
4
3
7
7
2
-1
0
2
-3
-7
-5
-12
-18
-13
-8
-12
-13
-8
-5
-5
-10
-6
-3
-15
-18
-8
-12
-18
-18
-14
-11
-7
-6
-9
-9
-7
0
2
8
3
0
7
1
4
3
2
4
-2
3
7
2
8
11
18
11
9
16
19
22
21
17
8
9
7
5
7
6
5
2
11
13
11
15
17
15
14
15
11
8
10
12
8
6
8
6
2
5
4
2
2
3
-5
-4
-3
-6
-12
-12
-10
-17
-20
-17
-21
-20
-22
-22
-18
-18
-14
-17
-19
-17
-16
-18
-24
-22
-18
-17
-21
-23
-18
-20
-19
-16
-15
-16
-16
-14
-8
-9
-5
-5
-4
3
3
3
4
9
4
7
14
14
15
16
23
25
24
25
28
28
30
34
24
22
25
20
19
20
21
18
18
25
21
23
23
20
23
21
20
12
8
4
-3
-5
-5
0
-4
-6
-3
-5
-8
-2
-3
-10
-6
-8
-12
-19
-29
-24
-27
-31
-28
-28
-23
-14
-16
-19
-14
-14
-15
-17
-21
-20
-17
-16
-13
-12
-17
-18
-15
-16
-9
-6
-9
-9
-10
-8
-8
1
8
6
5
2
4
9
10
9
6
12
15
17
16
16
19
19
18
18
16
10
12
15
6
3
7
10
6
12
12
8
11
3
11
10
7
6
8
5
0
5
0
8
12
4
5
5
0
0
1
-9
-5
-11
-17
-11
-7
-5
-15
-15
-17
-13
-9
-9
-4
-4
-7
-8
-13
-4
-2
-8
-4
-1
-4
0
-1
-4
2
7
12
8
4
5
8
3
0
1
-3
-4
-1
1
0
0
1
-3
-1
0
-2
1
-2
-2
2
-4
-3
-6
-8
-6
-9
-13
-7
-2
-1
3
-1
1
3
-4
-2
-2
-3
5
2
3
8
12
15
7
7
8
7
10
6
7
7
7
9
10
6
3
-3
-6
-4
-7
-8
-7
-4
-2
-5
1
6
0
-2
2
2
-3
-7
-3
-4
-9
-4
-1
3
6
7
7
8
8
12
8
4
5
4
-4
-6
-8
-9
-7
-6
-4
-2
-1
-3
-6
-5
2
0
1
6
3
3
0
-2
-3
-6
-6
-8
-12
-5
-6
3
8
-2
4
7
3
6
2
-1
-4
-11
-6
-4
-11
-10
-9
-11
-12
-10
-6
-5
-7
1
0
-4
-1
0
0
0
-2
-4
0
2
4
7
6
8
11
10
12
10
14
13
8
10
10
8
7
6
5
4
0
7
14
16
18
15
14
12
7
3
-2
1
-1
1
-3
-5
-1
0
2
-3
-5
-8
-9
-5
-6
-11
-10
-10
-4
-5
-12
-13
-17
-18
-12
-10
-6
-9
-7
-6
-5
-5
-6
-8
-8
-7
-7
-4
-8
-10
-11
-11
-8
-3
-1
-2
2
4
6
3
5
9
9
5
4
6
6
6
3
11
8
3
7
8
4
4
7
5
9
10
10
6
7
9
5
8
10
13
12
15
15
9
8
6
3
6
6
0
-4
-8
-7
-10
-14
-15
-14
-12
-17
-11
-10
-10
-5
-10
-3
1
-4
-9
-4
-2
-4
-4
-2
-1
2
7
7
10
8
4
3
3
3
-5
-9
-6
-6
-9
-9
-12
-10
-8
-7
-12
-14
-9
-5
1
4
4
9
12
11
10
10
12
9
5
7
5
9
7
3
15
13
10
16
12
9
10
9
4
0
2
4
-2
-4
-2
-6
-11
-10
-9
-14
-10
-12
-18
-15
-15
-17
-16
-21
-13
-7
-11
-8
-5
1
3
0
0
3
5
9
11
8
8
5
4
6
3
5
4
5
9
5
3
6
3
1
0
-8
-6
-6
-7
-10
-8
0
2
-3
4
9
1
5
6
9
9
6
12
12
9
10
13
8
10
15
4
10
5
6
5
-7
4
5
-2
-2
-2
-8
-7
-4
-7
-8
-7
-2
-12
-15
-5
-10
-9
-10
-13
-9
-14
-14
-12
-8
-7
-13
-11
-12
-10
-8
-8
-6
-6
-5
-6
-4
4
7
1
0
-1
4
7
7
3
4
10
7
9
5
-2
4
11
10
10
10
3
3
3
5
8
9
14
15
13
14
14
16
17
16
8
11
12
9
9
2
7
0
-5
-3
-6
-5
-3
-2
-3
-1
-2
-5
-6
-4
-5
-8
-10
-10
-8
-10
-9
-10
-14
-10
-9
-14
-12
-13
-18
-12
-12
-13
-13
-15
-12
-13
-9
-5
-8
-5
-4
-6
0
-1
2
1
-4
-3
-4
-1
4
8
8
7
6
12
16
13
13
10
10
11
9
17
20
17
17
17
14
17
12
7
12
4
3
6
4
5
5
7
4
2
2
-1
-2
1
-5
-9
-10
-13
-7
-9
-10
-6
-5
-6
0
2
-2
4
2
0
-1
-5
-5
-9
-12
-12
-14
-18
-15
-7
-5
-4
-2
-2
-1
-3
-8
-9
-10
-9
-11
-8
-9
-12
-12
-10
-5
-2
-2
1
8
7
9
10
11
6
3
7
9
11
12
8
13
11
11
19
17
18
20
17
13
6
7
5
3
0
-3
3
3
0
-1
-2
-3
-2
-5
-6
-7
-12
-12
-10
-11
-9
-4
-6
-9
-3
-10
-10
-2
-8
-7
-5
0
2
8
14
10
12
10
5
-2
1
-1
-7
-2
-2
-2
-7
-6
-4
-3
3
1
-1
-1
-1
1
-3
-3
-3
-3
2
-4
-2
0
-1
7
5
4
5
4
6
4
2
1
1
3
-4
-10
-2
-1
-4
2
1
-1
0
-3
0
4
4
-7
-11
-9
-10
-9
-7
-10
-10
-9
-6
-4
-6
-1
4
5
3
-1
-1
-6
-3
7
3
8
8
11
16
12
12
7
13
13
5
11
9
5
6
4
5
9
9
9
9
12
7
6
3
3
4
0
6
5
-3
-8
-7
-7
-7
-4
-2
-2
-7
-11
-5
-8
-7
-6
-11
-10
-8
-13
-6
-7
-13
-11
-15
-12
-5
-3
-9
-7
-12
-9
-5
-11
-4
-4
-5
-7
-6
-1
-5
-7
-9
-5
3
0
0
1
2
1
-2
-1
1
-1
6
11
8
9
12
17
17
18
21
15
13
19
16
12
18
11
6
12
10
11
13
8
10
8
9
9
9
11
11
9
6
5
0
-3
-3
-7
-10
-8
-12
-14
-14
-12
-10
-12
-15
-9
-2
-7
-9
-8
-13
-15
-13
-16
-14
-14
-12
-8
-10
-7
-6
-7
-5
-10
-8
-5
-13
-9
-9
-10
-8
-8
-10
-12
-8
-8
0
-1
-3
2
0
4
5
6
11
12
14
15
12
17
14
17
25
18
16
18
19
20
18
18
15
18
19
19
18
14
9
1
4
4
-2
1
-1
0
6
3
-2
-1
2
-1
-5
-3
-2
-5
-5
-6
-6
-6
-11
-9
-5
-8
-14
-14
-14
-14
-21
-26
-13
-13
-20
-16
-18
-23
-19
-16
-15
-12
-12
-8
-2
-6
-7
1
0
-8
-9
-8
-5
-3
-1
4
5
6
5
2
6
12
11
9
8
6
10
12
8
10
15
15
15
14
13
18
18
14
17
18
15
22
16
12
15
14
16
12
14
7
3
4
1
-4
-1
2
-2
4
4
0
2
-2
-5
-5
-6
-9
-14
-13
-17
-20
-15
-18
-17
-22
-16
-17
-17
-13
-15
-11
-8
-12
-14
-14
-14
-15
-15
-9
-6
-6
-3
0
0
4
8
8
4
4
2
0
2
1
-1
0
1
0
-1
2
-2
-5
2
2
4
3
7
9
5
14
14
5
8
13
12
14
10
11
16
13
11
13
10
9
8
6
7
5
3
5
3
3
7
4
6
6
5
3
4
1
-2
0
-2
-7
-11
-8
-10
-7
-1
0
-7
-8
-10
-10
-6
-14
-16
-15
-12
-11
-12
-14
-10
-8
-5
-7
-5
1
-2
-1
-5
-11
-8
-8
-9
-8
0
-3
-2
2
-5
-2
2
2
8
6
7
9
9
6
5
7
6
4
8
11
1
4
7
6
7
6
9
5
7
3
1
7
3
4
-2
-4
4
1
1
0
2
6
5
-1
4
7
8
10
4
-1
-1
-5
-10
-12
-11
-13
-11
-9
-8
-1
1
0
-1
3
5
-2
-2
0
-6
-9
-7
-11
-8
-2
2
3
8
9
6
9
11
6
8
4
3
3
-6
-6
-7
-4
-7
-9
-8
-4
2
2
3
2
0
-1
0
-4
-7
-3
-4
-6
-7
-6
-2
-1
-5
-8
-6
2
-1
-4
2
7
6
1
5
0
-4
-2
-2
4
6
1
0
1
3
6
10
6
6
12
13
9
7
3
-2
-2
2
4
0
-3
1
5
3
3
11
11
9
10
11
8
5
3
0
-1
-2
-2
-5
-2
-3
1
3
-7
-7
-4
-3
-7
-1
-3
-6
-5
-5
-9
-11
-8
-8
-5
-5
-5
-1
-3
0
-1
-2
1
-5
-9
-8
-9
-6
-6
-8
-6
-9
-13
-6
-3
-4
-4
-6
-3
-5
-3
-1
-3
-1
-3
0
2
1
1
4
2
-2
3
10
8
6
13
16
12
16
14
12
13
10
9
13
9
6
12
13
16
15
17
18
17
17
13
6
2
-2
-8
-8
-10
-9
-5
-5
0
-4
-3
-4
-2
1
-3
-6
-11
-10
-8
-13
-16
-13
-9
-10
-9
-7
-12
-14
-10
-8
-10
-4
-13
-11
-4
-10
-13
-13
-16
-15
-10
-12
-11
-8
-8
-5
-3
4
6
5
5
8
10
5
8
11
8
14
15
14
12
11
13
11
9
7
6
4
7
9
11
8
5
4
8
7
3
7
3
-1
1
1
1
0
4
5
10
14
10
11
2
-2
-6
-7
-1
-4
-6
0
3
1
-2
-3
-5
0
-2
-2
-1
-1
-4
-4
-3
-5
-6
-10
-12
-9
-10
-11
-8
-12
-10
-4
-6
-7
-7
-5
-4
1
-3
-5
-7
-16
-12
-5
-8
-4
-4
-6
0
-3
-10
-6
-10
-10
-5
0
5
6
8
4
4
8
7
3
6
2
5
7
12
17
6
15
20
21
21
15
13
12
14
9
8
2
-4
2
2
2
2
-6
-7
-1
2
5
7
0
4
7
1
-1
2
-3
-8
-9
-9
-3
-6
-6
2
-1
-1
3
-1
-5
-2
-5
-1
-1
-14
-14
-5
-11
-11
-7
-4
-4
-8
-5
-6
-8
2
6
-1
0
0
0
-5
-5
-5
-6
-7
-9
-3
-2
-2
1
4
3
-3
-4
-5
-1
5
4
4
0
3
2
3
10
8
9
8
6
6
5
6
2
-1
-2
-2
-3
-2
-5
-8
-6
-3
1
-1
9
16
11
19
17
15
15
11
9
9
10
4
4
4
0
0
0
-3
0
0
-1
-10
-14
-10
-15
-18
-12
-10
-12
-9
-10
-4
1
-4
2
0
-2
-1
0
-3
-9
-8
-11
-11
-8
-8
0
-1
-5
-4
-2
-4
-6
1
-1
-3
-2
-1
5
8
5
3
4
5
2
9
14
6
10
10
7
11
10
12
8
4
6
6
5
6
8
6
6
4
4
8
5
5
4
0
-2
-8
-8
-5
1
-4
-7
-3
-4
-4
-4
-5
-8
-6
-6
-6
-6
-5
-7
-5
-2
-6
-3
-6
-9
-7
-8
-9
-4
-4
-6
-1
-4
-2
-5
-1
-2
-9
-8
-8
-8
-6
-6
-9
-6
-3
-1
4
6
9
12
11
8
7
11
15
9
8
12
11
15
11
12
8
6
10
7
9
10
7
1
-2
-4
-2
-2
-2
-4
-4
5
0
1
1
-5
-5
-7
-5
-1
0
-10
-10
-12
-4
4
-2
3
5
4
8
9
3
3
3
3
4
2
5
9
2
-6
-4
-3
-2
-5
-5
-4
-3
0
-5
-2
3
3
0
-7
-6
-6
-4
-8
-10
-9
-14
-9
-5
-3
-6
-9
-6
-11
-12
-13
-10
-4
-5
-12
-13
-7
-2
4
9
10
3
-2
0
5
8
6
0
10
8
5
8
7
9
6
4
9
12
10
14
17
13
14
12
16
18
12
12
8
6
3
-1
-3
-4
2
1
5
4
5
10
5
4
5
6
6
-4
-5
-2
-6
-3
-7
-9
-11
-12
-9
-3
-1
-5
-10
-9
-6
-5
-8
-15
-19
-21
-20
-15
-12
-12
-11
-5
-6
-4
0
-3
-4
-3
-5
-6
-2
-2
0
-1
-2
-1
-1
-1
2
7
5
2
3
6
2
1
7
2
0
4
8
2
1
5
2
2
-2
3
13
14
16
17
11
12
15
9
8
9
0
-2
-1
3
3
0
4
1
6
11
12
9
3
5
3
4
2
-2
-1
-6
-8
-4
-3
0
1
-2
-1
2
4
1
-5
-4
-3
-8
-13
-16
-12
-6
-5
-6
-7
-12
-14
-11
-9
-8
-5
-2
-6
-6
-8
-4
-6
-6
-5
-9
-2
-2
-1
5
3
1
2
3
3
7
3
-6
-1
-6
-7
2
2
0
5
5
3
2
8
10
6
7
7
6
7
7
5
4
0
-4
-3
1
5
5
4
3
4
6
8
5
3
6
8
4
4
9
8
0
-1
6
5
-1
4
3
1
0
0
1
-4
-5
0
1
-7
-7
-5
-9
-8
-5
-7
-3
-3
-4
-3
-8
-3
0
-2
-1
-7
-9
-7
-8
-8
-6
-6
-7
-6
-1
-6
-7
-3
-1
-1
-1
-4
-3
-2
-2
-7
1
4
-3
2
0
2
5
-3
-5
-8
-9
-9
-5
-2
5
10
8
9
12
18
14
7
14
13
9
13
14
17
17
13
13
4
9
5
-1
5
6
7
-1
-1
4
5
5
3
3
-5
-9
-7
-11
-8
-12
-9
-2
-5
1
0
-6
-5
-4
-9
-19
-14
-9
-9
-7
-10
-10
-7
-3
-3
-6
-1
-1
3
2
0
7
4
-6
-10
-8
-10
-8
-7
-9
-3
-4
-7
-10
-6
-1
-1
2
-2
0
2
0
3
6
2
0
2
3
4
0
-2
3
10
9
10
13
8
12
13
12
11
12
16
11
5
11
13
12
13
10
15
13
10
9
4
5
2
-4
-10
-7
-5
-2
-1
-1
3
2
-2
-2
-1
-3
-5
-5
-7
-14
-8
-11
-16
-12
-18
-8
-5
-6
-3
1
-1
0
-4
-8
-4
-14
-15
-12
-10
-17
-15
-9
-9
-4
-6
-6
-1
-1
-2
-4
-1
1
-2
0
0
1
3
-2
-1
0
1
2
5
8
4
8
7
15
21
12
18
14
8
5
1
1
-3
-2
5
5
10
9
12
12
10
16
13
16
17
10
5
0
3
2
-1
2
-3
-10
-11
-9
-7
-7
-5
0
1
-5
-1
-3
-6
-3
-8
-11
-10
-3
-2
-7
-8
1
-4
-8
-3
-9
-6
-6
-4
-2
-6
-13
-9
-5
-8
-4
-5
-4
-3
-1
-7
-6
-1
-4
0
-1
-7
-4
0
-2
-3
1
3
8
6
7
10
7
7
14
10
6
13
10
6
6
3
6
4
3
4
2
8
1
-2
-1
-3
2
8
10
2
4
6
-1
-1
-3
-1
-1
3
1
4
2
3
3
-4
1
0
-2
1
0
-3
-11
-9
-4
-10
-4
-1
-2
0
-4
-1
4
-2
1
9
2
-2
-3
-5
-6
-7
-9
-11
-10
-2
-4
-4
9
-3
-13
6
7
-6
-3
4
-3
-9
-7
-13
-1
14
-3
-3
9
7
-11
-13
15
3
-15
3
3
-5
-1
-3
4
8
-3
3
12
7
5
10
10
7
-1
3
11
2
2
3
3
2
-5
5
4
2
9
3
4
6
-4
-2
1
-7
-5
-2
-1
6
2
6
9
-6
3
5
-4
2
3
1
3
0
3
2
1
0
-2
0
-1
-4
-2
2
2
1
-2
-8
-10
-4
-5
-10
-8
-9
-11
-9
-6
-2
-2
1
-5
-3
-5
-8
-6
-11
-5
-2
-8
-4
-4
-5
-6
-6
0
8
9
7
6
3
3
1
1
-2
5
3
1
7
2
0
-2
5
5
13
14
13
19
16
13
12
11
2
5
7
4
5
5
1
-3
0
-4
-6
-1
-2
-2
-5
-7
-7
-6
-4
-5
-6
-7
-12
-9
-4
-8
-11
-9
-6
-6
-6
-8
-5
-5
-9
-8
-6
-5
-9
-3
1
0
2
5
6
10
9
4
9
8
7
8
4
5
8
7
5
2
7
9
5
4
7
10
9
6
8
11
4
3
5
2
4
1
0
-4
-11
-10
-10
-9
-9
-9
-5
-4
-1
6
3
-2
-4
-7
-13
-16
-9
-13
-11
-4
-9
-8
-6
-1
1
-1
0
-3
0
2
-9
-2
3
-5
-6
-11
-7
0
0
7
11
12
10
11
14
12
10
6
0
7
5
4
5
1
5
7
5
6
4
1
4
7
-1
2
6
0
-1
-3
-1
-6
-5
-1
-4
-4
-7
-5
-1
4
8
7
4
0
-4
-3
-3
-5
-8
-10
-7
-3
-2
-4
-3
-4
-5
-1
-2
4
5
0
2
-3
-2
-3
-9
0
2
-3
1
0
4
4
3
8
6
8
7
4
2
2
-2
-2
3
5
2
2
0
-3
7
7
3
4
2
1
-2
1
1
-3
-7
-7
-1
-2
1
5
0
0
5
7
4
4
6
4
-1
-5
-2
-4
-10
-7
-13
-14
-14
-14
-10
-8
-3
-2
-2
-5
-2
-3
-7
-7
-6
-7
-9
-1
-1
1
5
0
4
0
-2
3
-1
3
5
1
8
3
3
4
0
1
5
9
7
9
8
9
12
14
10
6
9
11
9
10
15
12
6
3
3
3
-1
3
8
5
2
4
4
3
0
-3
-4
-1
2
-2
-4
2
-1
-3
1
-6
-10
-8
-13
-13
-9
-8
-7
-5
-7
-11
-10
-11
-13
-12
-13
-10
-9
-13
-9
-10
-6
-10
-9
-6
-10
-11
-9
-4
-3
-1
2
6
4
6
-1
-4
-1
-4
2
6
5
8
9
5
9
17
14
16
18
14
17
13
11
17
11
8
5
1
4
2
2
-1
1
3
2
8
7
6
2
4
1
-5
-2
-6
-7
2
3
-1
-2
-1
4
6
4
2
2
0
-12
-15
-14
-11
-11
-13
-14
-13
-10
-11
-7
-6
-2
2
-3
-2
-3
-2
0
0
3
-1
-4
0
-3
-3
1
-2
5
7
7
12
9
3
10
12
5
6
2
1
2
5
2
-2
-5
-9
0
1
-1
-3
-2
2
0
6
5
-1
1
0
-4
-6
-14
-13
-7
-12
-7
-8
-3
2
-7
-5
-1
-5
-3
-3
-2
1
-6
2
7
-1
4
6
3
6
5
4
10
9
4
5
2
0
-1
-1
2
-1
6
9
8
8
3
3
3
-3
0
4
-4
1
2
5
8
3
4
-1
-1
7
0
-3
-2
-2
-2
-4
1
2
2
6
7
3
3
0
-3
-2
-9
-9
-4
-7
-12
-14
-7
-3
-5
-2
-3
0
3
-2
-1
-1
1
-4
-9
0
3
-1
-2
-2
3
5
8
6
7
3
5
4
-3
1
-6
-9
-3
-1
-1
-6
0
2
-4
-4
-5
-5
-13
-11
-3
-1
1
-3
1
0
3
6
0
6
9
8
14
11
9
14
11
11
6
7
5
-3
-2
-3
-5
-1
-2
-6
-6
-7
-9
-11
-5
-4
-10
-3
-4
-3
-3
-2
0
-1
-1
-2
0
-2
-5
-4
0
-1
3
-4
-1
6
0
2
-2
-8
-1
-3
-1
8
4
2
6
3
1
2
6
7
11
15
7
12
17
12
11
10
13
13
12
15
13
7
3
3
1
-3
-2
-2
-1
4
3
0
4
0
-5
-10
-9
-9
-17
-18
-16
-15
-16
-16
-16
-17
-19
-15
-17
-16
-8
-9
-14
-16
-10
-10
-16
-16
-4
-7
-6
-6
-7
4
0
7
8
3
7
11
8
4
6
7
5
5
8
8
6
4
1
-1
2
7
12
13
16
18
15
14
10
9
8
5
2
8
10
10
11
9
17
14
10
13
12
12
10
6
7
6
1
3
-4
-5
-2
-4
-4
-6
-3
-4
-4
-4
-8
-7
0
-3
-6
-5
-9
-7
-8
-4
3
7
6
4
0
0
-1
-2
-2
-1
1
-4
-3
-3
-9
-13
-15
-13
-16
-22
-21
-21
-22
-20
-22
-18
-16
-16
-17
-19
-18
-26
-27
-18
-14
-18
-16
-9
-11
-7
-5
-2
5
7
8
12
13
10
8
1
5
6
9
14
16
14
12
17
16
20
20
21
26
26
25
25
27
30
26
25
30
35
36
37
37
31
29
30
27
27
24
23
15
12
11
2
1
-1
-6
-10
-14
-22
-24
-23
-23
-20
-19
-21
-21
-18
-21
-28
-27
-29
-34
-28
-29
-31
-24
-20
-15
-10
-2
1
2
3
3
1
-1
1
4
3
0
-3
-8
-18
-22
-17
-17
-18
-20
-31
-27
-24
-27
-22
-21
-20
-25
-29
-29
-29
-32
-34
-36
-39
-37
-33
-27
-25
-25
-14
-11
-3
9
17
20
24
36
36
38
46
43
48
52
53
58
62
63
67
66
62
67
64
64
64
52
50
48
47
44
37
41
38
36
40
34
35
39
40
44
43
38
32
25
12
0
-14
-25
-36
-53
-59
-68
-74
-69
-67
-71
-59
-119
-153
-130
-151
-143
-183
-255
-254
-268
-266
-271
-329
-320
-290
-246
-191
-164
-111
-46
18
70
115
166
174
180
178
167
182
166
149
149
144
168
173
160
134
83
26
-70
-180
-306
-420
-537
-715
-805
-834
-840
-792
-774
-651
-445
-258
-40
192
465
706
914
1110
1300
1560
1743
1874
2005
2100
2312
2471
2484
2500
2432
2405
2368
2108
1787
1442
1065
670
198
-286
-709
-1061
-1432
-1673
-1789
-1827
-1747
-1608
-1381
-1150
-920
-680
-477
-314
-223
-180
-146
-160
-203
-249
-286
-290
-303
-319
-332
-362
-409
-501
-633
-812
-1051
-1321
-1616
-1919
-2202
-2445
-2630
-2738
-2757
-2671
-2492
-2245
-1924
-1563
-1177
-801
-453
-115
187
431
617
785
954
1114
1257
1400
1563
1739
1914
2064
2205
2328
2411
2447
2432
2373
2271
2138
1973
1753
1491
1255
1014
713
370
38
-255
-586
-997
-1390
-1667
-1904
-2197
-2449
-2531
-2468
-2390
-2316
-2115
-1742
-1349
-1018
-678
-230
247
624
930
1268
1644
1951
2149
2292
2460
2606
2623
2536
2436
2339
2170
1876
1541
1261
973
596
176
-166
-423
-712
-1049
-1302
-1430
-1519
-1637
-1720
-1673
-1569
-1503
-1456
-1338
-1154
-1007
-928
-830
-665
-502
-394
-305
-166
19
145
217
306
385
406
333
180
18
-205
-514
-853
-1217
-1567
-1880
-2185
-2427
-2574
-2638
-2612
-2507
-2297
-1972
-1607
-1197
-721
-223
271
729
1158
1583
1944
2229
2482
2705
2881
2992
3070
3151
3183
3149
3094
3031
2941
2782
2586
2402
2201
1955
1690
1426
1179
931
661
377
95
-164
-425
-730
-1063
-1372
-1645
-1944
-2289
-2615
-2857
-3048
-3261
-3455
-3537
-3489
-3403
-3334
-3195
-2905
-2546
-2208
-1888
-1486
-987
-526
-155
201
621
1030
1317
1502
1703
1928
2055
2042
1993
2010
2025
1909
1705
1576
1536
1431
1184
957
887
848
664
406
321
370
301
91
-32
37
80
-59
-209
-181
-92
-136
-269
-276
-145
-71
-105
-106
29
184
225
215
253
325
312
170
6
-138
-338
-643
-1017
-1356
-1646
-1958
-2283
-2510
-2608
-2608
-2571
-2459
-2183
-1797
-1387
-986
-536
-11
470
838
1159
1496
1786
1952
2047
2143
2239
2277
2246
2224
2240
2248
2200
2120
2074
2023
1911
1732
1547
1389
1213
957
686
501
351
149
-96
-281
-389
-572
-861
-1153
-1403
-1672
-2075
-2513
-2856
-3141
-3425
-3728
-3922
-3930
-3860
-3761
-3595
-3286
-2846
-2418
-2022
-1581
-1061
-530
-108
275
711
1151
1510
1780
2088
2410
2654
2804
2899
3015
3069
3007
2900
2767
2636
2425
2136
1887
1682
1490
1257
1059
938
817
672
525
440
382
259
91
-44
-144
-271
-437
-563
-630
-661
-678
-651
-548
-419
-282
-157
-20
114
179
178
105
-45
-266
-552
-874
-1218
-1594
-1980
-2346
-2654
-2890
-3068
-3163
-3155
-3057
-2890
-2666
-2371
-1962
-1503
-1074
-649
-211
241
657
1018
1393
1764
2065
2287
2470
2650
2804
2901
2948
2955
2897
2776
2623
2469
2298
2079
1852
1641
1415
1163
928
770
654
486
255
44
-134
-369
-716
-1079
-1408
-1775
-2254
-2794
-3231
-3538
-3834
-4134
-4313
-4299
-4175
-4038
-3822
-3423
-2883
-2355
-1900
-1417
-832
-231
271
710
1185
1690
2118
2431
2740
3098
3415
3610
3683
3723
3748
3677
3469
3194
2909
2611
2237
1814
1466
1216
1003
767
556
442
411
345
214
111
44
-92
-349
-628
-823
-972
-1179
-1403
-1504
-1482
-1426
-1359
-1211
-972
-733
-565
-456
-351
-281
-335
-516
-775
-1064
-1393
-1801
-2203
-2529
-2812
-3049
-3212
-3271
-3176
-2991
-2755
-2434
-2069
-1654
-1191
-748
-297
165
612
1043
1421
1781
2174
2531
2820
3069
3266
3448
3557
3557
3529
3433
3251
3007
2707
2432
2136
1777
1466
1225
1024
839
654
582
593
511
364
241
163
14
-378
-839
-1193
-1594
-2148
-2794
-3307
-3567
-3854
-4230
-4412
-4326
-4075
-3886
-3786
-3435
-2901
-2467
-2141
-1855
-1373
-769
-405
-104
357
923
1509
1863
2156
2675
3106
3336
3402
3400
3514
3428
3055
2702
2411
2144
1749
1248
1010
935
777
596
528
706
856
767
708
773
792
579
186
-73
-248
-593
-1020
-1299
-1357
-1361
-1431
-1391
-1124
-794
-551
-380
-150
105
174
50
-114
-274
-529
-935
-1385
-1735
-2036
-2374
-2666
-2822
-2856
-2845
-2790
-2636
-2383
-2085
-1776
-1444
-1096
-714
-319
57
424
811
1213
1606
1966
2295
2613
2898
3112
3257
3343
3364
3320
3203
3034
2812
2541
2277
2003
1704
1411
1158
963
773
576
436
378
312
174
16
-115
-254
-503
-886
-1275
-1630
-2040
-2551
-3071
-3432
-3655
-3905
-4175
-4242
-4052
-3825
-3669
-3413
-2953
-2431
-2022
-1728
-1337
-808
-380
-108
194
609
1099
1470
1677
1998
2425
2708
2848
2940
3052
3145
3047
2781
2510
2288
2060
1752
1453
1228
1056
948
725
491
548
616
515
467
368
264
247
-67
-366
-330
-479
-667
-684
-846
-800
-586
-663
-485
-87
19
235
399
307
451
410
33
-80
-339
-812
-1129
-1654
-2098
-2251
-2617
-2862
-2823
-2871
-2771
-2556
-2410
-2018
-1575
-1286
-873
-461
-135
270
573
834
1239
1529
1712
1977
2172
2357
2590
2667
2759
2929
2897
2822
2768
2564
2407
2228
1870
1577
1315
991
743
464
182
63
-107
-392
-592
-718
-858
-1107
-1483
-1788
-2017
-2399
-2901
-3282
-3459
-3609
-3875
-4115
-4083
-3823
-3641
-3521
-3192
-2661
-2128
-1790
-1531
-999
-366
31
315
691
1226
1731
1949
2161
2625
3066
3269
3297
3363
3539
3539
3241
2932
2745
2513
2104
1584
1231
1090
889
602
466
560
719
726
683
825
1017
999
822
682
598
415
57
-230
-325
-422
-564
-620
-547
-399
-283
-197
-45
101
121
5
-184
-402
-709
-1141
-1625
-2070
-2482
-2908
-3302
-3581
-3711
-3742
-3708
-3565
-3309
-2957
-2551
-2134
-1690
-1206
-734
-309
71
431
793
1130
1390
1623
1898
2145
2318
2467
2637
2796
2854
2819
2814
2802
2646
2402
2184
1970
1674
1298
959
736
512
216
8
-41
-52
-118
-244
-273
-181
-249
-526
-769
-904
-1097
-1490
-1967
-2211
-2287
-2540
-2868
-2963
-2807
-2628
-2606
-2541
-2221
-1824
-1573
-1421
-1182
-779
-376
-154
26
383
864
1234
1430
1696
2119
2474
2600
2597
2680
2798
2702
2435
2182
1984
1822
1601
1289
1082
1048
1050
953
814
874
1044
1000
808
721
718
566
213
-40
-152
-358
-623
-792
-834
-820
-795
-723
-610
-465
-298
-250
-295
-273
-292
-425
-725
-1118
-1345
-1635
-2179
-2543
-2749
-3048
-3211
-3380
-3521
-3327
-3171
-3085
-2755
-2452
-2109
-1572
-1269
-960
-320
145
459
910
1297
1703
2111
2286
2579
2891
2946
3103
3226
3156
3185
3157
2981
2857
2660
2458
2274
1940
1640
1420
1117
859
643
389
257
190
58
-89
-176
-162
-135
-334
-600
-662
-758
-1115
-1567
-1891
-2073
-2338
-2808
-3166
-3260
-3267
-3360
-3479
-3399
-3075
-2781
-2614
-2355
-1871
-1326
-927
-580
-116
460
949
1250
1564
1980
2306
2470
2517
2576
2692
2654
2480
2352
2269
2188
2032
1848
1780
1741
1658
1575
1509
1481
1431
1301
1123
960
801
528
173
-130
-376
-631
-941
-1211
-1289
-1284
-1335
-1323
-1190
-991
-811
-697
-588
-464
-413
-468
-576
-742
-947
-1179
-1464
-1767
-2001
-2191
-2360
-2458
-2482
-2444
-2351
-2214
-2020
-1806
-1601
-1325
-1026
-776
-514
-183
165
464
765
1126
1480
1753
2027
2323
2558
2715
2851
2980
3033
2998
2956
2877
2707
2467
2213
1962
1656
1321
1027
780
571
386
228
133
147
186
145
86
120
185
64
-268
-545
-711
-1077
-1704
-2287
-2653
-2987
-3515
-4051
-4280
-4246
-4229
-4313
-4224
-3813
-3297
-2930
-2669
-2196
-1485
-918
-602
-231
356
980
1346
1533
1930
2431
2709
2794
2887
3121
3280
3170
3037
3019
2985
2824
2565
2382
2274
2090
1862
1653
1520
1446
1291
1086
937
867
756
498
251
103
-54
-311
-607
-735
-785
-940
-1055
-1057
-967
-848
-824
-738
-559
-498
-456
-483
-609
-676
-885
-1203
-1495
-1839
-2090
-2360
-2696
-2808
-2844
-2869
-2785
-2673
-2402
-2100
-1915
-1613
-1289
-1023
-706
-459
-157
195
461
800
1148
1470
1860
2205
2535
2807
3003
3222
3279
3230
3120
2893
2680
2325
1860
1533
1166
792
513
183
53
10
-147
-154
-105
-14
114
25
-1
104
30
-186
-512
-763
-930
-1362
-1893
-2280
-2507
-2691
-3107
-3407
-3364
-3258
-3174
-3219
-3078
-2575
-2255
-2084
-1832
-1456
-866
-535
-407
35
553
1000
1305
1503
1995
2479
2669
2823
3003
3257
3402
3238
3134
3142
3033
2793
2452
2264
2151
1885
1628
1440
1382
1326
1103
984
913
777
593
249
-15
-258
-632
-948
-1286
-1509
-1603
-1769
-1785
-1678
-1532
-1264
-1104
-904
-605
-467
-365
-386
-525
-603
-852
-1213
-1549
-1930
-2204
-2505
-2841
-2982
-3063
-3056
-2998
-2934
-2688
-2408
-2155
-1826
-1486
-1100
-706
-351
98
542
955
1401
1819
2263
2661
2964
3278
3521
3671
3719
3658
3606
3463
3169
2851
2531
2240
1904
1465
1128
889
650
438
190
31
5
-61
-100
-198
-342
-320
-386
-597
-880
-1247
-1426
-1685
-2235
-2689
-3030
-3195
-3364
-3766
-3861
-3689
-3525
-3364
-3300
-2943
-2393
-2092
-1808
-1479
-1007
-439
-196
61
572
1073
1551
1839
2163
2772
3187
3390
3577
3748
4011
4000
3703
3607
3496
3255
2900
2445
2277
2111
1705
1386
1153
1051
907
497
246
146
-74
-370
-774
-1030
-1118
-1410
-1699
-1852
-1897
-1803
-1855
-1860
-1602
-1388
-1185
-1044
-931
-646
-573
-673
-713
-841
-969
-1260
-1682
-1920
-2197
-2525
-2810
-3071
-3106
-3111
-3157
-3048
-2833
-2498
-2164
-1856
-1414
-922
-436
33
471
994
1507
1937
2352
2730
3139
3474
3676
3875
4030
4121
4114
3993
3885
3718
3431
3089
2713
2353
1929
1437
999
569
162
-224
-577
-856
-1090
-1272
-1345
-1370
-1425
-1429
-1371
-1283
-1252
-1356
-1403
-1394
-1497
-1703
-1965
-2107
-2156
-2365
-2612
-2740
-2737
-2641
-2661
-2670
-2460
-2182
-1917
-1718
-1488
-1043
-593
-277
25
409
916
1381
1669
1995
2422
2787
3035
3178
3340
3533
3552
3428
3310
3201
3061
2785
2446
2212
1988
1678
1346
1061
853
590
203
-128
-375
-635
-951
-1308
-1557
-1705
-1878
-2033
-2097
-2026
-1864
-1758
-1638
-1407
-1128
-863
-712
-630
-518
-439
-474
-611
-779
-940
-1119
-1385
-1691
-1928
-2099
-2277
-2464
-2599
-2609
-2548
-2478
-2328
-2075
-1731
-1348
-939
-440
101
635
1154
1690
2249
2725
3129
3532
3889
4164
4308
4371
4425
4376
4191
3926
3627
3322
2905
2424
1961
1492
1013
485
-31
-498
-963
-1393
-1758
-2085
-2357
-2547
-2601
-2574
-2555
-2464
-2261
-1995
-1789
-1689
-1549
-1359
-1289
-1397
-1552
-1601
-1648
-1869
-2136
-2239
-2206
-2207
-2307
-2284
-2033
-1751
-1566
-1399
-1076
-588
-198
51
383
860
1370
1721
1965
2355
2814
3144
3303
3404
3618
3795
3746
3578
3436
3353
3189
2843
2494
2265
2031
1723
1354
1056
870
619
285
-16
-252
-467
-762
-1105
-1366
-1570
-1787
-2038
-2222
-2271
-2265
-2287
-2257
-2099
-1882
-1708
-1580
-1415
-1211
-1095
-1114
-1172
-1231
-1317
-1525
-1812
-2032
-2189
-2375
-2577
-2691
-2661
-2544
-2412
-2219
-1880
-1451
-1007
-550
-56
490
1029
1504
1975
2427
2847
3240
3549
3815
4050
4221
4333
4354
4291
4194
4016
3736
3388
2970
2514
2006
1444
869
288
-265
-781
-1272
-1698
-2021
-2250
-2395
-2457
-2400
-2227
-2031
-1823
-1544
-1221
-973
-852
-774
-675
-655
-833
-1118
-1304
-1409
-1627
-1981
-2205
-2167
-2087
-2159
-2225
-2054
-1717
-1527
-1487
-1314
-931
-563
-396
-236
156
656
1023
1266
1616
2142
2563
2756
2914
3165
3378
3329
3111
3001
2952
2717
2305
1972
1838
1675
1296
934
812
766
522
145
-63
-107
-296
-695
-1039
-1180
-1304
-1612
-1943
-2075
-2053
-2078
-2176
-2153
-1936
-1672
-1508
-1374
-1124
-831
-682
-669
-659
-625
-686
-910
-1167
-1359
-1540
-1765
-1989
-2108
-2086
-2015
-1919
-1713
-1363
-935
-523
-96
409
949
1428
1823
2206
2594
2927
3163
3340
3505
3641
3712
3710
3668
3607
3493
3290
3021
2713
2364
1955
1464
944
455
-55
-610
-1149
-1594
-1948
-2298
-2608
-2762
-2738
-2681
-2614
-2407
-2037
-1643
-1343
-1063
-661
-255
-78
-58
-15
52
-42
-381
-750
-950
-1177
-1598
-2034
-2281
-2356
-2467
-2689
-2766
-2581
-2348
-2227
-2102
-1763
-1273
-867
-539
-123
452
1049
1462
1837
2330
2800
3117
3294
3447
3638
3706
3583
3446
3399
3297
3041
2763
2620
2519
2265
1928
1716
1585
1323
907
487
211
-60
-542
-1076
-1423
-1703
-2030
-2338
-2660
-2753
-2630
-2713
-2744
-2502
-2291
-2024
-1735
-1653
-1374
-969
-930
-875
-704
-723
-710
-731
-974
-994
-907
-1098
-1142
-1014
-1000
-832
-652
-607
-270
28
106
392
642
832
1112
1232
1411
1758
1911
2035
2259
2417
2608
2674
2571
2603
2557
2302
2044
1725
1398
1127
685
230
-6
-344
-746
-993
-1193
-1336
-1419
-1570
-1579
-1355
-1274
-1234
-928
-574
-324
-103
77
373
679
649
500
491
377
11
-470
-896
-1245
-1636
-2200
-2694
-2847
-2970
-3228
-3305
-3195
-2976
-2702
-2564
-2253
-1658
-1199
-847
-349
219
796
1310
1686
2143
2713
3035
3197
3447
3627
3735
3751
3565
3468
3462
3216
2927
2756
2548
2321
2072
1709
1425
1198
787
365
-5
-463
-857
-1234
-1695
-2017
-2256
-2518
-2683
-2768
-2782
-2660
-2537
-2414
-2143
-1853
-1587
-1285
-1036
-789
-539
-393
-279
-197
-203
-227
-306
-448
-554
-671
-799
-902
-1002
-1066
-1057
-1001
-942
-839
-668
-464
-226
21
265
578
897
1140
1382
1639
1864
2069
2193
2244
2314
2344
2303
2225
2100
1962
1812
1601
1340
1077
845
605
309
6
-244
-441
-605
-785
-946
-980
-922
-854
-777
-631
-377
-69
152
295
509
744
839
752
576
427
219
-213
-761
-1227
-1637
-2121
-2691
-3157
-3391
-3551
-3752
-3860
-3730
-3427
-3148
-2889
-2481
-1899
-1315
-859
-405
186
819
1313
1678
2089
2585
2986
3207
3366
3596
3821
3855
3749
3674
3630
3498
3181
2806
2533
2241
1803
1284
815
441
23
-521
-1006
-1346
-1656
-2004
-2340
-2528
-2588
-2643
-2678
-2612
-2406
-2140
-1888
-1589
-1222
-826
-432
-110
192
502
728
869
941
931
888
771
560
333
87
-175
-442
-696
-922
-1094
-1205
-1311
-1349
-1306
-1228
-1109
-968
-787
-556
-327
-117
118
396
672
905
1125
1377
1637
1850
1987
2119
2246
2290
2257
2189
2077
1914
1719
1454
1191
945
652
383
126
-117
-315
-514
-665
-732
-794
-842
-805
-705
-622
-563
-499
-391
-324
-453
-656
-788
-997
-1405
-1897
-2289
-2579
-2908
-3318
-3590
-3551
-3439
-3390
-3253
-2932
-2433
-1954
-1621
-1198
-586
-10
413
799
1289
1875
2333
2595
2945
3421
3749
3869
3916
4044
4165
3995
3654
3421
3251
2923
2391
1913
1668
1431
944
425
194
75
-293
-824
-1116
-1164
-1398
-1895
-2203
-2189
-2201
-2389
-2498
-2341
-2067
-1867
-1707
-1419
-1009
-620
-347
-160
89
398
542
462
379
411
371
101
-213
-384
-523
-796
-1118
-1319
-1422
-1526
-1675
-1826
-1839
-1688
-1570
-1562
-1435
-1040
-649
-472
-208
354
902
1206
1501
2007
2483
2700
2850
3065
3219
3189
3050
2922
2775
2558
2279
1952
1621
1342
1078
760
405
141
-55
-302
-581
-799
-908
-1002
-1139
-1246
-1274
-1227
-1184
-1198
-1215
-1148
-1046
-1094
-1259
-1359
-1382
-1537
-1888
-2202
-2337
-2468
-2760
-3015
-3008
-2855
-2761
-2697
-2431
-1952
-1496
-1138
-738
-189
381
815
1160
1555
1994
2340
2545
2704
2927
3146
3231
3207
3199
3243
3215
3032
2789
2594
2391
2061
1637
1248
917
549
121
-271
-573
-833
-1089
-1319
-1455
-1514
-1534
-1555
-1544
-1444
-1307
-1192
-1084
-919
-708
-532
-380
-183
32
200
339
468
566
606
594
526
373
161
-71
-350
-708
-1055
-1344
-1624
-1899
-2105
-2190
-2190
-2164
-2073
-1852
-1555
-1260
-942
-574
-164
228
577
932
1298
1626
1913
2163
2388
2600
2752
2830
2861
2865
2800
2631
2399
2154
1871
1497
1050
648
302
-96
-523
-864
-1090
-1285
-1504
-1682
-1743
-1737
-1751
-1800
-1804
-1709
-1602
-1551
-1539
-1457
-1270
-1141
-1129
-1113
-1002
-887
-925
-1050
-1107
-1090
-1137
-1303
-1431
-1393
-1284
-1220
-1175
-996
-652
-310
-47
232
614
1050
1375
1578
1810
2090
2301
2373
2373
2412
2487
2475
2360
2243
2192
2161
2037
1858
1744
1686
1568
1335
1062
839
610
289
-92
-421
-688
-972
-1283
-1539
-1663
-1685
-1691
-1643
-1493
-1296
-1117
-969
-803
-611
-460
-350
-297
-272
-238
-259
-340
-400
-401
-401
-446
-533
-597
-620
-697
-847
-964
-1052
-1175
-1332
-1508
-1580
-1565
-1579
-1491
-1288
-1019
-669
-318
84
573
1013
1423
1812
2126
2391
2577
2683
2766
2773
2691
2593
2474
2301
2096
1852
1607
1397
1123
799
504
228
-63
-388
-714
-998
-1210
-1433
-1670
-1793
-1827
-1845
-1822
-1780
-1691
-1510
-1386
-1301
-1133
-1000
-884
-767
-787
-792
-747
-840
-929
-1004
-1142
-1153
-1194
-1310
-1281
-1229
-1134
-956
-817
-553
-199
70
351
638
887
1140
1292
1372
1533
1656
1684
1723
1739
1799
1909
1848
1821
1971
2014
2039
2028
1897
1874
1719
1320
1063
785
403
102
-326
-647
-737
-1003
-1215
-1204
-1223
-1108
-945
-956
-773
-521
-528
-468
-420
-470
-361
-410
-597
-511
-473
-543
-502
-561
-532
-393
-522
-611
-556
-684
-807
-927
-1171
-1262
-1339
-1530
-1569
-1533
-1472
-1265
-1081
-862
-460
-100
203
579
948
1268
1530
1735
1933
2089
2147
2177
2250
2245
2172
2155
2107
2004
1869
1708
1540
1307
997
707
411
66
-253
-539
-792
-1003
-1161
-1274
-1389
-1461
-1469
-1483
-1521
-1545
-1500
-1451
-1462
-1416
-1300
-1207
-1128
-1025
-889
-769
-736
-687
-607
-635
-707
-752
-795
-851
-930
-985
-971
-906
-803
-690
-535
-310
-61
168
333
542
832
1020
1105
1228
1409
1585
1647
1666
1778
1902
1937
1897
1876
1902
1876
1736
1572
1456
1357
1205
966
760
639
516
306
71
-64
-132
-267
-485
-596
-592
-630
-720
-763
-705
-630
-635
-651
-603
-560
-565
-613
-669
-690
-714
-774
-848
-888
-885
-896
-938
-982
-987
-988
-1050
-1125
-1156
-1170
-1195
-1232
-1217
-1109
-977
-847
-676
-438
-148
125
369
618
880
1109
1260
1365
1468
1573
1622
1595
1568
1578
1569
1502
1399
1309
1227
1101
939
751
574
409
202
-12
-195
-333
-465
-611
-728
-788
-809
-849
-894
-879
-843
-815
-789
-742
-660
-600
-565
-502
-426
-354
-311
-304
-282
-269
-306
-378
-464
-528
-583
-673
-758
-787
-758
-697
-642
-549
-377
-195
-44
102
263
431
565
640
699
777
833
849
849
851
896
926
918
938
984
1032
1056
1038
1030
1023
955
833
699
571
442
258
41
-113
-218
-328
-440
-511
-492
-435
-418
-401
-331
-256
-217
-229
-261
-269
-293
-383
-488
-545
-579
-608
-650
-658
-597
-545
-527
-512
-497
-490
-511
-576
-639
-674
-713
-764
-781
-737
-644
-545
-427
-246
-35
173
354
527
714
863
951
1017
1086
1131
1131
1109
1085
1079
1066
1018
963
917
865
788
676
555
439
303
144
-20
-161
-275
-387
-496
-573
-623
-660
-686
-713
-726
-708
-703
-708
-694
-664
-622
-594
-587
-549
-484
-459
-460
-442
-419
-396
-410
-453
-458
-453
-470
-490
-494
-459
-393
-348
-304
-213
-103
-10
57
134
234
326
393
440
504
595
664
701
747
815
881
907
915
953
1006
1025
1008
1015
1050
1057
999
923
872
802
674
503
357
241
95
-71
-182
-230
-269
-319
-346
-334
-321
-346
-409
-465
-525
-612
-728
-839
-897
-933
-962
-983
-964
-894
-823
-767
-719
-661
-608
-577
-574
-576
-560
-552
-560
-557
-517
-455
-386
-303
-187
-40
117
277
436
610
779
925
1045
1140
1202
1223
1210
1168
1110
1021
919
821
716
621
532
446
362
273
192
99
3
-86
-201
-294
-373
-467
-521
-572
-615
-626
-655
-643
-618
-617
-578
-561
-523
-457
-445
-411
-351
-320
-272
-253
-250
-214
-221
-234
-228
-257
-251
-255
-302
-290
-271
-273
-250
-237
-198
-125
-71
-9
76
166
262
331
397
484
560
616
649
680
715
733
733
736
739
744
745
743
759
773
780
779
777
784
757
717
647
569
491
368
219
70
-70
-224
-372
-511
-626
-712
-810
-887
-933
-969
-995
-1021
-1049
-1050
-1051
-1039
-1023
-1018
-976
-928
-866
-784
-705
-616
-515
-411
-305
-209
-123
-34
31
92
144
185
227
263
328
397
463
554
666
786
900
1023
1144
1241
1297
1327
1329
1288
1210
1086
943
773
572
377
196
19
-142
-275
-391
-463
-527
-578
-588
-613
-631
-639
-647
-655
-682
-713
-719
-735
-745
-724
-697
-641
-581
-515
-422
-333
-256
-199
-148
-117
-126
-166
-221
-283
-368
-451
-533
-592
-616
-612
-567
-488
-376
-237
-66
117
291
460
619
758
842
897
949
986
994
983
980
1014
1054
1056
1073
1132
1209
1246
1229
1257
1300
1258
1151
1058
994
854
609
385
235
65
-192
-436
-569
-674
-831
-983
-1072
-1108
-1152
-1246
-1319
-1357
-1404
-1435
-1473
-1504
-1490
-1450
-1381
-1308
-1206
-1047
-897
-754
-581
-393
-221
-95
8
123
214
268
293
307
337
365
368
378
440
536
601
654
768
922
1039
1096
1175
1279
1319
1312
1270
1198
1106
972
815
650
477
316
159
10
-113
-196
-279
-359
-394
-420
-448
-467
-470
-481
-510
-533
-535
-546
-584
-598
-598
-599
-606
-582
-540
-522
-491
-431
-373
-351
-322
-268
-245
-264
-280
-276
-298
-354
-376
-376
-390
-398
-381
-327
-268
-202
-113
-17
82
189
285
364
436
499
558
603
639
682
716
737
761
788
823
838
852
885
895
894
889
865
829
753
667
591
456
321
204
60
-77
-227
-357
-446
-564
-652
-708
-790
-834
-890
-936
-946
-993
-1001
-988
-996
-956
-901
-827
-717
-621
-472
-311
-189
-25
114
226
328
379
441
467
439
432
396
357
341
300
308
333
347
411
450
494
572
606
641
656
638
619
542
459
387
266
163
63
-40
-110
-195
-255
-282
-328
-343
-349
-368
-371
-389
-404
-408
-437
-449
-463
-490
-486
-495
-492
-481
-473
-441
-420
-399
-362
-344
-323
-301
-293
-272
-264
-248
-224
-218
-211
-188
-169
-141
-114
-97
-62
-33
0
40
72
115
167
215
277
354
429
507
586
663
737
798
852
883
897
902
889
868
843
803
768
750
738
729
707
678
656
616
555
463
350
219
59
-99
-264
-424
-568
-701
-804
-880
-911
-915
-913
-897
-885
-858
-819
-797
-776
-760
-743
-701
-662
-614
-549
-471
-379
-283
-188
-98
-15
53
105
140
164
174
174
163
156
150
147
160
177
197
237
278
310
350
379
399
411
413
410
389
356
321
282
239
193
148
121
98
80
70
64
62
59
58
57
51
39
19
-2
-34
-73
-108
-145
-186
-210
-221
-226
-226
-214
-200
-191
-181
-178
-181
-197
-222
-247
-269
-291
-307
-304
-296
-262
-219
-175
-112
-58
-9
45
81
109
146
169
181
194
204
213
221
231
245
273
293
300
297
292
284
257
238
212
179
154
131
124
120
124
136
145
148
144
134
106
67
14
-50
-116
-189
-264
-332
-398
-439
-457
-461
-449
-428
-395
-356
-312
-263
-223
-184
-148
-116
-95
-71
-39
-13
21
57
87
121
159
194
230
264
295
306
308
309
298
289
269
250
229
200
189
182
173
169
170
162
145
129
101
76
51
12
-34
-78
-107
-137
-157
-165
-163
-157
-155
-143
-118
-106
-96
-90
-89
-98
-125
-151
-172
-194
-215
-235
-242
-244
-241
-235
-224
-207
-191
-181
-169
-159
-149
-150
-151
-144
-142
-147
-151
-143
-111
-80
-56
-8
52
107
145
182
234
276
289
288
295
300
283
256
246
248
243
228
217
220
221
203
186
193
185
157
136
132
141
131
112
129
147
152
136
123
122
94
46
-6
-48
-107
-189
-254
-297
-322
-348
-375
-372
-347
-324
-286
-245
-206
-153
-110
-85
-58
-35
-23
-25
-33
-21
1
4
12
38
57
81
95
109
135
137
126
109
90
74
60
37
22
22
17
10
10
24
34
40
48
50
51
44
30
24
11
-6
-20
-40
-52
-59
-67
-70
-68
-59
-52
-49
-50
-37
-32
-33
-31
-30
-22
-40
-48
-49
-60
-50
-64
-72
-63
-71
-83
-99
-97
-80
-53
-37
-52
-47
-32
-30
-15
10
26
63
86
79
127
167
168
204
235
241
279
292
264
282
266
208
211
165
103
114
48
-11
-8
-65
-104
-106
-164
-173
-152
-212
-213
-213
-241
-199
-184
-178
-155
-169
-174
-157
-146
-96
-65
-77
-66
-79
-68
-26
-15
9
23
29
18
25
41
31
39
22
-16
-1
27
27
55
53
20
32
33
42
88
119
138
150
134
152
180
181
192
210
219
218
220
196
180
180
157
170
149
103
68
8
-46
-70
-93
-137
-130
-171
-207
-205
-252
-288
-281
-281
-299
-244
-258
-273
-214
-223
-227
-183
-170
-172
-92
-90
-68
2
-1
4
21
20
2
28
22
8
-6
-12
-18
-46
-48
-72
-81
-74
-63
-49
9
36
36
86
105
115
159
192
187
235
269
276
317
321
295
295
283
233
239
231
196
181
145
97
72
28
-31
-54
-100
-115
-119
-143
-149
-147
-162
-166
-152
-172
-157
-134
-139
-107
-81
-81
-56
-45
-52
-25
-4
-3
15
14
7
17
16
-3
7
1
-27
-24
-33
-43
-35
-31
-39
-31
-31
-20
2
4
22
37
40
47
60
67
80
87
86
95
95
88
89
83
73
70
59
42
29
15
-10
-29
-50
-78
-96
-117
-129
-143
-159
-171
-171
-170
-162
-150
-144
-130
-115
-110
-98
-81
-69
-49
-34
-16
3
15
32
52
62
72
93
108
112
117
119
116
111
107
101
93
87
79
67
67
70
68
70
73
80
100
100
101
108
104
113
113
108
107
91
70
63
50
26
11
-5
-28
-46
-68
-90
-106
-128
-149
-166
-183
-190
-201
-220
-222
-217
-220
-211
-202
-190
-168
-148
-126
-111
-87
-60
-43
-31
4
32
44
67
85
104
120
131
148
154
157
156
153
154
149
138
129
117
99
89
88
78
74
76
67
64
73
67
79
95
81
84
86
73
72
74
51
48
35
6
3
-5
-34
-45
-63
-104
-108
-129
-166
-161
-176
-207
-204
-212
-224
-202
-206
-202
-164
-164
-152
-118
-111
-94
-69
-60
-37
-25
-20
-2
5
17
28
29
41
54
54
54
64
70
78
86
75
82
93
78
95
106
100
116
117
108
134
129
111
122
117
112
111
92
78
85
67
47
39
13
4
-2
-24
-30
-38
-62
-71
-82
-100
-105
-117
-126
-128
-122
-109
-116
-111
-103
-100
-76
-62
-60
-41
-28
-18
-3
18
27
35
51
50
58
64
59
66
63
52
54
56
53
52
42
36
33
29
30
17
14
21
14
7
4
0
2
3
3
6
2
-1
-2
0
0
-2
1
0
-10
-9
-7
-11
-17
-26
-23
-22
-31
-40
-41
-38
-41
-42
-44
-43
-43
-52
-47
-40
-39
-34
-29
-27
-29
-30
-16
-20
-15
1
0
9
8
13
18
14
31
35
37
41
44
45
39
43
44
40
38
35
32
34
37
40
42
41
38
35
39
39
46
43
34
37
31
24
12
4
1
-6
-13
-24
-27
-31
-39
-45
-50
-45
-45
-53
-50
-52
-55
-49
-54
-59
-58
-60
-62
-57
-52
-45
-40
-42
-30
-22
-17
-12
-1
8
9
19
27
30
31
34
41
43
42
48
50
42
43
43
43
42
39
39
38
33
33
26
15
11
4
-1
0
6
5
-4
-2
0
-1
2
6
3
8
0
-3
-2
-8
-11
-11
-13
-23
-21
-28
-34
-32
-35
-30
-30
-35
-30
-30
-37
-28
-26
-33
-31
-24
-19
-20
-16
-13
-10
-7
-2
0
5
6
5
6
11
21
25
30
29
27
29
21
19
25
16
10
11
14
8
4
13
19
23
16
21
23
20
25
19
18
9
9
3
-2
2
-7
-5
-11
-18
-13
-12
-20
-21
-20
-24
-27
-27
-26
-27
-34
-33
-27
-28
-26
-24
-25
-16
-10
-16
-16
-12
-10
-6
-2
5
12
17
19
23
26
31
34
38
41
43
46
46
41
36
33
24
20
20
16
12
7
7
7
6
-1
1
2
-3
-3
-8
-8
-8
-13
-11
-11
-20
-22
-15
-18
-17
-15
-18
-17
-18
-19
-22
-29
-32
-34
-35
-38
-39
-39
-43
-40
-39
-37
-29
-28
-24
-11
-9
-7
-4
-7
-3
0
1
7
14
21
27
28
36
40
42
49
48
51
52
58
56
46
35
29
29
23
26
25
21
22
19
16
17
14
9
9
3
-5
-9
-17
-25
-25
-28
-35
-34
-30
-31
-35
-31
-23
-22
-27
-28
-28
-23
-23
-23
-22
-29
-32
-30
-33
-34
-29
-23
-18
-17
-12
-6
-1
-1
2
6
7
11
12
17
21
19
21
22
32
42
39
41
48
50
44
42
42
34
27
21
20
19
13
16
13
-2
0
3
4
5
4
1
-8
-14
-10
-16
-21
-19
-26
-23
-25
-28
-25
-28
-25
-17
-23
-30
-22
-21
-31
-35
-33
-34
-24
-19
-20
-18
-10
-5
-9
-5
-2
-3
-1
-3
-2
-1
-2
1
1
5
9
12
17
25
30
33
39
38
40
40
33
34
32
28
24
19
13
11
11
6
1
-2
-1
2
-7
-4
0
-4
-5
-6
-11
-12
-18
-27
-28
-31
-32
-27
-21
-14
-11
-9
-4
-7
-7
-11
-13
-12
-15
-17
-15
-17
-21
-21
-25
-26
-14
-12
-7
1
4
12
14
17
18
19
25
26
29
29
25
22
26
36
33
30
31
33
32
25
25
29
28
23
18
11
9
10
8
5
0
-7
-4
-6
-14
-14
-15
-23
-22
-27
-30
-30
-32
-34
-40
-35
-30
-29
-35
-38
-36
-37
-35
-33
-31
-30
-24
-24
-23
-18
-14
-15
-11
-9
-6
0
0
3
6
12
16
15
19
18
28
33
33
35
32
36
38
37
38
37
37
40
40
37
33
30
30
27
22
19
15
8
2
1
-1
2
3
0
-5
-8
-4
-10
-13
-20
-27
-25
-30
-33
-32
-32
-27
-28
-22
-18
-22
-22
-23
-26
-27
-32
-30
-28
-31
-33
-34
-31
-31
-31
-25
-14
-12
-13
-4
1
8
9
14
19
15
20
24
28
29
32
37
40
45
39
41
42
37
40
47
46
42
34
35
31
26
20
11
13
7
-1
-7
-7
-5
-11
-10
-6
-10
-11
-15
-22
-21
-20
-21
-28
-30
-30
-30
-27
-26
-25
-22
-18
-16
-21
-19
-6
-7
-15
-11
-15
-17
-15
-17
-18
-21
-17
-15
-8
-9
-6
-2
-5
-8
-6
-2
-1
5
7
8
11
7
12
12
8
14
14
13
18
13
13
17
14
13
17
17
13
14
16
10
8
11
7
11
12
13
14
1
5
8
0
0
7
8
3
4
6
2
1
4
2
4
6
-3
-13
-15
-15
-16
-16
-16
-15
-18
-19
-13
-11
-12
-4
2
0
-1
1
4
8
10
12
15
9
9
10
11
16
15
13
12
6
6
4
0
12
10
6
4
-2
-3
-5
-6
-11
-15
-15
-24
-30
-25
-19
-18
-15
-18
-21
-22
-27
-23
-20
-18
-20
-24
-17
-18
-17
-10
-12
-6
-2
-2
6
5
4
-1
1
6
7
8
12
17
13
11
18
14
14
19
22
25
23
20
17
18
20
21
24
23
19
17
12
17
16
9
12
11
12
8
8
10
8
8
7
6
2
3
2
-3
-6
-7
-8
-11
-15
-17
-16
-12
-15
-18
-14
-10
-14
-12
-22
-23
-18
-24
-25
-22
-22
-23
-23
-28
-26
-22
-22
-22
-18
-15
-12
-8
-13
-12
1
1
2
9
7
13
13
12
13
14
18
17
15
20
19
18
23
24
28
23
21
22
23
23
20
19
22
19
17
12
13
13
3
-5
-2
-9
-10
-11
-13
-8
-14
-13
-12
-9
-8
-11
-16
-15
-11
-11
-19
-18
-12
-16
-9
-3
-5
-4
-2
-2
-1
-4
-6
0
3
-7
-7
-8
-12
-4
-5
-4
1
-1
0
7
8
6
6
3
8
9
0
3
1
6
8
9
8
3
5
4
-1
-1
-1
6
3
5
9
5
10
4
4
9
3
2
4
7
3
-2
2
0
3
5
-3
-9
-8
-8
-13
-15
-16
-17
-20
-24
-21
-17
-17
-13
-19
-22
-17
-12
-2
3
2
4
6
4
4
9
14
13
17
22
20
21
25
28
24
24
26
30
28
23
22
18
16
9
4
4
3
1
-3
-4
-10
-9
-11
-9
-12
-10
-8
-17
-20
-20
-17
-21
-23
-20
-20
-19
-17
-17
-17
-9
-10
-11
-8
-13
-9
-10
-7
-4
-7
-5
-5
-2
-2
-5
-7
-5
-5
-6
-1
-4
-9
-4
3
4
4
5
12
14
9
17
13
16
15
12
14
16
15
16
17
11
11
12
11
10
11
10
8
9
12
14
7
6
6
1
0
4
10
11
9
12
8
0
2
2
-3
-4
-4
-4
-9
-13
-12
-10
-11
-7
-11
-12
-11
-13
-8
-10
-11
-11
-13
-14
-15
-10
-8
-9
-7
-8
-5
0
-2
1
4
4
5
1
-2
2
-1
-8
-6
-2
-3
-6
-5
-5
-7
-13
-13
-3
-8
-10
-6
-1
-2
-5
-7
-8
-7
-2
-2
-2
0
3
5
5
5
14
12
16
20
15
21
23
16
16
18
22
24
21
18
16
13
8
7
12
6
3
6
-2
-3
-5
-6
-7
-9
-4
-3
-4
-4
-9
-5
-1
-1
3
-2
0
4
1
-1
-5
-3
-4
-6
-6
-18
-17
-16
-15
-5
-7
-15
-13
-13
-14
-13
-16
-15
-15
-21
-18
-14
-13
-13
-11
-9
-8
-8
-2
6
5
6
10
15
16
17
17
13
16
16
10
7
7
11
13
9
7
14
14
15
15
15
20
18
13
9
6
5
4
0
-1
2
6
5
4
6
8
4
0
2
-1
-9
-7
-8
-16
-16
-12
-15
-13
-13
-10
-7
-7
-4
-9
-13
-13
-12
-10
-16
-15
-16
-15
-11
-11
-11
-9
-8
-6
-3
1
6
5
1
-1
4
10
6
-2
-2
-1
-1
2
2
4
5
5
4
11
10
7
16
13
10
9
7
11
9
10
12
2
3
8
8
9
3
5
6
1
4
6
7
5
9
3
-4
-2
-6
-9
-10
-11
-5
-3
-3
-6
-5
-1
-1
0
-2
-4
-8
-6
-5
-4
-2
-2
0
-3
-1
-3
-2
-6
-9
-4
-3
-1
-8
-7
-2
-3
-3
-5
-1
3
2
-1
-1
-3
-3
1
1
-3
3
3
3
0
-3
1
0
6
2
2
1
-2
2
0
5
2
0
3
-3
-2
6
8
12
12
7
4
7
6
9
2
-1
4
2
4
-1
-1
3
0
-2
-2
1
2
2
1
-1
-1
1
2
-2
2
-5
-15
-9
-16
-13
-5
-8
-4
-3
-3
-1
-5
-5
-4
-4
-4
-10
-9
-8
-10
-8
-4
-7
-9
-4
3
5
6
4
7
6
7
8
3
9
9
5
7
5
4
10
6
6
8
7
11
9
7
10
7
0
2
5
5
-4
-1
5
2
1
-1
3
-2
-4
-2
-2
4
7
10
14
12
13
14
3
0
-1
-13
-14
-10
-12
-12
-9
-5
-3
-7
-4
-2
-2
-1
-5
-8
-9
-10
-15
-14
-12
-11
-17
-14
-12
-14
-6
-6
-3
-5
-6
1
-3
-2
-1
1
-4
-9
-9
-8
-2
0
15
15
9
14
8
8
9
8
7
9
7
2
8
6
1
6
1
-2
1
2
8
7
10
12
15
11
9
11
6
6
1
0
2
2
4
7
8
14
13
10
13
5
0
3
-9
-13
-10
-15
-17
-17
-12
-10
-11
-8
-4
-4
-6
-4
0
2
0
0
-3
-8
-11
-10
-12
-13
-6
-2
-2
-1
4
4
1
5
10
3
0
1
1
-2
-5
1
-4
-2
1
0
10
7
4
3
4
3
-2
-7
-9
-1
-2
-2
-5
-4
0
3
6
-2
0
3
3
-1
-8
-4
0
4
7
5
5
4
2
3
3
0
-2
-2
1
3
3
4
3
8
7
6
7
0
-3
-3
-7
-7
-4
-1
0
3
3
4
4
8
7
4
1
0
1
-4
-9
-6
-7
-3
-2
-4
2
-2
0
3
2
3
4
2
-1
-5
0
-1
-5
2
2
1
7
1
-3
1
4
4
-2
-3
-1
-1
-5
-8
-9
-12
-15
-11
-9
-8
-7
-6
-3
-7
-5
-3
-2
-5
-9
-6
-3
0
0
-1
0
-1
4
10
17
17
13
14
14
11
8
9
13
12
11
14
17
14
12
11
8
5
3
3
9
9
4
1
1
0
-3
-1
-6
-16
-7
-5
-8
-8
-11
-7
-8
-11
-16
-11
-6
-13
-14
-11
-15
-16
-15
-9
-7
-6
0
-3
-5
-3
-2
-7
-8
-3
-3
3
4
1
1
4
3
1
2
5
8
2
1
1
2
0
-1
5
3
1
6
5
5
1
0
7
6
14
14
7
8
3
1
1
3
0
-1
-1
-4
-3
-2
-3
-2
2
4
6
7
2
7
8
-4
-4
-3
-2
-2
-2
0
-7
-4
4
2
0
8
7
3
0
-3
0
1
-2
-4
-6
1
6
3
6
7
6
4
6
4
2
5
7
0
-4
-4
-5
-5
-6
-4
-6
-4
4
1
8
2
-7
-6
-8
-9
-12
-12
-12
-12
-9
-10
-12
-12
-11
-13
-15
-6
-1
-5
-7
-7
-4
-4
-6
-6
0
-2
-9
1
2
5
6
7
5
11
17
17
12
5
7
10
11
10
8
12
12
10
9
5
7
4
12
13
13
19
16
14
14
5
-4
-3
-4
-2
-5
-3
-4
-8
-3
-1
-3
-4
-4
-2
0
-5
-7
-8
-13
-14
-12
-13
-14
-11
-9
-5
-4
-5
-3
-1
-4
-8
-9
-5
-5
-6
-4
-10
-12
-9
-5
-1
3
2
2
-1
-3
-3
-2
0
0
5
6
7
7
12
14
11
9
7
11
8
14
13
6
8
7
4
1
7
12
10
4
4
3
-1
0
1
1
0
-1
-5
-10
-7
-5
-4
-3
-2
-5
-7
-4
-9
-14
-13
-10
-4
0
-2
-4
1
-1
-6
-8
-4
-2
-5
-5
-5
-8
-6
-4
-7
-9
-8
-1
6
6
0
11
13
8
13
13
16
11
3
4
2
-2
0
-2
-5
-6
-9
0
8
10
9
10
13
10
9
4
1
0
-1
-3
0
9
7
4
0
-5
-7
-3
-5
-4
-6
-5
-5
-10
-9
-10
-8
-4
-2
-2
0
-4
-8
-6
-8
-7
-8
0
1
-5
-3
-1
-5
-8
-4
-5
-1
2
1
3
3
10
6
-2
0
5
4
2
6
9
11
11
8
10
9
3
5
7
4
0
0
4
-6
2
2
-4
4
-2
-5
-4
-3
-4
-1
4
1
-4
-4
-3
-3
-7
-5
-1
-1
3
6
2
-5
-1
1
0
3
3
1
-1
-3
-9
-8
-2
0
-1
-3
4
8
1
4
6
8
12
9
2
3
6
4
-1
-1
0
-5
-9
-8
-10
-5
-4
-6
0
-2
-4
-4
-2
-3
-4
-4
-4
-8
-5
0
-1
-2
0
-3
-3
-3
0
-3
1
-1
-5
-1
1
2
-2
-3
0
-5
-4
-2
1
4
0
3
5
5
3
0
3
2
6
5
-1
2
-1
-1
4
6
6
3
9
7
-1
2
6
5
10
9
9
6
2
4
4
4
4
8
6
5
6
7
9
9
9
7
5
1
2
0
-6
-8
-9
-11
-12
-12
-5
-4
-1
0
1
4
-1
-3
-5
-9
-12
-13
-20
-19
-18
-14
-6
-11
-8
-7
-11
-10
-10
-13
-13
-10
-5
-10
-15
-4
-4
-4
-7
-7
3
4
5
12
13
13
16
19
12
7
13
15
15
13
11
12
10
7
8
5
12
12
7
13
12
10
9
4
5
0
-4
1
0
-8
-7
-4
-3
-6
-3
4
-1
0
-2
-3
2
-5
-4
-4
-7
-6
-7
-3
-2
-8
-7
-11
-10
-10
-9
-4
-2
-2
-4
-5
-6
-3
-4
-3
-2
-7
-7
-7
-2
3
3
5
5
8
1
-1
1
-1
-3
0
3
4
7
5
5
11
9
10
11
12
18
16
7
8
6
1
0
-3
-6
-5
3
3
-3
-3
-2
-2
-2
-5
-7
-4
-10
-9
-5
-7
-9
-12
-8
-12
-15
-6
1
-5
-6
0
-1
-6
-5
0
-3
-6
5
6
1
-2
4
7
9
5
2
6
4
1
3
2
0
-1
2
0
1
4
1
5
4
5
4
-1
3
6
5
3
4
0
-1
6
5
4
8
9
11
6
8
5
0
4
0
0
-3
-7
-4
-6
-8
-11
-12
-7
-8
-9
-10
-10
-7
-6
-4
-6
-7
-7
-7
-5
-3
4
5
3
4
4
0
7
5
2
2
-2
4
3
9
8
5
-1
-1
3
3
1
-2
3
7
3
6
11
5
3
1
-4
-2
1
-6
-7
-4
-9
-9
2
5
3
3
4
6
5
1
2
-3
-2
-3
-5
-1
-2
-1
-5
-5
2
2
2
4
3
2
2
-2
-1
-1
-2
3
-2
-4
-4
-5
-1
-4
-3
1
0
3
3
3
2
-2
-7
-9
-7
-11
-5
-7
-9
-4
-3
1
4
7
3
4
1
-1
0
-5
-1
-3
-5
-1
1
2
-2
0
4
-2
1
7
11
7
12
13
8
10
4
3
4
0
-1
0
-3
1
1
5
5
0
1
2
8
6
0
1
-2
-1
-1
-2
-3
-5
0
-4
-2
2
4
7
4
2
4
-1
-2
-3
-5
-4
-4
-6
-7
-7
-8
-3
-1
-1
2
-5
-6
-3
0
5
0
-3
-4
-7
-9
-8
-7
-5
-4
-7
0
0
-2
-2
-3
1
0
0
2
-4
-4
-8
-9
-3
-3
0
4
3
3
6
8
13
8
12
9
4
6
0
-4
0
-2
-2
-2
0
7
3
12
18
14
17
10
11
10
5
3
2
3
-2
-6
-3
-1
-4
-2
-1
5
5
1
3
-4
-3
-3
-5
-9
-16
-15
-17
-17
-13
-9
-2
-4
-2
-2
3
4
-4
0
2
-2
-1
3
-3
-4
-1
-6
-8
-7
-5
-4
-9
-2
0
0
5
5
5
5
2
2
-1
1
7
3
1
7
3
3
9
8
5
10
13
4
3
2
4
8
4
3
3
5
8
7
9
8
6
0
3
0
-5
-1
-5
-2
3
1
-2
-8
-8
-7
-10
-11
-7
-8
-8
-10
-9
-3
-2
-6
-6
-5
-10
-5
0
-4
0
3
0
3
2
2
-1
-11
-12
-7
-5
-4
-5
1
6
-1
3
8
7
0
4
4
-6
-2
3
2
0
-4
1
5
4
4
0
4
3
3
7
10
10
10
9
3
2
2
-3
-7
-3
2
-1
1
2
7
10
9
12
13
12
10
7
0
-3
-1
1
0
0
-1
-7
-6
-3
-2
-1
-3
2
0
1
-1
-7
-3
-8
-10
-8
-12
-5
-6
-5
0
-4
-7
-11
-9
-4
-4
0
-2
0
-1
1
1
1
2
-1
2
2
4
8
6
0
-3
-1
2
1
0
-5
-5
-4
-8
-7
-8
-7
-3
0
-1
6
5
-1
0
0
2
-1
0
4
-3
-5
-1
-4
-1
-2
1
7
7
7
4
5
3
4
6
3
6
3
0
3
5
0
3
4
2
1
2
6
4
2
7
10
6
5
4
2
3
-1
-3
-4
-4
5
5
3
4
0
-2
-2
-4
-3
-4
0
3
3
3
-1
-2
-4
-4
3
0
1
-3
-2
0
-7
-4
-5
-1
1
-5
-4
-7
-7
-8
-9
-9
-11
-9
-12
-14
-12
-8
-3
-9
-8
-2
-4
-4
-2
-1
0
-4
4
4
1
1
4
4
5
11
11
8
4
8
9
