-3
2
11
21
25
20
15
12
5
-5
-13
-20
-27
-24
-21
-11
-2
8
14
18
18
15
12
9
9
6
1
-6
-11
-11
-8
-5
-5
-4
-1
7
12
11
5
-2
-7
-11
-13
-11
-8
-3
5
15
23
21
13
5
-4
-12
-21
-25
-18
-18
-14
-7
4
15
19
23
26
26
19
7
-3
-11
-21
-28
-32
-28
-23
-16
-6
4
14
23
23
22
15
8
2
-10
-16
-17
-16
-12
-11
-4
5
10
11
9
10
8
1
-4
-5
-4
-4
0
2
3
4
2
4
0
-2
-4
-6
-2
-5
-4
-1
2
4
7
7
10
10
5
2
-7
-11
-17
-23
-21
-18
-10
-5
-4
2
8
11
9
4
6
9
4
-3
-9
-5
-5
-10
-7
-7
-3
-4
-4
3
0
2
2
3
6
-1
-4
0
-3
-4
-6
-1
3
3
5
9
7
4
2
3
2
-4
-4
0
1
0
1
6
10
9
9
11
14
11
8
6
4
0
-6
-10
-14
-15
-13
-5
3
11
19
20
17
9
1
-5
-12
-20
-24
-22
-18
-12
-6
-1
1
4
11
20
20
16
10
7
3
-7
-16
-21
-20
-16
-12
-4
3
9
11
11
6
1
2
3
0
-5
-8
-6
-4
-5
-8
-9
-8
-4
1
9
15
17
16
12
4
-6
-14
-19
-22
-20
-14
-8
-4
-1
6
15
21
21
19
14
7
-3
-12
-15
-15
-15
-13
-8
0
8
16
21
20
15
6
0
-5
-11
-12
-13
-11
-6
-4
-1
-2
-3
2
2
7
5
3
3
-3
-2
-3
-2
-1
-9
-10
-12
-9
-5
2
11
14
15
14
9
2
-8
-9
-7
-4
-6
-9
-4
-1
5
6
4
8
8
13
10
1
-5
-7
-3
-7
-12
-9
-5
4
4
5
6
7
7
3
0
-2
-7
-6
-4
-4
-4
-3
1
3
3
3
4
2
-4
-6
-7
-10
-10
-12
-4
3
7
12
8
9
7
3
3
-8
-11
-14
-17
-13
-9
4
15
17
16
12
9
4
-6
-15
-17
-13
-7
-2
4
10
15
16
10
5
2
0
-4
-7
-8
-6
-1
2
4
8
10
8
6
6
3
-1
0
-1
1
0
-2
-2
-6
-3
0
-4
1
0
5
5
0
2
-2
-3
-8
-13
-13
-12
-10
-9
-4
4
9
7
9
10
8
-1
-7
-10
-13
-15
-19
-13
-11
-4
1
-2
9
9
9
7
8
8
-2
-3
-3
-5
-8
-3
-2
0
3
3
10
7
10
8
2
6
-1
-5
-10
-8
-4
-7
-4
0
3
3
6
7
9
7
2
4
2
-4
-8
-5
-5
-7
-2
5
4
1
6
9
2
-4
-7
-3
-2
-4
-4
0
6
8
3
1
2
2
0
-1
-1
2
6
4
0
0
4
2
0
0
1
-2
-8
-9
-5
-2
-1
-3
2
5
5
5
3
3
2
0
-1
0
1
4
4
2
2
4
6
2
-3
-4
0
2
2
3
6
4
-1
-6
-10
-8
-6
-7
-6
-3
0
2
3
4
5
3
0
-2
-1
-3
-10
-16
-18
-13
-9
-6
-2
1
4
2
-2
-3
-3
-8
-12
-13
-7
-1
-2
-2
2
6
8
7
6
7
4
0
-2
0
3
6
5
1
-1
-1
0
0
0
0
1
-1
-2
0
3
4
5
6
6
2
-5
-5
1
3
1
-1
0
3
3
2
1
1
1
3
5
3
1
3
8
8
3
-2
-1
-1
-2
0
5
7
4
-2
-4
-3
-1
1
0
-1
-2
0
3
2
1
1
2
-1
-5
-6
-2
-1
-2
-3
-1
-1
-3
-1
1
-1
-4
-4
1
3
0
-4
-4
-2
0
1
1
-3
-4
-3
-2
-3
-7
-6
-5
-4
-3
-2
2
5
6
4
1
-2
-5
-4
-3
-2
-1
-1
-1
1
3
4
5
5
3
2
2
0
-1
-2
-1
-4
-5
-3
0
2
2
4
4
8
6
-1
-3
-3
-3
-2
-2
1
5
6
3
-1
0
1
2
0
-3
-3
4
3
-1
5
3
0
3
1
0
6
2
-7
-7
-1
-2
-4
0
0
-3
-2
-3
-1
5
2
0
5
5
1
1
2
1
-5
-9
-7
-7
-6
-4
-5
-5
-2
-1
-5
-6
-5
0
-1
-1
2
2
5
2
-3
-2
-3
-4
0
2
0
0
3
4
4
-2
-7
-5
-2
0
3
7
11
12
9
2
2
4
-5
-7
-2
-1
-4
1
1
0
4
3
4
5
1
0
4
1
-1
-2
-4
-3
0
3
6
7
4
2
0
1
-1
-7
-5
-2
-4
-4
-4
-5
-5
1
3
-1
-3
-2
-4
-5
1
0
-4
-3
-1
0
-1
-4
-4
-1
2
2
0
0
4
5
6
4
2
-2
-6
-8
-7
-4
-3
-1
2
2
1
0
1
3
4
3
-1
0
-1
-3
-4
-2
0
1
-2
-3
1
2
0
-2
-3
-1
0
-3
-4
-3
-2
0
1
0
3
4
3
2
1
0
-1
-1
1
0
0
0
3
2
0
-2
-1
0
0
0
2
2
3
3
2
3
6
3
-2
-5
-3
-2
-1
-3
-3
-5
-8
-8
-2
6
5
-2
-3
1
7
4
-3
-7
-7
-5
-3
-1
0
-2
0
-2
0
1
2
5
1
-1
-4
-1
-1
-2
-3
-3
4
2
-1
-7
-5
0
-9
-4
-5
-4
-3
0
8
1
-3
-1
0
-1
-1
2
2
2
1
3
-1
1
5
2
4
2
-2
0
1
4
1
-4
-2
-3
-3
2
0
3
0
2
5
5
6
3
2
-1
0
-1
-1
1
-1
1
-1
-1
-2
-4
2
3
2
-1
-1
-4
-2
-2
2
1
-3
0
-3
-2
1
-5
0
4
4
4
3
3
-4
-7
1
1
-2
-1
-3
-5
0
2
8
5
-1
1
-2
2
0
-5
-1
-4
-2
-2
-3
3
-1
-3
0
-1
-7
-9
-5
-3
-6
-2
1
-1
-2
-1
2
0
-3
-2
0
4
2
-2
-3
-4
-2
-1
1
-1
-6
-8
-5
-2
1
5
7
4
4
3
3
6
6
2
-2
-1
3
7
8
3
-3
0
2
0
1
3
5
-1
-4
-6
-3
0
1
3
6
6
0
-1
-1
-3
-2
1
-2
-5
-4
1
3
2
0
3
3
3
3
4
5
5
1
-1
-1
0
0
-1
0
-1
-6
-8
-5
-5
-5
-7
-3
1
2
2
-2
-3
-1
0
-1
-3
-1
-1
0
-2
-4
-5
-3
-3
-3
-3
-1
0
-1
-2
-6
-6
2
4
-3
-6
0
1
0
1
0
0
-2
-4
-3
0
1
-3
-5
-1
2
2
3
7
8
7
1
-3
-2
0
2
2
2
0
0
0
1
4
6
8
7
6
4
4
4
4
4
5
4
2
2
1
0
1
3
4
3
1
1
2
1
-5
-7
-4
0
1
0
-3
-4
-3
0
0
-3
-7
-8
-6
-6
-7
-4
1
4
2
1
0
1
-2
-4
-4
-3
-2
-1
0
-2
-1
2
3
0
-3
-3
-1
-2
-5
-2
3
4
0
0
3
3
-1
-3
-2
0
-3
-4
-4
-3
-3
-1
1
2
1
2
5
1
-2
-1
1
2
-2
-4
-1
1
-1
-3
-5
-3
1
2
3
0
-1
1
6
6
1
-5
-8
-9
-6
0
3
1
-4
-3
-1
-1
-3
-2
2
3
-1
-2
0
4
4
2
2
3
4
4
3
1
0
1
4
7
6
5
2
0
-3
-1
0
0
0
1
3
0
-3
-1
6
5
1
2
5
6
0
-4
-3
1
2
2
2
0
-3
0
3
3
2
2
5
2
0
-2
1
3
1
-1
-1
-2
-2
-3
-3
-2
-2
-1
-3
-4
-6
-5
-5
-7
-9
-8
-3
-1
-4
-4
0
2
0
-1
0
0
1
2
3
2
0
-2
-2
-2
-2
-2
-1
0
1
2
0
-1
1
4
5
11
11
4
1
3
2
-1
2
3
-3
-4
-1
-1
1
4
0
-1
2
0
-3
0
1
-1
1
3
2
0
-2
-4
-4
-3
-4
-2
0
-2
-5
-3
0
-3
-4
1
3
-4
-1
4
2
-4
-3
1
-3
-5
-3
-3
-5
-3
0
2
2
1
1
1
-1
-2
-2
-2
-1
0
0
0
1
2
2
4
8
4
1
3
4
1
5
10
6
4
1
0
-2
-2
-1
-1
-2
-2
-2
-2
-2
-2
2
3
3
3
2
-2
-2
2
3
0
-1
-3
-1
-1
-1
-3
-5
-3
-3
-4
-6
-6
-6
-6
-3
1
4
0
-6
-6
-2
-3
-7
-7
-1
3
2
0
2
2
-1
-3
-1
0
0
0
0
0
-1
-1
0
1
1
2
1
-1
-1
2
6
6
3
2
1
0
1
2
5
4
1
-1
0
1
0
-1
0
0
-2
-2
0
1
-1
-3
-3
1
4
6
5
5
5
4
1
1
3
2
0
1
4
2
-2
-3
-2
-3
-6
-6
-3
0
-2
-3
-2
0
-2
-4
-5
-3
-1
1
-2
-5
-7
-4
2
3
2
2
3
4
1
-2
-2
0
3
2
0
-2
-4
-1
0
-2
-4
-3
-1
-2
-6
-6
-4
-2
-4
-6
-7
-5
-3
1
4
2
-3
-3
-1
0
0
-4
-1
1
1
-2
-3
-1
3
4
3
0
-3
-5
-4
-2
-3
-2
-2
-1
2
5
3
0
1
4
4
1
0
2
5
4
-1
-3
-4
-1
1
2
2
3
2
1
-2
-2
-4
-4
-5
-6
-4
0
2
5
7
6
6
4
3
3
4
4
3
1
1
0
0
1
4
6
5
6
2
-1
-1
-1
0
-1
-1
-1
0
1
1
2
0
-2
-2
-1
2
3
4
2
2
1
1
1
-2
-7
-8
-7
-3
-3
-7
-4
2
2
-1
-2
4
6
3
-3
-6
-7
-5
-3
-2
0
-1
-3
-1
1
1
-2
-7
-5
1
2
-1
-2
-4
0
0
0
0
4
4
3
-1
-2
-1
-2
-2
0
0
-2
-5
-4
0
2
2
1
1
2
0
1
3
1
-1
-3
2
5
3
0
-1
0
0
-2
-2
-1
0
0
-1
-3
-4
0
5
7
5
3
3
2
3
2
0
-2
-5
-4
-4
-3
-4
-2
0
1
-1
-1
-2
-1
-3
-5
-5
-6
-6
-6
-3
-1
1
-1
-2
-3
-3
-2
-3
-2
-3
-3
-1
0
0
1
1
1
1
2
2
1
-2
-2
1
2
1
-5
-7
-4
0
2
1
0
1
4
5
6
7
8
9
7
6
7
7
6
3
1
1
3
4
3
2
1
0
3
3
3
1
-3
-5
-3
-1
2
-1
-3
-2
-1
1
1
0
-1
0
0
0
1
0
1
-1
0
-2
0
1
2
1
1
1
-1
-5
-7
-6
-3
-2
-3
-4
-7
-6
-3
2
4
3
0
0
2
3
1
-3
-5
-3
-1
-3
-7
-7
-2
2
2
-2
-2
-2
-1
-2
-3
-2
-1
-2
-2
-1
-2
-4
-5
-2
1
2
2
1
-1
-1
0
2
-2
-3
-3
-3
-1
4
4
-1
-7
-10
-10
-9
-5
-5
-4
-2
-2
0
2
1
-3
1
2
-1
4
6
1
-3
4
7
7
8
8
4
0
0
2
-1
-3
-4
-2
-1
-2
3
6
3
1
2
3
3
7
9
6
4
3
2
1
4
4
1
2
5
3
1
2
2
1
4
8
5
1
1
0
1
1
1
-2
-3
-5
-6
-3
-3
-8
-5
-3
-4
-4
0
-2
-1
3
0
-6
-4
-3
-5
-1
3
-2
-2
3
3
-2
-1
-4
-6
-5
-4
-6
-8
-6
-3
0
3
0
1
1
1
-1
-1
2
3
-3
-10
-9
0
4
4
1
1
3
4
3
1
-2
-5
-6
-4
-3
-3
-2
-3
0
3
4
2
-1
-2
1
3
4
0
-2
-3
-3
-1
3
4
3
0
-3
0
3
3
1
-1
0
1
0
0
0
1
1
2
2
3
5
5
5
1
3
3
3
1
-2
-2
-3
-3
-3
-2
0
2
1
0
0
0
-1
1
2
-1
-3
-4
-3
-3
-2
-2
-2
-1
-1
-1
-1
1
0
-2
-5
-5
-3
-1
0
0
2
4
4
2
0
0
1
2
0
-1
-2
1
0
0
2
2
-2
-4
-3
-2
-6
-7
-4
-2
-2
1
3
1
-3
-6
-3
-2
-3
-2
0
-3
-5
-7
-3
-3
-3
-1
0
1
0
1
4
5
4
4
7
8
5
3
1
1
-2
-2
0
2
0
1
4
8
6
4
6
4
-2
-1
3
1
-2
1
7
9
5
2
0
-1
0
4
7
5
1
-2
0
-1
-4
-3
0
1
2
3
1
-1
-6
-4
1
2
0
-4
-3
-3
-2
1
1
0
-6
-7
-5
-7
-9
-10
-8
-7
-6
-2
-2
-5
-5
-2
-2
-3
-2
-2
-4
-5
-4
-2
1
2
6
5
0
1
2
2
1
-1
-2
-4
-3
1
1
0
1
1
2
1
0
1
2
0
-1
2
1
-1
-4
-3
-1
2
2
0
-4
-4
-2
2
3
5
3
1
-1
0
0
3
6
4
2
4
7
2
-1
2
3
2
7
10
5
-2
-1
-3
-4
4
4
-3
0
2
0
0
-3
-2
1
-2
-3
-1
0
2
3
1
3
5
6
4
0
-2
1
4
3
1
0
-1
-2
-4
-2
2
6
4
-1
-3
-3
-3
-4
-4
-7
-7
-4
-2
-4
-3
1
-2
-2
-2
-4
-6
-2
-2
2
3
2
1
-2
-1
1
0
-1
-2
-3
-3
-1
-2
-4
-3
-2
-3
-2
-5
-3
-3
-1
1
-2
-4
0
1
-4
-3
3
0
-4
0
4
-4
-6
1
3
0
-1
-2
-2
-3
-2
-1
-1
-2
-2
-2
-1
0
-2
1
3
3
3
4
4
0
-2
3
5
1
-5
-2
2
3
1
0
3
3
3
1
3
2
1
2
0
-3
-4
-2
0
0
-1
0
3
1
-4
-2
5
6
2
1
0
-1
-4
2
7
5
0
1
3
1
-2
2
4
3
1
-3
-7
-3
2
2
-4
-5
-2
2
3
0
-1
0
0
1
2
2
1
-2
-3
0
3
3
5
1
-3
-4
0
5
4
0
-7
-7
-4
-1
-1
-2
-3
-4
-2
-2
-4
-7
-5
-2
-1
-4
-4
-3
-3
-3
0
4
1
-2
-4
-2
-3
-7
-7
0
5
4
3
4
2
2
4
6
4
-1
-3
-2
-4
-6
-5
2
3
-1
-5
-1
3
3
3
1
-2
-3
-1
1
2
-2
-4
-2
2
2
-1
-3
1
2
1
-3
-6
-3
1
2
-1
-3
-4
0
2
1
1
0
0
0
0
-1
-3
-5
-7
-4
-1
3
2
3
5
7
6
2
0
1
2
2
2
3
4
2
1
1
-1
-3
-1
4
3
-1
0
2
1
4
7
5
-2
-3
2
0
-4
-2
3
4
3
3
0
-3
-2
2
3
0
-3
-6
-5
1
1
-1
1
3
0
-5
-2
1
-4
-8
-5
-2
-4
-4
1
-2
-1
1
-2
-4
0
6
4
0
-1
-3
-2
0
-4
-5
3
1
-4
-5
-1
-2
-5
-4
-2
-1
2
1
0
-2
0
2
2
0
-1
-1
-1
-1
1
0
-4
-7
-3
6
8
4
-1
-3
0
4
1
-3
0
3
-1
-6
-4
-4
-6
-1
1
-1
0
3
2
2
3
1
-1
3
3
-2
-2
-1
-2
0
6
9
5
2
5
5
3
4
6
4
0
-1
2
4
4
3
3
2
0
-1
-3
-7
-5
-1
-1
-7
-4
1
1
-5
-4
-3
-1
0
-2
-3
-4
-6
-5
-3
1
-1
1
0
-1
0
3
3
-1
-1
-1
-1
0
-2
-6
-3
0
-1
-3
-1
0
1
-4
-9
-4
3
2
1
3
1
-5
-1
6
7
3
2
1
-2
-3
-1
0
-1
-3
-2
-2
-2
-5
-1
7
5
-3
-5
0
2
-3
-5
-2
-1
-1
-1
-1
-1
-1
1
1
-1
2
6
3
-2
-3
4
5
2
0
1
-1
-2
3
4
4
4
2
4
-2
0
3
7
12
0
0
0
0
0
-5
-1
0
1
2
4
6
4
1
2
1
1
-2
-4
-6
-9
-5
-2
-6
-3
-4
-3
0
4
3
-1
-3
2
1
-5
-9
-5
-3
-3
-1
0
-3
-5
3
3
0
1
-1
-3
-4
-3
-3
-4
5
2
1
3
0
2
-1
1
4
0
-1
-7
-4
0
0
0
1
5
3
-1
-2
0
1
1
-1
3
7
6
4
2
4
7
6
-2
-2
0
-2
-5
-4
-3
-8
-5
2
6
3
1
3
1
-7
-6
1
6
2
-2
-1
0
-3
-2
0
1
-2
-5
-6
-10
-6
6
12
6
-4
-5
-1
-1
-1
1
3
1
-2
-4
-6
-5
-4
-4
-4
-2
0
1
3
3
0
-1
2
2
-4
-4
-1
-3
-3
6
8
2
-2
0
2
0
3
1
-2
-3
-4
-6
-1
1
1
-2
-4
-4
-3
-1
-3
-3
-2
-1
-2
-2
0
2
4
1
-2
0
-1
-6
-8
-4
-4
-5
-1
2
3
5
9
7
2
1
6
4
0
1
2
2
5
8
8
6
4
4
6
6
3
-1
-3
-3
2
4
2
-3
-3
0
2
4
5
3
-4
-3
3
2
-5
-3
3
3
2
6
4
-2
-1
5
2
-7
-7
-4
-7
-11
-9
-2
-1
-3
-6
-5
-2
-1
-1
0
1
-2
-7
-9
-5
0
-3
-6
-2
-1
-7
-6
1
-1
-5
3
8
6
3
5
-1
-4
-3
-1
-6
-6
1
1
-1
1
4
2
-1
2
3
1
-1
-4
-7
-4
2
3
-3
-3
2
3
3
8
8
5
4
8
6
1
-3
-2
0
2
4
5
3
1
2
3
5
4
2
3
2
0
1
3
5
4
2
-1
-1
0
-1
-4
-1
-5
-8
-6
-1
-4
-5
2
5
0
1
1
-4
-6
-2
-2
-1
6
7
2
2
4
1
-3
3
3
-3
-4
-1
-4
-6
1
6
1
0
3
-2
-4
1
4
-4
-6
-1
0
1
9
10
1
0
5
-1
-10
-4
-1
-8
-6
4
4
1
5
11
6
2
5
5
3
3
-2
-6
-7
-5
-5
0
4
0
-4
0
2
-2
0
5
0
-6
-4
-1
-3
2
7
5
-1
-2
-4
-8
-6
-2
-3
-2
2
2
-3
-3
1
-3
-5
4
3
-5
-4
-1
-5
-6
-1
-1
-12
-11
-5
-4
-4
3
4
-2
4
8
4
0
2
3
-4
-1
4
-3
-6
-3
3
0
2
8
1
0
3
3
-4
-7
3
2
0
2
7
9
8
4
0
2
4
0
-2
1
4
3
7
14
11
5
4
8
8
4
0
-1
0
-3
-3
-4
-2
-1
4
7
4
2
-1
2
-1
0
3
5
9
8
10
12
11
3
-5
-5
-5
-11
-13
-7
-10
-7
-6
0
4
-3
7
-1
0
-1
-3
-3
-12
-10
-10
-13
-6
-4
-7
-12
-9
-6
-8
-10
-10
-17
-16
-8
-6
-10
-12
-2
-6
-9
-7
-4
1
-3
-3
-10
-11
-7
-14
-13
-11
-11
-10
-10
-7
-6
-2
3
3
9
13
10
9
7
1
2
9
9
5
8
11
11
14
22
21
12
9
8
8
9
17
20
16
16
17
19
21
24
24
20
18
15
15
15
17
16
13
16
17
16
16
18
19
22
25
27
24
20
20
20
15
14
12
8
4
4
-1
-11
-19
-19
-22
-21
-13
-6
-5
-3
-2
-1
-2
-1
-3
-7
-14
-18
-27
-35
-41
-53
-68
-76
-79
-84
-89
-87
-87
-93
-90
-82
-80
-82
-74
-71
-72
-66
-56
-56
-59
-58
-63
-74
-77
-75
-78
-79
-72
-64
-54
-36
-16
-1
10
25
38
47
58
65
68
69
72
78
79
79
86
88
87
88
90
87
91
99
102
103
121
141
151
161
175
186
191
190
184
178
169
161
150
134
123
117
111
102
91
85
86
80
70
65
65
69
70
67
66
64
59
52
41
19
-4
-18
-33
-58
-83
-100
-115
-133
-149
-161
-170
-179
-183
-185
-193
-196
-196
-190
-178
-173
-188
-201
-212
-245
-281
-310
-349
-382
-408
-423
-410
-385
-364
-329
-288
-271
-261
-256
-253
-237
-212
-181
-130
-68
-14
40
77
70
12
-88
-197
-301
-399
-444
-402
-284
-124
82
334
580
762
876
929
912
821
686
551
445
376
342
343
388
448
482
486
471
428
343
244
161
102
68
74
119
170
206
233
255
243
193
139
97
62
53
87
153
230
310
361
362
312
221
88
-70
-221
-350
-443
-477
-445
-380
-293
-190
-104
-65
-60
-73
-121
-190
-236
-249
-254
-244
-209
-175
-180
-204
-242
-317
-414
-493
-554
-589
-572
-511
-446
-377
-295
-242
-243
-270
-303
-348
-388
-394
-386
-368
-331
-290
-282
-304
-343
-408
-483
-524
-526
-511
-462
-372
-296
-281
-301
-347
-472
-662
-809
-828
-732
-532
-198
275
805
1285
1661
1924
2043
1969
1710
1367
1025
701
415
242
232
333
453
565
674
734
683
538
365
201
55
-37
-19
129
362
614
861
1087
1230
1226
1075
838
526
128
-298
-630
-832
-942
-961
-860
-682
-526
-410
-308
-228
-194
-193
-187
-144
-45
87
208
321
430
462
358
185
15
-187
-431
-627
-713
-736
-711
-620
-477
-333
-217
-157
-163
-194
-230
-307
-400
-429
-394
-354
-290
-172
-50
15
31
7
-85
-229
-381
-514
-605
-630
-601
-527
-397
-254
-171
-141
-119
-139
-229
-312
-339
-338
-305
-199
-45
84
172
233
223
103
-107
-355
-601
-838
-1087
-1285
-1300
-1156
-1036
-952
-710
-344
-135
-125
-27
234
419
462
602
955
1317
1502
1597
1757
1911
1824
1480
1144
936
659
243
-26
8
105
94
159
417
665
721
689
722
776
711
547
483
595
707
698
722
887
1002
903
737
643
491
172
-196
-488
-726
-929
-1056
-1073
-992
-842
-679
-518
-304
-44
146
240
340
457
506
474
451
426
325
167
9
-146
-305
-447
-573
-685
-743
-750
-762
-753
-675
-580
-530
-472
-369
-284
-244
-207
-160
-134
-137
-159
-183
-191
-205
-262
-345
-401
-448
-531
-608
-621
-601
-603
-591
-532
-462
-413
-351
-275
-217
-185
-165
-164
-172
-169
-170
-182
-160
-80
-5
34
65
82
21
-128
-293
-429
-550
-676
-777
-792
-715
-652
-697
-782
-810
-866
-1078
-1305
-1274
-990
-671
-305
322
1160
1874
2320
2670
2983
3035
2705
2195
1746
1342
879
446
259
314
384
376
441
615
673
508
307
215
129
-7
-28
180
501
796
1073
1372
1608
1661
1523
1295
1023
645
174
-238
-498
-712
-938
-1038
-964
-915
-986
-1019
-947
-885
-849
-709
-437
-114
221
551
846
1081
1191
1078
779
452
105
-340
-757
-978
-1072
-1156
-1147
-998
-842
-747
-661
-595
-587
-600
-601
-607
-556
-414
-258
-131
28
186
218
144
69
-57
-304
-564
-735
-863
-958
-949
-840
-701
-548
-403
-321
-300
-296
-334
-440
-514
-484
-422
-369
-251
-70
79
181
278
322
265
164
70
-46
-164
-253
-342
-429
-464
-487
-558
-615
-625
-727
-985
-1228
-1379
-1597
-1902
-2008
-1729
-1225
-669
33
974
1956
2687
3131
3438
3617
3479
2970
2354
1879
1479
1008
618
510
561
538
461
468
485
347
88
-99
-156
-186
-173
39
457
895
1251
1590
1908
2035
1896
1621
1318
960
493
20
-282
-494
-778
-1041
-1112
-1048
-1081
-1266
-1367
-1325
-1286
-1178
-878
-447
35
482
865
1202
1447
1492
1269
874
456
-23
-578
-992
-1177
-1286
-1365
-1286
-1080
-923
-840
-767
-724
-726
-745
-774
-762
-623
-419
-264
-108
102
237
194
74
-51
-266
-548
-778
-935
-1031
-1047
-988
-885
-741
-548
-418
-412
-374
-323
-426
-568
-622
-657
-672
-576
-374
-192
-40
159
271
226
233
268
147
-6
-52
-82
-131
-123
-87
-109
-164
-209
-298
-428
-488
-558
-818
-1106
-1243
-1459
-1831
-1953
-1643
-1191
-754
-110
859
1820
2519
3087
3557
3793
3697
3255
2690
2235
1774
1215
774
634
643
555
510
658
731
569
374
247
100
-47
-76
32
291
691
1078
1413
1784
2053
2014
1765
1496
1124
581
97
-298
-802
-1205
-1258
-1205
-1231
-1187
-1036
-988
-1055
-947
-709
-601
-422
-34
279
492
810
1075
1030
847
680
313
-222
-571
-794
-1121
-1334
-1288
-1246
-1261
-1103
-874
-837
-862
-769
-721
-784
-770
-666
-612
-538
-377
-286
-277
-216
-172
-302
-478
-589
-759
-981
-1100
-1108
-1131
-1084
-894
-732
-624
-499
-382
-389
-423
-387
-419
-466
-424
-331
-254
-212
-102
17
42
23
-12
-42
-41
-35
-42
6
70
80
96
153
216
156
-8
-146
-395
-794
-1205
-1593
-1892
-2179
-2437
-2426
-2067
-1419
-651
225
1313
2399
3157
3619
3966
4118
3904
3411
2900
2442
1948
1490
1209
1118
1133
1107
974
858
772
544
207
-21
-95
-112
-73
159
614
1122
1542
1885
2134
2236
2148
1812
1386
914
298
-304
-720
-902
-985
-989
-899
-897
-988
-1053
-1057
-1035
-946
-786
-603
-330
70
492
793
966
1034
874
478
43
-344
-769
-1171
-1400
-1486
-1486
-1350
-1134
-961
-801
-662
-686
-824
-891
-929
-1031
-1082
-1008
-901
-789
-625
-476
-430
-470
-563
-710
-873
-1002
-1104
-1175
-1170
-1083
-967
-825
-649
-501
-437
-429
-457
-555
-686
-744
-728
-690
-602
-441
-265
-117
2
72
108
159
187
151
143
208
269
295
317
328
284
186
62
-137
-394
-624
-884
-1212
-1502
-1696
-1809
-1934
-2076
-1993
-1553
-910
-221
556
1547
2571
3276
3732
4189
4485
4340
3868
3389
2925
2346
1779
1428
1273
1161
1001
835
753
717
580
338
212
234
224
233
452
853
1239
1512
1766
2033
2149
2044
1763
1304
728
112
-481
-932
-1161
-1230
-1245
-1266
-1218
-1037
-886
-803
-622
-412
-270
-118
63
274
468
547
528
422
224
-51
-404
-742
-1012
-1296
-1530
-1623
-1609
-1521
-1393
-1241
-1079
-989
-976
-964
-945
-963
-1040
-1108
-1116
-1108
-1107
-1079
-1017
-954
-915
-911
-929
-929
-921
-947
-943
-864
-794
-770
-702
-602
-581
-620
-637
-641
-669
-699
-707
-658
-548
-430
-322
-184
-27
88
159
239
326
367
359
356
369
368
303
212
169
126
45
-36
-123
-249
-516
-905
-1253
-1550
-1800
-1959
-2117
-2191
-1912
-1251
-428
432
1488
2694
3582
4083
4525
4803
4640
4106
3484
2894
2277
1707
1337
1182
1163
1160
1129
1179
1285
1208
912
688
635
511
367
521
901
1199
1386
1614
1894
1959
1598
1030
590
252
-165
-576
-664
-452
-358
-413
-255
8
2
-253
-533
-747
-959
-1215
-1337
-1205
-940
-697
-489
-211
96
178
-27
-273
-482
-831
-1302
-1603
-1666
-1672
-1637
-1459
-1195
-970
-862
-902
-1018
-1133
-1319
-1586
-1732
-1665
-1557
-1478
-1280
-965
-728
-634
-585
-551
-606
-778
-992
-1127
-1132
-1072
-1022
-925
-735
-545
-437
-364
-299
-284
-315
-373
-476
-552
-499
-362
-239
-85
146
328
383
441
520
506
421
365
357
367
398
472
499
469
457
365
213
104
-107
-451
-799
-1062
-1239
-1533
-1926
-2003
-1699
-1262
-718
92
1177
2221
2988
3659
4345
4762
4687
4302
3919
3518
2930
2325
1960
1752
1527
1297
1136
1046
908
638
353
179
63
-42
-66
110
471
812
1094
1456
1798
1909
1806
1610
1355
974
383
-287
-750
-983
-1211
-1489
-1651
-1684
-1793
-1964
-1910
-1643
-1440
-1258
-925
-525
-114
316
635
755
731
551
146
-343
-720
-1091
-1545
-1835
-1841
-1781
-1720
-1523
-1233
-1048
-998
-1000
-1044
-1118
-1186
-1273
-1353
-1327
-1221
-1147
-1058
-878
-733
-749
-806
-799
-823
-906
-926
-869
-813
-727
-580
-451
-355
-261
-239
-302
-348
-374
-472
-560
-530
-444
-377
-274
-113
64
222
347
453
566
647
649
593
571
609
605
554
528
502
435
327
244
268
272
75
-395
-1078
-1750
-2356
-3072
-3777
-3936
-3469
-2719
-1745
-342
1504
3194
4376
5314
6024
6196
5733
4970
4215
3461
2679
1975
1629
1608
1598
1525
1464
1444
1217
646
82
-277
-558
-811
-820
-414
256
926
1531
2174
2703
2830
2543
2085
1610
1022
282
-334
-627
-764
-895
-904
-797
-841
-1079
-1357
-1751
-2330
-2844
-3089
-3145
-3003
-2439
-1567
-738
91
955
1511
1642
1577
1281
632
-131
-739
-1259
-1715
-1885
-1791
-1696
-1561
-1279
-1104
-1148
-1214
-1314
-1573
-1810
-1825
-1705
-1557
-1272
-818
-400
-103
131
219
93
-141
-419
-754
-1015
-1059
-1001
-918
-678
-333
-121
-13
112
136
-26
-215
-380
-590
-742
-715
-583
-392
-101
223
478
697
847
811
616
418
260
96
-13
55
252
439
585
689
774
839
809
631
302
-180
-911
-1861
-2648
-3187
-3809
-4287
-4077
-3257
-2241
-1094
466
2244
3564
4401
5135
5599
5529
4995
4301
3722
3204
2615
2114
1913
1936
1850
1574
1367
1198
772
161
-276
-479
-651
-738
-520
-4
631
1249
1777
2226
2565
2588
2241
1820
1461
965
337
-104
-290
-453
-613
-648
-634
-669
-816
-1185
-1692
-2153
-2530
-2906
-3233
-3198
-2777
-2313
-1696
-733
221
877
1301
1584
1625
1292
758
192
-412
-897
-1193
-1418
-1466
-1299
-1184
-1209
-1185
-1146
-1310
-1573
-1690
-1721
-1770
-1703
-1433
-1046
-646
-280
13
208
280
178
-92
-388
-600
-772
-910
-889
-692
-487
-316
-106
58
29
-123
-272
-449
-649
-773
-800
-723
-483
-160
87
291
516
649
601
462
331
216
109
32
21
99
233
356
445
504
500
390
203
32
-45
-96
-376
-1028
-1791
-2389
-3002
-3782
-4271
-4005
-3279
-2496
-1368
391
2266
3633
4580
5396
5851
5600
4832
4039
3413
2795
2131
1696
1726
1981
2082
2067
2142
2077
1532
732
115
-342
-821
-1098
-877
-279
399
1068
1787
2499
2941
2886
2469
2007
1484
706
-119
-573
-701
-822
-886
-698
-402
-269
-373
-707
-1203
-1736
-2338
-3040
-3508
-3422
-2994
-2483
-1679
-521
542
1241
1749
2028
1834
1284
654
-54
-794
-1328
-1626
-1785
-1722
-1461
-1272
-1191
-1058
-1024
-1294
-1623
-1757
-1864
-2012
-1925
-1534
-1089
-650
-159
241
443
493
354
6
-360
-636
-920
-1123
-1039
-774
-562
-332
3
227
208
94
-46
-283
-554
-756
-871
-854
-672
-449
-248
-3
236
339
377
452
452
327
261
290
261
213
274
348
323
292
285
220
136
74
-7
-50
-68
-353
-1017
-1728
-2344
-3085
-3764
-3818
-3272
-2559
-1576
-22
1755
3231
4402
5349
5849
5783
5294
4553
3738
2996
2333
1807
1653
1837
1980
1982
2074
2116
1726
1023
388
-167
-735
-1116
-1110
-773
-224
451
1181
1905
2468
2655
2465
2100
1623
949
186
-373
-658
-836
-927
-806
-555
-423
-437
-528
-798
-1324
-1921
-2409
-2833
-3192
-3299
-3073
-2633
-1999
-1143
-267
410
917
1257
1321
1135
815
345
-284
-845
-1167
-1407
-1593
-1569
-1457
-1464
-1511
-1510
-1557
-1677
-1740
-1711
-1693
-1627
-1377
-1005
-618
-214
149
364
450
448
294
0
-271
-481
-685
-798
-741
-614
-467
-250
-39
62
100
90
-36
-224
-371
-488
-568
-524
-363
-160
71
338
554
652
679
656
566
433
324
278
275
319
432
559
687
851
950
884
716
495
129
-533
-1478
-2408
-3118
-3753
-4290
-4326
-3660
-2612
-1519
-152
1650
3294
4307
4981
5502
5590
5095
4303
3627
3102
2541
2054
1887
1999
2094
1979
1784
1606
1221
536
-170
-665
-1000
-1223
-1212
-826
-157
531
1148
1756
2257
2460
2311
1931
1480
959
332
-212
-484
-580
-639
-608
-459
-331
-400
-660
-939
-1295
-1909
-2543
-2867
-2975
-3026
-2870
-2376
-1746
-1181
-573
41
434
663
777
619
328
154
-41
-384
-612
-626
-719
-942
-1047
-1071
-1238
-1485
-1663
-1810
-1924
-1858
-1644
-1401
-1052
-617
-277
-13
240
387
381
307
246
119
-71
-163
-209
-309
-335
-268
-235
-224
-193
-192
-270
-355
-390
-439
-472
-415
-301
-171
-18
118
199
236
258
257
271
330
385
445
574
698
738
766
831
796
598
406
272
52
-205
-341
-427
-619
-1030
-1660
-2247
-2666
-3173
-3680
-3649
-3004
-2195
-1306
86
1896
3355
4267
5064
5644
5605
5042
4305
3581
2860
2115
1491
1195
1239
1350
1310
1292
1348
1081
409
-195
-571
-963
-1300
-1257
-819
-228
417
1143
1865
2393
2575
2415
2082
1672
1072
320
-289
-604
-787
-941
-909
-650
-440
-467
-581
-708
-1085
-1746
-2320
-2612
-2816
-2966
-2820
-2374
-1853
-1285
-574
136
669
1022
1169
1064
876
683
324
-123
-383
-537
-803
-1024
-1007
-986
-1185
-1369
-1397
-1462
-1529
-1447
-1314
-1162
-885
-549
-268
44
379
521
469
431
358
112
-143
-272
-395
-531
-572
-519
-447
-369
-319
-343
-401
-434
-476
-560
-610
-573
-534
-516
-411
-224
-80
12
156
316
404
470
566
628
654
687
687
606
499
388
242
69
-106
-267
-392
-465
-605
-962
-1512
-2106
-2636
-3148
-3668
-3911
-3609
-2908
-1998
-816
727
2394
3697
4539
5182
5547
5357
4689
3916
3251
2553
1807
1336
1238
1266
1256
1239
1255
1171
831
331
-104
-427
-731
-925
-756
-228
391
997
1671
2333
2715
2726
2505
2154
1667
1053
410
-78
-352
-534
-666
-639
-483
-413
-514
-718
-1052
-1545
-2077
-2569
-2940
-3063
-2905
-2486
-1832
-965
-14
745
1296
1700
1746
1468
1119
681
111
-428
-800
-1043
-1214
-1230
-1155
-1141
-1107
-1082
-1220
-1402
-1483
-1538
-1601
-1538
-1287
-985
-690
-324
49
288
397
384
210
-70
-354
-632
-889
-1023
-1007
-909
-736
-490
-283
-190
-162
-181
-303
-489
-652
-788
-896
-899
-764
-541
-266
41
328
565
723
778
755
649
468
282
158
109
95
112
175
205
189
139
4
-169
-405
-852
-1490
-2164
-2704
-3078
-3451
-3673
-3351
-2523
-1579
-582
759
2310
3466
4129
4704
5152
5116
4633
4055
3580
3100
2529
2067
1898
1860
1681
1366
1149
1035
717
178
-194
-346
-541
-699
-543
-65
526
1060
1556
2068
2445
2494
2288
2026
1766
1368
831
404
177
-25
-279
-459
-492
-519
-680
-975
-1396
-1841
-2196
-2560
-2888
-2890
-2595
-2268
-1828
-1066
-241
326
789
1236
1398
1257
1037
712
224
-241
-606
-955
-1193
-1237
-1290
-1417
-1406
-1321
-1440
-1635
-1636
-1599
-1680
-1639
-1370
-1083
-811
-452
-133
41
159
189
23
-205
-354
-545
-802
-906
-855
-838
-807
-619
-411
-315
-243
-195
-260
-372
-455
-563
-654
-603
-470
-353
-198
26
206
287
355
460
495
432
395
418
475
542
632
697
694
632
475
258
9
-231
-529
-1017
-1511
-1945
-2333
-2500
-2594
-2792
-2779
-2320
-1597
-868
6
1275
2509
3295
3936
4598
5030
5008
4602
4157
3718
3122
2445
1938
1692
1494
1222
993
916
829
537
202
14
-125
-336
-463
-305
49
403
740
1164
1629
1942
2025
1973
1880
1623
1126
572
143
-151
-452
-733
-835
-819
-948
-1310
-1614
-1819
-2163
-2534
-2726
-2652
-2417
-2138
-1599
-821
-80
587
1079
1285
1330
1183
735
221
-207
-654
-1076
-1322
-1326
-1264
-1295
-1255
-1137
-1201
-1374
-1493
-1590
-1652
-1642
-1534
-1278
-911
-539
-241
8
237
320
192
-10
-198
-431
-700
-881
-911
-844
-700
-487
-270
-89
36
60
-34
-170
-300
-439
-543
-547
-475
-366
-183
57
260
403
523
597
600
601
596
513
430
472
550
551
544
571
540
433
308
119
-166
-503
-945
-1543
-2146
-2549
-2771
-3013
-3208
-3054
-2496
-1731
-876
153
1438
2665
3477
4074
4663
4979
4804
4298
3759
3291
2723
2103
1725
1559
1378
1140
892
712
551
224
-137
-328
-442
-546
-561
-331
145
594
981
1470
1914
2127
2132
1980
1764
1467
992
467
86
-180
-411
-623
-754
-755
-847
-1231
-1643
-1899
-2202
-2578
-2767
-2642
-2343
-1997
-1455
-663
78
647
1092
1309
1313
1143
731
230
-192
-580
-964
-1240
-1246
-1087
-1051
-1031
-897
-902
-1100
-1274
-1403
-1514
-1546
-1481
-1278
-945
-580
-245
20
226
347
254
20
-149
-336
-610
-788
-799
-745
-635
-430
-226
-99
-14
-2
-94
-205
-320
-496
-659
-691
-614
-499
-334
-105
136
338
465
511
533
563
552
494
474
518
543
569
665
747
722
601
400
142
-170
-518
-881
-1307
-1770
-2229
-2603
-2724
-2805
-3019
-2948
-2366
-1599
-843
85
1351
2559
3260
3815
4457
4803
4644
4184
3730
3277
2700
2065
1604
1395
1232
1005
823
817
808
559
297
208
71
-185
-290
-96
279
659
1017
1444
1867
2137
2208
2095
1882
1576
1053
433
11
-282
-585
-793
-839
-800
-825
-997
-1285
-1643
-2013
-2324
-2554
-2596
-2354
-1978
-1526
-859
-58
611
1068
1351
1417
1185
736
263
-199
-671
-1053
-1286
-1369
-1281
-1158
-1116
-1059
-999
-1082
-1274
-1447
-1547
-1597
-1607
-1465
-1159
-828
-466
-73
230
373
332
125
-152
-433
-719
-969
-1080
-1014
-878
-716
-463
-189
-37
-9
-26
-100
-268
-468
-637
-737
-744
-672
-539
-329
-47
229
409
519
614
646
600
533
462
418
428
479
559
598
564
515
419
209
-62
-352
-670
-1071
-1617
-2163
-2463
-2618
-2886
-3112
-2867
-2143
-1374
-651
437
1833
2916
3566
4189
4763
4919
4614
4145
3732
3286
2677
2094
1797
1714
1554
1274
1113
1110
938
542
281
202
38
-181
-183
113
512
845
1203
1638
2011
2193
2140
1952
1740
1373
808
307
-17
-303
-618
-810
-804
-758
-841
-1074
-1413
-1784
-2163
-2546
-2791
-2740
-2481
-2158
-1665
-884
-38
603
1053
1348
1342
1023
568
68
-489
-1007
-1395
-1633
-1687
-1575
-1435
-1326
-1200
-1114
-1189
-1358
-1483
-1580
-1688
-1698
-1516
-1232
-925
-568
-178
124
246
197
23
-229
-523
-834
-1091
-1167
-1067
-922
-747
-475
-186
-19
36
34
-50
-212
-378
-513
-617
-636
-529
-311
-23
276
520
685
787
814
768
699
629
535
460
482
564
609
612
590
518
374
143
-153
-455
-780
-1236
-1807
-2209
-2326
-2510
-2859
-2887
-2373
-1678
-1048
-184
1124
2375
3163
3809
4550
5037
4959
4511
4072
3657
3040
2312
1836
1674
1529
1232
998
1000
940
585
239
126
29
-167
-250
-24
397
785
1112
1491
1918
2182
2134
1926
1730
1414
862
300
-61
-345
-689
-953
-1010
-951
-950
-1050
-1126
-1247
-1664
-2229
-2583
-2709
-2750
-2668
-2299
-1657
-947
-229
474
977
1204
1160
810
317
-138
-624
-1123
-1427
-1515
-1549
-1559
-1413
-1149
-1027
-1075
-1118
-1197
-1376
-1533
-1608
-1600
-1465
-1212
-888
-506
-91
202
266
231
171
-26
-334
-563
-681
-789
-839
-713
-476
-235
-15
144
221
211
96
-107
-332
-474
-523
-537
-402
-110
168
436
713
889
970
1010
998
924
818
732
653
544
476
446
381
335
343
279
109
-102
-351
-705
-1220
-1807
-2261
-2612
-3068
-3467
-3361
-2712
-1914
-1093
80
1558
2766
3552
4248
4836
4978
4603
4008
3474
2942
2316
1783
1533
1491
1423
1225
1093
1060
835
361
-43
-252
-432
-621
-600
-244
243
681
1179
1746
2176
2325
2211
1960
1620
1089
425
-84
-340
-526
-715
-767
-671
-626
-695
-795
-859
-1001
-1352
-1782
-2136
-2419
-2637
-2658
-2439
-2016
-1466
-918
-326
241
672
876
801
636
420
70
-338
-629
-777
-923
-1039
-1007
-894
-864
-870
-861
-944
-1106
-1222
-1295
-1316
-1205
-1019
-804
-500
-148
125
271
342
359
236
-25
-248
-404
-568
-675
-666
-572
-421
-261
-114
35
154
165
57
-77
-185
-302
-398
-394
-306
-196
-44
174
406
583
674
677
644
625
590
505
438
433
419
365
341
349
320
237
117
-7
-169
-393
-744
-1264
-1797
-2188
-2526
-3007
-3377
-3237
-2753
-2173
-1431
-301
1088
2184
2972
3765
4382
4530
4208
3725
3317
2830
2197
1652
1434
1390
1260
1124
1126
1196
1026
641
383
206
-75
-371
-400
-108
257
608
1065
1631
2087
2253
2185
2036
1781
1294
677
176
-151
-439
-689
-758
-640
-518
-504
-535
-552
-626
-826
-1144
-1558
-2049
-2484
-2707
-2676
-2405
-1912
-1279
-621
34
659
1102
1255
1179
917
452
-100
-551
-888
-1157
-1275
-1216
-1092
-942
-740
-611
-665
-817
-995
-1239
-1484
-1564
-1480
-1322
-1055
-655
-237
111
382
507
423
213
-45
-355
-647
-817
-871
-823
-650
-395
-149
71
238
266
146
-24
-218
-435
-583
-585
-502
-375
-142
179
477
709
868
913
864
780
655
479
303
153
37
-19
-11
36
89
110
74
-17
-167
-434
-888
-1490
-2060
-2463
-2843
-3303
-3510
-3134
-2412
-1683
-775
527
1904
2852
3512
4186
4611
4522
4043
3526
3098
2602
2059
1685
1592
1576
1438
1300
1262
1214
912
467
174
-49
-303
-507
-378
55
527
997
1479
1989
2303
2279
2068
1795
1427
827
205
-166
-367
-567
-684
-613
-453
-384
-470
-564
-646
-827
-1123
-1510
-1882
-2166
-2452
-2622
-2467
-2079
-1616
-1144
-584
48
488
733
862
815
561
170
-246
-602
-800
-951
-1096
-1087
-985
-929
-958
-990
-1018
-1189
-1399
-1521
-1564
-1532
-1395
-1120
-807
-472
-127
141
313
381
289
31
-236
-424
-612
-784
-804
-673
-509
-325
-98
109
237
273
212
80
-56
-187
-314
-339
-210
-31
141
395
681
844
901
940
899
725
496
274
71
-59
-88
-53
43
199
321
337
281
204
69
-169
-558
-1088
-1601
-1947
-2253
-2677
-2966
-2726
-2100
-1495
-823
239
1451
2307
2855
3440
3965
4061
3730
3317
2994
2640
2156
1735
1616
1664
1559
1330
1249
1230
948
483
199
80
-126
-349
-313
-10
371
720
1073
1479
1829
1914
1723
1462
1193
775
239
-171
-373
-512
-651
-661
-503
-340
-325
-447
-585
-719
-1034
-1582
-2108
-2472
-2737
-2862
-2716
-2254
-1620
-964
-272
409
932
1229
1233
955
564
100
-446
-867
-1049
-1122
-1180
-1168
-1028
-860
-832
-899
-996
-1186
-1420
-1594
-1682
-1616
-1382
-1044
-608
-122
295
566
675
637
437
84
-266
-519
-738
-869
-802
-597
-357
-90
159
324
393
374
239
25
-137
-225
-298
-286
-108
140
356
583
838
1012
1031
924
739
521
291
68
-96
-161
-144
-87
-5
97
198
253
195
29
-147
-342
-672
-1125
-1502
-1693
-1862
-2181
-2414
-2209
-1746
-1330
-879
-104
873
1577
2094
2709
3262
3428
3204
2940
2745
2476
2070
1705
1581
1507
1305
1111
1075
1113
953
660
493
390
191
-75
-147
79
321
479
705
1071
1399
1468
1430
1424
1308
957
510
194
-11
-248
-477
-576
-526
-469
-519
-617
-626
-675
-1030
-1618
-2070
-2296
-2497
-2601
-2339
-1762
-1133
-460
340
1080
1516
1613
1400
947
422
-104
-664
-1124
-1318
-1342
-1368
-1261
-914
-650
-664
-719
-759
-957
-1242
-1389
-1390
-1358
-1256
-993
-599
-159
206
387
447
440
250
-115
-439
-634
-808
-942
-889
-653
-371
-101
151
334
373
271
91
-108
-280
-401
-471
-457
-310
-65
202
471
702
813
809
764
635
365
69
-144
-265
-304
-257
-168
-95
-30
13
-17
-84
-158
-354
-703
-1080
-1403
-1619
-1716
-1834
-1989
-1899
-1514
-1071
-649
-57
777
1451
1848
2332
2870
3138
3061
2876
2724
2472
2137
1805
1646
1635
1541
1389
1309
1335
1227
950
774
674
497
247
157
278
432
615
830
1091
1347
1470
1449
1347
1236
998
580
202
-27
-189
-372
-473
-448
-417
-438
-503
-660
-933
-1263
-1690
-2068
-2173
-2101
-1926
-1585
-997
-325
202
701
1105
1220
1067
744
318
-222
-701
-1094
-1422
-1526
-1442
-1321
-1194
-969
-774
-803
-899
-998
-1164
-1370
-1495
-1463
-1356
-1127
-789
-474
-185
68
200
139
-16
-195
-458
-724
-863
-891
-856
-708
-452
-207
-22
112
147
75
-12
-128
-312
-444
-431
-380
-323
-149
106
322
503
671
727
659
561
437
243
58
-42
-117
-150
-121
-86
-81
-81
-41
-84
-149
-149
-173
-275
-436
-570
-658
-743
-931
-1241
-1412
-1294
-1095
-901
-480
221
930
1494
2115
2778
3170
3215
3045
2830
2524
2112
1712
1413
1302
1254
1182
1193
1346
1465
1380
1219
1097
886
536
270
224
265
333
506
808
1128
1338
1420
1412
1308
1063
644
201
-94
-342
-631
-804
-764
-623
-602
-714
-788
-910
-1227
-1596
-1840
-1928
-1891
-1726
-1347
-792
-228
314
716
918
927
693
258
-233
-678
-1161
-1532
-1677
-1662
-1516
-1342
-1084
-855
-779
-776
-859
-1021
-1196
-1321
-1424
-1444
-1295
-1043
-763
-472
-175
2
17
-43
-178
-386
-614
-749
-792
-792
-664
-442
-188
37
175
237
204
129
-41
-84
-149
-150
-172
-274
-436
-569
-658
-743
-930
-1241
-1412
-1294
-1094
-901
-479
221
930
1494
2116
2778
3170
3216
3046
2831
2524
2111
1712
1412
1303
1255
1182
1193
1346
1465
1380
1219
1097
886
536
271
224
264
333
506
808
1128
1339
1420
1411
1308
1062
643
201
-95
-343
-630
-804
-764
-622
-602
-714
-789
-911
-1228
-1596
-1840
-1927
-1891
-1726
-1347
-792
-227
312
716
918
927
692
258
-234
-679
-1161
-1532
-1677
-1662
-1515
-1342
-1084
-857
-779
-776
-859
-1021
-1195
-1321
-1424
-1444
-1295
-1043
-763
-472
-175
2
17
-43
-178
-387
-614
-749
-791
-792
-665
-441
-188
36
175
238
205
130
-4
-189
-307
-329
-321
-291
-149
76
273
423
578
709
758
744
680
585
480
377
266
192
197
215
174
120
95
58
-30
-108
-105
-104
-211
-381
-539
-675
-862
-1217
-1578
-1670
-1543
-1367
-1039
-361
519
1265
1859
2497
3075
3295
3141
2851
2533
2115
1620
1208
1015
999
1007
1030
1196
1415
1428
1250
1094
933
616
261
94
112
201
352
616
973
1288
1442
1461
1414
1229
824
316
-105
-431
-719
-909
-921
-791
-616
-498
-502
-603
-782
-1137
-1626
-1966
-2072
-2088
-1976
-1565
-927
-316
212
722
1041
1035
839
461
-88
-603
-1062
-1499
-1739
-1703
-1532
-1347
-1074
-718
-532
-577
-645
-721
-922
-1141
-1219
-1168
-1035
-788
-472
-175
104
304
322
232
118
-108
-434
-648
-712
-749
-714
-502
-224
-4
186
327
320
200
56
-141
-360
-461
-441
-388
-248
-4
222
419
638
775
769
717
629
447
256
146
78
66
156
275
341
386
395
281
71
-112
-246
-391
-516
-522
-412
-300
-261
-265
-263
-381
-768
-1238
-1470
-1484
-1499
-1397
-833
38
744
1370
2186
2871
3095
2973
2755
2443
1936
1386
961
753
702
700
789
1037
1355
1441
1327
1267
1133
756
366
190
140
131
254
535
868
1169
1377
1421
1338
1165
794
266
-165
-451
-731
-916
-911
-856
-798
-702
-636
-631
-703
-924
-1196
-1356
-1378
-1334
-1211
-898
-483
-157
172
551
753
689
497
184
-269
-731
-1092
-1360
-1515
-1489
-1347
-1185
-953
-676
-536
-546
-592
-696
-874
-1025
-1096
-1093
-1010
-843
-590
-305
-77
74
134
84
-42
-219
-431
-598
-678
-706
-672
-537
-343
-168
-38
57
80
12
-108
-231
-334
-398
-408
-337
-172
50
275
479
642
727
702
604
488
357
200
54
-21
-30
-8
36
98
135
124
79
6
-71
-133
-172
-177
-134
-63
13
92
121
44
-112
-343
-727
-1198
-1490
-1515
-1428
-1215
-662
162
937
1602
2286
2852
3047
2918
2655
2298
1833
1342
965
787
773
812
889
1088
1327
1388
1257
1106
942
647
334
206
234
292
422
675
966
1202
1344
1355
1227
992
644
207
-193
-481
-755
-1045
-1194
-1128
-1007
-964
-925
-833
-770
-791
-812
-746
-621
-512
-414
-255
-36
133
161
81
-42
-230
-523
-844
-1076
-1219
-1345
-1438
-1402
-1234
-1055
-928
-810
-692
-647
-691
-749
-786
-837
-905
-934
-868
-720
-580
-474
-354
-230
-200
-264
-315
-342
-409
-516
-590
-582
-522
-474
-437
-359
-251
-194
-190
-166
-111
-98
-124
-103
-21
63
121
196
306
409
449
438
430
433
401
324
269
256
223
167
164
223
256
246
249
267
246
177
108
72
57
31
7
44
130
143
38
-89
-241
-552
-926
-1075
-1003
-922
-741
-251
401
969
1519
2115
2542
2650
2547
2349
2053
1667
1261
922
735
696
711
785
976
1169
1187
1094
1006
843
571
334
204
129
132
253
454
689
908
1041
1056
971
779
481
94
-358
-791
-1097
-1266
-1359
-1325
-1116
-893
-769
-616
-403
-337
-424
-460
-476
-559
-571
-482
-437
-400
-301
-290
-394
-446
-500
-709
-940
-1039
-1129
-1265
-1269
-1138
-1041
-945
-765
-620
-559
-472
-421
-496
-571
-572
-619
-681
-612
-495
-435
-342
-192
-108
-94
-89
-127
-230
-331
-411
-507
-555
-514
-448
-377
-237
-72
31
113
207
229
171
127
98
61
72
140
208
280
388
479
505
504
487
403
274
167
94
31
11
48
94
138
216
293
322
310
281
219
137
68
23
1
38
112
154
159
150
44
-233
-576
-833
-993
-1097
-1066
-795
-329
193
737
1324
1857
2174
2255
2189
1998
1669
1273
928
686
539
479
532
690
872
990
1029
1005
899
710
484
283
172
144
158
248
448
676
831
911
935
809
465
43
-344
-712
-1003
-1122
-1056
-857
-601
-329
-80
94
156
69
-122
-302
-484
-678
-783
-776
-714
-612
-484
-368
-294
-281
-372
-544
-718
-895
-1084
-1191
-1160
-1052
-925
-742
-511
-340
-269
-250
-291
-390
-519
-657
-757
-793
-789
-752
-661
-516
-366
-283
-244
-225
-276
-408
-537
-610
-649
-653
-601
-491
-354
-212
-88
-5
52
84
62
21
22
39
49
89
155
219
277
332
373
382
344
269
168
77
33
0
-28
-1
65
119
185
261
301
301
283
234
150
90
69
52
69
137
195
201
199
180
62
-147
-364
-580
-734
-747
-645
-422
-43
418
884
1340
1759
2037
2109
2063
1932
1649
1316
1055
829
634
550
580
648
732
834
877
834
773
686
542
416
354
304
278
330
407
449
498
557
535
427
315
186
10
-136
-217
-294
-363
-374
-368
-391
-395
-366
-367
-376
-352
-343
-363
-382
-395
-435
-496
-547
-605
-700
-786
-847
-915
-968
-965
-946
-917
-854
-784
-738
-688
-627
-606
-624
-627
-630
-676
-727
-740
-743
-758
-750
-722
-701
-685
-670
-671
-673
-658
-650
-644
-601
-522
-453
-394
-320
-248
-204
-169
-120
-71
-35
-2
42
80
107
124
136
145
139
111
78
63
69
84
105
141
202
273
331
374
408
415
379
320
253
188
159
170
202
264
366
466
533
585
626
632
596
531
439
335
219
73
-87
-213
-281
-308
-279
-156
67
337
602
873
1157
1393
1517
1539
1511
1426
1266
1071
910
794
696
610
552
544
576
590
562
534
517
453
355
312
323
331
347
395
456
498
491
427
336
230
56
-190
-402
-530
-653
-766
-754
-618
-483
-360
-206
-77
-43
-85
-179
-319
-471
-620
-781
-900
-939
-962
-997
-958
-843
-770
-760
-708
-656
-681
-713
-713
-725
-735
-722
-707
-692
-644
-587
-584
-598
-575
-594
-668
-708
-710
-719
-727
-699
-633
-548
-446
-365
-311
-236
-171
-158
-157
-134
-108
-103
-92
-32
31
58
97
146
181
202
195
170
159
158
141
131
170
224
250
298
388
453
485
525
541
498
428
349
251
151
87
55
50
112
224
327
443
578
637
628
619
572
455
333
250
179
106
65
46
19
16
44
52
81
168
245
305
412
541
626
695
786
856
873
865
841
773
679
596
501
414
368
327
273
260
279
281
271
278
301
301
276
271
268
244
220
189
152
120
87
45
6
-19
-58
-105
-132
-154
-197
-235
-251
-270
-313
-353
-379
-410
-456
-493
-513
-526
-533
-541
-544
-544
-549
-566
-578
-571
-561
-562
-558
-543
-528
-528
-548
-571
-591
-619
-655
-684
-696
-708
-721
-716
-685
-638
-596
-562
-529
-484
-437
-396
-361
-318
-267
-219
-177
-133
-95
-69
-59
-61
-67
-74
-86
-103
-118
-116
-100
-78
-45
4
67
128
178
230
280
321
343
354
366
370
342
290
243
213
190
173
181
217
260
302
346
389
425
439
429
406
392
376
345
312
295
280
247
203
172
151
137
136
164
225
298
366
436
513
577
610
622
627
608
566
521
486
457
434
425
434
454
486
516
540
554
558
543
507
457
403
346
298
263
231
204
192
183
165
149
138
115
77
36
-5
-63
-125
-171
-206
-232
-254
-279
-298
-305
-327
-377
-429
-466
-517
-584
-634
-656
-679
-697
-693
-679
-649
-624
-606
-592
-575
-562
-600
-632
-650
-680
-721
-757
-762
-764
-762
-742
-708
-659
-618
-581
-537
-489
-457
-436
-414
-386
-366
-357
-337
-307
-277
-245
-191
-123
-61
-11
28
37
22
-3
-41
-76
-99
-107
-93
-53
40
141
223
312
388
432
433
415
395
341
302
289
275
279
315
370
417
467
527
565
580
583
567
536
513
494
472
466
479
487
485
495
498
461
412
379
339
278
240
239
252
279
322
372
414
452
475
473
453
431
394
349
319
286
242
222
230
230
230
243
252
237
224
216
194
168
150
137
126
124
120
104
83
61
23
-27
-70
-110
-152
-192
-221
-242
-263
-277
-284
-289
-288
-290
-300
-314
-334
-363
-401
-444
-486
-523
-550
-564
-569
-560
-544
-524
-504
-495
-496
-509
-533
-574
-619
-657
-687
-702
-701
-686
-657
-610
-555
-508
-471
-444
-423
-410
-406
-395
-376
-355
-335
-305
-264
-228
-199
-173
-147
-118
-89
-74
-64
-36
-8
14
51
94
116
132
163
192
211
241
277
308
344
380
397
395
397
391
371
360
369
381
399
437
486
523
546
563
566
551
530
504
479
468
469
469
473
486
494
492
483
465
433
392
347
296
249
213
187
166
158
156
151
145
139
124
98
77
68
68
85
121
161
197
219
223
210
177
117
40
-33
-93
-143
-177
-174
-145
-114
-76
-30
12
37
50
45
22
-13
-46
-81
-113
-124
-133
-129
-116
-109
-102
-122
-141
-166
-207
-250
-312
-357
-388
-411
-417
-417
-396
-375
-352
-326
-307
-286
-288
-294
-317
-344
-368
-404
-416
-428
-428
-416
-409
-392
-393
-395
-396
-410
-421
-433
-435
-422
-398
-356
-304
-248
-189
-126
-82
-45
-30
-37
-52
-85
-104
-125
-136
-122
-107
-70
-30
20
71
111
154
186
206
210
203
192
178
170
175
188
211
243
284
328
363
386
391
380
354
320
286
259
246
253
276
314
361
409
459
492
510
506
481
440
388
336
277
219
178
147
125
121
137
153
172
196
206
196
177
157
129
102
97
105
128
166
209
243
255
246
211
154
86
12
-51
-94
-112
-111
-90
-54
-15
18
45
56
44
17
-22
-59
-94
-116
-125
-118
-104
-88
-73
-65
-71
-92
-125
-166
-213
-255
-287
-305
-306
-286
-254
-219
-188
-161
-149
-154
-178
-211
-246
-284
-320
-343
-350
-344
-330
-308
-283
-267
-265
-275
-295
-320
-349
-375
-393
-397
-384
-356
-315
-268
-223
-181
-148
-126
-115
-112
-119
-135
-154
-161
-155
-138
-114
-81
-42
-2
27
45
50
42
26
12
1
-6
-4
8
38
75
114
153
184
205
215
219
223
223
219
217
220
228
240
258
275
287
293
297
296
291
287
293
306
318
329
342
353
356
348
336
317
294
263
232
205
185
168
153
140
127
109
92
77
70
70
78
89
102
111
114
109
100
88
75
66
68
75
78
77
76
69
49
20
-14
-47
-65
-67
-55
-35
-8
22
46
53
41
17
-16
-53
-89
-117
-134
-137
-132
-121
-105
-89
-83
-79
-83
-98
-122
-147
-174
-197
-212
-211
-206
-198
-181
-163
-157
-160
-171
-195
-233
-272
-309
-335
-351
-353
-344
-324
-297
-272
-252
-244
-251
-264
-271
-276
-276
-262
-239
-207
-167
-129
-100
-88
-84
-85
-89
-106
-121
-136
-150
-158
-153
-136
-115
-87
-50
-19
8
39
64
75
80
90
101
110
131
162
192
218
236
250
246
228
208
192
175
161
157
168
181
203
234
266
286
295
298
294
283
272
267
266
271
285
302
317
326
317
289
242
185
120
51
-11
-59
-83
-77
-47
2
57
109
154
189
209
214
200
167
124
73
24
-18
-52
-72
-80
-71
-51
-24
5
31
53
68
71
60
37
8
-21
-43
-58
-62
-55
-41
-22
-7
3
4
-6
-26
-52
-81
-108
-130
-144
-147
-141
-132
-121
-110
-102
-96
-96
-102
-118
-142
-171
-201
-228
-250
-265
-273
-276
-270
-265
-257
-249
-241
-232
-223
-215
-202
-186
-165
-139
-115
-91
-75
-64
-59
-58
-64
-76
-89
-105
-116
-125
-123
-116
-101
-85
-71
-62
-60
-62
-66
-69
-71
-70
-63
-47
-25
5
41
80
114
140
159
162
147
126
107
92
83
86
108
143
183
220
250
272
281
262
225
188
154
114
89
83
80
96
140
177
211
244
250
238
213
171
126
81
41
18
-1
-5
8
22
37
56
65
66
58
42
22
-1
-19
-21
-11
8
42
81
118
152
173
178
171
147
112
76
28
-20
-47
-65
-67
-51
-25
1
27
47
51
36
11
-17
-53
-90
-110
-115
-108
-95
-76
-56
-41
-29
-25
-27
-33
-46
-53
-61
-69
-72
-81
-89
-88
-93
-97
-103
-124
-143
-158
-184
-202
-211
-223
-219
-194
-161
-120
-78
-41
-5
21
29
21
-5
-47
-95
-145
-185
-208
-214
-210
-192
-161
-128
-100
-72
-47
-35
-28
-11
4
5
0
1
1
-3
-11
-21
-35
-47
-55
-49
-37
-18
10
41
59
70
82
92
87
83
80
75
72
72
72
70
71
77
90
106
113
120
132
146
153
158
160
157
154
149
135
119
105
90
74
59
47
34
27
25
25
29
40
50
60
69
80
83
81
78
68
51
35
20
5
-3
1
17
36
58
77
93
101
89
61
32
7
-20
-44
-60
-64
-55
-32
-7
17
38
58
65
56
42
25
2
-28
-54
-70
-81
-87
-78
-59
-42
-30
-15
-3
-4
-13
-26
-41
-58
-74
-85
-92
-95
-99
-96
-87
-84
-89
-91
-90
-93
-101
-109
-111
-113
-112
-108
-101
-100
-99
-94
-90
-98
-106
-106
-112
-121
-122
-113
-105
-95
-84
-72
-60
-42
-31
-18
-3
3
1
4
10
17
23
31
43
58
78
97
107
108
109
106
98
91
89
90
89
89
82
72
67
62
54
47
47
48
48
52
62
76
87
99
104
100
90
81
66
47
25
10
1
-6
-3
12
28
35
40
41
24
-10
-44
-76
-104
-123
-119
-100
-69
-31
10
48
79
95
97
88
71
48
27
8
-14
-29
-37
-39
-40
-44
-44
-41
-35
-29
-23
-17
-12
-4
6
19
31
46
66
84
97
99
91
75
47
11
-24
-53
-78
-92
-92
-75
-47
-18
10
39
62
63
52
29
4
-17
-44
-66
-77
-75
-63
-48
-30
-10
5
11
7
-1
-10
-29
-47
-62
-75
-68
-59
-49
-34
-34
-42
-51
-84
-117
-144
-168
-167
-149
-122
-74
-27
14
47
64
65
60
42
20
3
-9
-20
-23
-14
-2
18
38
50
62
72
70
65
58
49
44
42
45
48
49
52
53
58
66
71
76
81
78
78
78
72
65
58
46
33
22
14
11
4
-4
-4
-5
-13
-22
-36
-55
-71
-83
-81
-66
-48
-28
-1
27
47
58
62
65
55
35
14
-3
-19
-38
-54
-64
-66
-66
-63
-56
-42
-28
-11
6
21
31
36
38
34
27
22
19
8
-7
-20
-31
-41
-51
-60
-65
-64
-64
-59
-51
-39
-20
1
26
52
76
92
95
87
67
41
8
-27
-61
-84
-92
-87
-70
-44
-12
16
39
57
68
66
55
41
28
16
4
-3
-3
-1
-1
5
9
9
3
-2
-10
-23
-36
-39
-31
-23
-13
3
21
35
41
41
36
28
15
1
-15
-38
-61
-75
-80
-79
-75
-61
-41
-20
-3
12
28
39
38
32
26
15
5
-2
0
7
18
31
45
58
72
80
82
74
56
32
7
-14
-30
-41
-43
-39
-33
-26
-16
-5
6
17
25
23
16
6
-1
-3
-2
-2
-3
-5
-8
-10
-14
-20
-26
-32
-38
-45
-51
-56
-58
-57
-54
-51
-44
-36
-26
-16
-8
-2
-1
-4
-12
-19
-25
-27
-28
-23
-15
-7
3
9
17
21
27
30
32
31
34
38
43
46
46
43
38
32
24
16
5
-5
-9
-7
5
21
38
51
60
64
64
52
34
13
-6
-21
-28
-29
-29
-26
-19
-9
2
11
17
18
17
14
8
7
9
13
22
32
38
40
40
40
46
46
43
41
36
24
8
-3
-11
-19
-30
-37
-35
-32
-28
-26
-22
-25
-34
-41
-45
-50
-54
-49
-37
-26
-21
-18
-14
-12
-18
-27
-32
-34
-37
-39
-42
-39
-30
-23
-23
-27
-28
-31
-41
-56
-71
-77
-73
-65
-51
-31
-5
16
30
39
43
39
30
20
11
2
-4
-8
-8
-8
-10
-8
-3
0
1
-1
-1
1
5
12
18
24
23
26
26
22
22
29
42
53
60
68
78
82
74
57
38
23
9
2
-1
3
11
20
31
43
51
55
55
46
27
3
-16
-27
-29
-25
-14
4
28
55
75
85
85
74
53
25
-6
-36
-62
-80
-88
-85
-72
-52
-27
-1
21
37
46
46
36
20
1
-19
-38
-55
-73
-88
-97
-100
-94
-82
-68
-52
-35
-16
1
15
29
39
45
50
48
41
29
16
2
-13
-27
-40
-50
-56
-57
-54
-45
-32
-13
9
31
49
60
62
55
46
33
20
1
-20
-40
-56
-65
-69
-71
-68
-63
-55
-45
-30
-19
-6
5
15
21
23
21
13
0
-13
-26
-34
-33
-24
-12
-2
5
7
9
7
2
-8
-15
-17
-16
-13
-9
-5
1
8
16
18
18
14
14
18
24
29
33
39
44
46
44
38
31
19
8
1
-1
3
10
19
34
47
59
64
62
58
51
44
40
38
40
43
46
53
65
73
76
66
50
32
12
-14
-38
-57
-63
-60
-47
-26
2
27
45
52
51
42
23
-3
-34
-59
-71
-71
-60
-46
-27
-4
18
30
33
25
12
-8
-31
-53
-69
-77
-78
-73
-61
-48
-36
-29
-26
-26
-31
-46
-62
-76
-79
-73
-61
-45
-28
-17
-9
-4
-2
-9
-27
-47
-64
-74
-76
-66
-43
-14
15
41
58
65
58
40
15
-13
-40
-65
-81
-85
-76
-56
-33
-9
13
30
40
41
35
30
25
13
2
-2
-1
3
12
28
42
48
45
43
40
31
18
13
15
22
26
33
43
50
57
63
68
67
62
58
54
50
45
45
50
50
46
44
46
46
44
44
49
48
44
37
32
22
11
2
-1
-8
-14
-14
-8
0
7
16
26
30
27
17
4
-11
-23
-33
-38
-44
-47
-46
-43
-42
-46
-51
-51
-48
-44
-44
-45
-47
-43
-33
-23
-16
-11
-5
-1
0
-5
-3
-6
-16
-31
-42
-48
-54
-63
-61
-52
-43
-38
-33
-22
-16
-15
-16
-16
-17
-20
-21
-20
-19
-20
-19
-13
-7
-4
-5
-10
-15
-19
-22
-24
-24
-23
-19
-11
5
16
23
27
31
33
26
18
9
-3
-13
-14
-10
-5
7
25
43
56
62
64
58
48
36
22
9
0
-5
-4
3
15
24
36
47
54
51
47
42
31
16
4
-4
-6
-5
5
16
24
32
41
49
51
46
40
29
14
-2
-13
-23
-28
-23
-10
0
5
11
10
2
-5
-13
-29
-41
-45
-46
-44
-32
-20
-11
2
18
31
38
38
28
13
-7
-22
-35
-47
-56
-58
-50
-39
-23
-7
0
0
-4
-8
-15
-22
-27
-32
-33
-25
-11
3
18
31
34
31
22
8
-12
-28
-39
-47
-47
-33
-18
-3
17
30
35
43
43
28
12
-4
-22
-35
-39
-36
-27
-8
9
19
33
35
31
27
19
5
-2
-13
-20
-26
-20
-5
4
12
20
22
21
14
8
-1
-17
-32
-39
-43
-47
-47
-32
-15
-3
13
32
34
37
38
30
19
12
1
-8
-17
-30
-35
-35
-29
-18
-8
0
7
2
1
5
8
12
12
14
22
25
21
20
19
16
14
11
7
-3
-19
-26
-29
-36
-38
-26
-7
4
12
28
38
40
49
51
37
28
17
-2
-13
-22
-33
-30
-21
-16
-7
5
12
23
23
23
24
20
16
15
7
0
-2
-1
-1
-3
-1
2
4
6
8
11
8
4
1
-2
-8
-13
-15
-11
-11
-12
-10
-2
6
17
24
24
16
6
3
-1
-8
-14
-20
-24
-22
-13
-8
-7
-3
0
-4
-3
-2
-8
-14
-16
-21
-30
-26
-21
-18
-8
3
8
14
15
7
-1
-11
-26
-36
-38
-35
-33
-23
-10
-5
1
9
13
11
7
0
-8
-14
-20
-20
-17
-9
-2
4
10
13
12
9
6
-2
-14
-26
-31
-30
-27
-17
2
19
29
42
49
47
40
36
30
15
4
-6
-17
-20
-18
-11
-5
4
10
12
14
17
15
14
14
13
10
10
11
11
13
17
16
15
13
11
6
3
3
2
-2
-8
-8
-4
-7
-12
-16
-11
-7
-6
-3
3
9
11
12
15
17
13
5
-3
-9
-15
-18
-19
-14
-5
7
13
18
21
25
26
24
17
10
2
-5
-10
-12
-11
-8
-4
-1
2
5
9
14
18
22
22
19
17
11
5
-3
-9
-16
-18
-14
-11
-10
-11
-8
-3
-1
-4
-7
-9
-14
-20
-24
-25
-24
-22
-18
-15
-15
-19
-20
-21
-21
-24
-22
-17
-9
-7
-6
-6
-6
-9
-13
-20
-30
-38
-35
-30
-27
-27
-25
-22
-19
-20
-16
-8
-4
-2
2
11
18
25
30
33
26
16
5
-1
-7
-15
-21
-20
-15
-6
7
24
37
42
40
35
30
23
15
6
0
-2
4
11
19
30
37
41
42
38
30
20
8
-1
-9
-12
-10
-2
6
17
27
36
39
36
28
19
13
3
-8
-12
-10
-1
9
17
30
40
39
30
17
3
-12
-29
-42
-47
-48
-41
-27
-8
11
27
38
45
41
29
14
-1
-19
-36
-43
-43
-40
-37
-29
-18
-10
-4
3
9
7
2
2
2
-3
-16
-20
-19
-19
-25
-27
-22
-14
-12
-9
-9
-11
-19
-23
-22
-20
-21
-21
-15
-8
-2
0
1
-2
-10
-20
-30
-33
-34
-33
-27
-12
4
12
19
27
25
16
14
15
3
-15
-27
-30
-27
-21
-17
-7
1
3
4
11
15
15
17
22
22
20
20
16
12
12
13
15
16
13
8
6
2
0
-1
1
6
8
8
9
15
26
35
44
48
42
32
24
12
-1
-9
-13
-14
-10
-1
6
13
18
24
28
29
26
17
2
-12
-24
-29
-28
-26
-25
-19
-9
-1
5
10
8
0
-3
-3
-7
-12
-10
0
12
21
20
19
16
4
-15
-26
-31
-41
-46
-44
-40
-33
-19
-7
4
13
17
20
20
12
-1
-6
-7
-11
-13
-9
-3
1
4
5
4
0
-3
-10
-16
-16
-12
-9
-4
3
11
17
20
22
26
26
22
11
-2
-14
-25
-35
-40
-37
-31
-22
-12
0
13
25
33
40
41
33
20
6
-4
-13
-20
-27
-29
-28
-24
-20
-16
-10
-5
1
2
2
4
9
16
24
28
27
20
9
-3
-15
-29
-42
-47
-47
-44
-38
-24
-6
13
26
35
40
39
31
18
3
-8
-17
-24
-30
-31
-27
-15
-4
7
16
23
28
30
27
17
6
-3
-12
-20
-21
-15
-6
4
11
20
30
30
25
16
11
5
-3
-13
-19
-21
-14
-5
2
4
7
14
26
31
28
22
17
10
-1
-12
-21
-19
-15
-9
-5
2
12
21
27
26
20
10
0
-5
-9
-12
-14
-10
-3
4
9
12
14
12
4
-4
-10
-16
-19
-13
-1
13
21
28
31
31
25
10
-8
-26
-42
-54
-54
-46
-26
-4
14
28
35
35
27
12
-7
-24
-40
-51
-55
-48
-33
-15
-3
12
19
20
13
2
-5
-11
-16
-18
-18
-13
-7
1
8
9
8
5
4
-1
-7
-10
-9
-5
-5
-2
2
7
8
6
4
2
2
-1
-4
-4
-3
-3
-3
-1
2
4
3
-1
-4
-3
-1
3
6
4
0
-6
-9
-9
-6
0
6
10
15
16
15
16
13
12
9
2
1
-3
-4
-1
2
10
12
11
7
-3
-6
-8
-10
-6
-4
3
10
18
22
18
11
1
-10
-22
-31
-39
-38
-33
-20
-3
14
29
40
46
42
34
18
0
-16
-32
-38
-44
-38
-30
-17
1
15
29
32
32
25
14
5
-9
-17
-27
-26
-25
-16
-1
11
30
37
36
29
15
2
-13
-25
-33
-40
-39
-31
-14
9
31
50
56
54
43
27
8
-9
-29
-42
-47
-44
-28
-14
7
20
25
28
16
7
-7
-21
-31
-38
-31
-17
1
21
40
51
46
31
14
-4
-27
-50
-65
-65
-54
-36
-7
26
53
67
70
64
50
24
-5
-31
-51
-65
-72
-66
-46
-20
7
28
42
49
45
34
23
12
1
-11
-23
-30
-26
-18
-8
0
7
12
12
5
-5
-11
-13
-12
-11
-9
-1
11
22
25
27
27
23
14
-2
-18
-32
-40
-46
-41
-23
-1
17
30
43
50
45
28
9
-8
-28
-45
-49
-42
-36
-26
-10
12
28
28
24
20
12
1
-6
-7
-11
-14
-7
5
16
22
23
21
14
-1
-16
-24
-28
-29
-25
-14
-2
10
24
37
43
43
39
27
9
-11
-30
-38
-37
-34
-25
-11
1
16
26
27
23
19
11
7
2
-6
-11
-9
-7
1
9
11
12
8
2
-1
-7
-7
-7
-11
-12
-11
-10
0
5
10
17
15
14
15
8
3
-4
-18
-23
-25
-27
-20
-17
-14
-6
-3
5
12
13
15
12
7
4
-1
-8
-13
-15
-16
-13
-15
-13
-8
-5
1
4
4
9
13
14
18
14
9
5
-1
0
-6
-11
-16
-26
-24
-23
-23
-14
-9
-3
13
23
32
40
36
27
19
5
-8
-21
-30
-33
-30
-22
-13
-5
4
11
16
19
15
10
3
-6
-11
-12
-10
-5
3
12
21
28
31
24
12
-6
-25
-40
-47
-48
-37
-16
6
25
39
51
54
48
33
17
1
-17
-35
-46
-45
-38
-30
-16
-3
11
18
21
22
18
14
9
6
3
0
1
3
5
5
6
7
4
-3
-9
-12
-15
-20
-22
-19
-12
-4
6
15
21
30
33
31
19
5
-4
-12
-22
-31
-33
-26
-17
-13
-4
7
17
23
24
23
14
4
-6
-11
-16
-18
-14
-6
-1
2
6
8
8
5
1
-3
-5
-8
-9
-7
-4
0
5
10
11
12
10
5
-3
-15
-22
-26
-28
-28
-22
-9
2
13
21
29
31
28
18
10
0
-15
-27
-33
-35
-31
-24
-17
-3
9
17
23
22
17
6
-5
-8
-7
-4
4
3
3
11
12
8
6
-6
-15
-12
-14
-19
-16
-6
5
12
23
32
32
27
21
17
9
-1
-8
-18
-24
-22
-25
-24
-13
-7
-2
7
11
16
25
23
18
17
10
3
2
1
-5
-7
-7
-4
-3
-2
-4
-5
-8
-6
1
0
-6
-6
-3
-5
-9
-3
-1
-4
0
-1
-7
1
3
1
0
-5
-3
1
-3
-7
-7
-9
-7
-6
-6
-5
-2
3
8
12
13
15
14
10
4
0
-6
-13
-15
-13
-12
-9
-1
7
13
15
16
12
6
4
0
-5
-12
-18
-20
-16
-9
-1
7
10
13
13
13
11
8
4
-1
-5
-12
-12
-8
-2
7
14
17
16
13
8
0
-9
-16
-22
-25
-25
-19
-12
-2
7
16
24
28
27
23
14
4
-7
-15
-22
-28
-29
-29
-26
-21
-15
-7
1
7
10
12
14
15
16
14
9
5
-1
-5
-8
-11
-13
-17
-17
-17
-17
-17
-13
-7
3
13
20
23
21
20
16
13
10
3
-2
-8
-11
-11
-11
-10
-10
-10
-10
-10
-8
-7
-4
1
7
11
13
13
10
8
9
7
5
1
-3
-6
-6
-5
-5
-2
-2
-2
-2
-2
-2
-1
2
4
8
14
21
25
25
21
13
5
-4
-12
-21
-28
-33
-29
-24
-17
-10
-2
9
19
26
29
27
23
18
13
2
-9
-19
-25
-27
-29
-29
-27
-18
-2
12
20
23
23
23
21
18
12
2
-8
-13
-17
-15
-14
-12
-9
-7
-3
1
7
8
9
8
5
4
1
-2
-4
-6
-7
-10
-10
-11
-10
-9
-6
-4
-2
-1
-1
0
0
2
4
4
5
7
8
9
6
2
-2
-4
-8
-9
-9
-7
-4
-1
0
0
0
4
8
11
10
9
6
3
-2
-7
-11
-13
-12
-8
-7
-6
-2
7
12
14
13
11
2
-6
-7
-7
-14
-20
-19
-16
-9
-1
7
17
25
25
21
20
10
-3
-10
-16
-25
-26
-16
-6
0
11
19
23
20
15
9
-2
-9
-15
-23
-28
-28
-22
-8
9
19
23
30
36
34
25
12
-6
-19
-24
-29
-38
-38
-28
-16
-8
1
10
19
24
24
24
22
17
8
2
0
-1
-5
-9
-7
-6
0
6
6
6
6
2
-2
-1
4
6
12
19
18
13
11
9
2
-9
-19
-19
-17
-19
-22
-17
-14
-13
-5
6
12
13
13
12
5
0
-5
-6
-10
-13
-14
-16
-13
-4
1
1
0
3
7
8
7
5
7
9
4
-1
-5
-5
-7
-9
-11
-10
-7
-6
-7
-5
0
5
8
10
11
12
9
0
-4
-4
-1
-2
-4
-4
-3
-2
-1
1
7
6
2
0
-3
-6
-11
-12
-7
-5
-4
-4
-1
5
9
14
13
9
4
1
-4
-12
-18
-17
-13
-10
-11
-4
1
6
9
12
14
11
5
2
0
-4
-10
-12
-7
-4
-4
-1
4
11
11
10
9
8
4
1
-1
-2
-6
-9
-8
-1
4
7
8
7
5
0
-4
-8
-8
-11
-10
-6
5
15
17
13
9
6
5
2
-2
-7
-10
-12
-13
-11
-6
0
7
17
21
20
12
4
-2
-7
-9
-9
-8
-7
-9
-7
-4
3
7
4
1
0
-2
-3
-7
-7
-2
0
0
-1
0
3
5
6
3
-1
-6
-4
-4
-10
-12
-9
-3
-1
2
6
11
12
6
2
1
0
-3
-7
-8
-9
-8
-5
-2
-1
-3
-1
4
11
12
9
7
5
2
-4
-7
-9
-11
-14
-11
-4
6
6
2
5
11
10
5
-1
1
2
1
2
6
8
3
1
3
5
3
2
0
-3
-7
-9
-8
-7
-6
-6
-2
7
12
17
14
9
1
-9
-15
-25
-28
-24
-21
-17
-13
-5
0
6
11
18
13
14
10
4
-4
-9
-9
-12
-11
-3
-1
4
7
11
13
7
11
5
5
1
0
1
2
3
3
2
3
2
2
4
4
5
4
4
2
-3
0
1
5
5
13
13
12
10
6
4
1
-2
-3
-5
-4
-7
-8
-7
-8
-9
-5
-1
-1
4
6
6
6
2
4
0
1
-4
-4
-6
-8
-9
-10
-9
-7
-5
-2
0
3
5
4
6
10
4
7
6
2
-3
-6
-11
-14
-18
-14
-19
-13
-7
-10
-2
0
5
1
19
3
23
-6
20
-9
-7
-11
-12
-17
-9
-5
-6
6
2
13
7
15
9
7
3
-3
-7
-7
-9
-1
-5
5
3
0
4
-7
-4
-9
-7
-8
-3
-1
5
7
16
14
19
17
15
8
4
-4
-10
-12
-16
-15
-13
-8
-5
4
8
11
18
15
16
15
7
6
-4
-9
-10
-16
-11
-13
-10
-5
-7
-2
-3
-2
2
1
2
2
1
1
-1
-2
1
3
4
6
4
2
-1
-7
-9
-10
-14
-10
-6
-2
4
13
14
16
18
12
6
-2
-8
-14
-15
-20
-17
-13
-9
-5
-5
1
3
2
9
4
6
4
5
5
7
7
8
22
13
12
14
8
10
1
2
-3
-11
-8
-7
2
1
0
0
-1
3
5
5
4
6
8
1
-4
-5
-8
-13
-16
-11
-15
-16
-12
-8
-2
0
6
8
6
5
3
-1
-4
-5
-2
2
3
1
0
1
1
-3
-7
-7
-9
-12
-10
-3
-2
-3
0
5
10
13
13
11
12
12
9
6
4
-1
-4
-4
-9
-13
-9
-2
2
0
6
7
7
5
1
2
-3
-5
-5
-1
0
0
7
11
5
-4
-4
-4
-7
-14
-12
-10
-9
-6
-3
7
11
11
12
12
10
0
-6
-7
-13
-19
-18
-13
-12
-10
-5
0
-1
0
2
6
10
12
11
9
6
2
2
1
-1
-5
-8
-9
-8
-5
-2
3
3
0
-6
-5
-1
4
4
2
1
2
2
3
2
-1
-4
-6
-5
-5
-7
-6
-2
2
5
7
10
9
7
6
5
6
5
2
0
-1
-1
-3
-6
-7
-8
-7
-4
0
2
2
1
4
8
9
9
11
11
8
4
0
1
-1
-6
-10
-9
-7
-7
-10
-10
-8
-4
0
3
6
8
13
17
20
18
13
4
-5
-11
-13
-16
-17
-15
-10
-5
-5
-7
0
3
4
-1
-4
1
5
6
6
7
7
1
-6
-12
-13
-12
-11
-11
-8
-6
-2
1
2
3
5
7
8
6
4
2
-6
-11
-10
-5
-2
-4
-3
-3
-4
-7
-7
-1
3
4
6
10
13
9
1
-5
-6
-3
-3
-4
-3
-1
0
0
-2
-1
0
0
-1
2
5
7
7
4
4
3
-1
-4
-4
0
-1
0
0
2
0
-3
-5
-7
-6
-6
-3
2
4
3
2
1
2
4
3
1
0
-2
-1
0
0
-3
-2
-2
-3
-6
-3
3
4
1
-2
-1
1
-3
-8
-12
-12
-6
-2
2
5
3
5
5
2
-1
-3
0
2
-1
-2
-1
2
4
3
3
3
4
6
7
6
3
-1
-3
-2
-2
2
5
7
10
8
5
1
-3
-3
-4
0
2
-1
-2
-2
-2
3
3
3
6
5
1
0
1
3
2
-2
1
3
2
0
2
0
-7
-4
0
-6
-9
-5
-8
-6
2
0
-4
0
-1
-2
-2
-1
1
0
-2
3
6
-1
-4
-5
-7
-3
1
1
2
9
10
1
-1
1
0
-1
-1
-5
-6
-3
-1
-2
-4
-4
-4
-7
-10
-4
4
6
