-2
-1
1
3
3
2
2
3
5
6
5
3
3
1
2
4
5
7
8
9
9
8
5
2
0
2
4
5
5
6
8
10
9
8
8
7
5
5
0
-1
-1
-1
-1
-2
-4
-4
0
1
-1
0
-1
-1
-1
-1
-5
-5
0
4
2
-1
-3
-5
-5
-5
-5
-4
-3
-2
0
0
-1
-2
-4
-7
-7
-6
-7
-8
-5
-3
-5
-5
-3
-1
1
2
-1
-5
-3
-3
-4
-4
-1
-3
-9
-8
1
2
-1
-3
-1
1
-1
-1
2
2
-3
-6
-5
-3
-3
-5
-2
0
-1
-2
-3
-2
2
3
-1
-6
-5
-5
-1
-1
-2
-3
-2
-2
-3
-1
1
2
-1
-2
1
6
8
8
7
5
0
-5
-5
-5
-5
-3
-1
-5
0
3
-2
0
7
10
8
9
9
5
2
2
5
4
4
3
3
4
5
7
11
10
7
7
9
8
3
3
3
0
-1
2
0
-1
1
3
4
5
8
6
3
2
1
1
-1
1
2
0
-4
-6
-5
-5
-5
-4
-4
-9
-10
-6
-6
-4
1
2
1
1
2
-2
-2
-1
-1
-2
0
-1
-4
-3
-2
-2
-3
-1
-4
-8
-8
-6
-6
-4
-2
-3
-4
-3
-2
-3
-3
-2
-5
-4
-3
-1
-2
-2
-3
-3
-3
-2
-2
2
0
-2
1
3
-1
-3
2
4
0
-5
-3
-5
-8
-3
2
0
-7
-7
-6
-8
-6
-1
3
4
5
4
4
2
3
5
4
1
1
1
0
-3
-3
0
1
0
-4
-4
1
4
3
3
3
5
7
7
4
4
4
5
5
3
0
-2
-3
-1
2
5
6
7
5
5
3
3
4
6
7
8
7
6
4
2
1
1
2
3
0
-2
-4
-5
-4
-2
-1
1
2
1
4
8
6
5
2
0
-1
-1
-1
1
2
1
4
9
8
4
-3
-1
1
4
2
-2
-4
-5
-6
-8
-5
-3
-3
-8
-11
-9
-5
-3
-6
-7
-8
-10
-10
-12
-12
-7
-3
-1
-2
-3
-6
-9
-8
-6
-6
-5
-4
-3
-2
-1
-2
-3
-3
-3
-2
-1
-1
0
0
1
2
3
3
2
5
5
3
5
5
3
4
8
8
5
9
9
9
8
6
4
-2
-3
1
3
2
1
2
1
-3
-2
2
1
-3
-2
0
-3
-5
-3
-2
-3
-2
-1
0
-1
-3
-1
0
0
-2
-2
-4
-6
-5
-3
-4
-4
-4
-2
0
2
2
0
-3
-4
-2
1
3
5
6
3
2
0
-2
-2
0
3
5
2
0
-1
-1
1
0
0
-3
-5
-3
0
-1
-1
0
-1
-4
-7
-4
-6
-4
0
0
-4
-6
-3
-5
-8
-8
-5
-5
-3
1
0
-4
-6
4
5
6
9
6
3
4
12
15
9
11
10
10
6
3
13
1
2
6
4
3
0
-1
-7
2
-5
-1
-3
-1
2
0
4
5
3
6
3
1
1
0
0
0
-4
-2
-1
-6
-4
-10
-6
-6
-10
-8
-9
-6
-9
-9
-4
-7
-5
-5
-4
-3
-7
-6
0
-6
-2
5
-2
-5
-4
-8
-6
-6
-9
-6
-3
-7
-10
-7
-2
-2
0
0
-4
-4
2
0
-5
-2
-3
-1
2
-5
-2
1
1
-4
-2
2
-5
-4
1
-4
-8
-8
0
2
0
1
3
5
0
1
-1
10
7
6
3
5
7
9
9
8
5
6
7
5
8
10
10
11
13
9
7
11
14
5
1
7
13
9
7
6
4
6
10
9
2
5
8
0
-7
-4
-1
-1
0
3
1
-2
-3
-3
-1
-2
-2
-3
-6
-7
-6
2
4
7
10
8
4
3
1
-1
-3
-5
-5
-4
-4
-4
-5
-6
-8
-7
-3
-1
-3
-5
-4
0
0
-3
-7
-5
-3
-5
-3
-2
-1
-3
-3
-6
-11
-12
-7
-8
-8
-5
-4
-9
-12
-7
-1
-5
-7
-7
-7
-11
-11
-8
-8
-5
-1
-1
0
4
5
2
0
1
-2
-3
-1
-2
-4
-3
-2
-5
-2
3
4
0
-5
-4
0
5
8
10
12
7
2
3
7
6
0
-4
-1
-1
-1
1
1
1
-4
-4
1
4
1
3
8
12
11
9
10
12
14
13
12
10
10
8
9
10
9
6
4
5
8
9
8
6
4
4
4
5
4
5
5
6
5
4
-2
-3
-4
-5
-6
-10
-13
-14
-12
-11
-13
-15
-15
-13
-10
-7
-1
2
5
7
7
7
5
3
2
2
2
-3
-7
-7
-1
2
1
-4
-7
-6
-6
-6
-3
1
2
-1
-5
-5
-3
-6
-10
-11
-9
-9
-9
-7
-1
1
-1
-3
-1
-2
-4
-6
-8
-9
-11
-11
-8
-7
-9
-9
-5
-1
1
0
-1
-1
1
1
1
0
-2
-6
-4
0
5
4
2
3
4
4
2
0
0
1
4
4
4
3
4
7
12
14
12
9
5
6
8
10
11
7
3
2
5
4
4
3
2
-2
-6
-6
-5
-2
-2
-2
-6
-5
-4
-1
2
1
-2
-2
0
1
0
0
1
4
3
1
-1
4
6
6
1
-2
-1
-1
-4
-5
-7
-3
-1
2
4
4
4
6
6
1
-3
-3
1
6
5
5
6
9
9
10
12
12
10
6
3
1
-3
-7
-6
-7
-6
-7
-6
-8
-7
-5
-7
-9
-6
-5
-1
-3
-4
-7
-12
-7
-6
-4
-3
-7
-4
-9
-8
-5
-3
0
-4
-3
-2
-3
-5
-3
-2
0
3
-1
-6
-12
-12
-13
-16
-7
-5
-10
-9
-3
2
4
8
13
10
13
13
9
8
14
10
5
7
10
9
-1
2
3
1
2
-1
0
-4
-4
-5
-6
-5
-7
-6
-4
-2
0
3
7
6
9
15
14
9
8
9
10
8
8
9
3
3
0
1
3
-1
0
-3
-6
-4
-7
-5
-8
-7
-2
-6
-9
-5
0
0
-7
-3
1
-1
-2
-2
-2
-3
0
2
-2
-7
-9
-7
-5
-7
-6
-4
-3
-6
-7
-3
-2
-2
-3
-5
-9
-13
-11
-8
-8
-9
-6
1
5
7
8
10
14
17
14
12
12
12
11
13
14
12
10
9
9
10
5
1
-5
-5
-8
-9
-9
-8
-7
-6
-6
-5
-3
-1
1
2
4
4
6
11
17
18
14
10
8
6
4
2
6
10
5
-3
-7
-3
0
-3
-8
-9
-9
-8
-9
-8
-9
-8
-4
0
-2
-7
-7
-2
2
2
2
2
3
1
0
-2
-2
-5
-4
-4
-5
-7
-7
-6
-9
-12
-14
-10
-6
-6
-8
-9
-8
-8
-8
-3
0
-1
-4
-5
-7
-9
-8
-8
-7
-9
-9
-5
1
3
-2
-8
-10
-6
-4
-6
-9
-7
1
7
9
7
10
13
13
7
5
5
7
3
1
2
5
5
7
11
14
11
8
5
7
10
12
12
11
9
10
12
13
12
11
14
14
14
13
11
9
10
8
7
2
0
2
7
5
2
1
1
-1
-4
-6
-5
-3
-3
-3
-5
-6
-8
-5
-2
-2
-1
0
3
2
-2
-3
-1
-3
-8
-14
-13
-10
-8
-12
-13
-14
-12
-10
-9
-11
-11
-7
-7
-11
-14
-13
-8
-6
-11
-15
-10
-6
-5
-4
-5
-2
-1
-3
0
0
1
2
2
4
4
-2
-2
-3
1
0
-5
-7
-7
-4
-5
-9
-8
-2
3
4
4
5
9
5
2
2
3
7
2
3
1
1
1
2
5
5
1
-2
-2
2
3
5
5
3
0
-1
3
5
5
4
5
9
11
9
9
12
18
22
21
20
17
17
15
10
8
5
3
2
2
2
0
-4
-7
-4
-1
0
-1
-1
0
0
2
2
3
2
-1
-1
-2
3
2
-2
-5
-9
-5
-4
-9
-14
-19
-14
-10
-8
-11
-11
-10
-10
-7
-6
1
4
3
7
3
12
12
8
7
2
7
5
4
3
0
-1
-4
-6
-7
-9
-7
-3
-2
-6
-12
-16
-14
-11
-11
-10
-10
-6
-2
1
4
4
2
0
-1
0
-2
-9
-11
-9
-7
-10
-14
-10
-5
0
-2
-2
0
0
-3
1
6
6
1
-3
-1
-1
-4
-7
-2
2
1
1
4
8
7
7
7
9
8
10
10
10
9
10
10
10
8
4
1
0
0
1
0
1
-1
-4
-5
-1
0
1
-1
-3
-2
-1
-3
0
7
9
7
2
-3
-3
-2
3
6
11
11
11
10
12
11
6
3
-1
-1
-3
-5
-3
-1
-5
-9
-9
0
-1
-8
-4
-1
4
-2
0
4
-2
2
2
0
1
4
3
-7
-6
5
6
1
4
4
1
-1
-3
-7
-4
-1
-8
-12
-9
-9
-13
-9
-4
-9
-17
-14
-10
-11
-10
-7
-9
-10
-5
-2
-3
0
1
0
2
5
1
-6
-1
-2
2
3
-5
5
2
1
-3
-3
7
-2
1
6
7
1
-4
-1
-1
-4
-8
-10
-9
-4
-3
-2
4
7
4
3
6
5
7
5
6
11
12
9
13
9
8
3
10
4
-4
1
-8
12
-41
-12
27
-8
-38
3
15
-21
-9
3
21
-13
-1
25
1
-11
19
8
-5
2
2
2
6
-1
3
6
1
2
0
-4
3
0
-6
-9
-9
0
0
-10
0
4
-5
2
9
4
6
10
5
6
4
2
4
-5
-12
-9
-10
-13
-10
-5
-4
-4
-6
-2
-3
-5
-1
-2
-4
-3
-3
0
2
-2
3
8
5
0
-3
-3
0
1
2
1
1
3
2
2
2
2
-1
0
5
5
2
2
0
-3
-2
0
5
3
-5
-4
0
-1
0
1
2
4
2
2
4
4
4
5
5
5
2
2
-2
-3
-1
0
-2
3
6
1
-1
-1
2
4
0
1
2
-2
-5
-2
0
0
0
-4
-5
-2
0
-2
-11
-12
-7
-6
-11
-10
-3
2
-1
-4
0
1
-2
-5
-5
-4
-1
0
-1
-3
-3
-1
0
-1
-2
2
6
7
2
2
6
4
0
0
2
-3
-6
-1
3
2
-4
-2
-1
-4
-5
-3
-4
-7
-6
-2
0
-1
-1
1
1
1
2
2
-1
0
3
1
-1
2
5
2
2
6
6
4
4
3
5
12
13
8
6
6
7
8
9
7
6
10
11
9
10
9
7
7
4
1
3
1
-4
-4
0
1
2
1
0
1
4
0
-4
-2
-2
-5
-2
-1
-3
-7
-4
-3
-7
-7
-5
-8
-13
-7
-3
-7
-7
-4
-7
-10
-4
-1
-6
-7
-5
-9
-12
-7
-4
-5
-4
-1
-1
-6
-4
-1
-1
-3
0
3
-2
-6
0
1
-2
-2
1
-3
-7
-4
-1
-5
-9
-7
-3
-2
-2
0
1
0
-1
-2
-3
-5
-5
-3
-1
-2
-5
-6
-3
1
4
4
4
6
5
4
8
12
5
2
5
5
0
6
10
1
0
8
5
-1
3
7
4
7
13
11
7
10
9
7
6
4
4
4
2
0
0
-1
-3
2
4
1
0
2
2
0
2
3
-3
-6
-5
-4
-7
-3
-2
-9
-8
0
1
-4
-3
4
4
0
1
4
1
3
5
1
-1
3
8
2
-3
-3
1
-1
-3
1
6
7
5
2
0
-2
0
1
-4
-7
-8
-5
-5
-8
-9
-10
-12
-12
-9
-9
-10
-7
-4
-4
-4
-2
-2
-2
-2
-2
-9
-15
-13
-10
-8
-7
-4
-3
-5
-2
2
1
-3
1
3
-2
-2
6
5
-2
3
12
10
3
4
9
5
3
8
11
7
5
8
3
3
5
5
1
2
6
6
3
3
5
4
1
-1
-4
-4
0
1
-4
-7
-7
-4
-3
-3
-2
1
4
6
3
0
2
1
6
5
3
6
1
0
2
3
7
6
-5
-5
-4
-1
6
5
7
4
1
5
9
6
4
-1
1
1
-1
3
4
2
2
0
1
4
1
-1
-2
-5
-6
-6
-5
-8
-8
-7
-6
-4
-4
-4
-2
-4
-8
-8
-6
-2
0
-7
-8
-3
0
-1
-7
-8
0
0
-2
-1
1
6
4
0
1
4
4
2
-1
-4
-7
-7
-7
-7
-3
-5
-7
-3
-2
-4
-2
-5
-3
2
1
0
2
1
2
1
2
3
4
3
0
0
0
-4
-3
-1
2
7
5
-1
0
4
7
10
8
5
9
7
3
4
3
-3
-6
-8
-7
-6
-7
-5
2
5
2
3
7
13
12
5
-1
-2
-1
0
-1
-4
-5
-4
-1
2
4
9
10
7
4
4
7
7
2
-3
-3
-3
-5
-8
-7
-6
-2
0
-2
-4
-6
-2
0
0
-1
2
6
5
1
-3
-3
-3
-3
-4
-4
-6
-7
-6
-7
-6
-5
-1
1
-2
-7
-6
0
2
0
-2
-1
-4
-9
-8
-3
1
0
-3
-4
0
4
5
8
7
5
3
4
4
3
2
1
-4
-8
-7
-1
-2
-4
-3
0
0
-4
-6
-1
1
1
1
6
10
9
9
7
7
6
2
-1
0
2
0
-2
3
5
3
5
4
4
5
3
10
14
4
1
6
3
0
-4
-3
-9
-18
-3
1
-9
1
4
-8
-3
2
1
2
-3
2
-1
-7
-2
-4
-6
-7
-13
-9
-6
-6
0
3
0
1
0
0
0
-3
-2
0
-4
-5
-1
-4
-9
-8
-6
-10
-5
0
-1
0
0
2
0
-5
-3
-1
-6
-8
-10
-12
-8
-4
0
4
1
-2
0
-2
0
-2
-9
-10
-7
-8
-3
3
4
4
9
12
15
15
13
14
14
10
8
10
9
5
4
4
4
3
5
7
7
7
5
8
8
6
7
10
7
4
2
-1
2
3
4
5
4
-1
-4
0
3
1
1
0
2
2
0
-3
-4
-5
-5
-4
-1
-1
-3
3
8
6
0
-2
-3
-6
-9
-10
-9
-11
-10
1
7
5
4
6
1
-5
-3
-2
-11
-14
-12
-9
-14
-11
-6
-7
-7
-5
-3
-5
-9
-9
-10
-9
-9
-10
-15
-15
-15
-12
-10
-12
-16
-13
-4
-1
1
2
0
0
-1
-8
-13
-1
3
-8
-11
0
-1
-14
-8
10
11
9
17
19
10
11
17
5
-1
10
9
-2
2
12
9
2
9
16
12
12
19
20
15
15
21
18
5
-1
-6
-12
-5
1
-3
-7
-3
-2
-1
3
8
8
3
5
7
1
-4
-4
-3
-8
-6
-7
-12
-8
1
4
6
11
12
6
3
6
7
3
5
-3
-10
-5
-8
-10
-6
-7
-8
1
6
3
0
7
8
-3
0
7
3
4
-4
-8
-7
-13
-13
-14
-20
-17
-17
-15
-11
-13
-10
-7
-8
-5
-7
-11
-9
-9
-6
-2
-8
-8
-6
0
4
-5
-8
-8
-13
6
21
7
-10
-14
-14
-2
26
41
33
30
39
22
-7
-14
-19
-36
-26
0
19
34
46
42
27
7
-11
-7
2
-9
-14
-9
-11
-6
7
22
22
15
10
2
-5
-2
-13
-28
-25
-17
-11
10
29
24
16
13
-2
-19
-15
-6
-10
-10
3
7
8
13
9
-3
-11
-13
-13
-7
3
8
5
5
12
11
4
5
9
0
-9
-8
-10
-14
-6
-6
-10
-9
-6
-11
-11
-7
-7
-4
0
2
6
10
9
1
-7
-7
-8
-14
-16
-17
-17
-4
6
11
15
16
12
7
-1
-8
-11
-13
-12
-6
-5
3
15
16
12
8
0
-7
-10
-3
9
12
15
15
11
7
1
-5
-7
-12
-16
-12
-7
-4
0
0
4
10
7
12
22
20
13
11
5
-8
-15
-16
-17
-19
-12
-9
-7
3
10
10
10
9
6
6
4
-2
-7
-12
-13
-14
-14
-7
2
6
12
15
10
3
-5
-7
-6
-8
-2
7
7
5
8
7
-2
-3
-4
-8
-9
-8
-10
-6
-1
6
9
8
7
7
3
3
5
-1
-4
1
0
-3
-4
-7
-11
-10
-5
0
-1
-1
0
-4
-4
-2
-3
0
5
3
0
1
2
2
-1
0
0
-7
-9
-2
0
-4
0
4
-1
-4
-3
-3
-3
0
4
5
4
5
3
1
1
0
-4
-7
-9
-9
-2
7
10
11
15
11
7
7
1
-3
-11
-13
-16
-17
-14
-5
8
5
30
34
8
17
0
-17
-1
11
25
27
38
43
16
6
-9
-43
-58
-48
-44
-32
2
15
26
37
37
26
3
-9
-22
-36
-30
-17
-7
4
14
16
15
12
-1
-3
-12
-26
-23
-22
-17
-4
10
22
25
21
16
-1
-16
-26
-43
-45
-31
-25
-5
26
36
39
41
26
9
-5
-16
-20
-19
-12
2
5
12
14
1
-1
-5
-16
-13
-4
1
13
20
22
15
9
9
3
-2
-8
-13
-17
-16
-8
-7
-4
-2
1
0
-6
-4
-9
-10
-3
1
2
4
7
7
9
7
4
-2
-7
-6
-3
-3
4
13
17
18
16
12
9
1
-5
-9
-10
-7
-4
0
7
12
15
15
12
8
7
9
10
8
5
3
1
0
-1
-4
-8
-9
-8
-7
-13
-18
-15
-6
1
6
8
14
18
19
19
16
14
7
-2
-12
-19
-24
-22
-18
-14
-11
-8
-4
-1
-1
-1
-7
-14
-19
-19
-15
-9
-5
-1
3
2
-1
-5
-7
-9
-9
-8
-6
-4
-7
-7
-10
-12
-16
-18
-15
-10
-10
-13
-13
-7
4
7
8
10
12
11
7
1
-2
-5
-9
-10
-7
-3
2
4
9
13
16
20
23
27
27
26
23
21
18
12
4
3
6
7
8
13
19
24
27
27
26
26
26
19
6
-6
-7
-7
-11
-16
-15
-13
-14
-13
-8
-8
-7
-1
4
5
9
16
15
6
3
1
-8
-19
-25
-32
-39
-40
-36
-28
-18
-4
7
16
20
19
13
6
-3
-14
-16
-10
-9
-12
-8
1
-1
-9
-13
-15
-18
-15
-10
-7
-5
2
10
14
13
6
0
-4
-9
-10
-7
-9
-17
-15
-6
-2
-6
-4
-1
-2
-6
-9
-14
-15
-12
-9
-9
-6
-2
-2
-5
-5
-7
-10
-8
-2
6
14
24
32
31
31
26
18
8
3
-1
-5
-3
5
9
14
18
21
20
20
16
12
10
8
10
16
20
23
27
25
18
13
10
2
-9
-11
-12
-14
-9
4
10
8
7
3
-8
-16
-16
-16
-18
-14
-8
-5
-4
0
1
-8
-15
-18
-16
-14
-11
-3
-1
-2
-3
1
2
-3
-4
-1
-2
-7
-10
-5
-4
-4
-1
4
-1
-3
0
4
3
1
-2
-2
-3
-8
-11
-13
-18
-23
-18
-7
-2
0
0
-5
-14
-13
-11
-10
-6
-3
-1
8
17
19
16
10
-1
-8
-6
-7
-9
-6
-1
2
10
13
9
2
-2
-5
-7
-7
-6
-2
2
9
15
18
17
11
5
-3
-8
-10
-9
-4
9
20
23
26
27
24
19
10
-3
-18
-27
-30
-27
-23
-15
-5
-1
7
11
11
9
10
8
7
6
9
10
7
7
5
1
-2
-4
-6
-9
-9
-7
-6
-3
3
6
9
13
14
11
5
5
3
-2
-3
-3
-3
-2
-1
1
0
3
8
11
12
8
4
6
9
0
-10
-13
-14
-19
-23
-19
-15
-14
-7
-1
1
0
-2
-6
-9
-12
-12
-13
-11
-4
3
8
11
13
5
-4
-8
-8
-16
-22
-19
-13
-9
-4
6
9
8
10
10
4
-2
-1
1
2
7
16
26
26
24
22
19
10
-4
-10
-12
-14
-14
-10
-3
1
2
4
8
8
2
-2
-5
-7
-6
0
11
17
19
19
18
12
2
-6
-9
-12
-10
-9
-10
-16
-19
-12
-4
0
4
3
-3
-10
-12
-13
-17
-15
-7
-1
3
8
11
6
3
2
-1
-7
-4
-2
-6
-6
-3
-3
-5
-2
-2
-8
-14
-17
-21
-18
-10
-2
5
12
17
20
23
23
18
12
7
3
-2
-9
-12
-7
0
2
7
6
1
1
10
8
-2
-5
-4
-6
-5
0
1
3
9
15
19
19
14
9
8
6
3
0
-6
-10
-13
-10
-8
-7
-10
-14
-15
-14
-16
-18
-8
2
12
20
30
36
36
30
20
14
6
-2
-9
-11
-6
-4
0
3
4
-4
-15
-22
-22
-17
-11
-9
0
13
23
23
24
25
19
8
-4
-12
-14
-13
-9
-5
0
-5
-12
-15
-22
-33
-39
-36
-31
-24
-16
-9
0
10
13
12
13
15
12
7
7
7
5
7
10
3
-5
-9
-12
-15
-16
-19
-23
-16
-10
-11
-11
-4
-4
-9
-4
8
11
12
20
26
24
23
27
29
21
13
7
2
-11
-25
-32
-32
-34
-38
-36
-26
-15
-3
4
8
15
31
39
33
30
32
31
28
26
21
19
22
19
11
3
-7
-17
-21
-26
-30
-24
-14
-6
6
19
20
22
24
20
14
15
17
12
5
9
11
12
7
-2
-12
-17
-20
-26
-34
-37
-34
-31
-26
-19
-13
-8
-3
3
4
2
-2
-6
-10
-11
-7
-2
1
8
16
23
22
17
9
-4
-14
-21
-27
-35
-34
-24
-15
-11
-1
5
4
0
6
8
5
7
14
16
14
16
22
20
12
1
-8
-16
-23
-26
-23
-19
-18
-14
-6
5
13
15
13
7
0
-6
-7
-1
7
13
16
15
16
12
9
4
2
-1
-5
-12
-11
-6
2
5
2
-1
2
1
-4
-9
-10
-4
2
8
15
22
24
26
25
23
14
4
-2
-8
-7
-5
-3
1
7
13
11
6
-5
-15
-18
-16
-10
-7
-1
2
5
4
0
-7
-12
-13
-11
-9
-8
-5
2
9
11
10
5
-2
-9
-17
-25
-29
-29
-23
-17
-11
-9
-7
-6
-5
-6
-10
-14
-18
-20
-14
-5
5
18
26
32
33
30
25
17
8
0
-4
-5
-3
4
6
7
6
4
2
0
-1
-1
-2
-1
1
3
7
12
16
17
16
12
5
-2
-10
-16
-15
-14
-8
1
6
11
13
11
7
1
-8
-17
-22
-22
-20
-14
-5
3
9
12
10
4
-13
-26
-32
-30
-25
-13
-4
7
23
25
19
14
-1
-15
-24
-28
-28
-20
-7
7
23
28
28
27
6
-6
-22
-33
-25
-31
-19
-4
6
15
16
22
13
0
-7
-15
-19
-16
-9
3
16
27
39
43
41
23
16
17
-1
-5
-5
-11
-7
-4
-2
-4
-7
-10
-10
-10
-7
-7
-2
16
25
28
43
49
36
33
29
11
0
-5
-12
-22
-22
-15
-15
-12
-11
-9
-11
-16
-19
-29
-30
-22
-11
0
10
27
45
48
44
40
22
6
-4
-26
-32
-29
-23
-27
-27
-5
-10
-13
-20
-33
-27
-39
-34
-29
-13
10
16
29
25
22
17
4
-4
-19
-20
-35
-40
-30
-37
-36
-41
-36
-38
-51
-47
-52
-53
-49
-42
-35
-36
-26
-18
-15
-18
-17
-18
-18
-4
8
20
24
24
27
25
25
19
14
14
14
16
20
25
32
36
35
35
33
27
23
22
26
37
45
58
73
83
91
94
93
89
81
81
78
75
75
74
79
77
71
67
63
58
46
36
34
33
33
35
40
47
55
60
65
60
53
42
27
10
-8
-14
-19
-24
-23
-20
-15
-26
-35
-35
-44
-59
-70
-74
-83
-93
-98
-105
-114
-120
-117
-116
-114
-106
-105
-107
-106
-113
-125
-142
-161
-178
-195
-196
-187
-184
-179
-168
-166
-168
-179
-192
-200
-206
-202
-197
-190
-178
-156
-133
-108
-90
-77
-74
-73
-72
-75
-70
-48
-24
4
45
85
113
135
143
139
129
116
105
105
112
133
161
190
215
230
232
220
198
177
158
147
155
184
226
281
339
392
438
465
469
457
433
403
379
361
342
336
336
329
310
290
252
205
160
115
79
54
47
56
69
87
106
120
115
98
68
33
-4
-45
-84
-111
-133
-157
-177
-201
-230
-262
-306
-353
-392
-435
-473
-490
-494
-485
-461
-438
-411
-380
-358
-348
-344
-349
-364
-381
-390
-403
-413
-410
-403
-389
-369
-348
-330
-313
-294
-272
-250
-226
-209
-201
-188
-186
-167
-139
-116
-76
-58
-48
-45
-62
-73
-85
-77
-50
-9
28
45
32
-40
-159
-334
-542
-690
-737
-663
-470
-167
235
655
1027
1315
1484
1538
1475
1313
1121
961
829
736
690
669
650
604
515
409
290
161
63
9
19
80
181
317
456
570
610
582
515
411
300
207
178
196
216
257
292
303
249
136
6
-139
-262
-369
-427
-412
-358
-289
-246
-210
-211
-262
-326
-387
-423
-445
-430
-375
-304
-234
-184
-158
-167
-207
-277
-361
-444
-512
-559
-588
-596
-592
-582
-570
-564
-567
-573
-575
-564
-538
-491
-426
-354
-286
-228
-176
-137
-118
-124
-143
-168
-195
-222
-245
-253
-243
-225
-210
-210
-227
-261
-303
-353
-381
-377
-329
-234
-134
-33
11
-18
-119
-319
-542
-759
-875
-831
-631
-258
206
721
1203
1573
1794
1850
1769
1580
1339
1110
953
882
880
919
971
996
947
815
627
416
191
9
-103
-117
-21
134
354
592
774
876
868
765
533
269
46
-171
-281
-322
-283
-185
-145
-89
-82
-113
-137
-175
-179
-131
-26
76
183
273
300
265
134
-29
-201
-386
-519
-568
-578
-532
-433
-333
-230
-154
-133
-140
-171
-228
-290
-335
-337
-304
-264
-221
-192
-194
-238
-325
-443
-572
-691
-774
-815
-798
-718
-606
-495
-396
-325
-298
-307
-330
-366
-405
-414
-385
-336
-267
-189
-126
-98
-93
-115
-167
-231
-283
-312
-308
-288
-264
-247
-269
-323
-393
-477
-547
-609
-687
-755
-807
-860
-919
-987
-1024
-956
-756
-438
-26
472
1010
1499
1864
2103
2223
2212
2078
1867
1650
1466
1310
1178
1082
1021
958
840
672
502
323
129
-22
-82
-52
53
215
436
685
900
1052
1142
1144
1076
949
762
564
359
165
12
-126
-248
-333
-420
-504
-569
-608
-597
-529
-417
-267
-106
56
199
276
274
230
138
4
-118
-204
-258
-277
-272
-259
-260
-289
-341
-415
-495
-563
-615
-644
-636
-598
-557
-522
-495
-478
-480
-503
-542
-584
-611
-613
-586
-525
-438
-347
-274
-226
-218
-257
-336
-427
-512
-582
-610
-593
-541
-477
-410
-359
-325
-312
-319
-344
-377
-377
-371
-358
-312
-253
-174
-119
-72
-35
-44
-65
-133
-206
-291
-400
-471
-523
-546
-586
-673
-756
-866
-967
-1059
-1153
-1118
-923
-555
-75
442
1041
1609
2029
2285
2402
2441
2344
2132
1922
1775
1674
1563
1454
1382
1303
1133
870
588
330
87
-135
-255
-223
-81
116
351
627
898
1089
1157
1151
1102
984
797
559
368
231
98
-9
-97
-113
-154
-254
-320
-340
-316
-305
-261
-149
-30
56
91
104
92
25
-98
-218
-296
-349
-401
-441
-433
-407
-417
-465
-508
-537
-585
-653
-690
-677
-653
-644
-631
-604
-595
-624
-673
-715
-753
-782
-793
-770
-725
-667
-598
-528
-471
-440
-433
-445
-470
-501
-532
-556
-574
-580
-566
-539
-505
-467
-426
-396
-379
-371
-356
-342
-326
-296
-247
-197
-181
-190
-197
-197
-207
-239
-283
-305
-313
-332
-338
-341
-330
-377
-518
-656
-798
-946
-1106
-1213
-1087
-781
-353
163
745
1397
1920
2271
2500
2620
2659
2541
2379
2247
2164
2081
1935
1815
1721
1563
1269
911
607
319
22
-212
-275
-183
-31
144
365
645
869
995
1046
1050
1032
915
719
503
363
219
56
-52
-166
-192
-295
-404
-412
-400
-358
-352
-239
-130
-90
-57
-69
-87
-182
-295
-402
-475
-488
-512
-533
-512
-450
-447
-498
-523
-521
-566
-659
-717
-736
-749
-771
-781
-754
-714
-720
-777
-818
-825
-842
-878
-877
-816
-742
-685
-629
-557
-493
-471
-480
-501
-523
-547
-558
-549
-526
-500
-469
-433
-399
-374
-361
-356
-357
-361
-355
-333
-287
-229
-166
-107
-55
-23
-15
-24
-38
-68
-118
-152
-148
-139
-149
-138
-119
-143
-270
-477
-665
-845
-1040
-1231
-1243
-1033
-632
-78
500
1219
1922
2415
2726
2876
2956
2853
2607
2401
2265
2180
2087
2007
1956
1868
1662
1331
946
559
181
-166
-384
-429
-346
-175
55
337
589
774
865
875
850
735
595
448
326
132
-77
-149
-267
-324
-390
-405
-313
-331
-260
-173
-127
-77
-112
-141
-196
-274
-366
-469
-505
-551
-583
-602
-621
-589
-603
-632
-645
-672
-708
-758
-779
-762
-746
-737
-716
-693
-706
-756
-817
-871
-949
-1038
-1092
-1090
-1050
-997
-923
-825
-727
-653
-596
-549
-519
-519
-535
-546
-540
-519
-481
-434
-381
-344
-324
-303
-266
-218
-175
-145
-108
-53
10
55
86
130
164
147
99
72
72
69
49
16
-8
5
20
-24
-38
-1
-16
-150
-373
-568
-760
-1056
-1361
-1432
-1225
-834
-316
305
1098
1844
2360
2718
2950
3097
3032
2794
2588
2464
2402
2284
2196
2194
2121
1893
1489
1075
675
204
-222
-504
-561
-492
-369
-141
157
444
605
670
698
672
583
395
180
77
16
-47
-82
-126
-113
-166
-268
-316
-386
-426
-454
-442
-375
-351
-352
-401
-443
-498
-634
-762
-843
-877
-899
-932
-886
-794
-726
-691
-655
-608
-621
-687
-731
-732
-738
-759
-765
-731
-697
-716
-771
-816
-848
-913
-991
-1019
-989
-938
-868
-760
-634
-519
-429
-359
-323
-342
-393
-419
-408
-395
-346
-274
-187
-119
-58
13
26
50
43
19
28
25
42
63
123
173
199
234
179
120
84
34
23
-17
-38
5
45
90
80
76
105
-21
-274
-521
-704
-921
-1318
-1527
-1373
-1051
-583
-84
686
1557
2133
2548
2774
3015
3059
2797
2596
2450
2446
2364
2210
2248
2242
2066
1671
1218
855
413
-56
-418
-554
-535
-514
-378
-106
199
375
431
494
469
335
84
-186
-303
-362
-414
-414
-311
-117
-56
-61
-1
19
-19
-128
-187
-182
-247
-316
-393
-463
-522
-648
-745
-813
-844
-865
-928
-911
-883
-861
-832
-781
-665
-599
-564
-519
-476
-459
-495
-509
-500
-532
-622
-714
-778
-843
-927
-981
-962
-906
-856
-811
-737
-635
-557
-519
-489
-448
-419
-438
-470
-457
-410
-374
-337
-259
-138
-34
2
42
64
80
61
31
82
132
192
213
205
179
67
-16
-86
-131
-143
-185
-178
-160
-136
-99
-97
-14
68
-23
-224
-516
-802
-1234
-1829
-2116
-2016
-1607
-1078
-401
618
1586
2292
2733
3012
3249
3160
2884
2632
2517
2564
2505
2529
2645
2676
2513
2088
1663
1156
515
-94
-522
-695
-731
-645
-395
9
381
547
598
614
563
312
-12
-170
-223
-241
-258
-176
43
175
196
148
124
95
-72
-209
-246
-225
-240
-310
-293
-311
-429
-605
-768
-860
-994
-1119
-1141
-1054
-934
-863
-755
-591
-465
-435
-432
-411
-426
-493
-554
-566
-565
-578
-593
-594
-583
-619
-736
-880
-986
-1061
-1089
-1014
-868
-745
-665
-582
-499
-441
-415
-413
-413
-397
-390
-396
-366
-277
-154
-32
76
127
93
2
-84
-147
-192
-218
-186
-98
-21
22
59
100
143
133
55
-56
-172
-264
-326
-364
-324
-214
-126
-87
-213
-501
-861
-1368
-2019
-2573
-2725
-2464
-1940
-1258
-288
907
1889
2583
3061
3453
3596
3346
3034
2852
2849
2834
2832
2993
3152
3134
2817
2366
1857
1215
479
-198
-624
-830
-853
-701
-362
82
399
578
606
530
369
96
-133
-375
-463
-388
-285
-24
219
440
542
475
455
343
208
48
-110
-145
-235
-261
-285
-335
-376
-560
-752
-940
-1086
-1188
-1253
-1169
-1014
-881
-767
-595
-400
-290
-292
-329
-362
-446
-567
-646
-636
-616
-668
-737
-778
-849
-993
-1138
-1215
-1249
-1260
-1210
-1087
-942
-812
-713
-630
-570
-569
-610
-625
-585
-541
-507
-421
-283
-148
-74
-36
-8
-5
-25
-54
-52
-36
-29
-30
-5
17
29
35
17
34
-20
-92
-169
-250
-244
-288
-271
-229
-147
25
-34
-247
-613
-1051
-1574
-2338
-2777
-2779
-2384
-1719
-948
265
1461
2439
3153
3561
3894
3790
3451
3119
2913
2955
2951
3051
3238
3335
3247
2833
2347
1767
1023
297
-323
-646
-795
-790
-511
-130
271
496
570
581
476
245
-184
-450
-473
-469
-362
-207
147
520
630
680
638
546
292
-60
-195
-272
-244
-212
-151
-18
-71
-225
-459
-695
-955
-1301
-1529
-1557
-1440
-1291
-1098
-827
-571
-470
-488
-503
-549
-686
-854
-925
-905
-891
-894
-863
-817
-833
-948
-1097
-1213
-1309
-1401
-1429
-1347
-1201
-1048
-894
-739
-619
-555
-543
-552
-571
-587
-578
-526
-431
-306
-157
-9
108
185
207
180
119
54
-28
-92
-85
-37
33
94
157
166
111
7
-86
-153
-199
-160
-130
-17
102
215
196
-116
-471
-979
-1593
-2399
-3061
-3077
-2712
-2036
-1219
-27
1406
2443
3185
3641
4003
4110
3758
3442
3242
3281
3330
3328
3587
3772
3746
3353
2806
2265
1458
556
-240
-674
-834
-898
-704
-264
231
483
581
596
504
330
5
-90
-143
-196
-168
-150
211
379
379
363
230
154
-170
-384
-393
-373
-338
-364
-321
-292
-365
-555
-776
-999
-1234
-1470
-1629
-1589
-1446
-1281
-1080
-833
-643
-587
-585
-600
-691
-852
-959
-960
-898
-828
-774
-735
-745
-864
-1072
-1274
-1419
-1536
-1602
-1558
-1425
-1277
-1114
-907
-707
-600
-595
-632
-668
-688
-677
-625
-519
-364
-203
-74
29
121
183
193
157
101
43
2
-3
44
145
267
354
388
372
294
164
52
5
-17
-9
46
176
310
376
425
441
341
-46
-637
-1232
-1839
-2605
-3214
-3256
-2818
-2039
-1189
49
1462
2545
3342
3702
4083
4184
3855
3601
3429
3581
3689
3743
3977
4107
4022
3506
2865
2216
1385
541
-216
-603
-796
-854
-671
-335
124
324
376
356
269
125
-145
-232
-270
-217
-162
-124
123
182
194
116
-62
-92
-348
-472
-457
-473
-400
-465
-412
-431
-561
-709
-1001
-1187
-1463
-1698
-1785
-1791
-1550
-1365
-1150
-914
-781
-695
-770
-764
-790
-870
-897
-926
-857
-833
-820
-837
-902
-1011
-1219
-1413
-1542
-1604
-1630
-1592
-1479
-1313
-1119
-928
-740
-589
-486
-440
-426
-417
-396
-337
-235
-102
27
141
234
318
351
315
246
196
176
148
145
185
262
329
359
325
260
199
101
55
10
41
95
160
309
357
423
419
410
319
-121
-644
-1244
-1820
-2489
-3145
-3192
-2844
-2167
-1351
-322
1117
2224
3011
3574
3988
4293
4090
3863
3768
3811
3887
3788
3916
4042
3940
3533
2917
2386
1629
759
-15
-555
-788
-973
-894
-588
-238
22
83
117
37
-78
-243
-369
-315
-308
-182
1
69
169
180
116
-56
-352
-483
-622
-767
-734
-642
-486
-432
-430
-441
-603
-812
-1088
-1348
-1528
-1630
-1598
-1503
-1304
-1029
-822
-688
-570
-529
-574
-658
-757
-816
-834
-796
-707
-635
-617
-657
-768
-938
-1136
-1328
-1473
-1548
-1544
-1465
-1321
-1129
-918
-715
-536
-406
-327
-293
-286
-282
-261
-211
-154
-73
38
114
170
243
275
278
293
295
279
245
192
158
140
127
122
99
57
15
-24
-55
-60
-13
90
169
196
257
387
409
131
-369
-901
-1505
-2312
-3096
-3404
-3131
-2585
-1885
-835
547
1843
2757
3379
3861
4090
3942
3600
3405
3436
3493
3506
3617
3830
3900
3674
3225
2670
1938
1020
118
-561
-945
-1136
-1112
-819
-361
-19
154
230
244
165
-128
-267
-330
-333
-214
-136
186
365
441
419
124
-60
-388
-618
-725
-784
-533
-424
-257
-90
-68
-73
-422
-693
-1013
-1412
-1588
-1687
-1515
-1287
-993
-625
-385
-217
-198
-270
-380
-515
-678
-811
-862
-822
-725
-658
-617
-630
-700
-830
-1014
-1212
-1405
-1556
-1612
-1527
-1323
-1034
-734
-477
-297
-217
-225
-280
-345
-388
-386
-349
-274
-170
-45
95
227
326
358
333
286
234
148
85
74
35
11
-33
-29
-50
-136
-156
-239
-267
-270
-262
-179
-123
82
125
-162
-639
-1326
-2032
-2939
-3721
-3922
-3680
-2958
-2043
-812
743
2030
3069
3698
4069
4252
3958
3645
3332
3274
3411
3458
3752
3990
4128
3899
3330
2757
1884
919
-65
-764
-1060
-1203
-1033
-666
-174
255
455
598
591
432
172
-85
-117
-85
32
286
595
871
857
752
596
266
-144
-594
-847
-1023
-1130
-1003
-804
-550
-398
-358
-390
-600
-793
-1036
-1238
-1286
-1278
-1112
-913
-627
-315
-126
37
61
-21
-215
-470
-632
-734
-798
-836
-805
-715
-655
-692
-796
-934
-1118
-1321
-1490
-1554
-1503
-1367
-1161
-920
-684
-502
-383
-314
-287
-306
-351
-376
-360
-294
-192
-82
35
126
146
128
143
155
77
-28
-78
-142
-250
-323
-315
-266
-228
-236
-293
-357
-411
-424
-409
-360
-254
-158
-215
-591
-1150
-1718
-2356
-3129
-3645
-3588
-3084
-2360
-1507
-166
1274
2423
3270
3771
4223
4174
3826
3524
3283
3373
3374
3496
3763
3911
3999
3610
3130
2532
1647
776
-143
-649
-922
-1037
-778
-430
76
419
615
776
734
575
296
82
17
36
135
346
684
940
925
657
419
124
-341
-733
-1019
-1036
-1095
-1071
-780
-580
-316
-304
-334
-388
-676
-850
-1081
-1156
-1111
-1042
-854
-649
-391
-208
-130
-104
-143
-338
-580
-713
-785
-851
-907
-875
-826
-840
-893
-959
-1056
-1220
-1418
-1562
-1601
-1566
-1462
-1259
-989
-758
-613
-504
-422
-396
-431
-474
-484
-451
-367
-255
-145
-41
76
155
184
170
113
43
-60
-132
-179
-207
-217
-180
-174
-196
-231
-314
-273
-328
-338
-310
-266
-57
-198
-502
-973
-1547
-2086
-2875
-3274
-3233
-2838
-2140
-1365
-98
1194
2268
3143
3673
4163
4186
3905
3617
3383
3422
3378
3442
3649
3794
3775
3491
3121
2594
1801
850
31
-551
-911
-1052
-881
-419
77
474
726
888
912
769
515
313
202
197
273
359
635
822
876
711
385
166
-285
-670
-1019
-1240
-1202
-1283
-1057
-750
-528
-345
-456
-492
-689
-944
-1076
-1257
-1154
-1092
-952
-682
-457
-150
-93
-112
-179
-387
-636
-901
-1018
-1052
-1078
-1082
-1015
-941
-933
-979
-1063
-1175
-1367
-1549
-1633
-1624
-1533
-1366
-1127
-847
-577
-393
-322
-339
-408
-512
-612
-654
-614
-493
-316
-119
63
194
242
212
122
-19
-170
-270
-290
-285
-256
-188
-104
-27
-21
-68
-144
-204
-310
-388
-377
-267
-180
-336
-563
-926
-1358
-1983
-2603
-2716
-2607
-2161
-1563
-671
613
1644
2628
3370
3921
4302
4094
3829
3553
3366
3297
3145
3323
3516
3623
3577
3285
2990
2348
1555
742
-31
-517
-870
-891
-632
-230
288
654
956
1129
1076
901
600
334
127
-32
-4
191
415
552
498
392
236
-86
-423
-782
-1019
-1215
-1397
-1346
-1210
-964
-787
-681
-580
-678
-815
-986
-1105
-1135
-1190
-1126
-999
-813
-624
-537
-433
-393
-448
-603
-765
-840
-939
-1039
-1100
-1074
-1018
-1016
-1028
-1044
-1112
-1279
-1458
-1553
-1567
-1522
-1407
-1221
-1012
-821
-676
-564
-482
-461
-512
-569
-574
-537
-464
-344
-170
23
176
253
271
242
183
111
28
-36
-121
-147
-96
-26
70
111
162
175
127
50
-68
-87
-56
-94
-286
-577
-874
-1321
-1993
-2617
-2851
-2681
-2315
-1800
-907
289
1447
2388
3125
3790
4175
4124
3852
3574
3460
3361
3242
3301
3457
3560
3450
3182
2858
2334
1598
804
124
-405
-758
-864
-665
-256
161
547
841
1043
1074
874
647
413
232
86
10
193
384
546
558
409
304
-6
-370
-723
-1011
-1116
-1304
-1317
-1152
-971
-769
-729
-636
-622
-774
-932
-1105
-1128
-1182
-1223
-1117
-947
-728
-619
-519
-420
-446
-593
-794
-901
-988
-1109
-1191
-1152
-1049
-1018
-1005
-1014
-1030
-1108
-1266
-1354
-1395
-1349
-1280
-1149
-910
-740
-571
-437
-321
-276
-371
-424
-470
-500
-492
-445
-274
-107
22
145
231
286
230
112
12
-66
-122
-163
-162
-85
14
94
156
179
184
113
-13
-81
-74
16
16
-147
-392
-787
-1316
-2006
-2590
-2771
-2653
-2245
-1634
-682
527
1591
2541
3272
3821
4073
3891
3668
3430
3272
3175
3067
3210
3370
3420
3315
3030
2705
2090
1288
512
-147
-601
-896
-878
-601
-177
303
676
975
1108
1056
887
593
360
151
35
101
134
270
423
471
394
37
-253
-547
-965
-1264
-1496
-1511
-1500
-1469
-1160
-889
-633
-526
-530
-528
-737
-899
-1086
-1168
-1102
-1071
-902
-728
-512
-378
-390
-377
-474
-638
-843
-962
-958
-1000
-1030
-1015
-909
-839
-873
-882
-912
-969
-1110
-1228
-1201
-1118
-960
-787
-573
-370
-271
-204
-202
-200
-237
-306
-327
-349
-305
-262
-152
13
129
208
175
155
91
-28
-123
-169
-109
-63
8
103
181
228
230
214
188
154
73
11
42
90
-3
-244
-546
-973
-1624
-2314
-2712
-2762
-2557
-2148
-1384
-255
892
1884
2683
3347
3801
3820
3570
3263
3016
2844
2683
2691
2880
3054
3111
2983
2753
2340
1631
820
58
-533
-950
-1119
-925
-518
4
460
863
1169
1234
1121
853
594
319
63
-19
-13
110
294
452
475
290
67
-200
-624
-1049
-1350
-1481
-1536
-1527
-1275
-974
-684
-502
-468
-455
-601
-760
-923
-1037
-1019
-1025
-898
-687
-442
-243
-217
-198
-234
-390
-637
-860
-905
-929
-950
-892
-792
-710
-716
-738
-774
-877
-1013
-1134
-1166
-1104
-984
-833
-645
-434
-252
-140
-95
-82
-119
-207
-304
-364
-372
-340
-262
-143
-6
109
183
184
139
71
-21
-91
-114
-141
-148
-88
-6
69
113
112
89
51
-24
-93
-67
-27
-71
-277
-614
-1007
-1612
-2295
-2777
-2932
-2729
-2361
-1702
-703
388
1437
2270
2985
3492
3598
3461
3185
2995
2835
2674
2701
2836
3010
3045
2920
2746
2374
1787
1049
322
-243
-679
-884
-796
-493
-46
428
830
1119
1281
1255
1053
769
481
285
217
234
319
491
694
803
733
431
72
-326
-790
-1163
-1433
-1493
-1434
-1312
-1014
-695
-466
-373
-356
-430
-641
-839
-1004
-1067
-1037
-969
-779
-575
-364
-206
-199
-207
-275
-442
-665
-848
-912
-963
-979
-945
-854
-771
-833
-899
-972
-1081
-1182
-1275
-1254
-1143
-979
-785
-593
-375
-211
-140
-132
-159
-220
-316
-410
-466
-457
-405
-309
-202
-109
-35
-26
-27
-73
-135
-182
-245
-237
-226
-178
-85
-4
88
100
61
-7
-119
-224
-282
-260
-239
-315
-524
-834
-1261
-1811
-2293
-2554
-2530
-2262
-1801
-1031
-68
894
1792
2537
3154
3466
3452
3301
3055
2866
2697
2603
2670
2778
2892
2867
2750
2506
2041
1456
811
246
-231
-532
-558
-386
-51
323
724
1078
1278
1355
1263
1085
826
583
479
411
442
501
576
642
499
325
91
-178
-450
-792
-942
-1030
-1046
-939
-818
-626
-544
-500
-497
-610
-709
-860
-937
-971
-961
-836
-729
-538
-396
-298
-236
-291
-366
-562
-711
-858
-994
-1016
-1073
-1016
-963
-964
-973
-1057
-1117
-1218
-1319
-1371
-1383
-1294
-1175
-1012
-810
-631
-462
-373
-340
-356
-437
-494
-564
-576
-546
-500
-389
-301
-207
-147
-120
-81
-98
-129
-191
-232
-224
-203
-165
-106
-46
-5
9
-13
-50
-109
-136
-149
-130
-54
-33
-95
-316
-689
-1206
-1762
-2132
-2336
-2280
-1931
-1292
-356
563
1486
2345
2964
3391
3488
3408
3193
2894
2665
2469
2465
2545
2668
2783
2748
2671
2367
1886
1336
686
178
-213
-408
-332
-108
278
653
1013
1300
1410
1432
1246
985
689
415
254
114
181
312
442
486
325
228
15
-306
-592
-805
-859
-981
-998
-857
-692
-513
-472
-414
-430
-590
-743
-912
-958
-1004
-1051
-987
-887
-708
-612
-540
-457
-475
-561
-743
-864
-931
-1065
-1163
-1188
-1130
-1130
-1167
-1136
-1164
-1189
-1244
-1303
-1270
-1252
-1178
-1103
-979
-807
-728
-624
-537
-475
-463
-472
-435
-442
-433
-423
-395
-338
-281
-232
-194
-141
-105
-84
-61
-34
-27
-43
-52
-44
-22
-31
-75
-122
-153
-196
-215
-183
-91
23
54
-41
-275
-646
-1153
-1643
-1972
-2099
-1959
-1609
-983
-112
813
1754
2554
3173
3523
3543
3391
3074
2802
2581
2399
2431
2512
2652
2728
2736
2691
2373
1915
1315
671
140
-272
-419
-350
-77
320
719
1121
1392
1479
1399
1164
890
570
312
186
126
116
58
62
75
-7
-111
-267
-387
-581
-768
-879
-946
-900
-857
-751
-638
-561
-525
-577
-618
-730
-854
-958
-1030
-995
-962
-887
-801
-716
-619
-627
-636
-661
-739
-828
-948
-1005
-1063
-1132
-1170
-1198
-1214
-1253
-1297
-1320
-1316
-1297
-1257
-1178
-1058
-919
-793
-669
-561
-500
-494
-508
-520
-527
-521
-489
-434
-371
-311
-255
-195
-133
-97
-99
-96
-68
-38
-21
19
79
118
125
133
151
136
78
11
-21
-23
-4
83
230
358
366
232
-55
-498
-1052
-1549
-1831
-1890
-1701
-1275
-550
332
1192
2014
2681
3176
3340
3250
3047
2763
2532
2304
2223
2286
2375
2487
2499
2490
2342
1991
1535
967
453
4
-303
-367
-249
55
395
741
1043
1214
1262
1116
900
607
270
-22
-285
-377
-407
-364
-246
-172
-60
-49
-86
-153
-334
-474
-659
-785
-847
-905
-839
-792
-687
-621
-650
-641
-721
-786
-929
-1045
-1054
-1096
-1051
-1011
-892
-754
-697
-606
-579
-561
-632
-766
-860
-1016
-1139
-1252
-1304
-1282
-1272
-1200
-1129
-1019
-925
-882
-803
-751
-721
-728
-715
-681
-685
-663
-594
-492
-399
-310
-222
-150
-108
-84
-63
-44
-27
-17
-15
-7
31
83
123
151
163
142
91
40
-6
-49
-77
-75
-51
2
111
232
306
300
185
-96
-527
-1024
-1443
-1663
-1692
-1467
-1005
-316
519
1324
2077
2651
3016
3141
3019
2797
2512
2265
2096
2031
2085
2164
2219
2238
2216
2093
1805
1377
899
434
25
-243
-313
-152
149
455
758
1028
1177
1179
1039
817
525
179
-254
-650
-725
-703
-654
-475
-241
73
144
104
132
-14
-256
-589
-796
-891
-1012
-961
-872
-721
-605
-622
-611
-654
-679
-813
-1011
-1055
-1097
-1117
-1109
-972
-743
-655
-562
-481
-426
-479
-653
-757
-909
-1035
-1153
-1212
-1136
-1115
-1022
-923
-784
-657
-668
-626
-619
-640
-723
-825
-806
-788
-736
-650
-522
-335
-219
-132
-68
-29
-22
-93
-117
-96
-75
-55
-1
108
192
229
254
282
267
185
63
-48
-123
-179
-200
-144
0
177
338
469
508
356
23
-408
-880
-1325
-1627
-1686
-1508
-1106
-481
285
1080
1805
2390
2763
2902
2797
2525
2215
1969
1817
1734
1799
1936
2058
2136
2102
1971
1664
1238
771
299
-46
-282
-297
-141
68
383
668
928
1091
1098
1023
784
391
-132
-514
-692
-787
-695
-472
-94
213
350
517
553
394
77
-262
-541
-852
-1014
-1039
-941
-768
-663
-561
-521
-496
-579
-802
-980
-1145
-1280
-1391
-1336
-1091
-864
-623
-388
-164
-52
-128
-243
-419
-664
-943
-1162
-1188
-1156
-1088
-969
-822
-641
-552
-499
-481
-538
-618
-768
-860
-906
-921
-851
-753
-560
-360
-204
-72
0
75
44
-28
-44
-90
-116
-141
-95
-9
45
155
248
305
304
220
95
-46
-151
-241
-288
-240
-113
37
180
369
462
387
169
-215
-677
-1192
-1578
-1747
-1720
-1411
-918
-225
569
1327
2013
2484
2747
2774
2579
2324
2026
1803
1695
1657
1766
1874
1966
2032
1967
1844
1512
1082
645
213
-82
-265
-223
-31
246
581
879
1162
1283
1235
1015
669
284
-179
-532
-678
-665
-518
-314
-4
306
445
518
460
282
4
-367
-631
-860
-973
-975
-921
-748
-626
-540
-536
-595
-684
-866
-1026
-1164
-1206
-1188
-1133
-943
-719
-490
-311
-171
-71
-161
-323
-522
-760
-978
-1163
-1199
-1164
-1084
-936
-795
-651
-563
-525
-538
-620
-707
-816
-908
-941
-915
-814
-691
-546
-400
-290
-184
-131
-104
-106
-139
-145
-160
-137
-88
-24
77
160
239
283
278
240
156
52
-58
-143
-193
-186
-123
-23
113
238
351
402
330
146
-186
-614
-1062
-1458
-1651
-1646
-1414
-961
-351
393
1104
1737
2250
2550
2648
2527
2308
2056
1823
1700
1657
1734
1863
1958
2017
1993
1891
1626
1250
854
442
121
-90
-115
23
241
509
783
1068
1218
1203
1112
885
472
-46
-419
-598
-694
-626
-343
33
317
498
666
695
509
190
-151
-449
-744
-941
-983
-894
-728
-608
-493
-392
-359
-435
-634
-829
-1009
-1197
-1326
-1294
-1104
-902
-703
-453
-223
-147
-209
-313
-473
-732
-1005
-1172
-1241
-1264
-1222
-1086
-894
-721
-603
-538
-519
-567
-696
-859
-989
-1066
-1097
-1059
-940
-770
-599
-436
-284
-157
-77
-58
-90
-148
-219
-278
-295
-245
-145
-23
93
192
253
260
215
135
38
-66
-167
-229
-234
-182
-79
73
252
406
467
380
142
-246
-698
-1144
-1475
-1603
-1518
-1194
-682
-13
738
1447
2057
2465
2677
2697
2539
2304
2043
1859
1766
1748
1828
1934
2056
2103
2035
1872
1566
1176
744
354
87
-67
-48
117
397
707
964
1177
1265
1205
983
683
355
-44
-347
-492
-473
-338
-136
190
457
586
640
561
366
44
-310
-584
-828
-964
-975
-923
-789
-671
-584
-546
-574
-637
-805
-1006
-1167
-1275
-1320
-1277
-1093
-864
-649
-465
-325
-260
-332
-478
-669
-893
-1094
-1263
-1325
-1300
-1214
-1071
-925
-771
-667
-633
-651
-712
-801
-925
-1039
-1092
-1068
-991
-869
-702
-518
-362
-261
-194
-161
-171
-215
-250
-261
-257
-236
-166
-67
28
116
184
242
246
185
87
-28
-112
-197
-235
-190
-91
51
197
374
514
522
418
181
-162
-583
-991
-1247
-1332
-1200
-877
-382
265
950
1597
2114
2472
2654
2638
2478
2252
2031
1856
1746
1722
1777
1859
1929
1953
1899
1742
1474
1138
791
484
264
156
181
326
536
766
979
1147
1215
1102
875
610
260
-124
-398
-511
-502
-417
-240
39
285
397
427
376
190
-110
-435
-712
-914
-1024
-1029
-951
-808
-652
-559
-542
-569
-662
-850
-1055
-1177
-1245
-1299
-1271
-1109
-898
-719
-556
-403
-336
-409
-573
-753
-941
-1146
-1306
-1364
-1321
-1225
-1090
-912
-723
-600
-571
-602
-663
-767
-905
-1007
-1035
-1006
-935
-807
-629
-443
-288
-169
-76
-29
-55
-137
-211
-245
-259
-247
-166
-23
123
232
315
370
370
306
213
120
35
-39
-74
-43
41
161
307
461
569
564
408
132
-222
-623
-1002
-1254
-1301
-1130
-764
-242
396
1078
1694
2164
2481
2642
2603
2394
2136
1914
1728
1608
1597
1683
1792
1865
1886
1847
1704
1439
1089
732
412
172
52
68
213
431
645
839
1010
1083
993
773
498
156
-249
-551
-668
-650
-540
-349
-60
197
336
383
305
122
-177
-517
-785
-992
-1079
-1095
-1038
-890
-762
-666
-642
-631
-665
-837
-1023
-1174
-1260
-1297
-1279
-1108
-894
-696
-537
-414
-328
-401
-559
-737
-919
-1104
-1262
-1297
-1249
-1141
-979
-795
-613
-480
-418
-443
-520
-643
-802
-935
-1000
-963
-875
-729
-508
-270
-43
95
170
185
118
18
-91
-150
-167
-154
-68
64
207
322
398
413
366
266
134
6
-73
-116
-126
-58
97
265
400
505
537
415
153
-174
-531
-878
-1114
-1165
-1010
-661
-167
427
1077
1680
2134
2408
2511
2452
2251
1973
1729
1546
1419
1389
1452
1554
1659
1711
1672
1546
1315
991
638
342
132
12
22
169
376
598
806
963
1036
959
728
430
96
-273
-587
-740
-730
-627
-461
-227
30
200
248
204
61
-180
-464
-733
-935
-1035
-1033
-948
-802
-632
-499
-451
-464
-521
-666
-868
-1031
-1133
-1184
-1164
-1041
-831
-614
-452
-328
-254
-282
-411
-596
-781
-945
-1078
-1142
-1107
-998
-848
-684
-527
-398
-337
-351
-422
-530
-657
-781
-868
-885
-828
-714
-563
-374
-178
-22
72
114
98
11
-98
-183
-236
-249
-201
-98
30
159
269
339
365
341
257
137
25
-52
-84
-57
38
163
274
331
308
197
-5
-280
-582
-832
-960
-943
-779
-439
63
630
1177
1668
2070
2315
2351
2223
2016
1776
1519
1300
1191
1196
1246
1307
1394
1472
1459
1317
1091
831
546
267
67
6
70
211
403
644
884
1037
1074
1021
863
547
124
-259
-515
-672
-730
-625
-370
-101
88
227
317
269
66
-212
-474
-713
-916
-1037
-1026
-900
-734
-584
-439
-310
-271
-360
-518
-679
-850
-1017
-1100
-1055
-932
-777
-587
-387
-245
-205
-250
-347
-490
-684
-890
-1044
-1111
-1110
-1048
-904
-704
-522
-399
-323
-300
-354
-478
-626
-751
-830
-864
-833
-707
-516
-330
-162
-6
99
113
62
-17
-102
-192
-271
-314
-278
-185
-82
34
168
271
304
287
238
154
50
-43
-88
-71
-14
58
132
195
196
114
-41
-247
-484
-712
-861
-879
-742
-455
-35
473
998
1472
1845
2076
2148
2086
1932
1725
1505
1311
1176
1118
1135
1195
1269
1335
1356
1283
1120
905
668
426
231
137
155
248
394
587
806
962
1002
949
811
582
236
-118
-354
-505
-562
-514
-329
-97
59
176
231
206
70
-149
-392
-623
-805
-923
-950
-864
-704
-553
-428
-311
-258
-324
-467
-601
-732
-879
-978
-956
-841
-704
-556
-389
-242
-175
-205
-296
-429
-608
-811
-971
-1049
-1052
-998
-877
-708
-550
-450
-399
-390
-441
-564
-712
-833
-907
-929
-881
-760
-602
-433
-263
-114
-18
16
-9
-81
-171
-254
-318
-338
-300
-217
-108
2
106
181
213
211
168
85
-5
-85
-137
-138
-90
-7
91
156
173
138
34
-137
-340
-527
-646
-671
-579
-356
-16
400
833
1242
1589
1839
1957
1948
1837
1667
1469
1282
1151
1102
1117
1167
1234
1309
1342
1291
1164
1000
811
601
417
313
312
386
511
678
861
1004
1041
969
833
632
343
6
-265
-422
-506
-511
-385
-172
24
156
227
243
173
-12
-238
-428
-591
-728
-796
-770
-668
-546
-454
-377
-324
-353
-463
-584
-681
-779
-872
-901
-825
-701
-588
-463
-323
-234
-255
-343
-444
-572
-736
-884
-973
-993
-960
-898
-798
-664
-569
-533
-545
-593
-669
-784
-912
-977
-963
-910
-816
-663
-478
-321
-222
-152
-106
-115
-176
-241
-287
-321
-343
-326
-268
-185
-91
-7
51
95
109
81
39
0
-41
-56
-34
25
102
169
222
240
196
97
-46
-209
-374
-495
-527
-458
-290
-18
317
689
1057
1360
1583
1720
1757
1710
1612
1491
1362
1265
1230
1246
1280
1326
1353
1343
1295
1188
1029
864
707
565
472
445
488
579
690
816
905
914
861
736
539
321
81
-146
-290
-346
-323
-220
-57
135
291
387
433
397
272
86
-127
-341
-542
-684
-747
-759
-734
-666
-597
-564
-563
-578
-638
-725
-786
-839
-877
-851
-783
-697
-600
-517
-440
-407
-427
-476
-583
-707
-830
-955
-1046
-1077
-1053
-1004
-948
-895
-848
-822
-832
-859
-889
-903
-902
-878
-826
-743
-642
-526
-403
-296
-232
-208
-203
-216
-250
-288
-308
-300
-265
-214
-142
-58
19
79
115
125
120
89
36
12
7
23
65
118
182
218
228
200
138
51
-69
-169
-221
-204
-118
37
283
593
919
1221
1485
1687
1793
1809
1760
1667
1538
1398
1285
1223
1197
1195
1207
1237
1247
1200
1126
1021
894
747
625
551
499
501
527
586
653
673
689
681
635
574
493
424
365
301
256
233
210
175
125
49
-38
-144
-274
-397
-508
-613
-699
-760
-799
-815
-815
-803
-779
-765
-771
-785
-798
-813
-831
-835
-822
-806
-803
-800
-790
-781
-786
-799
-810
-820
-836
-868
-901
-906
-915
-945
-970
-987
-1007
-1032
-1051
-1052
-1025
-990
-937
-849
-753
-653
-569
-485
-407
-354
-312
-284
-243
-209
-190
-158
-113
-76
-47
-14
15
54
70
85
107
123
142
154
183
226
266
305
343
388
430
451
447
423
383
310
205
95
-6
-89
-122
-91
-13
128
312
538
772
990
1195
1336
1439
1494
1492
1459
1410
1362
1300
1269
1241
1213
1201
1187
1168
1114
1047
967
889
794
711
657
650
658
677
701
727
729
695
629
546
444
335
233
153
93
51
24
8
-10
-38
-84
-146
-230
-333
-451
-571
-683
-779
-854
-902
-923
-928
-922
-914
-908
-906
-917
-931
-948
-953
-955
-949
-930
-905
-869
-847
-815
-799
-782
-786
-790
-808
-828
-864
-905
-945
-976
-996
-1008
-998
-963
-911
-843
-776
-697
-621
-557
-497
-458
-420
-394
-376
-343
-313
-268
-219
-161
-93
-42
5
41
67
80
73
75
80
93
114
139
186
231
277
323
364
412
443
473
503
528
556
558
554
534
487
424
334
258
194
155
153
199
304
445
606
783
963
1116
1223
1293
1329
1323
1284
1245
1216
1185
1161
1148
1141
1127
1101
1059
994
921
837
744
655
587
539
500
469
455
450
437
423
402
374
342
285
227
176
108
46
1
-44
-86
-129
-180
-233
-302
-391
-491
-600
-696
-781
-852
-900
-930
-946
-949
-941
-931
-935
-941
-952
-966
-977
-990
-991
-966
-945
-920
-879
-844
-803
-767
-753
-753
-768
-792
-829
-880
-924
-962
-979
-964
-940
-883
-796
-721
-640
-561
-498
-444
-411
-387
-367
-366
-344
-310
-276
-214
-142
-70
13
81
138
184
206
221
225
216
218
232
258
301
357
420
486
543
582
597
591
577
557
539
526
527
542
558
570
573
556
514
452
381
307
246
223
241
300
395
512
638
779
918
1027
1102
1142
1145
1111
1057
999
943
890
848
824
814
812
804
790
760
706
634
550
463
375
310
266
242
235
253
280
292
293
275
243
188
139
76
12
-53
-99
-147
-196
-242
-291
-360
-440
-518
-598
-681
-756
-822
-878
-922
-949
-962
-963
-952
-932
-912
-893
-879
-872
-869
-869
-862
-851
-839
-821
-793
-762
-738
-720
-709
-710
-729
-761
-796
-825
-843
-845
-823
-780
-721
-650
-575
-505
-446
-396
-361
-342
-325
-308
-284
-251
-202
-139
-76
-14
52
120
176
215
235
245
245
232
218
216
232
265
310
364
422
472
505
519
518
506
489
476
474
491
515
551
593
638
670
667
627
554
462
360
258
172
126
128
175
264
389
534
674
793
877
926
934
908
862
814
767
731
713
710
724
746
765
773
763
729
673
599
514
429
354
302
276
274
287
310
337
351
340
301
242
167
78
-13
-93
-151
-192
-218
-236
-249
-274
-316
-375
-452
-546
-650
-754
-844
-911
-954
-966
-953
-921
-877
-833
-795
-769
-760
-766
-778
-791
-803
-815
-821
-816
-801
-787
-778
-766
-753
-744
-741
-739
-732
-717
-701
-680
-648
-612
-574
-531
-494
-459
-429
-408
-387
-365
-341
-306
-262
-209
-150
-89
-23
40
86
119
148
167
181
195
211
224
245
284
334
379
422
460
483
491
489
485
474
462
463
476
492
516
547
584
611
619
608
577
521
446
354
261
193
150
139
173
241
329
436
540
633
711
757
773
776
751
717
693
673
671
685
695
713
734
729
707
674
629
578
518
460
415
383
364
359
370
386
381
365
343
298
232
146
55
-27
-107
-178
-232
-273
-298
-313
-330
-345
-370
-409
-456
-507
-561
-619
-670
-715
-755
-778
-790
-796
-797
-798
-801
-807
-819
-833
-849
-862
-868
-864
-850
-828
-805
-781
-754
-724
-700
-681
-671
-665
-659
-650
-639
-623
-598
-565
-524
-481
-435
-386
-337
-292
-255
-223
-192
-165
-144
-124
-99
-67
-39
-14
12
41
71
98
126
158
193
230
268
309
351
387
409
417
414
407
395
381
376
386
419
458
496
527
551
559
545
508
460
407
354
305
279
280
305
350
415
487
557
618
670
708
729
731
724
716
710
712
721
740
755
763
765
754
724
675
615
552
493
438
397
370
357
359
371
386
391
380
350
299
231
154
72
-3
-65
-113
-147
-168
-182
-196
-218
-250
-299
-357
-423
-490
-555
-611
-652
-681
-696
-701
-704
-706
-709
-721
-738
-762
-794
-829
-859
-885
-898
-899
-886
-858
-816
-776
-734
-698
-681
-670
-671
-683
-693
-698
-699
-685
-656
-623
-576
-524
-474
-424
-384
-349
-318
-288
-259
-232
-204
-171
-137
-97
-51
-11
31
70
101
128
145
151
162
172
188
217
250
291
337
380
425
461
488
508
516
515
515
509
507
510
521
535
554
573
586
589
583
566
545
522
500
478
465
453
452
465
484
513
550
577
603
621
626
625
623
615
608
601
590
584
581
573
565
548
518
483
444
402
364
327
292
265
244
222
206
188
168
148
121
88
48
0
-53
-107
-159
-208
-252
-292
-327
-358
-388
-417
-452
-488
-529
-568
-603
-630
-651
-665
-676
-684
-693
-703
-718
-732
-749
-767
-784
-799
-809
-814
-810
-800
-782
-761
-739
-712
-688
-665
-645
-627
-609
-592
-575
-559
-540
-517
-488
-455
-418
-381
-345
-307
-272
-238
-205
-176
-147
-119
-91
-62
-29
3
34
66
96
123
150
177
209
245
289
330
371
405
435
460
474
479
477
466
456
452
461
478
506
540
570
596
614
622
620
607
588
565
546
533
530
534
543
556
573
591
606
612
609
596
577
555
535
522
511
505
502
500
494
482
459
427
389
354
319
289
263
237
216
196
176
153
120
83
44
7
-27
-59
-86
-113
-134
-153
-170
-193
-222
-255
-292
-332
-372
-415
-452
-489
-519
-544
-566
-582
-591
-594
-594
-593
-594
-598
-609
-623
-641
-661
-680
-696
-707
-716
-716
-707
-688
-662
-630
-600
-571
-545
-525
-508
-496
-489
-481
-468
-452
-431
-409
-382
-356
-326
-297
-265
-237
-209
-182
-156
-129
-97
-67
-36
-5
21
44
63
79
94
111
133
160
188
223
258
296
337
376
412
442
466
483
494
501
504
510
514
519
525
531
538
544
549
558
566
573
581
586
589
580
560
535
507
474
442
413
389
382
389
401
414
429
444
447
439
421
389
346
306
270
227
188
169
158
148
140
136
127
109
91
71
42
9
-19
-43
-63
-78
-87
-93
-101
-107
-119
-140
-167
-197
-229
-263
-296
-329
-353
-368
-378
-386
-395
-399
-407
-425
-445
-464
-483
-504
-522
-532
-537
-537
-531
-522
-512
-503
-494
-491
-496
-504
-508
-507
-503
-492
-474
-451
-422
-390
-362
-340
-318
-302
-295
-296
-295
-290
-284
-268
-238
-198
-153
-108
-64
-20
25
61
82
95
107
115
121
124
130
141
154
164
177
198
220
236
253
274
295
314
331
345
353
357
357
358
356
355
356
358
362
367
371
376
376
371
365
355
341
328
317
307
299
290
278
270
264
261
262
263
264
268
274
283
290
292
289
278
260
242
220
199
180
160
144
131
124
121
117
111
105
97
85
68
46
26
5
-11
-26
-38
-51
-62
-70
-79
-91
-109
-132
-156
-180
-206
-232
-253
-267
-279
-294
-310
-320
-331
-343
-355
-364
-365
-366
-369
-372
-368
-358
-349
-340
-335
-334
-335
-341
-347
-350
-346
-343
-336
-323
-302
-279
-262
-249
-235
-219
-206
-200
-199
-195
-190
-186
-183
-169
-147
-126
-106
-81
-54
-33
-14
7
27
37
42
44
47
52
53
50
52
61
76
91
110
127
149
175
196
208
213
215
215
210
201
199
202
210
219
231
243
255
266
272
272
269
260
245
228
221
215
210
211
218
223
227
236
243
240
231
224
217
200
180
172
170
166
165
170
176
176
177
182
178
169
160
150
134
115
95
78
59
45
39
34
28
21
17
12
7
-1
-13
-33
-59
-84
-106
-128
-148
-163
-173
-184
-193
-201
-210
-221
-230
-234
-239
-243
-251
-260
-271
-283
-288
-285
-284
-286
-284
-279
-270
-261
-247
-240
-236
-224
-216
-216
-216
-212
-208
-203
-196
-186
-172
-158
-141
-124
-108
-96
-89
-86
-84
-84
-85
-79
-72
-56
-35
-10
14
38
61
82
100
108
107
101
94
89
88
92
102
117
136
156
171
180
183
178
169
156
141
127
117
114
116
121
129
141
153
162
165
161
152
139
124
108
94
84
79
82
86
95
106
116
125
130
127
121
113
106
103
103
106
110
117
123
124
119
109
97
81
66
50
35
23
15
12
10
10
10
13
11
6
-5
-21
-36
-48
-55
-59
-60
-61
-61
-61
-62
-64
-70
-78
-92
-107
-122
-132
-139
-141
-140
-136
-130
-120
-112
-106
-108
-113
-115
-118
-123
-130
-138
-140
-138
-135
-131
-127
-122
-120
-116
-108
-101
-91
-84
-74
-61
-45
-29
-13
-2
5
7
5
1
-8
-20
-27
-33
-35
-33
-26
-16
-5
2
10
19
25
27
19
10
7
7
7
11
24
42
56
66
77
90
97
95
94
91
82
67
59
55
57
58
63
73
80
82
81
81
80
73
69
60
52
43
38
38
38
36
35
38
41
38
33
30
36
48
60
67
76
81
81
74
60
39
18
-5
-25
-43
-60
-66
-61
-48
-39
-35
-36
-37
-36
-39
-39
-37
-30
-19
-4
14
31
43
50
50
44
29
6
-19
-40
-51
-53
-46
-36
-24
-15
-7
3
10
8
-1
-16
-27
-37
-50
-59
-61
-59
-52
-46
-37
-32
-26
-23
-24
-29
-35
-42
-46
-41
-37
-32
-28
-22
-13
-10
-17
-29
-37
-43
-47
-49
-52
-46
-37
-24
-13
-3
2
8
11
16
20
19
15
11
11
14
16
18
22
27
31
26
22
24
29
32
32
29
28
26
27
31
33
36
38
42
46
48
49
52
56
57
51
40
30
20
5
-10
-24
-31
-36
-41
-41
-42
-44
-45
-43
-34
-26
-21
-19
-16
-7
1
4
7
11
21
27
28
30
34
34
24
8
-9
-21
-33
-40
-38
-27
-12
-2
10
23
37
43
37
22
7
-8
-21
-28
-29
-25
-18
-12
0
13
19
18
11
3
-5
-10
-13
-14
-14
-14
-12
-11
-12
-16
-21
-25
-34
-49
-61
-61
-52
-38
-23
-5
18
37
47
50
47
40
31
15
-1
-14
-24
-24
-16
-3
9
17
26
34
34
28
16
4
-7
-16
-20
-18
-12
-9
1
14
26
28
25
17
9
1
-6
-14
-22
-25
-19
-11
-6
-1
10
25
32
31
26
19
8
-8
-21
-27
-29
-28
-21
-9
5
15
20
20
19
13
5
-9
-22
-31
-30
-28
-25
-17
-3
14
27
35
40
42
33
18
9
6
1
-3
0
12
26
35
37
35
25
12
-4
-14
-20
-24
-28
-30
-29
-24
-15
-4
6
9
10
6
-2
-15
-27
-34
-41
-43
-39
-30
-20
-13
-6
0
8
13
16
17
15
14
15
15
13
4
-1
-5
-9
-13
-13
-6
3
11
18
24
27
22
17
13
4
-11
-26
-38
-46
-48
-46
-39
-26
-13
-2
5
11
12
7
-2
-9
-12
-9
-1
6
12
18
25
30
28
19
6
-4
-12
-22
-26
-29
-27
-25
-21
-15
-7
-1
3
8
17
20
19
20
24
26
30
32
29
24
19
8
1
-1
-1
-4
-7
-5
1
3
7
12
21
24
21
18
18
17
12
9
11
12
14
16
18
16
18
21
15
5
0
-4
-12
-19
-21
-22
-24
-24
-26
-27
-28
-26
-29
-35
-40
-41
-41
-35
-26
-15
-6
0
8
16
22
23
22
21
19
10
-1
-14
-24
-32
-39
-46
-46
-41
-38
-32
-19
-10
-6
0
6
6
4
7
7
5
3
-4
-4
6
13
14
15
16
15
10
3
-6
-10
-12
-10
-6
0
9
18
25
24
20
18
13
3
-6
-10
-11
-11
-7
5
23
40
51
53
53
49
43
38
26
14
12
8
10
15
17
22
24
30
27
19
12
10
10
9
9
11
9
7
6
6
2
1
-7
-14
-15
-22
-22
-25
-22
-28
-25
-21
-31
-28
-32
-30
-22
-25
-23
-20
-13
-12
-17
-15
-23
-32
-41
-41
-33
-38
-35
-14
-14
-9
3
1
-6
-8
-8
-8
-14
-16
-6
-1
-2
6
15
15
12
15
17
9
-4
-7
-9
-13
-6
-3
-1
7
13
21
24
28
27
20
16
13
13
12
9
11
12
9
2
0
-3
-13
-16
-13
-15
-15
-13
-8
-2
3
1
1
1
-7
-12
-16
-23
-22
-21
-23
-21
-17
-12
-4
-1
3
11
19
22
20
24
27
33
36
33
27
20
14
7
1
-2
-5
-4
4
13
17
21
26
27
24
24
24
19
22
28
37
40
36
29
24
13
-2
-19
-38
-56
-71
-82
-79
-69
-52
-33
-15
-5
8
21
30
26
18
11
4
-3
-9
-5
4
11
19
24
17
9
1
-8
-12
-23
-34
-30
-19
-17
-13
3
15
18
23
32
27
17
19
22
13
7
7
0
-4
-5
-15
-19
-12
-14
-14
-9
-10
-7
-6
-9
-7
-5
-10
-13
-16
-23
-30
-35
-39
-45
-46
-44
-39
-34
-26
-20
-17
-15
-11
-4
0
3
9
20
26
25
24
24
19
6
3
3
0
0
6
9
11
20
24
23
30
36
31
29
28
26
21
22
26
26
27
28
25
20
11
3
-5
-12
-23
-28
-30
-34
-35
-31
-28
-25
-13
-2
3
8
18
21
18
14
10
5
-2
-11
-20
-27
-33
-37
-43
-42
-41
-37
-28
-20
-14
-7
5
10
9
10
12
12
10
9
6
13
22
23
22
29
37
35
25
24
23
14
2
-2
-4
-11
-19
-22
-27
-33
-35
-35
-31
-26
-17
-9
0
11
20
26
31
31
27
14
0
-11
-17
-16
-15
-14
-8
-3
-1
0
-3
-6
-9
-15
-20
-21
-17
-8
5
19
32
44
50
50
44
37
26
11
-2
-11
-14
-12
-4
1
13
27
34
39
35
29
24
14
6
3
5
9
14
20
20
22
19
14
3
-15
-30
-44
-48
-53
-53
-46
-33
-19
-1
11
19
24
24
15
10
-6
-23
-31
-37
-45
-46
-42
-39
-25
-16
-18
-11
-13
-10
-10
-12
-16
-18
-16
-14
-7
2
18
31
40
40
39
32
18
-7
-23
-31
-43
-44
-47
-50
-18
-18
-7
21
0
37
16
19
17
2
-5
-4
-13
3
-8
-5
2
-2
15
-2
3
0
1
-8
-6
-9
-13
-2
-9
-6
-6
-9
11
22
44
40
52
57
60
51
40
26
13
3
-13
-19
-19
-12
-6
3
7
14
14
19
15
8
8
-1
2
1
4
4
5
3
0
2
-2
-1
-11
-12
-18
-18
-16
-20
-17
-14
-9
-13
-10
-10
-11
-8
-6
-7
0
2
3
5
9
8
9
4
-1
-5
-12
-21
-30
-35
-32
-31
-33
-22
-14
2
18
26
34
50
46
39
32
15
3
-6
-17
-22
-25
-26
-28
-27
-22
-21
-16
-5
-2
7
11
11
19
24
33
40
39
33
23
14
5
-8
-24
-37
-41
-41
-39
-38
-31
-19
-4
7
16
21
24
24
23
21
18
14
8
1
-5
-7
-10
-14
-16
-17
-16
-14
-13
-12
-11
-8
-2
4
10
15
20
22
21
18
12
3
-4
-12
-19
-26
-29
-30
-20
-8
7
19
27
33
36
31
19
-1
-19
-31
-32
-33
-29
-21
-4
12
23
31
36
39
36
24
10
0
-7
-16
-26
-32
-34
-30
-27
-24
-20
-13
-3
9
23
36
43
45
44
41
34
20
-2
-23
-37
-43
-45
-43
-38
-28
-16
-5
3
11
14
18
19
20
23
25
25
27
28
29
23
10
-4
-16
-27
-39
-48
-53
-47
-37
-24
-5
15
33
46
48
44
38
20
2
-11
-25
-37
-40
-35
-26
-12
4
13
21
32
32
29
19
3
-7
-20
-31
-28
-25
-24
-13
0
9
12
13
14
12
4
-1
-4
-7
-16
-16
-14
-12
-11
-6
1
6
4
-4
-8
-5
-9
-12
-13
-17
-12
1
4
14
31
32
31
33
21
8
2
-8
-17
-27
-38
-42
-34
-28
-16
-2
6
13
21
22
22
20
15
2
-11
-10
-9
-14
-9
1
10
26
34
31
32
28
19
6
-10
-23
-30
-33
-27
-17
-8
3
14
17
22
25
24
15
3
-2
-7
-7
-6
-3
1
5
8
4
-7
-18
-30
-37
-37
-36
-36
-31
-22
-11
1
18
28
35
40
39
35
29
16
-2
-16
-23
-32
-40
-39
-36
-33
-23
-8
4
9
16
22
24
23
23
22
15
9
4
2
0
0
5
4
1
-3
-5
-7
-8
-9
-10
-14
-15
-13
-13
-7
-3
2
8
16
18
18
16
13
5
-2
-6
-14
-18
-20
-19
-20
-17
-13
-11
-3
7
15
20
21
19
15
10
3
-5
-8
-11
-11
-6
2
4
3
1
-3
-9
-9
-8
-10
-8
-1
9
17
23
25
19
10
4
-3
-11
-15
-14
-11
-8
-6
-7
-6
-1
6
11
14
15
12
11
10
8
4
-2
-9
-16
-21
-23
-22
-18
-15
-12
-11
-9
-6
-2
3
5
6
4
3
2
0
2
4
8
10
12
11
10
9
7
4
-1
-7
-12
-18
-22
-22
-21
-17
-9
0
8
14
17
18
17
16
15
10
7
3
2
2
4
8
10
12
13
12
9
3
-3
-12
-20
-27
-31
-31
-28
-22
-12
3
19
36
47
51
50
40
26
8
-9
-26
-36
-40
-36
-29
-20
-9
1
9
14
15
10
2
-9
-16
-17
-16
-12
-3
3
7
9
15
19
18
9
3
0
2
-1
-2
-3
-4
-4
-4
-2
0
-2
-3
-5
-7
-12
-18
-22
-20
-14
-7
0
7
12
17
18
18
16
15
8
2
-2
-3
-5
-8
-11
-14
-15
-17
-14
-11
-7
-10
-11
-11
-6
-5
-3
5
14
16
12
11
14
16
9
-2
-10
-15
-19
-17
-13
-7
0
6
14
20
23
22
15
8
-1
-9
-16
-22
-26
-28
-24
-17
-7
3
13
20
25
26
23
20
15
12
2
-7
-16
-23
-25
-22
-17
-10
-5
2
11
19
20
15
9
7
2
-4
-11
-10
-3
-1
-1
-1
1
4
3
2
2
3
4
6
10
13
14
13
13
11
9
7
3
-2
-6
-8
-9
-8
-5
-3
-3
-1
2
4
4
2
1
-2
-3
-5
-10
-13
-13
-13
-8
-4
-1
4
5
3
4
2
1
1
0
-3
-7
-9
-10
-11
-12
-16
-16
-14
-9
-5
0
1
4
7
12
17
18
15
10
4
-1
-1
-3
-6
-9
-14
-20
-22
-21
-20
-17
-13
-7
-3
3
10
14
18
23
23
24
20
17
12
7
0
-3
-6
-9
-13
-13
-13
-9
-2
4
9
10
10
9
9
8
7
5
3
1
-1
-5
-8
-11
-11
-11
-7
-1
-1
3
9
11
13
17
17
14
12
8
1
-3
-4
-7
-10
-10
-11
-12
-10
-7
-1
6
13
13
14
15
13
5
-3
-12
-17
-21
-26
-27
-24
-17
-9
2
10
11
13
14
11
2
-10
-16
-17
-17
-23
-21
-12
-4
4
14
23
24
21
12
2
-2
-5
-14
-23
-23
-18
-10
-3
0
6
16
20
14
12
8
0
-6
-3
-4
-5
-2
1
2
6
9
8
8
11
8
2
0
7
14
11
4
3
1
-4
-11
-16
-20
-24
-24
-21
-15
-13
-8
-1
8
15
25
30
30
31
27
18
10
2
-7
-15
-17
-22
-26
-25
-21
-18
-13
-7
-4
3
16
25
29
26
21
15
12
10
5
-4
-10
-17
-22
-24
-24
-27
-22
-13
-1
7
16
22
22
19
16
10
1
-5
-9
-13
-21
-22
-21
-21
-11
0
3
10
17
16
18
21
16
6
2
-5
-16
-22
-22
-27
-26
-18
-12
-5
7
13
14
16
16
10
6
5
1
0
2
2
0
-2
-3
0
2
5
1
-1
-1
-2
-3
0
0
-4
-8
-2
2
2
5
13
16
12
12
11
7
0
2
5
2
-6
-13
-16
-21
-21
-18
-16
-17
-18
-15
-5
1
7
13
21
26
26
26
25
22
18
11
2
-5
-11
-16
-18
-18
-18
-19
-13
-3
4
7
5
3
4
5
6
6
5
2
1
-1
0
0
-1
0
2
3
1
-3
-3
-2
-1
-2
1
4
4
-3
-9
-9
-8
-9
-13
-13
-12
-9
-7
-3
1
6
7
6
4
2
4
5
4
0
-3
-7
-10
-13
-15
-15
-13
-11
-11
-9
-4
2
6
9
9
10
11
12
11
9
5
-1
-3
-6
-8
-7
-4
-1
3
6
9
9
5
0
-4
-3
-2
1
3
4
6
8
10
10
11
12
11
5
-1
-7
-11
-9
-8
-11
-13
-12
-7
1
7
11
12
13
13
12
13
14
13
7
1
-6
-13
-19
-21
-21
-20
-16
-9
-1
4
4
3
4
7
5
8
8
6
-1
-7
-11
-12
-9
-6
-1
1
1
3
6
7
4
2
3
4
2
-3
-4
-2
-2
-4
-7
-7
-5
-5
-9
-8
-2
1
2
4
7
6
-2
-7
-7
-3
-1
3
7
11
11
5
1
-2
-5
-7
-9
-10
-8
-4
-1
1
5
9
9
7
6
7
11
8
3
-2
-3
-4
-6
-8
-7
-6
-3
-2
-2
-2
-2
-6
-8
-8
-5
0
3
3
1
6
8
12
11
11
8
3
-2
-4
-2
0
2
6
10
9
6
5
6
4
-3
-8
-8
-8
-11
-13
-10
-3
4
8
10
13
16
18
15
13
11
9
8
2
-5
-9
-11
-13
-14
-16
-16
-14
-13
-10
-6
-5
-3
0
4
4
4
4
7
10
11
9
5
3
1
-2
-5
-8
-8
-9
-11
-15
-17
-16
-13
-10
-6
-2
2
1
1
2
4
3
0
-1
-1
2
3
2
0
-2
-1
-1
0
-3
-5
-1
4
5
1
1
2
1
-4
-6
-4
2
3
5
7
9
10
11
12
10
3
-2
-3
-2
-2
-6
-8
-5
0
2
0
-2
2
6
8
7
5
4
3
3
5
10
13
10
7
7
5
-2
-6
-4
-6
-9
-6
-6
-5
-1
4
4
6
6
4
5
7
4
-2
-3
-4
-4
-1
0
0
0
3
3
2
4
5
3
-2
-5
-5
-5
-3
0
4
0
-4
-3
-6
-10
-5
1
-2
0
4
1
-3
1
2
-1
0
2
-1
-5
-7
-11
-16
-18
-18
-18
-17
-19
-19
-15
-9
-4
0
6
10
11
13
16
21
19
12
8
9
9
5
-3
-11
-15
-14
-13
-15
-14
-9
-6
-7
-7
-5
-1
4
7
9
10
11
14
18
19
16
10
4
1
0
-1
-2
-3
-4
-5
-7
-4
-2
0
-2
-6
-6
-1
5
8
7
6
8
9
8
5
2
-1
-2
-2
-2
-1
-1
2
2
0
-2
-1
4
7
4
3
2
6
8
8
7
5
3
0
-2
-4
-4
-4
-4
-4
-5
-5
-4
-1
1
1
1
-1
-2
-3
-2
-3
-4
-4
-5
-6
-8
-8
-11
-15
-18
-16
-14
-14
-14
-8
-2
2
1
-1
-1
0
-2
-3
-1
2
3
2
3
0
-2
-4
-5
-7
-9
-7
-5
-4
-4
-1
1
-1
-3
0
6
8
4
2
4
7
7
6
4
-2
-7
-8
-7
-9
-6
0
5
4
1
2
4
5
8
6
3
3
6
4
2
3
4
4
3
2
0
1
2
3
6
7
7
7
5
6
7
8
6
7
9
8
5
5
3
-4
-2
2
-3
-3
-1
-3
-5
0
4
2
2
4
6
11
13
7
4
6
1
-1
0
-2
-5
-3
-1
-4
-5
-5
-7
-11
-11
-10
-11
-11
-8
-4
-3
-7
-4
0
0
-4
-3
2
4
3
3
1
-2
-5
-8
-10
-13
-13
-16
-19
-14
-12
-16
-14
-5
-1
-2
0
4
5
7
6
2
1
3
-2
-4
-1
0
0
2
1
-4
-4
1
4
4
3
1
1
3
6
7
9
6
8
9
9
8
6
3
-1
-2
2
5
3
-2
-2
2
3
-1
-4
-2
0
-2
-3
-1
3
5
6
7
7
9
10
11
7
5
6
10
11
5
0
0
0
-3
-5
-7
-3
-1
-2
-2
-1
1
0
0
2
7
9
8
6
5
4
2
-2
-7
-8
-7
-7
-9
-11
-11
-10
-9
-7
-7
-7
-8
-8
-4
-3
-4
-3
-3
-2
-3
-4
-4
-6
-10
-10
-7
-4
-2
1
5
3
-1
-3
-3
-4
-4
-2
2
4
3
4
4
3
1
-1
1
2
2
2
5
8
9
11
10
5
1
2
6
9
6
1
-2
-2
-2
-3
-3
-1
3
4
1
-1
-2
0
3
4
4
2
0
-3
-4
-4
-3
-2
-2
-3
-4
-5
-3
-2
-3
-4
-3
-3
-1
2
2
0
-3
0
4
2
-5
-9
-7
-6
-7
-6
-3
0
-3
-4
-3
1
3
4
6
4
0
0
1
0
-2
-3
-1
0
0
0
1
-1
-4
-6
-1
1
1
-1
-2
0
2
6
9
10
7
3
0
2
5
4
1
0
2
2
-1
-2
0
1
-2
-4
-4
-2
-1
0
1
5
7
3
-1
-2
0
-4
-4
1
5
4
3
5
2
1
1
-2
-2
-1
1
-1
-3
1
3
-1
-1
2
3
-1
-1
-1
-1
-4
-5
-6
-7
-7
-3
-2
-3
2
6
2
-2
2
6
5
4
8
9
9
6
1
-1
2
0
-3
-1
1
0
-4
-3
-3
-5
-4
-3
-3
-3
-2
-2
-2
-1
-3
-8
-9
-6
-10
-12
-9
-4
-1
-4
-1
-4
-7
-8
-7
-7
-8
-7
-1
1
-1
-2
4
9
9
5
7
7
5
2
1
-1
1
0
-1
-1
0
-1
-3
0
-2
-5
0
7
4
1
6
4
-1
0
2
-3
-2
4
4
0
0
3
5
5
2
4
6
8
6
3
1
1
2
5
4
3
-2
-4
-5
-5
-8
-10
-9
-6
-1
-2
-2
1
3
5
5
3
-1
-6
-7
-4
-1
-1
-1
-4
-2
1
4
6
5
2
0
3
3
3
0
-4
-6
-5
-3
0
-1
-1
-3
-1
2
3
3
1
-1
-1
0
1
1
-2
-3
-3
-1
2
5
5
5
4
4
6
5
0
-1
-1
-1
-4
-7
-6
-2
0
-1
-3
-2
-3
-4
-10
-8
-3
0
0
1
3
3
-3
-3
0
2
-1
-4
-3
-1
-3
-1
0
0
-3
-2
-2
-6
-3
3
2
-1
-1
-2
-6
-3
1
1
1
3
2
1
5
4
-2
-2
3
4
-1
-1
3
-4
-7
0
5
1
-1
1
0
-3
-5
-4
-4
-4
-5
-6
-2
2
1
0
5
8
5
2
5
5
0
-5
-2
2
2
-1
-3
-4
-2
0
3
1
-2
-3
1
0
2
5
4
0
-1
4
7
3
2
4
7
5
0
-2
4
8
8
4
1
4
4
-3
-6
3
9
5
-1
2
7
5
-2
-2
-1
2
-1
-1
-5
-7
-9
-8
-5
-4
-6
-5
-1
3
4
3
-1
-3
-1
0
-5
-7
-5
-4
-6
-2
1
0
-3
-4
-3
1
1
0
-2
-1
-3
-2
0
-2
-3
-5
-6
-7
-8
-6
-2
-1
-2
-3
1
3
4
3
0
-2
-3
-3
-1
-1
0
-3
-6
-5
-3
1
-1
-2
-2
0
1
3
5
5
4
3
1
2
0
1
2
0
1
3
5
5
2
1
3
4
5
1
-1
1
2
4
4
5
5
5
3
2
1
3
4
2
3
8
9
6
2
1
5
6
5
2
1
-1
0
-1
-2
-3
-7
-5
1
2
-1
-3
-2
0
-1
-1
-3
-4
-5
-3
-2
0
-2
-3
-2
-1
1
3
4
6
5
4
2
2
1
3
1
-2
-5
-6
-6
-5
-6
-7
-4
-2
-1
-4
-8
-6
-2
0
-2
-4
-6
-5
-7
-9
-7
-4
-3
-2
-2
-1
0
0
-3
-7
-7
-1
4
2
-1
-2
0
-2
-4
-3
-2
-3
-9
-6
0
4
2
0
4
5
5
3
3
1
-2
-5
-2
2
4
7
6
3
2
2
4
4
2
1
2
2
0
0
5
7
4
0
-2
1
4
4
3
2
2
1
-2
-3
-2
0
-2
-4
-6
-8
-9
-7
-6
-4
-4
-1
1
2
1
-1
-2
-2
-3
-4
-2
0
2
2
2
2
3
4
5
5
5
7
8
6
3
2
2
0
-2
0
5
6
4
3
6
7
4
-4
-7
-2
3
3
1
3
7
6
2
1
2
2
0
-1
1
0
-2
-3
2
5
3
0
-1
-4
-4
-1
1
1
-2
-2
-4
-6
-6
-6
-5
-1
1
2
2
-1
-3
-3
-1
1
0
0
-2
-3
-2
-2
2
5
7
7
4
1
-2
0
0
-3
-7
-7
-4
-1
-1
-1
1
-1
-4
-4
-5
-9
-12
-13
-9
-6
-7
-9
-8
-2
1
3
4
2
0
-3
-6
-7
-3
-5
-7
-4
0
-3
-2
4
3
1
2
3
2
6
7
4
1
5
4
-1
-3
-3
-1
2
-1
-4
3
4
2
4
1
-2
4
6
3
5
4
0
2
-1
3
10
8
1
1
0
3
4
-3
3
4
7
7
2
6
3
1
-1
4
12
2
2
3
2
5
3
2
0
1
3
1
0
-3
-4
-4
-3
1
-1
1
-3
-7
-3
-3
-4
-1
-4
-3
-1
-8
-7
3
0
-6
-6
-3
-1
3
2
5
4
-5
0
3
-1
-12
-5
-2
-5
-4
-4
2
-4
-3
0
-5
0
-1
-1
-1
1
3
-5
-3
0
2
0
-4
-6
-5
