-5
-5
-6
-9
-6
-4
-6
-7
1
1
7
7
0
2
0
3
0
2
4
-1
-3
-8
-6
1
-7
-7
-2
-4
0
3
4
6
5
9
4
-3
1
-1
-3
-3
-6
-5
-7
-6
-2
-2
3
1
3
-2
-6
0
-3
0
4
3
9
9
4
4
6
4
3
4
3
4
11
6
4
1
0
3
2
3
0
1
7
6
2
5
2
-1
3
3
4
4
3
4
2
1
1
-1
2
7
10
9
4
4
-4
-3
-5
-9
-7
-12
-11
-7
-2
-2
-1
-1
0
0
-5
-5
-4
-7
-10
-7
-7
-3
-9
-9
-1
-7
-9
-7
-10
-10
-9
-9
0
5
4
6
2
-1
3
0
2
4
-2
5
8
2
3
1
2
5
3
6
3
1
1
2
6
5
4
5
7
5
3
8
5
2
4
4
4
5
7
5
1
2
2
3
-1
-5
4
6
2
3
0
1
-2
-1
0
-8
-6
-12
-13
-6
-7
-9
-6
-7
-8
-3
-10
-4
-3
-3
0
-3
-2
-2
3
-2
-4
1
-2
-3
1
6
6
4
6
9
10
14
11
12
12
10
7
9
3
1
6
4
5
1
-1
3
-2
-2
1
-4
-5
-6
-3
1
0
-1
-3
-3
-5
-7
-6
-12
-9
-6
-7
-1
0
-6
-2
-3
-5
-2
-5
-9
-7
-6
-5
-2
-4
-4
3
1
-4
-4
-8
-8
-4
-4
-7
-4
-2
-2
5
6
3
7
7
6
8
11
8
7
4
4
5
0
-2
-2
-1
-1
0
4
7
7
6
6
6
9
12
10
8
5
0
1
-1
-1
-5
-6
0
0
3
10
7
6
5
5
13
4
0
0
-1
0
-2
-4
-4
3
4
-2
0
-2
-1
1
-4
-5
0
1
-2
-2
-9
-9
-9
-10
-6
-6
-7
-7
-9
-12
-14
-14
-13
-14
-11
-8
-8
-6
-6
-7
-10
-7
-5
-5
-3
-2
2
1
2
3
6
7
4
9
10
7
5
2
0
3
1
5
7
9
13
18
12
11
16
13
13
11
10
9
4
4
0
-1
-3
-3
0
5
4
6
1
-3
6
6
3
0
-3
-5
-4
-6
-9
-7
-3
2
6
11
14
10
8
4
2
-3
-5
-4
-8
-10
-9
-10
-11
-9
-7
-10
-11
-9
-8
-12
-12
-8
-7
-5
-3
-5
-5
-7
-9
-13
-14
-15
-14
-7
-4
0
2
4
12
9
4
0
-3
0
2
2
6
8
6
9
9
3
6
9
8
6
6
7
4
6
11
9
10
9
7
8
8
5
2
1
8
8
10
12
8
4
0
3
-1
2
9
3
3
3
-1
3
2
-8
-6
-5
-7
-6
-3
-3
-4
-3
-7
-8
-7
-4
-1
-8
-5
-6
-8
-10
-21
-16
-15
-19
-12
-13
-13
-12
-7
-8
-5
-3
-1
0
2
5
3
-1
-5
-3
-4
-11
-7
-1
-1
5
1
0
5
3
10
15
16
13
14
11
9
12
8
4
5
6
6
4
5
8
5
6
12
7
5
10
5
1
9
7
2
4
-2
4
9
12
8
2
8
9
3
4
4
-5
-5
0
-7
-12
-11
-5
-5
-6
-4
-2
0
-1
0
0
-7
-7
-10
-11
-11
-17
-15
-17
-19
-22
-24
-19
-15
-12
-11
-7
-8
-9
-7
-3
-3
-4
-2
-1
-2
-8
0
3
4
4
3
4
2
9
13
20
21
12
13
13
11
7
6
1
-1
4
3
8
10
8
10
13
12
14
8
4
9
7
11
3
0
1
-3
-2
2
2
1
4
8
5
0
1
2
-1
0
-3
2
-2
-7
-1
1
-6
-7
-4
-2
1
-6
-4
-1
-4
-7
-6
-5
-2
-2
-6
-7
-6
-10
-13
-13
-9
-11
-16
-9
-5
-3
-3
0
-2
-8
-4
-5
-4
-6
-4
0
2
0
-3
2
1
0
8
5
3
6
3
5
5
6
5
1
4
-1
-2
3
1
2
6
9
3
6
8
-2
1
2
3
1
-5
-2
-4
-2
1
0
10
10
8
14
14
9
5
1
3
3
1
3
0
-2
2
2
-2
1
9
12
10
2
0
0
1
0
0
2
-1
-2
-4
-6
-2
-2
1
3
-4
-1
-2
-6
-3
-3
-5
-9
-13
-9
-8
-13
-12
-10
-17
-13
-9
-9
-11
-13
-9
-8
-9
-10
-8
-11
-6
-3
-4
0
-3
-1
1
3
8
2
3
6
9
10
10
7
9
11
7
12
10
15
17
11
15
14
12
13
13
14
18
12
6
6
4
3
1
6
9
0
-2
4
2
5
3
2
0
-7
-2
-2
-9
-9
-10
-7
-13
-14
-6
-6
-6
-9
-11
-18
-20
-12
-13
-16
-18
-14
-14
-13
-10
-9
-2
-2
-7
-4
4
3
-1
1
-6
-9
-4
-4
-4
0
3
7
7
5
8
12
13
17
21
17
13
17
18
12
10
4
2
3
3
6
0
-4
4
4
5
10
14
13
8
5
-2
-4
-7
-4
-1
-4
3
-1
-2
5
-3
-3
-2
-3
-1
-3
-3
-6
-6
-3
-12
-11
-9
-11
-7
-9
-5
-11
-10
-4
-8
-4
-5
1
-1
-4
-6
-9
-5
-2
-3
-1
1
-1
-2
0
1
-3
-2
-4
-7
0
5
2
-3
-3
-5
-5
-4
-4
0
3
9
7
5
6
8
12
8
10
9
9
11
9
8
0
0
5
8
10
11
9
10
9
13
14
11
15
12
12
10
6
4
-5
-4
-2
-5
-5
-3
-3
-6
-7
-11
-11
-7
-9
-13
-10
-10
-14
-14
-16
-15
-12
-4
-4
1
1
-2
2
2
-1
-2
-5
-6
-9
-7
-3
-8
-8
-8
-13
-13
-11
-12
-13
-11
-9
-2
-1
-2
2
2
7
8
5
4
6
9
5
8
8
5
14
16
13
17
15
7
13
14
9
11
4
4
5
0
3
-1
-1
2
3
6
12
12
6
6
4
0
-1
-2
-8
-4
-7
-3
-1
-5
0
-1
4
10
6
4
0
-4
-5
-11
-6
-5
-9
-6
-9
-6
-8
-9
-4
-3
-5
-4
0
0
-4
-5
-5
-5
-8
-10
-13
-11
-9
-13
-12
-11
-7
-1
2
2
4
3
0
1
1
3
5
0
-1
-4
0
6
5
3
8
8
8
7
5
4
6
6
6
9
7
8
12
6
5
2
-1
1
1
1
-1
-1
6
0
-5
0
-8
-9
-6
-4
-3
-5
-1
4
7
8
7
4
-1
-4
-1
1
2
4
7
6
1
3
4
-2
-4
0
0
-6
-5
-2
-6
-3
1
1
2
1
-4
-2
-3
-1
-1
-6
-6
-9
-14
-13
-6
-8
-3
3
0
3
4
-1
-3
-6
-3
1
-1
0
-4
2
2
1
3
-3
6
5
-2
-1
2
2
-2
0
7
9
4
3
4
0
1
1
0
5
1
2
3
-1
4
5
3
5
11
11
8
9
3
7
1
-7
-2
-6
-4
-8
-9
3
-1
0
10
6
6
8
7
7
3
-3
-1
-4
-6
-9
-11
-12
-7
-10
-9
-5
-3
-6
-10
-6
-15
-16
-12
-11
-9
-13
-8
-10
-15
-5
-5
-1
-3
-6
0
-2
-5
1
8
9
10
15
12
7
4
4
6
8
7
12
16
14
17
14
9
11
6
1
4
2
3
2
0
0
-3
-3
4
2
2
7
9
11
12
9
10
9
7
4
-2
-2
-7
-1
-1
-6
-2
5
-1
-9
-4
-4
-5
-9
-8
-12
-19
-12
-14
-13
-13
-17
-13
-12
-9
-4
-8
0
-2
-1
3
-5
-6
-10
-5
-5
-10
-6
0
2
-1
2
7
7
6
10
9
11
12
12
16
10
9
6
11
6
-5
-2
-3
3
2
-2
2
5
4
2
-5
-6
-10
-11
-10
-9
-5
-6
-5
-4
0
8
8
5
11
13
11
14
13
12
13
7
3
0
-4
1
4
1
0
7
7
9
10
9
8
1
0
-2
-4
-6
-13
-7
-6
-8
-1
-4
-7
-6
-2
-9
-18
-11
-12
-12
-16
-13
-9
-10
-8
-10
-10
-3
-4
-6
-4
-5
-2
4
3
5
10
8
4
5
6
6
2
-3
2
3
2
8
9
6
8
7
1
-3
-6
-3
-5
-4
2
-2
3
5
6
4
5
4
5
6
3
4
3
5
4
4
6
10
6
4
5
3
4
5
9
10
6
7
13
13
7
8
6
2
-1
-5
-5
-4
2
-2
-6
-9
-7
-6
-17
-18
-14
-18
-17
-19
-19
-21
-22
-18
-16
-16
-15
-12
-7
-9
-14
-11
-9
-7
-5
-6
2
4
1
-2
-1
9
10
7
10
11
12
7
10
12
12
11
3
7
12
14
5
11
21
15
18
17
21
20
19
21
17
13
9
7
2
8
6
-2
-5
-10
-2
0
2
6
6
8
0
-7
-2
-6
-8
-8
-17
-15
-9
-11
-11
-10
-9
-8
-5
-4
-7
-6
-7
-7
-4
-8
-5
-10
-10
-6
-7
-8
-7
-6
-4
2
-2
-2
-3
-8
-4
-3
-8
-9
-9
-12
-12
-12
-10
-9
-8
-4
-5
4
4
-3
2
-1
-2
-5
-8
-6
-7
-6
0
2
6
6
8
15
15
17
21
22
19
27
28
23
27
25
20
15
13
10
12
12
8
6
12
14
9
11
8
7
7
1
2
-3
-9
-6
-8
-5
-4
-5
-2
-7
-13
-10
-8
-17
-18
-14
-19
-17
-16
-17
-20
-22
-24
-23
-25
-17
-12
-15
-13
-11
-9
-10
-4
-8
-5
0
1
5
4
6
3
3
5
4
4
5
3
9
7
8
10
7
7
3
5
7
7
10
12
11
11
12
13
11
15
16
8
5
4
3
-3
1
6
8
6
-1
-2
0
-5
-3
6
11
8
9
11
6
2
1
2
-5
-7
-9
-10
-8
-10
-10
-7
-5
-6
-7
-7
-9
-9
-10
-12
-12
-15
-17
-13
-13
-11
-9
-5
-2
0
6
4
0
-2
-1
-2
-3
1
-4
-5
-6
-3
-4
0
9
5
6
8
8
9
9
7
11
9
9
5
5
11
8
7
4
9
16
16
13
10
10
4
-1
-3
0
1
-1
1
5
1
-3
3
2
2
0
1
2
-4
-3
-11
-10
-3
-3
-1
-2
-5
-7
-10
-10
-4
-7
-7
-4
-2
0
1
1
-2
-8
-3
1
-5
-8
-10
-1
0
-6
-5
-8
-2
-1
-3
0
-5
-6
2
-5
-5
-3
-8
-6
-8
-8
-3
0
3
4
7
5
5
4
3
11
5
6
8
9
12
9
12
11
11
9
10
9
4
6
4
8
5
-4
-1
-4
-5
-2
-4
-8
-5
-8
-3
0
1
5
0
0
0
-3
-2
-6
-7
-5
-4
-6
-9
-5
-7
-1
3
-1
-2
-2
-1
-3
-5
-2
-1
2
4
0
-1
7
5
1
-1
1
1
-2
2
1
0
3
0
4
5
7
10
4
6
4
0
-1
6
6
2
7
4
-1
-2
-1
0
-3
2
1
-9
-6
-5
-5
-5
-4
-1
2
0
-6
-1
-1
-7
-8
-5
-6
-8
-3
-2
-6
-6
-3
-4
-5
-3
-5
2
9
6
4
4
6
2
-6
-9
-9
-10
-5
-3
-1
-3
-3
3
8
9
6
9
8
11
7
1
5
3
0
0
1
3
-1
2
0
-1
1
-1
8
6
3
6
-2
0
-3
-3
-1
-1
0
3
1
-3
0
2
7
2
-2
5
6
2
2
8
6
7
7
4
6
2
2
6
4
3
5
-2
-3
1
-3
-7
-8
-9
-9
-8
-3
-2
-3
-7
-11
-8
-4
0
-5
-4
-6
-3
-3
-9
-6
-9
-12
-9
-8
-9
-4
-4
-6
-6
-5
-3
4
13
8
8
8
3
-1
2
1
-3
0
0
0
4
2
5
6
7
13
6
9
9
6
4
-2
3
5
6
9
7
7
11
10
10
8
6
7
8
9
6
-1
-6
-6
-6
-4
-6
-7
-5
-3
-4
-3
-1
-6
-4
-2
-7
-12
-9
-7
-10
-13
-11
-12
-15
-9
-6
-10
-9
-4
-3
-2
0
0
-3
0
-1
5
8
3
13
14
8
6
7
10
3
2
5
4
8
12
14
9
-1
0
4
3
0
-2
-7
-4
-2
-5
-3
-1
1
-2
-2
3
7
10
3
5
9
0
4
5
4
11
5
4
3
-4
-6
-1
-2
-3
2
4
1
-5
-3
5
-4
-5
-3
-7
-7
-6
-7
-13
-12
-6
-6
-4
-5
-9
-8
-10
-12
-12
-10
-10
-7
-6
-7
-6
-6
-8
-4
-1
0
2
0
7
4
1
5
7
10
11
10
12
12
12
10
13
14
12
11
8
8
10
8
11
13
6
5
3
3
1
-2
-1
-4
-6
-3
-6
-7
-3
-4
-7
-12
-8
-1
-1
-2
2
-1
1
4
0
-2
-5
-4
-4
-6
-3
0
0
2
-4
-3
-2
-8
-3
-5
-7
-2
-3
0
0
-1
0
-3
-6
-4
-6
-2
-5
-1
1
-2
2
6
5
2
0
-4
-2
2
3
4
0
5
10
9
9
9
15
9
1
4
4
1
-5
-8
-7
-3
-6
-5
-4
-1
1
-2
2
6
10
8
3
2
-2
-11
-8
-8
-9
-3
-1
3
4
3
-1
-1
0
-1
2
-1
-1
-3
-9
-8
-6
-6
-1
-6
-7
-1
-1
-7
-2
6
6
6
7
5
2
0
-4
-5
-5
-5
-5
-1
3
3
4
6
10
5
2
2
3
2
7
9
5
5
3
1
2
4
3
1
2
2
2
6
11
11
11
11
7
3
-2
-2
-7
-8
-8
-8
-5
-4
-7
-7
-8
-7
-4
1
0
-2
1
0
-10
-9
-5
-9
-9
-9
-6
-5
-3
1
2
6
2
1
-1
3
1
-4
-4
-7
-5
-7
-1
6
5
8
1
-1
-2
0
4
5
4
4
3
-1
1
-1
-3
-4
-1
-4
-2
3
-2
0
5
3
4
9
8
9
10
4
1
6
2
-2
5
8
0
0
3
0
-3
-2
-1
1
-2
-3
-5
-2
-2
1
0
-7
-6
-5
-8
-8
-4
-8
-9
-5
-1
-3
-2
2
-2
0
-1
-3
-1
-3
5
3
1
4
2
4
3
-1
2
4
8
9
7
13
16
10
11
9
1
9
9
2
0
5
7
1
3
4
-2
0
-4
1
1
-2
0
-5
-9
-7
-11
-13
-13
-11
-10
-14
-10
-7
-9
-14
-14
-7
-2
-4
-8
-9
-6
-9
-12
-10
-9
-2
-2
-3
-2
0
1
6
6
8
12
10
12
14
8
5
6
2
7
10
7
7
8
5
4
14
12
13
9
3
6
2
0
-5
-2
0
2
7
10
13
8
4
1
3
6
6
-1
-6
-3
-2
-8
-10
-10
-4
-2
-8
-9
-5
-2
-1
-3
-1
4
7
3
-1
-4
-7
-11
-10
-5
-8
-9
-4
-5
-4
-2
-8
-7
-7
-6
-10
-16
-8
-9
-10
-5
-6
-4
-1
-3
-1
-2
0
3
1
5
5
5
3
0
4
8
7
6
3
5
5
2
-1
3
5
3
7
7
11
9
8
14
15
13
9
11
11
5
2
2
8
10
3
3
5
1
2
2
2
2
1
-2
3
-7
-11
-7
-7
-8
-12
-11
-12
-8
-10
-7
-3
-3
1
-2
-3
-1
-3
3
1
-4
-2
-2
0
0
0
-4
-8
-9
-3
-2
-6
-3
-3
-2
0
-2
-3
-2
-6
-9
-4
-4
-7
-3
-1
-5
-3
-3
-2
0
4
2
1
0
-3
1
4
2
3
-1
1
5
0
4
7
8
11
10
11
10
6
2
-1
-2
-3
5
5
4
14
14
16
14
12
12
12
9
8
8
2
-2
-1
7
8
5
3
7
4
-5
-11
-7
-2
-5
-8
-9
-11
-15
-15
-16
-17
-11
-14
-14
-9
-11
-6
-10
-6
-3
-6
-3
-9
-9
-7
-4
-7
-7
-5
-2
1
2
0
-3
-2
-1
-2
0
0
0
-3
-2
1
-1
-1
2
1
2
7
3
1
2
4
8
8
12
13
16
16
15
13
6
8
12
13
9
11
15
12
9
9
8
10
10
8
4
-1
10
4
-1
1
-5
-1
-4
-5
-1
-1
-4
-9
-15
-12
-11
-12
-7
-10
-7
-6
-8
-11
-14
-13
-10
-9
-10
-5
-3
-2
-5
0
-5
-1
8
-1
-5
-8
-7
-2
0
-3
-3
-2
-7
-9
-6
-8
-10
-4
-7
-6
-6
-6
0
5
8
10
10
11
7
8
9
9
5
-1
2
6
7
2
0
4
7
11
8
10
13
10
9
5
2
6
3
7
10
8
9
4
1
3
3
0
3
2
2
-4
-7
-6
-5
-6
-15
-2
3
-7
-10
-8
-7
-9
-3
-2
1
9
0
-8
2
9
1
-4
3
4
-3
-5
2
10
4
4
1
0
-2
-5
1
2
2
-2
-2
0
-5
-6
-4
-7
-9
-7
-2
0
2
1
-1
-1
-1
-6
-6
-5
-9
-6
-10
-11
-11
-15
-10
-12
-5
2
4
6
5
5
4
3
3
1
1
5
-2
-6
4
1
0
6
3
4
8
10
12
14
8
4
1
-2
-3
2
9
3
4
0
1
10
3
4
8
-1
3
4
-4
0
3
4
1
1
2
4
6
1
2
6
2
0
10
6
0
8
1
2
4
-3
-5
-8
-4
0
-1
0
-5
-5
-2
7
6
3
4
-7
-2
4
-5
-5
-2
-4
-6
-4
-6
-8
-10
-15
-11
-9
-1
0
2
4
1
1
-6
-9
-4
-2
-6
-12
-10
-6
-5
-7
-9
-3
-8
-8
-6
-10
-9
-5
1
-2
-1
2
-1
1
3
5
3
1
4
7
7
11
11
11
14
9
8
11
11
11
11
17
15
14
15
14
12
13
15
9
12
7
1
1
-2
0
-4
-5
-4
-10
-8
-4
-8
-5
-5
-13
-12
-17
-16
-8
-12
-9
-4
-5
-6
-2
-2
-1
2
-3
-2
0
-2
0
0
2
3
1
0
-3
-6
-5
-5
-4
-1
-1
-2
5
3
-3
-1
-6
-5
-3
-4
-5
-3
4
6
6
7
7
6
7
11
8
9
5
0
0
-1
2
7
7
9
10
7
10
6
0
7
3
1
-1
-3
-3
-5
-4
-8
-9
-11
-15
-13
-5
-4
-4
-1
-7
-10
-6
-6
1
0
-7
-3
-3
-10
-13
-11
-9
3
0
-2
10
10
10
4
2
7
5
4
3
3
-1
-1
-8
-11
-5
-3
-1
7
13
12
15
13
12
16
6
3
1
4
8
-2
0
5
13
7
10
13
3
6
1
-1
0
-3
-2
-4
-3
-8
-16
-17
-14
-12
-16
-13
-7
-9
-7
1
-5
-4
4
-1
-4
-7
-6
-2
-5
-7
-3
1
-1
0
4
2
2
2
-1
2
1
-2
-1
-5
-2
-3
-4
-5
5
7
3
7
7
9
11
5
6
12
8
4
4
3
2
-1
-1
0
0
4
6
5
7
11
8
7
8
3
-1
0
-3
-2
-3
-5
-5
-7
-2
-2
-4
0
4
0
-1
3
-3
-3
-9
-6
-6
-8
-7
-13
-11
-9
-4
-2
-1
2
0
3
2
-4
-3
-5
-8
-8
-11
-6
-1
-8
-9
-5
-6
-5
-8
-8
-2
-1
-2
2
7
6
4
1
-2
0
0
3
6
11
6
8
18
19
15
17
19
16
15
7
9
10
4
1
3
10
11
8
14
12
13
6
0
9
4
1
-4
-9
-9
-15
-19
-18
-13
-14
-8
-3
-7
-11
-10
-7
-10
-11
-16
-15
-13
-16
-8
-9
-5
-4
-9
-6
-4
4
-1
-2
-1
-4
1
6
10
3
-2
0
-2
-1
-2
6
8
1
6
6
8
10
8
12
15
12
8
8
4
4
1
-1
3
0
2
7
6
4
3
1
5
7
2
-1
5
12
12
5
9
12
11
7
0
4
3
3
3
0
0
0
-2
-6
-7
-6
-13
-13
-17
-20
-19
-20
-21
-18
-18
-25
-20
-18
-22
-25
-19
-11
-8
-9
-9
-7
1
-3
-5
2
1
2
0
-2
0
-1
1
-2
-2
1
-2
1
9
7
8
8
8
16
11
8
12
11
18
18
21
21
20
24
21
23
28
28
28
23
24
20
14
15
18
15
12
10
0
0
4
3
-2
-5
-1
0
-3
-8
-6
-4
-13
-21
-20
-16
-13
-10
-13
-17
-24
-24
-14
-6
-5
-4
1
7
9
6
-3
2
5
2
7
5
5
1
-6
-6
-11
-11
-13
-21
-22
-26
-32
-40
-40
-37
-47
-46
-40
-35
-35
-40
-34
-23
-18
-13
-7
-2
3
3
3
-1
-3
-3
-5
-1
1
3
4
2
2
5
5
1
-1
6
15
18
19
30
38
36
44
52
57
59
63
62
58
63
61
59
64
66
65
62
59
58
50
37
29
21
21
19
16
16
11
9
4
-9
-9
-12
-21
-20
-21
-31
-38
-42
-46
-50
-51
-54
-59
-64
-60
-58
-60
-56
-45
-34
-38
-59
-53
-48
-38
-31
-43
-41
-38
-40
-39
-47
-63
-77
-81
-86
-94
-111
-122
-114
-106
-103
-137
-171
-173
-207
-256
-337
-411
-426
-479
-536
-547
-548
-503
-460
-395
-250
-95
34
139
300
494
674
812
883
1043
1167
1204
1307
1384
1453
1441
1316
1329
1358
1242
1052
842
744
666
444
209
80
21
-64
-185
-231
-143
-34
-1
59
227
424
514
562
660
768
792
689
602
584
503
297
63
-99
-233
-440
-698
-905
-1027
-1174
-1388
-1560
-1647
-1708
-1805
-1919
-1939
-1884
-1847
-1833
-1796
-1679
-1536
-1446
-1346
-1199
-1032
-897
-786
-641
-467
-298
-144
20
203
395
589
753
915
1076
1196
1273
1320
1342
1320
1258
1156
1005
825
637
436
183
-73
-307
-566
-848
-1132
-1366
-1577
-1766
-1899
-1959
-1973
-1966
-1828
-1616
-1373
-1086
-741
-330
56
460
889
1340
1756
2127
2489
2784
3056
3299
3461
3544
3583
3592
3496
3275
3017
2747
2387
1913
1462
1060
591
63
-405
-728
-1038
-1338
-1509
-1578
-1601
-1614
-1531
-1404
-1278
-1102
-928
-801
-693
-535
-399
-342
-263
-124
-16
-17
-10
45
29
-102
-262
-423
-682
-1031
-1397
-1759
-2138
-2516
-2818
-3054
-3219
-3284
-3249
-3111
-2913
-2624
-2271
-1904
-1517
-1131
-741
-399
-70
269
573
861
1140
1454
1733
1988
2255
2499
2719
2876
3005
3091
3106
3064
2952
2801
2585
2334
2049
1742
1460
1179
941
719
538
389
241
115
-22
-142
-307
-508
-738
-1016
-1291
-1590
-1840
-2047
-2199
-2283
-2328
-2267
-2146
-1955
-1720
-1445
-1155
-891
-620
-399
-183
6
186
366
521
700
876
1087
1287
1476
1656
1798
1885
1845
1749
1571
1314
974
578
199
-207
-573
-902
-1139
-1260
-1320
-1266
-1136
-932
-688
-453
-199
25
227
361
439
493
513
518
478
480
495
527
563
577
636
638
606
486
320
122
-202
-542
-959
-1345
-1728
-2100
-2377
-2607
-2672
-2691
-2568
-2360
-2075
-1678
-1317
-878
-487
-65
299
586
875
1079
1316
1452
1599
1727
1863
2011
2082
2198
2264
2364
2361
2302
2234
2111
1993
1743
1514
1277
1095
883
636
494
392
364
236
112
18
-74
-233
-552
-876
-1196
-1533
-1980
-2454
-2816
-3056
-3254
-3460
-3554
-3471
-3269
-3060
-2839
-2536
-2129
-1752
-1448
-1144
-785
-398
-84
202
523
898
1257
1595
1953
2286
2580
2793
2943
2988
2918
2772
2546
2229
1811
1382
1002
660
310
9
-155
-216
-240
-231
-143
15
164
248
302
363
412
390
310
250
237
220
201
243
379
533
639
738
838
874
783
596
358
27
-419
-932
-1419
-1864
-2299
-2674
-2940
-3068
-3103
-3088
-2970
-2754
-2470
-2187
-1919
-1609
-1264
-940
-661
-373
-25
322
619
895
1209
1546
1822
2039
2228
2409
2524
2523
2480
2403
2274
2057
1796
1578
1352
1099
829
649
575
494
368
264
319
427
400
268
189
206
113
-223
-639
-907
-1112
-1511
-2076
-2511
-2665
-2802
-3130
-3421
-3393
-3139
-3016
-3037
-2871
-2427
-2005
-1815
-1619
-1182
-645
-265
8
441
1036
1559
1938
2348
2845
3245
3467
3624
3767
3773
3551
3256
2988
2637
2119
1571
1189
901
539
153
-33
20
70
7
-30
113
272
225
36
-110
-144
-272
-577
-828
-841
-727
-685
-655
-447
-92
201
330
410
503
475
195
-239
-664
-1099
-1636
-2233
-2723
-3058
-3324
-3529
-3599
-3486
-3283
-3086
-2849
-2503
-2122
-1813
-1554
-1254
-905
-591
-281
107
576
1060
1505
1981
2500
2999
3378
3617
3786
3856
3791
3577
3273
2952
2598
2175
1728
1355
1091
860
589
369
270
242
169
72
73
160
179
66
-23
4
-7
-239
-599
-867
-1048
-1383
-1897
-2298
-2486
-2671
-3023
-3313
-3314
-3181
-3164
-3247
-3139
-2812
-2530
-2390
-2178
-1710
-1208
-855
-510
8
644
1185
1627
2092
2609
3036
3322
3543
3681
3718
3588
3355
3061
2687
2282
1848
1430
1003
621
356
171
62
-41
-71
-75
-83
-100
-155
-212
-358
-530
-720
-887
-1007
-1101
-1056
-938
-743
-520
-236
143
474
697
752
757
691
462
87
-355
-757
-1204
-1666
-2068
-2322
-2449
-2560
-2619
-2600
-2488
-2342
-2222
-2095
-1940
-1770
-1610
-1436
-1181
-851
-487
-111
328
854
1390
1901
2391
2854
3208
3420
3542
3584
3534
3335
3086
2805
2484
2120
1753
1499
1247
985
679
404
178
-83
-298
-498
-636
-791
-945
-1020
-999
-898
-828
-743
-707
-712
-790
-902
-1003
-1190
-1469
-1847
-2194
-2489
-2728
-2893
-2962
-2932
-2898
-2815
-2638
-2314
-1953
-1663
-1403
-1121
-794
-483
-166
216
642
1043
1377
1732
2175
2664
3069
3314
3447
3508
3479
3308
3021
2722
2409
1964
1374
865
618
526
398
241
212
312
342
303
324
397
326
-24
-464
-756
-871
-1015
-1209
-1270
-1143
-919
-737
-429
91
587
774
703
685
676
424
-40
-454
-817
-1343
-1960
-2361
-2477
-2538
-2634
-2629
-2493
-2321
-2162
-1964
-1708
-1455
-1248
-1125
-1038
-857
-535
-176
137
501
980
1485
1917
2364
2876
3295
3477
3470
3420
3298
3018
2628
2189
1733
1249
786
416
112
-124
-326
-533
-745
-899
-968
-1029
-1109
-1179
-1122
-986
-865
-703
-462
-140
42
87
99
131
101
-196
-580
-965
-1315
-1760
-2261
-2584
-2798
-2915
-3082
-3126
-2966
-2729
-2435
-2199
-1838
-1421
-1010
-666
-326
172
627
1036
1375
1810
2282
2631
2983
3323
3681
3830
3840
3822
3699
3446
3013
2634
2192
1678
1187
780
565
314
148
46
19
36
-32
-51
-151
-245
-428
-689
-876
-1023
-1062
-1125
-1071
-889
-645
-347
-57
306
577
733
778
707
518
150
-277
-760
-1290
-1829
-2314
-2683
-2988
-3201
-3289
-3272
-3192
-3047
-2856
-2645
-2443
-2239
-1968
-1719
-1454
-1139
-746
-288
164
712
1322
1977
2549
3055
3529
3863
4106
4112
4013
3805
3489
3093
2544
2070
1587
1151
712
306
58
-238
-491
-789
-989
-1086
-1212
-1235
-1336
-1247
-1067
-880
-655
-477
-89
154
246
230
214
241
-106
-515
-933
-1274
-1701
-2279
-2597
-2817
-2911
-3085
-3165
-3002
-2813
-2569
-2429
-2145
-1793
-1504
-1251
-982
-478
21
460
918
1524
2209
2743
3250
3815
4352
4609
4628
4648
4626
4393
3908
3402
3001
2521
1924
1432
1211
1131
913
685
625
701
634
346
90
-119
-435
-1028
-1604
-1927
-2129
-2379
-2623
-2527
-2197
-1835
-1559
-1174
-618
-252
-168
-266
-288
-442
-894
-1494
-2024
-2346
-2787
-3217
-3461
-3413
-3253
-3232
-3071
-2765
-2323
-2056
-1912
-1641
-1349
-1054
-945
-715
-331
112
543
926
1550
2210
2838
3293
3699
4130
4356
4422
4248
4084
3814
3367
2863
2366
2033
1627
1255
927
717
570
328
164
45
22
-104
-255
-265
-175
-69
-95
3
190
308
185
-46
-159
-334
-731
-1342
-1804
-2130
-2548
-3095
-3528
-3653
-3730
-3921
-4130
-4083
-3855
-3680
-3563
-3326
-2811
-2243
-1787
-1308
-578
288
1027
1632
2296
3054
3662
4044
4362
4732
4978
4931
4645
4387
4181
3799
3212
2618
2253
1866
1282
729
551
588
326
-160
-455
-465
-649
-1167
-1628
-1807
-1980
-2431
-2860
-2879
-2544
-2263
-2116
-1753
-1035
-310
106
428
959
1387
1267
833
553
366
-200
-1044
-1649
-1963
-2384
-2956
-3255
-3166
-2992
-3003
-2995
-2739
-2374
-2112
-1996
-1771
-1348
-941
-685
-402
163
882
1510
2045
2698
3458
4057
4446
4776
5100
5266
5153
4822
4413
3997
3493
2871
2224
1693
1240
686
83
-377
-660
-1017
-1490
-1864
-2046
-2190
-2432
-2560
-2403
-2074
-1831
-1623
-1226
-704
-373
-316
-264
-132
-168
-571
-1114
-1477
-1765
-2249
-2852
-3185
-3216
-3266
-3480
-3567
-3291
-2931
-2765
-2670
-2300
-1723
-1289
-1002
-572
135
840
1352
1843
2522
3259
3770
4073
4373
4725
4935
4845
4607
4405
4203
3846
3311
2822
2497
2173
1688
1195
916
772
501
89
-205
-353
-595
-1035
-1454
-1658
-1820
-2111
-2403
-2422
-2207
-2012
-1871
-1573
-1007
-502
-251
-82
230
490
345
-38
-295
-430
-885
-1570
-2050
-2244
-2500
-2967
-3206
-3099
-2914
-2917
-2865
-2529
-2119
-1844
-1678
-1378
-956
-552
-250
85
577
1154
1708
2198
2777
3420
3982
4352
4619
4857
4884
4656
4275
3853
3317
2629
1905
1230
633
29
-539
-1023
-1397
-1689
-1993
-2251
-2424
-2431
-2407
-2391
-2254
-1933
-1473
-1138
-782
-293
270
607
670
794
950
905
446
-73
-372
-729
-1336
-2091
-2485
-2653
-2909
-3250
-3433
-3191
-2920
-2749
-2614
-2222
-1590
-1121
-744
-293
385
1060
1531
2052
2645
3256
3673
3956
4290
4500
4562
4487
4397
4250
3862
3489
3144
2796
2293
1723
1350
945
512
20
-329
-555
-913
-1238
-1544
-1695
-1871
-2090
-2255
-2414
-2452
-2477
-2418
-2299
-2079
-1755
-1489
-1178
-821
-404
-126
5
123
98
-53
-336
-583
-886
-1344
-1736
-2067
-2317
-2594
-2699
-2559
-2451
-2339
-2188
-1856
-1508
-1217
-863
-494
-125
178
545
942
1347
1848
2334
2782
3110
3489
3880
4094
4190
4170
4108
3865
3458
3033
2526
2018
1477
923
343
-260
-698
-1065
-1429
-1758
-2012
-2126
-2244
-2271
-2185
-1998
-1634
-1193
-745
-380
55
613
1023
1179
1140
1144
1028
566
-80
-683
-1146
-1719
-2428
-3012
-3356
-3488
-3636
-3766
-3704
-3411
-3044
-2834
-2589
-2091
-1451
-948
-570
9
787
1458
1979
2576
3284
3843
4189
4473
4733
4827
4762
4641
4464
4103
3630
3208
2794
2302
1707
1232
853
401
-128
-608
-852
-1104
-1444
-1804
-2024
-2146
-2381
-2602
-2735
-2686
-2687
-2664
-2515
-2224
-1858
-1579
-1142
-700
-294
-51
129
368
399
337
112
-58
-278
-661
-1023
-1367
-1505
-1709
-1904
-2005
-1968
-1784
-1704
-1534
-1312
-1004
-724
-537
-239
62
416
738
1055
1464
1854
2283
2640
2997
3321
3521
3647
3636
3575
3373
3033
2637
2175
1685
1118
560
63
-411
-798
-1169
-1455
-1638
-1765
-1816
-1931
-1933
-1853
-1687
-1528
-1416
-1100
-699
-207
176
564
1094
1537
1835
1796
1723
1578
1236
634
-180
-822
-1467
-2118
-2827
-3313
-3492
-3583
-3611
-3615
-3350
-2974
-2615
-2307
-1970
-1485
-1064
-680
-306
192
797
1331
1851
2401
3027
3575
3973
4293
4560
4726
4635
4354
4065
3715
3209
2500
1806
1273
699
23
-624
-996
-1264
-1628
-1990
-2141
-2079
-2141
-2334
-2462
-2384
-2320
-2428
-2505
-2414
-2155
-1981
-1835
-1529
-1032
-518
-191
148
555
982
1181
1148
1170
1165
980
582
237
-10
-341
-769
-1100
-1263
-1378
-1494
-1533
-1452
-1307
-1153
-991
-772
-496
-192
61
309
651
1052
1390
1653
2004
2428
2757
2941
3154
3422
3506
3379
3208
3039
2726
2214
1693
1227
740
199
-326
-726
-1039
-1332
-1617
-1847
-1930
-1958
-2015
-2136
-2115
-1918
-1798
-1722
-1534
-1098
-687
-448
-188
197
548
550
397
255
99
-285
-920
-1394
-1727
-2054
-2496
-2829
-2831
-2728
-2668
-2667
-2424
-2013
-1691
-1489
-1258
-773
-315
-14
277
777
1419
1872
2261
2729
3324
3734
3882
4048
4223
4271
3990
3651
3408
3088
2562
1912
1470
1076
569
-38
-460
-660
-938
-1267
-1531
-1479
-1427
-1538
-1647
-1595
-1391
-1431
-1538
-1533
-1327
-1153
-1167
-1033
-718
-300
-80
71
377
692
849
734
649
626
463
75
-368
-640
-908
-1277
-1670
-1883
-1935
-2029
-2122
-2118
-1941
-1742
-1610
-1447
-1195
-849
-589
-332
16
447
875
1223
1645
2071
2471
2779
3005
3187
3258
3278
3167
2979
2738
2489
2196
1766
1336
973
640
217
-233
-547
-772
-1015
-1300
-1487
-1540
-1595
-1713
-1843
-1845
-1754
-1714
-1713
-1610
-1304
-984
-786
-582
-237
118
179
57
3
-7
-243
-742
-1132
-1305
-1480
-1824
-2077
-1989
-1773
-1691
-1703
-1500
-1084
-777
-681
-567
-201
179
343
443
760
1264
1585
1728
1952
2341
2648
2679
2670
2725
2744
2549
2233
2008
1804
1521
1118
779
518
239
-32
-267
-365
-451
-536
-551
-483
-358
-282
-177
-92
-6
23
-17
-38
-117
-168
-291
-412
-473
-527
-501
-518
-477
-458
-413
-353
-420
-488
-621
-682
-867
-1169
-1383
-1564
-1665
-1903
-2025
-2017
-1967
-1891
-1873
-1626
-1371
-1077
-807
-521
-71
290
695
1025
1429
1859
2165
2465
2672
2936
3062
3084
3060
2968
2875
2623
2361
2057
1750
1449
1120
812
443
138
-167
-504
-878
-1241
-1505
-1802
-2120
-2426
-2575
-2569
-2533
-2481
-2343
-1979
-1562
-1271
-1042
-714
-294
-96
-168
-244
-178
-159
-465
-825
-958
-938
-1065
-1369
-1435
-1249
-1048
-1075
-1068
-794
-465
-298
-330
-166
127
318
344
399
713
982
1162
1292
1597
1977
2165
2313
2412
2606
2643
2512
2380
2197
2066
1776
1532
1321
1163
1080
925
915
865
906
907
826
807
673
579
311
37
-235
-565
-822
-1189
-1399
-1589
-1696
-1753
-1819
-1720
-1669
-1538
-1487
-1410
-1329
-1340
-1300
-1380
-1414
-1517
-1583
-1600
-1677
-1656
-1681
-1572
-1459
-1366
-1213
-1085
-826
-646
-444
-240
9
363
607
903
1205
1575
1900
2118
2368
2538
2687
2702
2678
2620
2469
2335
2123
1930
1676
1425
1225
958
695
364
106
-154
-519
-871
-1219
-1464
-1783
-2080
-2249
-2365
-2344
-2321
-2154
-1948
-1674
-1237
-898
-583
-287
148
461
474
496
542
578
293
-41
-189
-343
-524
-824
-936
-956
-966
-943
-1015
-989
-917
-793
-803
-907
-808
-625
-500
-515
-320
97
428
685
996
1512
1921
2166
2383
2562
2676
2609
2538
2419
2237
2097
1947
1815
1619
1508
1504
1454
1376
1242
1149
979
721
474
215
-30
-392
-788
-1175
-1552
-1838
-2111
-2303
-2460
-2549
-2579
-2568
-2395
-2118
-1815
-1650
-1524
-1314
-1153
-1083
-1044
-901
-810
-883
-949
-828
-582
-465
-378
-203
-22
64
104
256
428
521
537
572
681
807
991
1170
1325
1468
1609
1761
1824
1911
2005
2044
1972
1818
1725
1582
1372
1091
845
602
284
-5
-248
-396
-598
-810
-1004
-1166
-1256
-1421
-1560
-1644
-1585
-1524
-1562
-1497
-1294
-954
-776
-670
-391
-2
270
189
134
280
339
38
-382
-460
-472
-750
-1206
-1392
-1282
-1300
-1473
-1570
-1361
-1076
-958
-947
-805
-426
-163
-112
-79
248
671
795
859
1139
1595
1788
1785
1968
2255
2448
2406
2414
2505
2527
2443
2226
2037
1870
1717
1436
1100
941
853
671
318
130
94
-83
-444
-765
-880
-1097
-1453
-1781
-1935
-2026
-2230
-2383
-2392
-2236
-2077
-1977
-1808
-1482
-1101
-909
-824
-626
-331
-238
-355
-351
-197
-133
-270
-319
-156
-29
-36
-31
136
317
405
478
589
752
875
925
984
1081
1223
1314
1333
1401
1548
1643
1584
1519
1555
1521
1313
1079
965
813
502
198
56
-74
-364
-646
-749
-795
-976
-1220
-1304
-1278
-1313
-1410
-1434
-1347
-1209
-1092
-1001
-893
-684
-450
-352
-373
-373
-308
-362
-594
-827
-983
-1110
-1302
-1495
-1618
-1636
-1547
-1431
-1342
-1229
-950
-617
-395
-263
-65
266
521
605
689
937
1215
1366
1489
1699
1999
2227
2348
2458
2592
2669
2623
2534
2428
2306
2133
1914
1763
1647
1453
1259
1205
1187
1022
806
684
623
401
-39
-386
-558
-852
-1357
-1768
-1933
-2040
-2280
-2506
-2468
-2268
-2172
-2177
-2039
-1772
-1579
-1550
-1556
-1406
-1265
-1298
-1351
-1265
-1104
-1023
-994
-853
-607
-420
-329
-208
-11
147
202
226
312
439
540
627
749
949
1182
1409
1612
1811
2038
2213
2256
2241
2211
2108
1897
1621
1371
1135
827
505
286
149
-24
-220
-337
-386
-473
-641
-794
-857
-951
-1136
-1301
-1334
-1290
-1287
-1271
-1091
-762
-516
-397
-207
132
358
250
42
-19
-130
-572
-1139
-1472
-1620
-1908
-2339
-2493
-2304
-2082
-2012
-1857
-1442
-977
-685
-532
-268
109
386
479
571
858
1216
1449
1647
1982
2407
2707
2856
3025
3219
3271
3129
2937
2762
2524
2161
1819
1577
1370
1109
855
757
722
612
413
270
168
-22
-319
-643
-894
-1137
-1452
-1795
-2033
-2119
-2174
-2266
-2277
-2140
-1957
-1846
-1758
-1584
-1376
-1294
-1323
-1313
-1227
-1186
-1243
-1287
-1215
-1082
-1009
-959
-833
-607
-433
-337
-230
-65
119
219
322
484
690
866
1017
1227
1448
1668
1838
2003
2187
2303
2362
2362
2348
2262
2090
1881
1620
1345
1015
698
413
142
-102
-328
-456
-587
-711
-811
-875
-899
-1015
-1099
-1150
-1132
-1133
-1182
-1120
-979
-776
-688
-595
-421
-248
-199
-380
-501
-602
-804
-1213
-1659
-1893
-2089
-2340
-2628
-2654
-2440
-2226
-2047
-1785
-1265
-738
-373
-83
303
753
1018
1133
1303
1618
1881
1975
2109
2399
2707
2833
2881
3028
3184
3148
2935
2765
2654
2437
2077
1745
1566
1400
1123
848
708
639
480
230
25
-84
-239
-538
-857
-1058
-1209
-1458
-1743
-1899
-1940
-2000
-2123
-2173
-2087
-1994
-1988
-1981
-1881
-1746
-1676
-1668
-1596
-1465
-1352
-1299
-1240
-1106
-957
-856
-809
-716
-571
-458
-392
-304
-116
72
227
406
662
945
1169
1351
1539
1739
1868
1912
1939
1981
1983
1927
1839
1754
1670
1511
1326
1128
928
689
428
225
25
-147
-310
-397
-438
-499
-521
-532
-503
-530
-543
-506
-471
-430
-392
-239
-120
-68
-18
104
192
4
-251
-464
-643
-1055
-1668
-2075
-2290
-2491
-2885
-3124
-2981
-2653
-2402
-2298
-1904
-1291
-696
-348
-103
414
950
1324
1424
1626
2076
2414
2558
2589
2830
3086
3151
3073
2966
2953
2785
2459
2070
1756
1494
1078
651
332
177
-19
-305
-407
-339
-297
-472
-633
-548
-509
-723
-1057
-1166
-1146
-1346
-1668
-1821
-1662
-1552
-1633
-1621
-1388
-1027
-890
-889
-795
-590
-487
-693
-884
-909
-890
-1098
-1395
-1385
-1230
-1201
-1258
-1067
-687
-453
-318
-77
287
526
657
825
1001
1169
1286
1401
1495
1635
1835
1959
2009
2109
2326
2421
2310
2230
2248
2162
1798
1390
1137
858
387
-143
-474
-668
-908
-1206
-1389
-1364
-1290
-1292
-1349
-1289
-1134
-1063
-1089
-1096
-973
-864
-850
-774
-614
-473
-435
-363
-194
-157
-305
-455
-484
-617
-1015
-1391
-1548
-1633
-1889
-2173
-2156
-1911
-1703
-1622
-1379
-865
-346
-17
238
687
1204
1530
1653
1846
2191
2401
2398
2393
2551
2681
2590
2445
2427
2443
2270
2001
1824
1692
1439
1088
809
595
326
11
-237
-420
-635
-847
-1005
-1140
-1278
-1383
-1421
-1450
-1492
-1485
-1397
-1298
-1247
-1172
-1039
-909
-819
-736
-636
-542
-489
-464
-429
-372
-355
-374
-361
-324
-331
-401
-419
-355
-349
-443
-499
-429
-359
-371
-342
-185
5
125
250
473
741
959
1121
1272
1434
1550
1593
1602
1603
1601
1533
1392
1247
1158
1070
894
681
505
341
110
-153
-368
-535
-709
-911
-1079
-1184
-1233
-1246
-1251
-1250
-1219
-1157
-1121
-1118
-1092
-1004
-888
-830
-823
-763
-596
-426
-384
-416
-393
-324
-355
-546
-723
-748
-733
-847
-1008
-980
-732
-484
-351
-173
185
609
906
1087
1311
1618
1849
1909
1906
1976
2090
2108
2005
1893
1856
1825
1709
1531
1370
1275
1170
981
767
625
552
407
137
-120
-243
-363
-610
-883
-1058
-1145
-1262
-1431
-1533
-1514
-1473
-1490
-1510
-1472
-1376
-1302
-1268
-1196
-1082
-991
-924
-828
-690
-571
-520
-447
-294
-174
-175
-169
-41
64
8
-98
-43
83
22
-127
-103
56
106
30
65
272
463
538
601
764
1000
1175
1240
1275
1384
1528
1529
1388
1316
1337
1256
1026
834
772
687
500
327
220
99
-54
-190
-344
-520
-654
-753
-888
-1033
-1083
-1062
-1087
-1129
-1059
-930
-873
-852
-738
-551
-430
-390
-334
-201
-79
-67
-150
-215
-236
-343
-592
-874
-991
-1007
-1122
-1324
-1367
-1138
-902
-782
-634
-291
137
404
507
657
977
1257
1310
1258
1349
1556
1653
1626
1631
1759
1836
1751
1620
1520
1442
1275
1018
734
463
193
-57
-207
-328
-500
-660
-692
-649
-703
-791
-743
-613
-651
-854
-927
-803
-729
-855
-999
-969
-838
-768
-752
-668
-460
-227
-149
-129
41
301
384
245
169
217
178
-4
-126
-141
-255
-454
-501
-377
-323
-360
-306
-171
-91
-75
24
210
327
325
298
355
514
710
823
845
919
1083
1209
1239
1305
1436
1435
1229
1004
876
747
500
164
-176
-480
-738
-949
-1112
-1239
-1329
-1396
-1463
-1464
-1369
-1244
-1196
-1185
-1100
-1021
-986
-898
-699
-496
-442
-389
-155
146
278
266
344
451
374
85
-133
-138
-214
-544
-879
-865
-639
-540
-537
-356
43
361
452
505
751
1047
1088
921
854
1028
1192
1141
1067
1178
1346
1366
1266
1273
1380
1316
1075
836
700
604
432
212
2
-165
-279
-353
-403
-431
-431
-438
-491
-545
-545
-505
-501
-585
-683
-744
-784
-796
-790
-768
-740
-746
-711
-583
-435
-330
-285
-252
-207
-200
-226
-242
-243
-275
-371
-444
-423
-350
-297
-273
-219
-136
-43
21
83
166
231
258
254
278
351
454
544
617
704
812
929
1027
1109
1168
1160
1101
1007
887
739
571
405
236
52
-136
-284
-374
-440
-528
-625
-677
-685
-708
-764
-796
-777
-759
-776
-783
-729
-643
-581
-502
-367
-204
-89
-21
106
291
393
359
312
375
443
319
83
-20
49
31
-188
-386
-347
-200
-220
-353
-342
-165
-53
-138
-227
-120
41
29
-84
-98
40
145
125
141
280
448
501
502
591
705
725
652
593
586
515
362
238
169
102
-13
-107
-105
-70
-69
-115
-115
-35
9
-55
-149
-160
-148
-220
-344
-415
-405
-403
-457
-473
-400
-295
-223
-181
-110
11
115
133
126
170
231
202
118
113
173
174
101
85
156
203
173
130
151
188
180
131
97
110
129
112
90
111
169
200
189
206
259
266
217
183
180
134
36
-32
-75
-142
-243
-321
-352
-400
-469
-517
-516
-507
-523
-527
-525
-500
-448
-417
-405
-382
-324
-268
-247
-226
-163
-94
-62
-36
25
118
182
206
245
307
353
343
310
311
317
287
203
141
145
153
108
44
57
118
132
85
71
135
172
142
93
98
146
139
104
107
148
185
182
194
227
263
273
258
258
255
226
177
132
115
67
5
-28
-33
-32
-78
-94
-68
-63
-94
-151
-167
-175
-219
-285
-348
-358
-369
-414
-431
-409
-348
-296
-269
-218
-141
-59
-16
5
38
70
96
87
78
87
83
77
70
77
82
81
85
87
77
51
29
24
9
-8
-23
-26
-10
3
24
52
69
94
127
143
139
137
142
141
118
84
60
51
28
-14
-46
-63
-68
-90
-113
-108
-98
-100
-105
-93
-59
-43
-56
-64
-44
-42
-78
-113
-117
-104
-114
-128
-114
-67
-12
27
73
144
211
245
248
249
241
211
171
113
49
-11
-58
-88
-117
-153
-164
-147
-137
-147
-162
-148
-127
-136
-169
-192
-174
-155
-166
-170
-121
-52
2
62
147
252
331
380
424
481
509
488
450
407
352
269
182
113
46
-31
-99
-139
-161
-183
-208
-222
-218
-225
-256
-279
-280
-285
-312
-331
-306
-260
-232
-189
-88
22
108
181
267
367
418
411
403
407
381
305
207
137
91
20
-80
-146
-155
-161
-213
-272
-267
-215
-206
-252
-259
-200
-157
-182
-210
-171
-106
-84
-100
-74
7
65
74
79
116
177
173
112
79
76
49
-25
-95
-109
-104
-128
-156
-152
-133
-118
-140
-158
-151
-168
-184
-203
-210
-186
-166
-122
-36
69
184
298
423
544
633
662
663
628
533
384
191
17
-153
-363
-540
-667
-732
-749
-788
-764
-666
-587
-525
-464
-374
-271
-230
-222
-155
-56
30
100
191
369
569
706
859
1066
1241
1350
1404
1437
1468
1393
1229
1062
876
657
403
164
-10
-172
-346
-472
-534
-580
-629
-693
-705
-689
-720
-754
-757
-729
-701
-681
-616
-486
-346
-200
-29
173
379
546
683
788
834
815
724
579
396
181
-61
-307
-532
-726
-886
-1014
-1099
-1122
-1109
-1076
-1022
-940
-840
-744
-654
-553
-440
-337
-233
-115
15
163
310
453
601
733
837
910
939
937
893
802
671
525
381
244
118
1
-95
-173
-235
-278
-305
-331
-338
-325
-301
-264
-210
-125
-19
104
219
332
460
575
673
764
839
905
939
935
902
826
706
549
360
119
-145
-414
-672
-924
-1151
-1307
-1391
-1435
-1439
-1382
-1266
-1131
-995
-870
-741
-601
-500
-422
-341
-224
-95
33
177
380
606
813
1008
1206
1389
1506
1547
1527
1468
1339
1142
888
633
374
108
-151
-358
-501
-604
-670
-705
-680
-624
-555
-495
-423
-344
-269
-209
-145
-73
23
120
218
335
470
602
706
804
871
909
874
782
651
484
252
-14
-282
-534
-766
-978
-1148
-1266
-1312
-1324
-1294
-1242
-1142
-1015
-906
-801
-670
-528
-401
-284
-155
-8
137
255
376
506
616
697
739
773
789
757
692
605
511
410
279
144
42
-48
-141
-230
-292
-312
-333
-366
-374
-346
-305
-270
-213
-103
29
145
243
358
480
577
624
636
654
639
564
458
362
288
192
76
-6
-27
-38
-87
-125
-107
-84
-124
-203
-251
-275
-350
-480
-570
-591
-616
-675
-697
-614
-495
-427
-359
-208
-5
131
195
305
472
591
592
583
658
713
650
534
484
487
395
207
54
0
-64
-229
-386
-428
-405
-435
-509
-489
-353
-246
-224
-178
-34
130
200
221
313
447
503
474
468
520
532
438
318
251
192
59
-121
-264
-358
-462
-599
-703
-721
-706
-709
-706
-641
-527
-436
-381
-316
-227
-149
-118
-107
-51
16
55
89
146
239
326
377
413
469
521
522
488
450
411
347
253
154
81
20
-51
-116
-150
-154
-146
-140
-118
-72
-26
8
33
60
74
73
55
29
13
-11
-43
-75
-92
-100
-122
-137
-137
-131
-131
-137
-133
-122
-125
-136
-140
-138
-153
-174
-183
-182
-191
-202
-205
-186
-163
-153
-134
-104
-64
-32
-6
35
90
128
159
209
271
325
364
411
465
515
546
555
562
560
525
460
384
308
210
97
-2
-87
-152
-202
-237
-244
-220
-192
-154
-98
-50
-10
29
51
57
63
56
34
6
-15
-45
-81
-112
-145
-170
-187
-223
-258
-279
-300
-318
-334
-353
-366
-367
-355
-338
-321
-290
-254
-208
-162
-115
-46
5
39
94
137
157
176
194
204
208
208
212
217
210
205
210
193
174
166
134
86
53
39
14
-31
-46
-19
-18
-29
18
46
23
43
59
59
65
63
44
26
14
-7
2
-31
-56
-1
-6
-49
-16
-4
-45
-49
-55
-81
-87
-110
-133
-119
-123
-120
-93
-103
-84
-36
-40
-50
-24
-16
-24
-32
-30
-10
-12
-15
20
50
67
100
134
160
194
215
243
267
262
273
265
229
217
183
122
74
29
-18
-49
-84
-124
-130
-140
-156
-151
-154
-151
-134
-139
-136
-116
-119
-120
-102
-102
-87
-69
-64
-51
-41
-37
-32
-22
-29
-25
-24
-37
-37
-48
-64
-70
-73
-73
-71
-72
-59
-46
-35
-17
-4
10
27
39
51
67
77
79
85
94
95
103
114
116
120
124
121
120
120
116
115
104
103
97
81
75
73
60
53
45
32
17
7
-4
-21
-28
-46
-54
-67
-87
-91
-102
-111
-115
-127
-120
-116
-121
-118
-120
-122
-122
-125
-130
-127
-127
-128
-116
-110
-104
-99
-88
-87
-84
-80
-78
-66
-62
-55
-35
-17
0
25
50
72
104
130
146
177
194
196
223
231
224
244
245
233
247
238
216
222
202
163
152
121
70
46
5
-44
-56
-89
-126
-129
-137
-147
-125
-115
-115
-84
-68
-58
-44
-40
-37
-31
-39
-37
-32
-43
-35
-36
-31
-14
-8
-28
-40
-48
-83
-76
-71
-93
-92
-88
-117
-107
-91
-121
-90
-81
-96
-56
-42
-61
-12
15
10
66
81
69
104
113
95
126
109
82
106
63
44
54
22
16
28
-1
7
10
-13
2
1
-13
-13
-19
-39
-40
-55
-65
-52
-51
-39
-31
-25
-4
12
7
11
20
9
8
24
19
17
19
6
14
8
-11
-4
-8
-28
-25
-34
-48
-35
-41
-42
-27
-28
-22
-12
-13
-3
15
19
28
35
40
53
67
73
76
84
90
81
77
86
81
75
65
49
44
37
27
15
2
-10
-20
-22
-34
-40
-38
-39
-41
-43
-38
-34
-29
-25
-28
-21
-11
-15
-18
-22
-25
-26
-22
-15
-18
-16
-14
-11
-15
-14
-10
-16
-12
-9
-10
-17
-17
-12
-20
-19
-22
-27
-19
-14
-13
-8
-7
-5
3
9
18
20
25
31
29
26
32
34
28
36
37
38
36
30
28
25
21
13
12
9
0
-3
-3
-4
-7
-6
-6
-8
-10
-5
2
5
7
7
6
-3
-5
-7
-11
-9
-11
-8
-9
-17
-16
-21
-22
-19
-26
-28
-29
-33
-33
-33
-33
-26
-24
-27
-20
-15
-4
-4
1
17
22
25
29
35
37
43
42
40
46
48
47
53
50
45
47
34
25
21
16
9
1
-1
-8
-13
-19
-25
-24
-32
-32
-27
-29
-25
-29
-33
-30
-28
-23
-24
-17
-16
-17
-11
-15
-16
-14
-14
-8
-1
-2
-2
-2
-5
-3
-3
-7
-4
-2
-10
-12
-12
-9
-12
-10
-4
-6
-4
-2
2
11
7
9
10
14
21
20
26
22
22
30
23
19
14
11
16
10
13
15
13
11
7
11
10
10
9
0
-2
-2
-7
-12
-17
-10
-9
-12
-8
-9
-13
-6
-8
-13
-11
-10
-12
-16
-19
-23
-27
-29
-36
-35
-31
-30
-25
-26
-21
-13
-14
-9
-4
-6
-4
2
5
4
9
14
16
20
26
33
43
47
49
50
54
54
54
53
47
41
36
31
29
28
24
20
17
12
8
5
-1
-9
-13
-20
-30
-30
-26
-30
-31
-30
-30
-28
-30
-33
-28
-27
-29
-21
-20
-18
-18
-25
-23
-23
-29
-30
-28
-26
-30
-29
-25
-25
-27
-27
-23
-22
-19
-14
-11
-7
-8
-4
3
4
10
12
13
18
25
28
29
40
46
50
49
50
51
42
37
33
29
32
26
22
16
15
22
18
15
7
7
5
1
0
-6
-3
4
2
-3
-8
-9
-16
-28
-30
-32
-35
-37
-37
-33
-31
-34
-34
-23
-29
-38
-36
-39
-40
-35
-32
-32
-28
-25
-23
-15
-6
1
4
8
7
8
14
21
34
35
37
46
47
51
53
55
51
51
48
45
45
44
48
48
46
43
36
32
27
17
9
4
0
-11
-12
-18
-22
-22
-25
-33
-37
-33
-33
-35
-38
-39
-35
-41
-40
-43
-43
-34
-36
-34
-31
-31
-25
-25
-31
-33
-30
-30
-28
-28
-24
-20
-21
-17
-14
-10
-9
-11
-6
-6
-4
-6
3
8
9
17
15
20
21
22
33
30
36
39
34
35
40
39
32
33
33
31
31
32
31
35
35
33
30
30
37
31
25
23
18
15
10
11
7
-6
-6
-3
-6
-11
-10
-16
-22
-24
-31
-30
-30
-33
-35
-37
-38
-41
-36
-38
-36
-31
-27
-23
-23
-20
-21
-23
-17
-14
-8
-5
-2
-1
-1
4
13
18
20
18
21
24
22
20
20
18
15
16
11
1
6
10
7
7
8
5
2
4
5
-1
1
1
-4
-7
-10
-13
-11
-10
-13
-13
-11
-9
-12
-15
-12
-9
-11
-10
-15
-10
-9
-7
0
-5
-5
-11
-14
-14
-14
-8
-3
-3
4
16
14
15
20
21
18
17
9
10
7
0
4
4
8
15
11
13
25
23
26
33
25
28
29
24
22
12
15
13
9
3
-1
3
0
-1
-1
-2
-1
-9
-12
-6
-5
-6
-8
-13
-17
-17
-24
-29
-27
-33
-36
-35
-35
-32
-31
-29
-25
-25
-26
-29
-32
-28
-25
-25
-25
-19
-16
-12
-3
-3
3
6
10
14
10
13
21
31
23
19
26
28
21
26
30
33
36
28
30
31
26
34
38
29
29
31
24
19
21
18
11
10
11
7
-1
-1
-3
-6
-6
-14
-18
-17
-15
-19
-21
-24
-24
-22
-18
-16
-16
-10
-18
-21
-26
-29
-23
-21
-22
-23
-24
-26
-29
-25
-26
-26
-22
-18
-16
-17
-18
-20
-13
-8
-4
2
0
6
10
15
16
12
17
17
20
24
29
30
28
30
30
22
18
18
17
15
15
15
12
16
11
15
19
15
19
14
13
14
8
9
13
7
3
-1
-1
-3
-7
-8
-14
-11
-11
-12
-16
-9
-7
-12
-9
-16
-19
-22
-23
-22
-22
-16
-9
-7
-5
-3
-6
-8
-5
3
1
1
9
5
6
0
3
8
8
8
12
12
16
14
5
4
-3
-1
1
-9
-12
-11
-8
-7
-11
-9
-11
-13
-12
-11
-7
-9
-9
-9
-14
-17
-15
-13
-9
-8
-7
-5
0
5
1
4
1
1
4
0
-2
-2
-4
-2
4
7
5
7
8
1
7
14
9
7
9
11
13
13
17
15
18
21
22
27
28
28
27
18
20
20
19
19
13
8
9
8
4
-3
0
1
-4
-6
-10
-14
-15
-14
-15
-13
-11
-10
-10
-7
-8
-12
-14
-16
-15
-20
-16
-20
-25
-22
-27
-27
-25
-25
-16
-17
-19
-11
-9
-13
-13
-6
-3
-15
-15
-12
-12
-5
-6
-2
5
-3
-3
5
9
16
18
23
18
19
24
24
29
25
20
19
13
9
12
13
11
12
14
18
17
19
11
7
10
6
-2
-9
-11
-13
-12
-7
-3
-4
-1
2
1
1
2
5
6
2
1
3
-1
-7
-9
-3
2
-4
-8
-4
-10
-8
-6
-9
-5
-1
-9
-7
-2
-8
-2
-4
-6
-5
-9
-4
-7
-4
-7
-8
-1
0
4
5
4
2
1
3
6
3
0
3
2
-3
0
1
4
6
3
6
1
0
-1
-3
-5
-3
-6
-5
-2
-6
-7
-11
-8
-5
-1
2
-2
-5
-4
-5
-8
-7
-5
-7
-8
-8
-6
5
-1
-4
4
6
6
7
11
3
-3
5
12
11
10
8
11
8
4
7
11
11
4
7
13
11
14
13
6
3
4
2
0
0
1
3
-3
-5
-3
-3
-4
-9
-7
-2
-5
-5
-2
-3
-7
-3
-6
-2
0
-1
1
-1
4
5
7
0
0
4
1
-4
-6
0
0
-7
-2
-2
0
0
-11
-10
-11
-16
-16
-17
-16
-16
-15
-16
-16
-11
-9
-5
-2
-5
-1
0
-2
4
6
7
2
-2
1
3
6
9
16
15
10
14
9
6
8
9
15
14
7
2
6
3
3
3
-2
-3
-1
1
6
5
8
10
3
5
-5
-5
2
-4
0
1
3
7
2
3
3
8
9
2
7
2
-3
-2
-5
-8
-7
-9
-14
-10
-12
-14
-11
-8
-7
-6
-1
-4
-1
0
-2
-8
-9
-2
-1
-5
-3
2
0
0
1
4
3
4
7
6
5
4
2
8
7
2
10
8
3
3
4
7
8
2
1
3
5
6
-2
-6
-2
-2
-5
-3
-6
-8
-5
-6
-7
-7
-4
-4
-6
-3
-3
-1
-4
-1
1
-1
0
-2
-1
-2
-6
-7
-3
-4
-6
-2
-3
-3
-5
-11
-7
-3
-5
0
-1
-6
-5
-7
-1
2
7
6
6
14
8
6
7
1
4
10
12
8
7
15
10
2
10
6
6
14
10
13
14
9
7
9
3
5
8
2
0
-6
-4
-2
-5
-6
-11
-7
-4
-5
-2
-5
-10
-9
-13
-13
-6
-12
-9
-5
-9
-7
-13
-13
-9
-10
-8
-5
-4
3
-1
1
3
-3
0
1
3
6
9
8
7
8
6
3
2
4
6
7
1
-1
-1
0
-1
-5
0
3
0
-5
-2
-1
-7
-2
0
0
6
6
5
8
5
6
9
3
0
3
7
4
5
9
11
12
9
1
2
4
1
-1
-8
-4
-7
-10
-12
-16
-14
-18
-17
-14
-11
-12
-10
-8
-9
-8
-4
-4
-6
-7
-4
1
3
0
5
8
10
12
16
17
15
13
11
13
8
7
4
-1
-5
-4
-3
-9
-3
-3
-9
-7
-4
0
1
1
-3
3
2
-3
0
-2
-3
-4
-4
-9
-6
0
7
8
4
6
3
1
-1
0
2
7
6
8
8
4
5
2
5
4
7
7
2
8
4
5
6
-2
0
2
5
2
0
2
-1
-3
0
5
-4
-3
7
4
2
2
-3
-1
1
0
-4
2
0
-14
-13
-10
-11
-6
-5
-10
-14
-11
-10
-10
-12
-14
-11
-15
-14
-9
-10
-8
-10
-11
-13
-12
-4
-7
-7
-3
-7
-5
-7
1
5
3
11
9
7
8
4
1
-3
-6
-3
3
7
10
12
10
13
10
16
27
25
25
25
27
25
25
22
20
21
15
14
14
10
8
9
4
-1
-2
0
1
-6
-6
-7
-17
-16
-14
-16
-11
-14
-19
-15
-9
-14
-13
-14
-18
-14
-17
-10
-6
-9
-7
-10
-1
-1
-7
-4
-4
-3
4
2
3
8
15
16
13
8
7
6
0
2
-1
-6
-3
1
-4
-7
-3
-1
-3
-3
0
-4
-6
-4
-8
-6
-5
-8
-4
-1
-4
-4
-4
-7
-2
1
4
6
0
4
7
6
7
11
13
10
6
6
4
-3
-2
0
-2
2
6
8
9
9
5
6
8
5
4
-2
-6
-2
-5
-8
0
-2
-8
-4
-5
-3
-7
-2
1
0
7
3
5
7
7
7
8
6
3
7
13
15
11
9
9
11
7
4
2
-6
-6
-8
-14
-10
-14
-14
-13
-19
-13
-9
-18
-20
-15
-10
-8
-3
4
2
-1
-3
-6
-1
-6
-4
0
1
3
0
6
5
4
7
5
2
1
2
1
1
1
-3
-3
3
0
1
5
0
-4
0
5
6
5
11
16
13
7
2
4
9
9
6
6
10
8
7
11
17
22
13
15
17
6
1
-1
-4
-11
-8
0
-4
-11
-5
-5
-11
-17
-17
-13
-13
-12
-12
-11
-17
-24
-21
-22
-22
-19
-20
-17
-18
-19
-15
-13
-3
0
2
3
2
0
-3
-1
-7
-6
1
4
7
8
9
8
10
14
15
13
10
10
4
5
8
9
5
11
17
17
16
16
14
16
18
17
15
16
17
13
14
13
13
13
11
9
8
10
9
7
9
10
12
8
2
-5
-9
-8
-10
-8
-9
-5
-11
-16
-18
-22
-19
-20
-24
-28
-28
-30
-25
-24
-22
-19
-15
-12
-13
-9
-11
-8
-7
-4
-5
-5
5
3
-3
-6
-5
-4
0
-2
-3
5
6
13
16
14
17
15
6
1
3
-4
-3
-2
-3
0
0
2
1
7
11
5
9
13
2
0
3
3
4
2
2
6
12
11
5
7
7
6
12
12
13
15
11
13
9
11
7
6
9
6
6
6
2
-2
-2
2
-4
-7
-2
-4
-4
-4
-10
-9
-4
-7
-7
-12
-14
-5
-7
-13
-11
-6
-4
-3
-4
-4
-8
-7
-8
-11
-7
-2
-2
-2
-1
1
2
0
-1
-1
-2
1
-4
-1
-2
-2
1
-2
-6
-8
-11
-10
-6
-6
-8
-4
-1
0
4
4
6
6
-5
-2
2
1
-3
-8
-1
-3
-4
8
5
6
9
6
12
12
11
13
13
14
8
4
3
3
1
-2
3
4
6
9
7
4
7
7
7
8
8
6
4
4
5
5
6
5
-3
-4
2
-2
-4
-2
-8
-1
3
-4
-8
-5
-4
-11
-12
-14
-13
-12
-15
-8
-5
-9
-7
-5
-10
-12
-14
-6
-7
-8
-3
-1
1
-4
-8
-6
-6
-2
-4
0
8
11
12
6
3
4
4
1
0
1
-6
-9
-7
-5
1
1
3
7
5
9
10
13
16
9
10
12
12
12
11
10
8
12
6
7
8
5
9
9
7
9
3
-4
1
1
-1
-1
1
4
3
-3
-1
-1
-9
-12
-4
-5
-13
-10
-12
-13
-13
-11
-12
-14
-10
-16
-15
-8
-16
-6
-8
-12
-1
-3
-3
-3
-5
-5
-6
-1
-2
-5
-1
-2
0
0
-2
7
4
3
2
-4
2
-1
1
5
4
9
8
8
10
11
13
8
12
7
1
4
5
4
3
3
5
5
8
7
1
5
7
9
5
5
-1
0
0
-8
-13
-12
-4
-2
-4
-4
0
2
1
1
3
3
-2
-1
-5
-2
4
3
1
0
0
2
3
0
0
4
2
4
9
7
8
11
6
8
7
6
7
1
4
4
1
-3
-7
-5
-7
-6
-7
-11
-8
-10
-16
-19
-17
-14
-18
-16
-15
-18
-13
-10
-12
-7
0
0
-3
-2
-8
-5
-4
-3
1
1
-4
-8
-5
-7
-4
2
4
9
7
7
7
5
10
10
10
15
12
12
13
12
12
8
8
9
14
17
9
7
7
8
6
6
5
5
-2
-5
0
0
-3
-3
5
4
5
12
10
12
10
0
-4
-3
-4
-2
-8
-11
-6
-9
-8
-9
-10
-8
-9
-7
-8
-3
-6
-6
-6
-11
-7
-9
-10
-8
-11
-6
3
0
1
1
2
5
5
12
10
9
2
2
3
-3
-2
-1
-5
-6
-1
0
-1
7
12
4
0
4
6
-2
1
2
-4
-2
-3
-7
-6
-10
-11
-11
-12
-7
-5
-4
-5
-1
2
3
-4
-7
0
2
0
-4
-1
5
-1
-2
4
3
2
1
8
7
6
4
3
7
4
7
6
6
7
9
10
10
