-22
-23
-18
-15
-17
-19
-19
-18
-16
-13
-9
-9
-11
-12
-10
-12
-14
-11
-11
-14
-13
-7
-9
-11
-8
-8
-11
-12
-10
-9
-12
-13
-7
-11
-17
-13
-13
-16
-10
-9
-9
-8
-12
-11
-5
-4
0
2
0
3
11
10
12
15
17
17
19
26
29
26
30
33
30
28
33
33
33
37
36
34
41
43
39
37
32
32
37
34
30
33
31
26
26
28
28
27
27
20
15
14
15
13
15
18
15
12
14
16
10
6
8
6
0
0
3
0
-5
-5
-5
-7
-7
-3
-2
-5
-8
-12
-13
-12
-17
-22
-20
-21
-26
-16
-14
-19
-19
-20
-24
-21
-24
-30
-26
-28
-31
-30
-33
-34
-31
-28
-29
-27
-29
-34
-31
-28
-28
-29
-25
-26
-24
-25
-23
-23
-21
-17
-14
-12
-10
-12
-12
-10
-10
-12
-8
-5
-7
-8
-9
-11
-5
-1
-3
0
-2
1
7
11
14
13
8
4
2
6
9
10
8
10
9
9
12
14
16
18
15
14
16
16
15
13
11
11
14
12
15
20
18
16
13
8
14
14
11
9
8
10
10
8
10
10
9
9
5
9
8
1
6
7
5
5
1
4
12
11
10
7
2
1
-1
-5
-6
-8
-5
1
-1
-3
-3
-3
-1
0
-3
0
0
-3
-1
-1
0
3
3
6
10
7
5
6
7
11
13
10
5
3
6
10
9
3
3
4
6
5
3
3
2
0
2
5
6
2
-3
-4
-2
0
1
2
0
-3
-4
-4
-4
-4
-2
-3
-3
-5
-5
-5
-7
-11
-13
-12
-10
-10
-11
-13
-14
-14
-17
-15
-13
-13
-15
-20
-21
-19
-16
-15
-16
-17
-18
-18
-18
-18
-17
-17
-18
-21
-21
-22
-22
-22
-18
-12
-10
-13
-16
-16
-14
-11
-8
-7
-8
-9
-9
-5
-4
-7
-10
-8
-6
-5
-6
-3
2
6
7
7
7
11
13
13
11
8
11
12
11
12
17
19
20
23
24
25
28
29
26
25
27
25
23
24
26
24
26
35
35
26
23
21
21
21
19
18
16
13
10
12
12
11
11
7
4
1
0
2
0
-1
2
-5
-8
-2
-4
-6
1
-1
-5
-4
-5
-6
-4
-4
-5
-9
-8
-2
-4
-7
-6
-7
-4
2
-5
-9
-5
-6
-9
-1
1
0
6
3
-1
-1
-3
-2
-1
-4
-5
-7
-13
-12
-10
-10
-10
-9
-12
-11
-12
-13
-11
-11
-14
-18
-17
-11
-13
-14
-13
-12
-11
-11
-11
-16
-17
-15
-14
-16
-18
-16
-16
-14
-10
-10
-12
-6
-2
-5
-11
-9
-6
-7
-8
-12
-8
-2
0
-1
-1
3
4
2
2
3
6
8
7
6
5
2
2
4
6
7
7
8
7
7
6
5
7
8
7
5
3
1
-1
-1
1
3
1
-5
-3
2
4
3
2
5
6
4
5
8
10
9
5
3
1
2
3
8
10
8
8
9
8
7
7
8
6
5
6
10
13
15
18
21
19
14
9
10
11
9
8
8
8
8
7
6
6
6
9
9
3
0
2
7
5
-1
-5
-3
-3
-4
-7
-8
-9
-11
-13
-8
-7
-10
-13
-14
-13
-13
-12
-10
-8
-10
-10
-7
-3
-4
-5
-5
-7
-6
-5
-5
-7
-6
-3
-2
-4
-7
-6
-2
-1
-3
-9
-8
-5
-4
-4
-2
-2
-3
-4
-2
1
-1
-5
-6
-5
-3
-1
-2
-3
-3
-3
-4
-4
-4
-1
0
-1
-2
-2
-1
1
4
8
9
5
0
1
5
4
1
-3
-2
1
0
-1
-3
-4
-3
-2
-1
-1
1
-3
-5
-5
-4
-1
-1
1
1
-2
-3
-2
0
2
1
0
-1
-2
-5
-6
-6
-2
-2
-3
-10
-8
-3
-3
-5
-7
-5
-3
-3
-4
-5
-7
-8
-3
2
3
1
1
5
4
1
-1
1
3
6
6
7
7
7
11
15
15
12
11
13
11
8
9
13
12
7
5
9
9
7
6
5
7
7
6
9
15
11
6
5
5
8
10
3
1
2
-2
2
0
-5
-3
-7
-7
-3
-8
-6
-2
-5
1
-1
-4
2
2
1
-2
-10
-8
-7
-9
-9
-12
-7
-5
-7
-3
-5
-8
-5
-9
-13
-9
-13
-11
-4
-5
-7
-4
-4
-6
-2
-1
0
-2
-9
-7
1
-1
-7
-5
-5
-1
0
-5
-4
2
-2
-4
0
1
0
-2
-2
-1
-3
-3
-6
-6
-4
-4
-5
-1
1
4
1
-1
-2
-2
3
2
-1
2
0
0
5
3
2
6
1
2
5
2
1
2
2
2
1
1
5
6
8
9
9
8
6
5
4
0
-4
1
7
12
10
8
8
4
0
-2
2
4
2
-3
-5
-3
1
6
5
4
1
1
2
2
1
1
1
0
-2
-4
-5
-3
-2
-3
-4
-4
-4
-1
1
-3
-4
-2
4
3
-1
-3
-3
-4
-3
0
5
2
-3
-4
-1
-2
-4
-1
7
9
3
-1
2
3
-1
-1
2
0
-5
-7
-3
1
0
-1
3
5
1
-1
-3
-1
1
1
5
6
5
0
-4
-3
-2
-3
-3
-2
-1
1
-3
-5
-2
-1
-3
-3
-3
-1
-1
3
-1
-4
0
0
-3
-9
-4
-3
-5
-2
-2
-6
-4
-5
-9
-8
-5
-7
-6
-7
-9
-9
-8
-4
-2
-6
-4
5
2
-8
-1
-3
0
1
-3
-2
-7
-4
-5
-4
0
-5
-1
0
1
4
-2
2
4
0
6
9
5
4
8
5
9
12
11
9
8
4
4
6
-2
0
4
6
2
-4
8
7
10
7
7
12
6
7
4
8
10
4
3
2
5
3
3
4
0
-1
4
0
-3
0
-2
1
-1
-9
-2
-2
-11
-8
-8
-10
-8
-12
-17
-10
-6
-4
-6
-9
-9
-7
-4
-2
-3
-1
3
1
-1
-3
-1
-1
1
5
6
4
-1
-3
1
6
5
2
1
4
5
7
5
3
3
4
6
6
3
0
1
3
4
2
-1
0
0
1
-3
-5
-3
-2
-1
-3
-6
-6
-4
0
-1
-4
-6
-8
-10
-12
-11
-10
-10
-9
-10
-8
-5
-4
-4
-5
-5
-5
-7
-9
-11
-13
-12
-9
-5
-1
-2
-2
-1
0
0
0
0
3
4
2
1
3
7
7
5
6
8
8
5
4
5
5
3
-1
-2
1
3
4
4
1
-1
2
5
3
1
3
9
12
10
11
13
12
6
4
3
2
-2
-2
-1
2
0
2
8
9
5
0
1
3
2
-1
-4
0
3
4
2
0
1
5
8
6
1
1
1
-1
-4
-2
1
1
0
-5
-5
-5
-5
-6
-7
-5
-6
-5
-4
-6
-8
-7
-6
-5
-4
-6
-8
-9
-7
-3
0
-1
-3
-2
0
0
-2
-3
1
4
1
-1
-2
-1
0
-1
0
1
-1
-3
-5
-5
-4
-3
-2
-2
-3
-2
1
3
4
2
2
2
2
2
3
2
1
1
3
4
3
1
0
0
2
4
4
4
1
-3
-3
-2
3
3
0
0
2
3
3
0
-1
-2
-1
-2
-2
0
3
2
1
-1
0
-3
-5
-4
1
0
-1
-6
-8
-10
-9
-9
-5
-4
-5
-5
-4
-1
-2
-4
-3
-3
-5
-9
-10
-6
-3
0
-3
-4
-3
-1
0
-2
-6
-8
-9
-7
-4
2
3
-1
-2
-1
4
6
4
4
9
11
11
10
10
10
10
12
14
15
14
14
12
9
5
7
8
9
6
5
6
6
6
5
6
6
5
2
-1
0
1
2
2
-2
-3
0
5
6
6
4
6
5
2
-4
-9
-11
-10
-7
-4
-5
-4
-2
-1
-2
-5
-4
-2
-3
-6
-8
-8
-8
-7
-6
-3
-5
-9
-11
-11
-8
-7
-6
-7
-10
-10
-8
-4
-4
-5
-3
1
0
-5
-10
-8
-3
-2
0
-1
0
-2
-4
-7
-5
-4
0
-1
-4
-6
-7
-1
1
1
-1
1
1
1
2
2
3
4
4
5
6
7
6
2
-1
0
2
1
0
-1
0
0
0
-2
2
5
4
2
-2
-3
-4
-4
-3
0
3
4
3
1
4
6
7
7
8
9
9
7
4
3
3
4
2
1
0
1
3
5
4
3
3
3
2
2
2
5
7
10
10
7
3
0
2
2
0
-3
-3
1
2
-4
-8
-6
-2
-1
-3
-5
-4
-4
-5
-5
-2
-1
-1
-2
0
3
2
-4
-6
-2
-1
-1
0
2
-1
-5
-8
-6
-3
-3
-3
-4
-5
-5
-1
2
2
-1
-3
-2
-2
-4
-4
-2
0
-1
-2
-1
1
1
-2
-4
-6
-4
-1
1
-2
-4
-1
4
5
0
-3
-3
-2
-2
-2
-1
1
1
1
3
4
5
7
7
4
-2
-2
-2
-3
-6
-6
-4
1
0
2
-1
-5
-6
-2
2
2
-3
-2
1
2
-1
-2
1
2
-1
-4
-4
-3
-1
-1
-2
-2
-4
-4
-3
-2
-3
-5
-6
-4
-1
-1
-3
-6
-5
-3
-1
1
4
1
1
1
2
1
2
3
2
3
5
6
2
-2
-2
-3
-3
4
6
2
1
5
5
5
8
8
2
1
2
3
4
4
2
1
3
5
6
8
11
9
5
5
2
-3
-6
1
2
-2
-3
0
-4
-7
-2
-1
-9
-9
-3
-4
-6
-2
1
-4
-6
0
-2
-8
-6
-3
-5
-4
3
6
3
4
5
5
3
4
3
3
8
8
7
6
8
9
12
16
15
8
5
5
3
3
6
5
0
-1
-2
-9
-7
-3
-2
-2
-2
-5
-11
-12
-8
-10
-8
-2
-2
-7
-8
-9
-9
-7
-5
-4
-10
-15
-15
-10
-7
-7
-7
-7
-8
-9
-6
-5
-4
-9
-12
-9
-4
1
1
0
0
3
3
-2
-4
-4
-2
0
3
4
5
6
7
7
10
9
4
-2
-4
-3
1
-1
1
4
9
7
6
9
10
6
-2
-6
-5
-4
-4
-2
2
3
1
1
3
5
3
2
3
3
0
0
0
2
1
0
1
1
0
-3
-2
3
8
7
4
1
1
2
1
1
3
6
6
4
1
1
0
0
-2
-2
-3
-7
-9
-5
3
10
9
4
0
1
2
0
-1
-2
2
4
2
0
-1
0
-2
-2
-1
-7
-12
-7
0
-3
-6
-1
0
-2
-2
0
-2
-4
-2
-3
-5
-5
-1
0
1
4
4
3
7
13
7
-1
0
2
-3
-2
3
7
6
6
5
3
-1
-2
-4
-3
-2
-4
-10
-9
-6
-3
1
4
0
-1
-1
-4
-7
-8
-4
-5
-5
-6
-7
-6
-2
-1
0
3
3
1
-1
1
1
-1
-1
0
0
-2
-1
1
2
1
1
6
7
5
4
3
2
-4
-1
2
1
-2
-1
-4
-8
-10
-4
2
2
-5
-6
-3
-3
-8
-10
-10
-10
-9
-9
-9
-7
-3
2
5
5
6
6
3
1
-1
-3
-5
-6
-10
-3
8
12
7
7
10
11
9
12
11
6
4
8
9
6
5
5
2
-1
-1
0
-4
-4
1
3
3
9
16
16
19
22
18
6
0
-4
-8
-8
-2
0
-2
-2
5
4
2
3
0
-7
-10
-8
-8
-4
0
2
3
5
5
2
3
-1
-5
-7
-8
-10
-9
-7
-5
-5
-3
-2
1
3
4
2
-1
-6
-7
-9
-6
-4
-6
-9
-9
-6
-3
-3
0
-3
-12
-16
-12
-13
-13
-5
2
4
6
7
6
3
6
2
-5
-11
-18
-20
-14
-5
1
3
9
13
12
10
8
-2
-12
-14
-15
-16
-12
-1
2
5
10
19
18
10
5
1
0
-11
-16
-15
-8
2
4
10
11
7
3
-5
-5
-5
-5
-1
1
5
15
18
20
17
8
5
-8
-12
-13
-15
-3
3
15
28
29
27
23
11
3
-10
-23
-20
-19
-8
6
14
28
27
24
22
7
-2
-12
-19
-17
-16
2
19
25
26
25
22
13
-1
-14
-18
-28
-36
-32
-24
-8
-4
-1
4
5
0
-8
-19
-22
-23
-20
-10
-3
5
7
5
8
3
-5
-13
-20
-23
-22
-25
-18
-13
-9
-2
2
13
14
14
16
14
10
-1
-11
-16
-20
-23
-21
-13
-5
3
14
26
31
28
28
21
8
2
3
0
-2
4
12
12
14
16
9
-3
-7
-16
-21
-12
-1
0
6
18
30
37
36
27
19
16
9
4
-1
1
6
1
-8
-9
-11
-22
-27
-21
-22
-18
-2
15
28
35
38
34
16
-1
-16
-42
-59
-55
-58
-48
-17
3
14
26
30
16
3
-9
-21
-38
-50
-47
-37
-23
-6
12
19
21
24
8
-17
-33
-48
-62
-63
-52
-34
-20
-1
24
37
40
42
30
9
-7
-22
-33
-26
-22
-19
-7
8
16
11
8
14
13
-1
-7
-11
-18
-21
-17
-14
2
9
11
22
28
35
30
22
14
0
-10
-20
-13
7
15
23
45
65
67
62
57
46
23
2
-9
-7
4
13
25
46
69
84
91
90
79
61
40
28
28
26
20
25
39
43
42
45
47
36
24
22
17
12
11
10
2
-1
1
-8
-22
-26
-23
-24
-25
-18
-2
1
1
4
-8
-20
-27
-52
-69
-69
-73
-70
-58
-40
-19
-2
5
1
-30
-76
-117
-161
-201
-223
-204
-174
-142
-96
-56
-27
-23
-28
-42
-70
-95
-139
-169
-174
-167
-175
-177
-155
-137
-131
-116
-84
-76
-67
-56
-42
-54
-50
-42
-34
-51
-33
-21
-16
21
54
85
107
152
194
200
205
200
166
72
-50
-128
-170
-150
-76
59
234
394
534
603
637
590
492
351
210
109
46
34
87
159
235
277
300
299
242
173
104
43
6
-14
16
80
157
238
286
319
318
269
186
86
-1
-102
-179
-212
-194
-142
-91
-27
10
21
-6
-74
-146
-229
-302
-362
-387
-373
-340
-290
-234
-181
-150
-153
-183
-220
-259
-306
-342
-345
-317
-287
-253
-209
-178
-183
-204
-233
-271
-313
-348
-388
-421
-425
-410
-400
-380
-338
-305
-298
-289
-266
-258
-262
-252
-223
-189
-145
-89
-20
64
141
185
206
222
209
169
139
128
110
96
119
172
231
295
368
437
495
541
562
563
565
566
554
554
583
615
626
633
646
643
617
581
531
470
404
338
269
216
188
170
162
179
207
225
238
252
248
215
170
130
92
50
9
-21
-42
-64
-89
-117
-148
-177
-202
-228
-249
-260
-271
-291
-312
-335
-371
-407
-429
-448
-475
-494
-502
-510
-514
-508
-494
-468
-431
-401
-387
-374
-357
-361
-381
-396
-412
-446
-478
-493
-496
-488
-459
-428
-412
-393
-358
-338
-343
-351
-353
-356
-345
-302
-245
-181
-103
-42
-43
-108
-201
-329
-504
-678
-770
-754
-643
-442
-154
192
537
822
1033
1179
1245
1218
1132
1060
1020
994
1004
1063
1134
1170
1163
1113
1022
874
674
468
283
140
38
4
76
197
326
451
547
610
589
502
349
131
-58
-213
-311
-329
-232
-44
117
278
426
501
453
330
189
-30
-243
-394
-470
-483
-443
-339
-270
-225
-187
-209
-277
-362
-440
-520
-577
-534
-437
-329
-185
-30
85
130
130
84
-22
-146
-268
-381
-451
-463
-430
-382
-303
-219
-199
-220
-265
-335
-453
-570
-623
-653
-638
-574
-475
-364
-276
-196
-162
-158
-186
-234
-276
-298
-282
-263
-229
-161
-81
-28
-9
3
-11
-70
-158
-249
-330
-388
-417
-426
-407
-380
-405
-505
-627
-764
-962
-1181
-1269
-1189
-1026
-763
-321
232
729
1128
1467
1725
1830
1788
1672
1550
1451
1358
1284
1284
1354
1382
1327
1258
1174
974
668
384
160
-43
-204
-242
-149
8
183
367
555
709
771
730
656
565
389
139
-42
-100
-117
-98
26
210
337
379
381
338
217
19
-200
-381
-501
-577
-594
-524
-403
-323
-297
-273
-254
-291
-362
-390
-371
-344
-297
-195
-55
73
149
163
129
53
-76
-242
-391
-504
-612
-703
-718
-668
-622
-590
-551
-530
-550
-590
-633
-671
-692
-687
-649
-573
-464
-354
-265
-199
-150
-146
-209
-299
-368
-431
-508
-537
-496
-436
-379
-292
-197
-153
-148
-194
-263
-318
-353
-394
-413
-345
-270
-188
-78
47
160
173
177
163
-3
-282
-581
-878
-1174
-1363
-1364
-1195
-893
-466
26
513
964
1324
1539
1636
1672
1646
1567
1513
1527
1569
1624
1708
1786
1784
1682
1511
1279
974
635
329
118
15
-8
42
177
356
514
629
705
737
652
502
316
130
26
-90
-151
-73
108
286
388
549
692
645
500
381
223
22
-125
-234
-282
-281
-283
-308
-337
-356
-429
-594
-711
-733
-812
-890
-838
-682
-573
-495
-315
-166
-109
-116
-148
-222
-351
-454
-566
-652
-640
-621
-650
-648
-590
-611
-714
-766
-772
-842
-921
-907
-856
-822
-761
-658
-575
-514
-452
-433
-459
-460
-440
-456
-457
-368
-263
-200
-102
36
95
60
15
-43
-150
-247
-300
-340
-343
-275
-196
-140
-58
20
3
-87
-153
-214
-311
-415
-527
-678
-852
-1017
-1181
-1266
-1157
-911
-631
-233
335
894
1314
1702
2088
2308
2319
2277
2242
2160
2051
1979
1946
1941
1927
1840
1706
1583
1391
1049
690
433
215
1
-80
14
144
256
421
638
785
817
801
725
513
231
2
-128
-165
-116
56
300
501
659
758
717
569
311
-44
-368
-617
-811
-941
-977
-877
-754
-691
-595
-502
-521
-587
-650
-741
-820
-851
-823
-715
-560
-403
-259
-166
-150
-220
-375
-550
-710
-885
-1032
-1087
-1064
-1022
-970
-874
-778
-760
-806
-866
-940
-1024
-1072
-1060
-992
-888
-755
-594
-410
-249
-187
-206
-234
-273
-351
-410
-399
-376
-377
-337
-245
-185
-154
-93
-43
-67
-120
-157
-193
-225
-221
-189
-135
-32
106
220
312
399
443
438
461
502
484
408
312
106
-255
-624
-849
-948
-954
-798
-444
22
515
1017
1514
1940
2221
2330
2321
2275
2209
2110
2046
2093
2175
2170
2120
2120
2073
1857
1533
1204
844
439
111
-65
-112
-72
35
177
339
481
522
483
423
319
67
-210
-345
-420
-479
-453
-250
-47
90
252
367
384
261
92
-129
-383
-575
-746
-851
-862
-820
-836
-896
-907
-964
-1135
-1306
-1396
-1487
-1563
-1527
-1345
-1134
-904
-623
-398
-245
-184
-204
-323
-499
-638
-803
-952
-994
-951
-923
-908
-818
-744
-793
-882
-930
-991
-1084
-1124
-1090
-998
-857
-669
-479
-299
-127
-45
-21
-13
-24
-30
-46
-4
61
123
206
266
350
439
476
437
364
278
141
17
-25
-23
-2
78
179
211
280
380
388
354
349
371
315
266
267
137
-103
-385
-729
-1102
-1299
-1242
-1088
-778
-178
523
1109
1687
2273
2636
2740
2743
2668
2495
2341
2265
2241
2261
2342
2344
2235
2161
2002
1636
1148
729
328
-155
-463
-492
-407
-305
-111
156
336
425
450
386
267
120
-143
-469
-613
-596
-610
-564
-288
3
81
122
225
156
-115
-352
-556
-857
-1112
-1182
-1213
-1243
-1147
-1036
-1050
-1030
-915
-921
-1043
-1042
-983
-1063
-1114
-960
-788
-731
-630
-475
-446
-516
-550
-630
-800
-917
-971
-1065
-1106
-1001
-913
-917
-855
-737
-760
-861
-852
-815
-882
-903
-777
-646
-551
-386
-187
-61
16
79
83
53
48
36
9
62
177
241
307
436
510
447
381
367
276
114
36
46
49
71
166
283
389
479
519
520
547
568
522
504
563
529
303
15
-308
-783
-1279
-1531
-1564
-1512
-1254
-698
-34
598
1254
1872
2294
2522
2595
2516
2385
2310
2246
2194
2270
2423
2460
2397
2353
2219
1845
1358
910
445
-42
-375
-495
-520
-474
-305
-77
108
241
307
250
122
7
-98
-182
-164
-60
-3
-52
-143
-233
-343
-479
-598
-655
-652
-645
-628
-539
-399
-320
-356
-458
-602
-801
-1030
-1205
-1282
-1274
-1217
-1108
-929
-708
-513
-396
-339
-322
-378
-510
-623
-654
-667
-689
-636
-508
-426
-418
-428
-475
-602
-769
-926
-1049
-1114
-1117
-1064
-934
-748
-576
-447
-347
-293
-301
-346
-390
-414
-421
-402
-317
-160
1
121
229
300
227
18
-161
-245
-321
-363
-270
-109
-11
72
184
234
175
68
-55
-176
-226
-207
-156
-22
200
384
516
708
899
881
638
295
-190
-877
-1559
-1960
-2078
-2024
-1755
-1196
-450
305
995
1611
2118
2407
2436
2346
2317
2349
2355
2414
2644
2919
3053
3085
3103
2995
2629
2075
1490
934
418
16
-188
-182
-66
54
180
336
439
391
242
89
-72
-240
-313
-221
-19
191
324
306
147
-56
-274
-536
-772
-886
-920
-902
-754
-472
-194
-1
95
35
-200
-513
-832
-1152
-1406
-1514
-1505
-1390
-1118
-760
-498
-352
-254
-282
-492
-729
-868
-977
-1077
-1069
-935
-759
-580
-440
-397
-470
-628
-862
-1134
-1345
-1457
-1509
-1479
-1302
-1037
-795
-593
-415
-322
-350
-435
-522
-610
-664
-631
-521
-362
-173
-2
103
152
145
47
-106
-209
-251
-303
-287
-158
6
123
208
323
333
238
143
60
-15
-79
-43
86
269
501
714
854
866
659
161
-530
-1243
-1904
-2425
-2610
-2370
-1849
-1126
-174
891
1807
2465
2911
3129
3088
2893
2694
2581
2592
2717
2901
3146
3428
3588
3485
3184
2756
2118
1303
573
80
-267
-484
-451
-194
89
308
483
570
501
288
4
-252
-405
-446
-377
-141
235
554
668
622
457
104
-380
-791
-1052
-1228
-1295
-1168
-874
-541
-261
-101
-132
-346
-692
-1113
-1510
-1766
-1860
-1826
-1633
-1257
-809
-439
-179
-52
-122
-367
-669
-945
-1170
-1291
-1270
-1136
-928
-689
-502
-436
-477
-618
-886
-1222
-1496
-1660
-1739
-1686
-1459
-1126
-782
-459
-191
-51
-60
-168
-337
-506
-592
-581
-516
-371
-133
90
225
312
376
295
115
-25
-170
-326
-417
-348
-207
-53
187
424
581
631
581
459
315
218
154
132
241
467
691
938
1199
1325
1137
698
170
-549
-1374
-2027
-2327
-2330
-2096
-1478
-571
394
1281
2039
2598
2877
2889
2715
2484
2321
2263
2266
2422
2749
3094
3300
3357
3313
2986
2376
1644
951
331
-228
-551
-634
-512
-298
-60
213
396
429
278
52
-172
-410
-599
-640
-494
-247
36
333
603
751
673
340
-154
-695
-1263
-1781
-2072
-2082
-1941
-1723
-1383
-995
-735
-655
-682
-803
-1058
-1368
-1586
-1651
-1586
-1415
-1152
-821
-490
-248
-135
-109
-152
-321
-588
-795
-880
-931
-944
-821
-604
-440
-370
-356
-413
-581
-818
-1047
-1208
-1260
-1206
-1060
-821
-505
-199
22
177
285
295
202
100
56
36
33
97
227
339
395
407
378
298
181
49
-65
-123
-112
-72
4
138
289
379
416
443
433
361
293
274
278
297
373
482
554
552
449
169
-293
-855
-1438
-1962
-2295
-2357
-2168
-1741
-1069
-249
565
1315
1965
2410
2603
2640
2608
2519
2446
2478
2606
2780
2985
3154
3196
3098
2846
2389
1779
1143
528
-40
-441
-602
-604
-517
-335
-103
55
103
79
-17
-185
-365
-485
-509
-420
-227
17
267
533
773
846
768
564
189
-407
-1087
-1574
-1912
-2181
-2241
-1998
-1637
-1404
-1185
-926
-839
-977
-1159
-1298
-1406
-1411
-1267
-984
-600
-186
150
350
468
525
384
51
-230
-443
-721
-926
-887
-730
-612
-500
-345
-249
-361
-514
-669
-932
-1140
-1230
-1221
-1114
-888
-581
-298
-27
195
288
262
218
153
1
-109
-78
4
64
173
338
433
404
303
164
-3
-170
-339
-437
-398
-299
-172
4
166
248
232
144
89
93
87
103
203
334
370
221
-132
-649
-1265
-1889
-2448
-2827
-2893
-2681
-2241
-1472
-440
576
1456
2190
2713
2929
2863
2739
2664
2588
2560
2649
2877
3223
3517
3641
3608
3366
2835
2070
1268
580
-18
-494
-690
-607
-408
-180
90
351
471
416
257
54
-149
-296
-353
-282
-48
299
650
971
1243
1346
1210
929
582
143
-331
-767
-1231
-1716
-2044
-2178
-2271
-2304
-2146
-1920
-1816
-1719
-1510
-1319
-1205
-1052
-841
-641
-411
-95
180
368
576
663
503
328
224
1
-313
-512
-630
-808
-967
-979
-972
-1061
-1134
-1148
-1189
-1240
-1233
-1226
-1244
-1171
-1011
-896
-775
-553
-351
-270
-184
-50
-4
-15
57
150
161
192
291
331
290
270
243
133
14
-67
-194
-342
-397
-386
-372
-301
-172
-88
-19
122
257
349
473
500
227
-351
-1104
-1905
-2712
-3437
-3803
-3687
-3250
-2578
-1600
-379
819
1787
2515
3002
3209
3173
3009
2898
2947
3086
3261
3573
4000
4312
4373
4242
3914
3278
2381
1432
603
-59
-535
-749
-679
-415
-97
208
456
569
492
264
-22
-283
-456
-470
-297
66
557
1057
1480
1799
1949
1830
1473
1014
497
-58
-528
-859
-1170
-1499
-1715
-1821
-1976
-2159
-2225
-2228
-2281
-2271
-2078
-1806
-1530
-1180
-786
-463
-196
57
197
206
206
161
-14
-178
-219
-299
-483
-580
-585
-706
-897
-984
-1069
-1293
-1498
-1567
-1616
-1653
-1548
-1363
-1206
-1015
-790
-650
-536
-359
-247
-254
-212
-101
-66
-56
65
205
253
286
327
278
165
82
-22
-202
-333
-369
-424
-491
-426
-269
-157
-50
125
288
367
402
420
420
465
531
517
426
250
-209
-1013
-1861
-2529
-3133
-3643
-3718
-3276
-2586
-1742
-628
632
1724
2517
3036
3316
3411
3363
3227
3161
3292
3500
3659
3903
4270
4454
4265
3877
3367
2585
1592
702
35
-485
-824
-885
-716
-444
-168
31
122
120
1
-235
-445
-502
-436
-273
79
602
1116
1525
1826
1964
1877
1601
1189
660
46
-590
-1189
-1675
-2024
-2239
-2321
-2271
-2146
-2010
-1862
-1696
-1546
-1417
-1281
-1132
-970
-758
-500
-250
-16
184
284
277
235
148
-31
-245
-421
-589
-771
-908
-978
-1028
-1080
-1124
-1182
-1261
-1335
-1406
-1494
-1551
-1532
-1467
-1372
-1207
-984
-766
-569
-367
-187
-66
33
124
167
175
210
269
307
333
379
396
325
191
63
-52
-193
-346
-442
-482
-531
-564
-525
-424
-312
-205
-104
-47
-119
-418
-934
-1515
-2065
-2598
-3011
-3069
-2731
-2162
-1426
-441
709
1752
2522
3071
3441
3566
3453
3268
3186
3239
3342
3466
3669
3928
4062
3939
3623
3178
2532
1691
868
225
-260
-602
-721
-596
-334
-72
127
263
309
194
-73
-339
-481
-516
-454
-206
236
712
1104
1416
1617
1624
1410
1034
576
89
-459
-1011
-1382
-1534
-1649
-1776
-1783
-1717
-1764
-1867
-1848
-1763
-1726
-1641
-1402
-1073
-706
-307
42
293
486
556
454
313
223
53
-218
-382
-425
-527
-651
-645
-628
-771
-969
-1099
-1239
-1415
-1527
-1563
-1546
-1419
-1210
-1009
-786
-523
-355
-299
-237
-157
-147
-160
-86
44
139
239
383
502
548
490
372
201
-27
-230
-416
-503
-511
-522
-462
-345
-223
-168
-188
-181
-212
-338
-449
-581
-830
-1253
-1785
-2238
-2645
-3003
-3156
-2984
-2493
-1881
-1141
-156
919
1820
2492
3057
3497
3674
3638
3602
3645
3674
3653
3681
3799
3856
3722
3452
3111
2633
1958
1202
550
43
-394
-735
-835
-698
-528
-421
-284
-101
-10
-93
-224
-263
-229
-196
-116
119
472
820
1087
1320
1481
1485
1285
874
398
-81
-560
-1054
-1474
-1685
-1821
-1940
-1902
-1650
-1405
-1310
-1191
-1006
-909
-890
-794
-639
-513
-392
-248
-109
50
212
279
274
292
252
47
-170
-261
-369
-567
-681
-677
-723
-820
-872
-923
-1024
-1113
-1170
-1227
-1249
-1222
-1195
-1138
-965
-732
-535
-333
-90
78
121
159
250
297
273
262
273
253
192
123
78
48
-8
-119
-260
-385
-499
-616
-689
-676
-612
-557
-482
-337
-269
-349
-480
-783
-1385
-2095
-2728
-3282
-3713
-3808
-3433
-2744
-1854
-728
485
1579
2454
3045
3388
3556
3553
3421
3318
3364
3507
3649
3850
4132
4293
4162
3815
3346
2675
1798
945
293
-186
-535
-675
-563
-313
-75
97
197
215
98
-169
-426
-542
-561
-508
-302
113
587
961
1301
1569
1611
1468
1160
611
-38
-630
-1228
-1792
-2099
-2073
-1923
-1741
-1375
-931
-706
-622
-516
-530
-701
-877
-988
-1023
-934
-704
-421
-172
111
337
310
198
161
-39
-423
-669
-780
-954
-1055
-900
-674
-579
-524
-478
-601
-834
-1041
-1287
-1558
-1675
-1631
-1535
-1340
-957
-543
-275
-31
248
336
236
168
126
23
-44
11
96
181
310
366
267
172
96
-134
-418
-541
-628
-811
-846
-617
-408
-304
-93
155
185
52
-143
-587
-1345
-2171
-2894
-3494
-3797
-3655
-3183
-2459
-1428
-246
814
1756
2615
3154
3295
3303
3314
3211
3109
3241
3509
3742
4008
4299
4399
4224
3834
3205
2378
1555
829
172
-287
-442
-428
-362
-148
189
382
395
369
229
-93
-405
-560
-560
-383
-60
353
748
1088
1372
1484
1399
1188
864
287
-438
-1029
-1504
-1878
-2051
-1950
-1689
-1434
-1135
-819
-664
-652
-686
-829
-1019
-1091
-1055
-979
-790
-451
-130
88
303
451
362
105
-166
-471
-852
-1170
-1278
-1299
-1260
-1122
-952
-825
-787
-795
-945
-1209
-1432
-1646
-1818
-1842
-1667
-1412
-1123
-716
-299
-41
102
215
222
101
-12
-62
-100
-104
-12
102
175
234
275
244
165
84
-54
-249
-391
-453
-515
-550
-481
-376
-318
-241
-117
-57
-122
-327
-745
-1373
-2066
-2712
-3241
-3514
-3433
-3043
-2386
-1461
-370
722
1726
2566
3136
3422
3536
3555
3509
3505
3618
3814
4028
4235
4407
4454
4313
3976
3404
2657
1864
1090
434
-3
-233
-271
-156
23
225
391
467
444
314
63
-213
-384
-420
-335
-82
306
710
1114
1452
1562
1471
1259
873
183
-597
-1156
-1617
-2031
-2238
-2103
-1779
-1546
-1291
-943
-744
-817
-979
-1140
-1329
-1425
-1382
-1259
-1042
-648
-228
49
323
584
528
217
-55
-401
-911
-1282
-1384
-1390
-1369
-1232
-1011
-887
-872
-867
-990
-1262
-1502
-1710
-1896
-1914
-1757
-1526
-1248
-861
-417
-121
27
157
196
81
-65
-162
-207
-170
-57
73
211
371
467
407
282
153
-98
-422
-605
-679
-770
-791
-660
-454
-261
-75
96
182
98
-251
-916
-1715
-2439
-3092
-3633
-3791
-3441
-2797
-2000
-952
284
1411
2263
2884
3280
3425
3394
3309
3268
3354
3547
3781
4078
4444
4700
4674
4409
3987
3331
2439
1537
838
332
-34
-189
-71
186
405
547
655
685
543
227
-102
-307
-400
-401
-224
151
592
979
1302
1559
1610
1435
1073
617
152
-392
-911
-1269
-1447
-1602
-1822
-1926
-1939
-2031
-2168
-2146
-2027
-1954
-1862
-1623
-1270
-955
-615
-275
15
262
372
353
283
217
37
-269
-473
-568
-724
-902
-929
-904
-1010
-1176
-1271
-1356
-1511
-1657
-1751
-1802
-1785
-1698
-1565
-1365
-1097
-872
-724
-550
-351
-239
-179
-61
78
151
219
356
474
512
522
517
447
316
151
-38
-201
-316
-409
-523
-557
-473
-420
-403
-372
-288
-243
-256
-203
-156
-247
-546
-1000
-1519
-2072
-2580
-2929
-3011
-2800
-2335
-1637
-728
294
1266
2085
2725
3183
3397
3388
3332
3288
3267
3302
3448
3692
3888
4033
4057
3888
3554
3029
2382
1693
1079
570
198
46
78
189
340
535
672
654
483
250
16
-205
-366
-395
-279
-76
202
507
815
1043
1096
989
737
420
-40
-616
-1111
-1497
-1809
-2067
-2152
-2051
-1896
-1731
-1537
-1309
-1128
-1045
-1011
-951
-867
-785
-677
-504
-280
-75
65
138
165
117
-39
-265
-479
-691
-930
-1117
-1209
-1230
-1263
-1256
-1182
-1149
-1166
-1227
-1296
-1365
-1435
-1459
-1451
-1333
-1120
-894
-649
-361
-90
85
186
241
233
176
126
109
125
175
236
301
348
341
274
168
36
-131
-311
-456
-524
-499
-420
-315
-157
1
97
181
248
241
134
-151
-640
-1219
-1816
-2399
-2854
-3007
-2830
-2428
-1833
-990
-9
920
1730
2392
2862
3108
3152
3130
3150
3206
3307
3475
3685
3912
4061
4044
3893
3589
3077
2415
1735
1132
630
250
38
1
73
182
270
324
321
186
-72
-327
-511
-631
-658
-543
-276
42
358
666
876
958
899
604
145
-349
-877
-1397
-1773
-1910
-1863
-1753
-1528
-1175
-890
-761
-692
-708
-871
-1106
-1287
-1400
-1437
-1329
-1095
-832
-527
-211
-32
-13
-48
-165
-436
-729
-904
-1030
-1144
-1139
-1005
-875
-793
-728
-728
-845
-1033
-1238
-1439
-1570
-1563
-1447
-1252
-950
-584
-260
3
245
405
423
367
312
249
189
192
266
389
537
665
720
704
624
440
176
-67
-254
-409
-495
-464
-343
-195
-38
105
208
280
297
230
127
-10
-308
-787
-1270
-1676
-2086
-2436
-2524
-2342
-2023
-1551
-854
-28
761
1462
2052
2481
2749
2878
2898
2897
2959
3044
3122
3264
3469
3596
3587
3483
3262
2859
2313
1745
1211
718
320
61
-62
-64
8
101
182
214
156
-2
-223
-417
-566
-654
-610
-463
-235
53
285
419
451
330
72
-302
-716
-1061
-1331
-1482
-1421
-1213
-970
-729
-505
-368
-382
-536
-765
-1035
-1288
-1462
-1522
-1452
-1252
-988
-728
-483
-273
-190
-251
-379
-541
-739
-912
-976
-950
-863
-712
-542
-439
-415
-458
-601
-826
-1061
-1254
-1396
-1436
-1340
-1138
-867
-544
-220
28
175
228
196
100
-6
-77
-90
-32
89
232
373
511
604
594
483
315
112
-112
-301
-414
-470
-455
-346
-173
-13
109
191
207
141
28
-100
-216
-321
-486
-772
-1099
-1397
-1736
-2117
-2343
-2300
-2102
-1792
-1247
-468
360
1121
1819
2427
2859
3078
3126
3090
3060
3040
3007
3030
3180
3361
3425
3399
3345
3147
2710
2159
1634
1116
603
210
2
-59
-27
70
202
338
405
337
180
21
-153
-353
-478
-438
-300
-165
-45
66
135
104
-33
-235
-437
-612
-766
-851
-800
-662
-533
-431
-342
-326
-430
-602
-784
-983
-1182
-1323
-1387
-1362
-1235
-1051
-878
-710
-564
-522
-581
-648
-717
-829
-927
-940
-904
-855
-786
-710
-686
-727
-818
-936
-1064
-1184
-1285
-1336
-1302
-1193
-1053
-878
-654
-430
-269
-164
-97
-82
-120
-167
-183
-155
-93
-10
74
158
225
236
188
128
73
-15
-117
-184
-222
-274
-314
-310
-285
-267
-244
-216
-199
-176
-139
-114
-87
-37
-44
-204
-473
-770
-1133
-1584
-1971
-2137
-2106
-1930
-1540
-899
-105
693
1417
2052
2565
2882
2984
2965
2962
2978
2959
2981
3155
3395
3542
3592
3597
3471
3105
2572
2029
1501
974
505
199
109
114
136
251
421
513
456
284
122
-45
-274
-424
-427
-326
-170
-49
50
167
187
38
-197
-363
-465
-637
-756
-636
-454
-382
-303
-175
-135
-245
-436
-652
-905
-1164
-1357
-1486
-1519
-1408
-1272
-1175
-981
-770
-734
-770
-741
-772
-926
-1059
-1076
-1070
-1085
-1032
-908
-835
-807
-805
-904
-1040
-1132
-1248
-1382
-1381
-1260
-1144
-1009
-758
-499
-371
-294
-195
-154
-204
-258
-279
-288
-267
-197
-117
-25
84
149
142
112
62
-48
-186
-275
-324
-362
-347
-260
-150
-33
65
100
74
28
-49
-147
-192
-165
-105
-5
97
103
13
-126
-390
-811
-1208
-1411
-1477
-1442
-1164
-593
103
785
1461
2124
2657
2965
3051
3009
2928
2810
2664
2614
2757
2968
3100
3185
3269
3199
2881
2426
1939
1397
824
337
23
-125
-159
-125
-14
159
274
257
181
92
-88
-352
-571
-712
-830
-872
-770
-592
-407
-187
28
153
225
273
222
75
-60
-195
-398
-557
-597
-636
-735
-791
-821
-935
-1095
-1205
-1316
-1454
-1518
-1508
-1500
-1451
-1316
-1184
-1089
-957
-832
-800
-811
-803
-842
-943
-1013
-1026
-1040
-1037
-979
-909
-858
-786
-716
-708
-722
-699
-679
-686
-651
-563
-496
-446
-358
-262
-209
-162
-97
-58
-52
-51
-61
-76
-45
14
47
98
201
285
296
311
334
292
199
143
106
49
17
22
19
26
90
167
222
299
381
375
250
50
-222
-595
-1006
-1320
-1465
-1453
-1280
-903
-342
305
945
1531
2036
2417
2623
2656
2616
2585
2544
2491
2510
2641
2784
2854
2869
2830
2644
2270
1803
1331
856
386
8
-210
-274
-248
-196
-93
27
77
4
-145
-288
-452
-614
-748
-798
-760
-772
-736
-615
-551
-495
-415
-302
-212
-174
-88
-27
-31
-18
-46
-165
-307
-439
-622
-822
-964
-1080
-1191
-1260
-1243
-1197
-1165
-1091
-979
-946
-952
-912
-913
-952
-930
-871
-817
-763
-680
-591
-580
-588
-551
-595
-682
-686
-695
-727
-678
-578
-498
-418
-301
-203
-162
-122
-110
-178
-237
-233
-254
-286
-239
-145
-101
-64
21
84
95
113
135
117
90
83
55
22
50
88
63
48
94
104
59
45
57
26
12
76
136
183
281
338
223
6
-227
-559
-982
-1289
-1396
-1382
-1229
-836
-251
390
1025
1610
2077
2407
2597
2609
2501
2417
2357
2249
2194
2305
2449
2471
2462
2454
2272
1883
1456
1022
546
109
-200
-377
-442
-379
-268
-172
-28
77
35
-82
-179
-321
-509
-654
-728
-700
-683
-636
-498
-383
-273
-207
-165
-83
-47
-75
-75
-54
-86
-141
-205
-298
-407
-537
-702
-860
-982
-1092
-1197
-1264
-1248
-1200
-1184
-1120
-991
-904
-850
-766
-692
-639
-606
-592
-561
-528
-520
-533
-548
-553
-569
-614
-637
-609
-593
-603
-578
-502
-455
-454
-422
-355
-315
-309
-296
-266
-248
-239
-224
-191
-138
-89
-59
-24
44
93
93
99
151
179
145
122
140
122
58
32
46
21
-23
-18
14
42
85
150
224
300
319
185
-79
-393
-776
-1223
-1568
-1680
-1643
-1485
-1083
-447
220
832
1445
1979
2283
2383
2394
2339
2231
2150
2153
2244
2408
2594
2725
2787
2769
2588
2206
1736
1267
771
284
-50
-192
-238
-217
-95
75
179
191
129
-3
-178
-345
-492
-578
-546
-433
-339
-260
-140
-33
-34
-97
-128
-157
-242
-307
-272
-196
-155
-123
-85
-91
-170
-304
-487
-693
-875
-1033
-1164
-1203
-1143
-1067
-995
-871
-742
-700
-714
-690
-672
-717
-755
-752
-735
-704
-648
-582
-533
-505
-504
-566
-656
-712
-787
-893
-945
-928
-892
-854
-771
-648
-560
-493
-416
-370
-362
-356
-360
-370
-357
-323
-296
-269
-212
-156
-134
-86
-19
3
-9
-14
-39
-103
-170
-208
-227
-255
-278
-258
-194
-121
-34
71
167
233
206
42
-198
-495
-867
-1235
-1476
-1546
-1472
-1227
-731
-69
598
1235
1822
2261
2499
2574
2565
2511
2425
2351
2344
2417
2550
2677
2758
2814
2788
2573
2219
1819
1367
886
485
224
91
65
152
321
474
573
602
524
353
154
-63
-262
-354
-352
-324
-239
-66
92
156
191
209
119
-36
-149
-233
-334
-375
-329
-293
-282
-248
-268
-402
-564
-717
-933
-1162
-1285
-1344
-1402
-1367
-1225
-1104
-1016
-886
-781
-787
-821
-831
-893
-983
-993
-951
-930
-874
-761
-690
-671
-644
-665
-780
-897
-971
-1058
-1124
-1085
-984
-889
-769
-622
-509
-443
-393
-383
-429
-473
-486
-498
-495
-422
-306
-196
-82
38
115
128
110
60
-33
-130
-198
-248
-259
-216
-165
-127
-59
26
64
71
95
120
99
22
-125
-335
-582
-857
-1122
-1276
-1263
-1135
-892
-447
151
739
1275
1807
2246
2479
2565
2593
2557
2462
2377
2347
2382
2464
2534
2561
2562
2505
2299
1967
1618
1253
845
496
304
209
156
212
377
517
585
617
587
461
282
95
-80
-190
-197
-153
-92
49
175
144
31
-72
-256
-533
-744
-821
-852
-839
-684
-470
-316
-192
-118
-179
-331
-513
-756
-1025
-1189
-1232
-1251
-1196
-985
-746
-600
-480
-374
-406
-564
-702
-831
-1012
-1125
-1111
-1068
-989
-825
-652
-558
-517
-515
-627
-814
-949
-1049
-1157
-1170
-1040
-870
-699
-474
-255
-147
-104
-92
-164
-278
-355
-414
-470
-464
-363
-251
-169
-51
67
99
73
17
-83
-218
-345
-420
-459
-451
-374
-275
-179
-71
19
77
113
124
116
74
-21
-151
-307
-499
-699
-823
-841
-797
-671
-390
12
430
857
1314
1719
1989
2161
2269
2291
2255
2218
2192
2179
2201
2240
2274
2305
2292
2170
1950
1698
1409
1054
722
496
322
196
180
243
317
371
394
376
295
173
32
-116
-221
-259
-277
-257
-174
-111
-135
-175
-202
-316
-510
-636
-680
-728
-726
-613
-467
-343
-230
-156
-157
-229
-358
-547
-760
-901
-996
-1087
-1073
-946
-832
-748
-636
-537
-542
-619
-682
-778
-917
-991
-994
-973
-908
-797
-680
-593
-525
-503
-579
-679
-746
-838
-905
-866
-766
-663
-530
-345
-190
-120
-79
-54
-106
-195
-255
-311
-341
-302
-225
-143
-33
100
187
214
231
200
85
-19
-68
-138
-200
-182
-126
-83
-35
24
65
85
104
108
93
96
74
-29
-164
-292
-482
-728
-885
-900
-859
-752
-467
-35
418
865
1326
1732
2005
2149
2202
2181
2112
2016
1910
1854
1874
1902
1909
1942
1966
1866
1644
1397
1131
789
438
183
30
-46
-60
-1
120
254
338
352
322
246
93
-102
-263
-361
-419
-435
-389
-292
-201
-184
-260
-371
-493
-670
-856
-920
-866
-796
-689
-485
-269
-155
-126
-154
-258
-425
-611
-788
-918
-959
-943
-891
-753
-555
-415
-361
-322
-330
-455
-628
-750
-851
-938
-946
-860
-737
-594
-452
-374
-361
-376
-458
-614
-743
-782
-802
-797
-677
-473
-303
-167
-14
98
110
55
-28
-126
-210
-266
-289
-242
-111
23
117
231
342
327
219
127
37
-103
-222
-254
-246
-225
-164
-68
25
114
186
214
223
226
157
16
-117
-248
-459
-687
-795
-801
-781
-670
-390
-14
357
730
1113
1441
1664
1784
1827
1828
1808
1747
1689
1711
1778
1813
1847
1900
1892
1770
1571
1332
1045
739
461
251
126
79
90
140
256
350
386
360
293
201
31
-118
-229
-292
-303
-276
-193
-177
-168
-193
-336
-515
-685
-834
-1001
-1058
-942
-832
-698
-457
-223
-99
-56
-53
-173
-390
-566
-737
-915
-982
-914
-832
-721
-500
-317
-275
-283
-296
-423
-645
-774
-864
-948
-936
-819
-677
-559
-392
-274
-283
-321
-385
-533
-696
-767
-769
-740
-627
-418
-221
-86
56
153
120
32
-44
-160
-285
-338
-329
-274
-152
14
160
267
341
340
234
92
-27
-171
-303
-345
-329
-301
-225
-106
-4
71
140
173
150
108
41
-87
-224
-349
-504
-672
-774
-793
-764
-668
-451
-151
152
474
826
1121
1341
1520
1636
1688
1719
1753
1785
1813
1837
1869
1885
1851
1775
1660
1499
1300
1068
845
651
482
355
292
287
312
356
417
462
462
422
355
250
136
22
-86
-141
-162
-216
-255
-245
-286
-414
-535
-615
-700
-781
-772
-665
-561
-441
-267
-151
-110
-76
-121
-255
-373
-475
-620
-728
-709
-657
-649
-581
-441
-386
-416
-399
-411
-537
-645
-696
-755
-792
-751
-689
-640
-563
-473
-458
-495
-504
-539
-656
-729
-728
-742
-727
-617
-484
-388
-293
-199
-167
-195
-226
-274
-354
-399
-393
-386
-366
-284
-194
-138
-83
-27
-22
-70
-121
-170
-249
-313
-318
-313
-304
-250
-179
-132
-81
-26
5
14
41
66
56
42
27
-57
-186
-302
-434
-564
-621
-590
-485
-307
-34
300
616
932
1248
1481
1625
1728
1781
1780
1752
1725
1703
1687
1694
1708
1698
1678
1626
1522
1373
1186
979
777
590
455
380
342
367
442
490
515
546
529
446
341
230
99
-41
-150
-241
-330
-377
-390
-392
-361
-287
-197
-117
-31
68
122
102
67
15
-98
-231
-332
-436
-543
-593
-606
-640
-664
-663
-686
-726
-744
-772
-828
-860
-864
-887
-910
-871
-820
-793
-752
-710
-701
-716
-740
-776
-834
-883
-898
-909
-900
-833
-750
-680
-598
-518
-478
-472
-461
-465
-504
-521
-500
-484
-449
-382
-314
-257
-201
-152
-133
-132
-124
-127
-137
-128
-112
-116
-128
-126
-116
-121
-111
-80
-55
-23
26
72
107
145
205
244
224
193
155
45
-117
-251
-338
-401
-402
-284
-82
162
460
789
1094
1349
1537
1648
1693
1682
1640
1594
1559
1560
1586
1600
1619
1649
1629
1547
1432
1286
1104
888
682
532
423
352
364
433
491
537
559
537
457
343
196
29
-119
-227
-329
-440
-459
-418
-391
-379
-270
-151
-90
-51
21
41
-15
-84
-161
-271
-379
-451
-548
-632
-650
-654
-711
-727
-694
-718
-788
-784
-764
-814
-846
-802
-772
-783
-755
-705
-700
-698
-672
-684
-725
-735
-742
-788
-810
-771
-744
-736
-665
-574
-535
-499
-444
-425
-440
-442
-433
-456
-476
-438
-397
-373
-303
-223
-183
-132
-62
-41
-50
-34
-23
-51
-78
-68
-80
-93
-80
-47
-37
-12
29
48
49
71
99
119
161
228
281
318
342
322
241
135
10
-148
-299
-376
-362
-282
-133
111
418
718
985
1229
1411
1505
1533
1515
1460
1403
1358
1325
1335
1394
1449
1469
1478
1456
1361
1209
1034
836
633
466
357
302
301
340
383
430
461
439
351
216
66
-127
-326
-460
-525
-543
-511
-384
-220
-85
45
157
191
154
99
3
-135
-250
-336
-430
-493
-499
-521
-569
-594
-614
-689
-779
-853
-934
-1016
-1054
-1032
-1011
-947
-847
-758
-686
-628
-590
-630
-681
-709
-760
-808
-824
-793
-769
-733
-670
-628
-610
-599
-596
-618
-630
-618
-610
-597
-540
-466
-414
-349
-271
-210
-175
-127
-79
-61
-52
-29
-2
19
50
79
99
117
133
133
134
147
140
127
124
142
150
159
213
267
326
372
414
441
435
423
383
340
278
207
162
135
157
223
326
469
632
782
930
1074
1166
1216
1240
1229
1195
1163
1148
1148
1157
1173
1188
1183
1161
1115
1017
887
758
617
479
391
341
311
318
344
361
360
338
294
211
94
-12
-117
-213
-256
-259
-243
-195
-134
-94
-87
-104
-156
-253
-362
-479
-599
-686
-720
-748
-762
-739
-730
-728
-739
-769
-811
-884
-939
-976
-1001
-998
-969
-916
-857
-796
-740
-698
-675
-675
-702
-742
-767
-786
-798
-795
-771
-747
-724
-696
-676
-666
-652
-630
-596
-553
-501
-436
-355
-266
-192
-131
-67
-22
4
33
47
51
63
81
108
143
176
208
231
238
247
247
234
224
216
209
218
260
323
376
450
547
621
685
748
778
772
740
693
629
547
477
423
381
361
376
422
483
550
622
677
722
760
764
765
778
771
760
769
773
774
780
782
766
733
701
659
599
548
501
444
399
380
362
350
344
321
268
209
158
91
21
-24
-62
-107
-129
-119
-114
-123
-129
-144
-189
-232
-261
-320
-404
-459
-496
-554
-607
-619
-619
-630
-628
-627
-654
-689
-716
-755
-795
-800
-783
-770
-739
-679
-634
-615
-590
-577
-607
-640
-662
-707
-750
-765
-771
-767
-745
-715
-681
-656
-632
-598
-574
-555
-516
-473
-428
-372
-313
-263
-216
-172
-146
-127
-87
-66
-63
-46
-30
-9
31
72
110
141
170
208
214
202
199
178
150
141
147
170
209
259
311
358
407
458
483
491
501
512
502
482
463
441
421
415
423
431
448
487
528
559
591
624
641
649
665
689
709
736
763
780
809
838
845
830
819
796
749
703
674
648
608
596
575
536
512
472
431
382
350
322
284
264
238
206
169
134
86
25
-22
-67
-124
-175
-203
-232
-274
-319
-368
-418
-470
-522
-581
-633
-660
-681
-707
-723
-721
-721
-717
-706
-702
-704
-695
-680
-679
-679
-665
-657
-668
-670
-670
-689
-712
-729
-758
-785
-803
-826
-840
-822
-797
-771
-727
-673
-622
-576
-532
-493
-456
-424
-397
-359
-324
-293
-246
-205
-169
-123
-89
-59
-29
-14
5
31
51
75
95
105
124
149
164
177
177
174
182
189
206
238
270
310
355
393
440
484
519
559
594
609
613
600
573
541
502
467
448
447
463
499
547
606
664
706
735
747
739
720
704
688
679
679
695
720
744
764
771
761
738
702
653
602
545
484
434
399
364
327
301
283
257
233
219
206
181
150
119
80
38
1
-36
-67
-90
-122
-165
-203
-247
-307
-362
-419
-485
-542
-588
-625
-651
-671
-668
-660
-665
-667
-659
-666
-674
-681
-709
-738
-752
-767
-783
-790
-799
-801
-802
-808
-810
-812
-813
-810
-804
-783
-750
-714
-676
-627
-581
-540
-501
-471
-448
-425
-405
-380
-348
-309
-267
-218
-173
-135
-94
-58
-24
10
31
42
53
61
70
88
111
137
163
187
218
246
260
267
267
267
276
289
306
338
384
447
521
587
642
682
698
696
678
640
591
545
503
476
473
481
503
532
565
597
616
623
624
614
601
594
590
596
621
645
670
691
708
718
714
701
686
655
619
581
544
514
490
464
434
404
378
340
298
249
191
136
74
3
-54
-107
-168
-210
-240
-273
-295
-322
-355
-388
-433
-488
-538
-589
-640
-681
-715
-741
-756
-768
-778
-777
-779
-788
-802
-818
-834
-856
-878
-886
-886
-874
-851
-822
-785
-743
-701
-668
-646
-630
-617
-621
-629
-628
-615
-595
-567
-526
-471
-421
-380
-339
-306
-284
-266
-251
-233
-205
-176
-142
-100
-54
-6
38
84
129
168
200
225
249
270
285
311
342
371
396
425
452
468
472
479
492
498
507
533
563
594
631
678
718
742
759
763
750
722
684
641
600
573
558
547
550
568
584
594
595
587
565
525
484
441
387
355
346
337
339
356
374
394
401
400
390
364
333
303
272
249
232
217
203
190
174
143
101
52
-4
-65
-131
-196
-250
-299
-333
-344
-352
-360
-369
-387
-406
-437
-478
-519
-559
-592
-618
-642
-663
-670
-672
-672
-676
-679
-681
-688
-707
-728
-738
-745
-755
-751
-732
-715
-696
-670
-644
-625
-604
-580
-559
-536
-510
-489
-464
-435
-410
-382
-354
-333
-302
-260
-224
-188
-143
-97
-66
-37
-10
14
41
72
105
141
182
226
273
316
344
366
377
385
394
405
420
437
450
458
460
459
456
439
421
416
409
406
418
425
439
462
474
482
494
491
489
482
469
467
468
468
470
471
470
462
438
404
362
317
274
233
200
183
177
186
205
227
251
277
298
313
317
312
301
283
257
227
201
181
162
144
127
111
84
50
17
-15
-51
-85
-109
-127
-145
-164
-177
-184
-196
-214
-235
-254
-276
-307
-336
-358
-379
-397
-410
-418
-425
-435
-445
-453
-463
-479
-496
-509
-517
-525
-525
-518
-502
-484
-466
-453
-447
-445
-445
-447
-448
-444
-431
-413
-394
-373
-351
-329
-310
-298
-292
-285
-276
-265
-251
-232
-204
-171
-142
-118
-102
-89
-77
-68
-58
-41
-14
19
55
90
124
157
185
204
220
234
244
249
253
258
259
258
253
243
234
228
224
225
235
254
275
301
337
369
405
435
453
461
464
463
452
437
420
397
374
354
334
312
306
304
293
285
287
283
269
257
245
224
202
186
175
182
197
213
233
248
242
225
202
159
103
54
18
-10
-15
4
35
71
105
127
132
121
84
28
-33
-88
-133
-163
-170
-161
-139
-108
-82
-69
-71
-89
-122
-164
-204
-241
-273
-293
-293
-279
-263
-248
-228
-211
-212
-232
-260
-288
-328
-366
-391
-402
-405
-398
-383
-365
-354
-349
-346
-348
-358
-371
-381
-378
-368
-357
-342
-319
-294
-277
-263
-248
-238
-229
-224
-221
-217
-211
-200
-181
-156
-128
-91
-55
-19
11
32
43
40
34
29
29
31
36
48
67
88
107
128
145
155
155
157
163
170
174
181
191
205
223
247
276
299
320
338
354
364
362
353
344
331
317
307
299
291
288
290
297
300
297
293
291
287
281
274
270
264
256
250
254
265
279
290
300
306
306
294
267
228
184
142
98
59
29
15
11
15
23
36
45
41
26
7
-13
-39
-70
-102
-121
-133
-143
-151
-157
-159
-163
-174
-191
-209
-225
-240
-249
-258
-259
-262
-262
-265
-274
-287
-304
-322
-335
-341
-341
-339
-336
-333
-329
-323
-316
-310
-304
-298
-287
-269
-248
-226
-208
-195
-187
-189
-194
-206
-221
-231
-233
-223
-202
-172
-138
-106
-77
-58
-52
-55
-64
-74
-79
-76
-63
-44
-17
10
35
54
63
65
61
60
66
78
97
121
146
172
194
215
227
235
236
232
229
226
228
235
244
258
273
287
299
308
314
315
308
298
283
270
260
250
243
237
230
221
211
202
192
183
176
170
164
157
149
139
127
116
102
86
71
57
48
40
35
29
21
9
-8
-29
-55
-82
-109
-130
-143
-146
-140
-128
-113
-100
-92
-92
-100
-116
-136
-158
-178
-195
-206
-210
-211
-208
-203
-195
-188
-184
-179
-176
-174
-172
-173
-172
-166
-155
-139
-122
-108
-98
-91
-86
-83
-83
-85
-87
-84
-73
-58
-38
-21
-8
-2
0
-6
-16
-36
-60
-82
-94
-95
-84
-64
-38
-8
23
51
77
92
96
90
80
66
55
51
52
61
78
95
112
126
134
134
126
113
91
70
50
37
31
34
45
56
66
71
67
56
39
18
0
-11
-16
-10
8
38
72
102
124
132
123
99
62
19
-25
-59
-77
-81
-70
-49
-24
6
31
48
53
43
24
1
-18
-28
-28
-21
-6
13
38
61
79
90
88
75
57
39
17
4
-4
-10
-14
-10
-9
-15
-21
-25
-38
-62
-81
-91
-93
-92
-77
-52
-34
-24
-17
-9
-12
-26
-41
-47
-51
-54
-55
-54
-49
-39
-29
-24
-26
-26
-29
-34
-36
-36
-38
-38
-37
-36
-42
-45
-43
-40
-39
-33
-22
-13
-2
7
13
11
5
-2
-11
-20
-28
-31
-30
-24
-13
-1
14
32
48
62
74
83
87
91
99
104
107
105
106
102
85
68
52
32
14
8
9
14
24
39
51
52
44
33
21
3
-18
-33
-36
-29
-15
4
25
43
57
59
46
25
2
-20
-42
-56
-59
-50
-31
-7
18
40
51
47
29
4
-25
-55
-85
-103
-111
-110
-103
-83
-55
-37
-25
-16
-14
-17
-26
-39
-50
-56
-55
-49
-33
-7
21
46
63
71
68
61
46
23
-2
-20
-31
-35
-27
-9
7
23
36
39
31
21
10
-7
-21
-25
-24
-18
-1
20
41
58
73
73
56
38
19
-5
-24
-35
-46
-57
-59
-52
-54
-59
-62
-67
-77
-80
-74
-63
-52
-40
-27
-11
0
1
-3
-12
-24
-35
-36
-29
-16
-4
9
28
50
61
64
62
61
55
42
33
26
14
3
2
0
-4
-5
-4
-3
2
6
6
4
1
0
9
27
39
49
65
71
64
49
34
17
3
-11
-18
-13
-2
5
16
31
38
31
28
26
15
4
2
9
15
26
44
61
70
71
70
62
44
25
12
3
-5
-3
4
10
18
23
19
13
3
-12
-27
-35
-43
-47
-42
-35
-27
-18
-7
-4
-1
-5
-13
-22
-31
-41
-47
-45
-43
-41
-37
-38
-44
-53
-62
-74
-81
-82
-83
-77
-65
-55
-49
-39
-33
-35
-35
-35
-36
-38
-35
-31
-27
-24
-21
-16
-14
-14
-10
-5
-2
1
4
8
6
4
3
2
-1
-1
0
3
8
16
26
40
53
63
69
76
70
61
46
30
11
-3
-10
-12
-11
4
23
42
56
70
83
85
76
62
47
29
12
-1
-4
0
7
17
30
41
47
44
40
37
33
28
23
22
29
33
34
30
26
19
8
-7
-22
-31
-35
-36
-32
-20
-4
14
28
35
39
33
17
-4
-29
-55
-75
-88
-89
-84
-69
-50
-33
-23
-22
-25
-34
-50
-70
-85
-93
-99
-103
-96
-78
-60
-45
-30
-17
-11
-13
-14
-16
-17
-18
-13
-5
4
11
20
31
39
44
48
54
55
54
53
51
53
52
51
53
56
62
67
70
72
72
69
61
50
38
26
12
-3
-16
-27
-33
-40
-47
-49
-50
-49
-45
-40
-30
-16
1
18
32
43
52
58
62
61
57
48
44
42
38
33
24
10
-3
-17
-29
-38
-47
-51
-46
-37
-22
-6
7
15
15
8
-6
-23
-42
-61
-75
-84
-89
-91
-85
-77
-65
-54
-45
-39
-37
-36
-34
-30
-27
-21
-18
-19
-23
-32
-45
-56
-60
-61
-55
-46
-35
-23
-7
8
18
25
25
20
15
6
-1
-7
-8
-6
3
11
18
22
26
28
33
39
48
57
68
83
100
116
127
128
121
108
93
76
61
50
39
35
34
35
40
42
45
45
45
41
35
27
17
7
0
-7
-13
-12
-9
-10
-9
0
7
4
-3
-9
-20
-28
-39
-53
-61
-55
-52
-48
-39
-28
-23
-19
-14
-18
-26
-30
-34
-38
-42
-41
-36
-28
-22
-22
-23
-22
-26
-38
-43
-41
-38
-35
-28
-14
-6
0
4
3
-2
-8
-11
-16
-22
-21
-13
-7
-3
1
8
14
13
7
-2
-8
-15
-19
-23
-19
-12
2
16
29
37
43
43
40
30
18
6
1
-5
-10
-9
-2
1
3
3
1
-1
-9
-19
-28
-33
-40
-43
-39
-34
-33
-26
-18
-15
-15
-12
-7
-4
0
5
12
17
23
26
28
30
37
43
45
45
53
59
52
44
39
35
25
18
16
10
-1
-1
5
7
7
13
17
17
19
27
27
19
12
8
2
-4
-3
-2
-7
-7
-4
-7
-12
-13
-16
-19
-22
-24
-26
-28
-35
-36
-38
-41
-47
-50
-52
-55
-58
-54
-44
-33
-24
-16
-6
0
3
12
23
24
19
17
16
12
10
10
7
6
7
9
16
21
24
24
28
27
24
24
26
23
21
19
18
16
16
15
14
13
8
5
4
6
4
9
18
26
32
35
40
38
33
28
21
14
4
0
0
3
5
5
5
2
-3
-6
-8
-13
-21
-29
-28
-27
-28
-25
-19
-18
-19
-19
-19
-28
-41
-49
-56
-60
-58
-52
-46
-37
-27
-16
-5
1
4
-1
-8
-17
-27
-36
-43
-45
-42
-35
-23
-10
4
14
21
24
22
16
6
-4
-13
-15
-14
-8
-2
8
19
32
42
47
45
35
22
6
-9
-19
-23
-23
-19
-12
-2
9
19
27
31
31
24
17
16
19
19
18
19
25
30
35
39
42
43
36
29
24
20
12
5
-1
-5
-11
-21
-32
-38
-39
-38
-37
-36
-34
-26
-16
-8
-4
1
5
7
2
-2
-6
-8
-5
0
1
3
6
13
23
29
35
40
42
40
34
29
25
18
5
-2
-5
-6
-9
-12
-9
-2
6
8
7
1
-10
-19
-26
-33
-45
-55
-64
-63
-56
-46
-36
-28
-19
-11
-3
1
-1
-5
-8
-10
-9
-7
-2
6
17
26
31
33
33
34
32
27
19
15
11
13
16
20
24
27
28
25
18
12
5
1
-2
-3
-3
-1
-1
0
3
4
5
6
7
8
6
3
2
0
0
-1
-5
-7
-9
-9
-9
-9
-10
-12
-11
-9
-4
1
5
3
1
-1
-1
0
3
2
-2
-8
-14
-18
-23
-29
-38
-41
-45
-42
-35
-25
-16
-8
-2
2
6
6
3
-2
-9
-18
-26
-32
-35
-33
-29
-23
-15
-9
-6
-5
-1
-3
-10
-14
-17
-22
-19
-9
-6
-4
7
18
20
18
19
13
3
-7
-15
-21
-22
-24
-20
-8
5
16
29
40
43
41
38
32
24
19
16
16
18
29
35
40
49
60
70
75
74
66
56
54
51
44
37
35
32
27
26
27
25
20
14
8
2
-1
-7
-16
-26
-30
-32
-38
-40
-36
-28
-23
-21
-20
-17
-13
-18
-29
-39
-43
-46
-46
-46
-46
-44
-35
-20
-9
-8
-11
-12
-15
-27
-46
-52
-52
-52
-54
-46
-30
-19
-10
2
12
11
3
-8
-19
-28
-34
-32
-24
-14
-1
14
26
35
38
38
34
27
18
10
2
-2
-1
7
14
19
21
27
31
25
15
7
2
-7
-12
-12
-10
-9
-9
-5
-4
-4
-2
0
-3
-2
8
18
22
25
27
28
24
19
10
4
1
-4
-5
4
17
21
29
43
49
41
28
14
-1
-13
-23
-26
-24
-22
-15
-2
10
21
25
24
18
9
-3
-15
-21
-23
-27
-26
-18
-8
-4
4
15
20
16
9
5
0
-8
-15
-13
-7
-3
0
7
18
24
27
32
32
22
11
3
-6
-19
-27
-34
-39
-37
-30
-19
-7
4
10
9
3
-10
-27
-38
-48
-54
-52
-44
-35
-21
-7
4
10
12
11
5
-5
-17
-25
-24
-18
-11
-2
7
10
10
14
23
21
10
-1
-8
-15
-17
-15
-8
-2
3
12
22
23
13
10
10
3
-6
-5
3
8
12
15
22
33
39
36
30
25
15
5
3
7
11
16
24
29
33
33
30
24
13
0
-12
-22
-27
-25
-15
-7
-3
0
7
9
3
-5
-11
-18
-25
-28
-30
-29
-23
-14
-4
6
8
3
0
-3
-10
-16
-15
-14
-18
-20
-17
-17
-17
-13
-10
-12
-11
-9
-11
-16
-17
-17
-20
-20
-18
-20
-20
-18
-12
-10
-10
-10
-9
-8
-8
-6
2
12
15
13
15
21
27
29
31
32
35
35
31
29
30
32
37
38
35
29
24
20
15
9
5
5
7
10
10
10
15
22
25
20
7
-7
-14
-16
-17
-23
-29
-30
-27
-14
6
22
30
28
24
14
2
-12
-21
-23
-26
-28
-23
-9
7
18
23
21
11
-4
-21
-32
-37
-42
-46
-45
-37
-26
-12
0
10
14
11
0
-13
-26
-35
-42
-46
-44
-37
-28
-19
-9
1
8
11
10
4
-4
-13
-20
-23
-22
-21
-16
-5
8
16
18
20
19
16
11
6
3
0
-3
-3
1
7
11
18
21
26
30
32
33
32
27
22
17
14
13
12
12
12
12
13
15
19
22
25
27
25
21
15
10
5
1
-3
-7
-13
-13
-15
-12
-11
-10
-7
-6
-7
-7
-10
-13
-16
-21
-20
-19
-16
-13
-9
-3
0
3
2
1
0
-1
0
2
1
0
2
3
8
12
12
9
6
5
4
3
1
-1
-1
0
0
2
2
0
-1
-6
-9
-14
-19
-20
-22
-22
-19
-13
-9
-5
-2
1
0
-3
-7
-10
-13
-14
-16
-16
-15
-11
-4
1
4
3
2
0
-2
-5
-8
-8
-5
-2
1
2
1
2
3
6
9
11
13
14
16
17
19
18
15
14
12
11
10
8
7
6
5
6
7
9
9
8
5
0
-5
-9
-11
-10
-11
-9
-6
-4
0
2
1
-2
-6
-9
-13
-17
-21
-23
-21
-18
-11
-6
-2
3
5
7
5
-1
-7
-11
-11
-11
-11
-10
-6
-3
5
9
10
9
7
6
5
5
3
2
-1
0
4
11
16
19
22
23
22
19
16
13
10
7
2
-3
-7
-6
-2
4
7
9
11
15
18
16
9
-2
-8
-13
-16
-18
-19
-16
-9
1
11
18
19
17
9
0
-9
-17
-21
-21
-18
-15
-9
-1
4
11
13
9
2
-6
-14
-18
-18
-14
-14
-11
-5
7
11
8
1
-5
-10
-14
-16
-13
-11
-10
-8
-3
2
5
8
8
5
-1
-6
-9
-9
-9
-12
-10
-6
-1
3
6
9
11
11
7
2
-2
0
0
-4
-9
-5
4
9
10
12
14
8
-2
-8
-3
-1
-1
1
4
7
3
1
2
2
-1
-1
-2
-4
-9
-10
-9
-4
-2
1
2
2
1
3
5
5
0
0
3
4
1
1
5
7
5
-2
-5
-3
0
0
-2
-1
1
3
1
-4
-8
-7
-2
-1
-2
-3
0
1
2
1
3
1
-2
-3
-2
-2
-3
-5
-6
-6
-1
7
13
11
6
3
5
6
1
-2
-3
-1
2
6
9
10
12
15
16
13
5
-1
-3
-2
-3
0
4
7
7
4
3
6
8
2
-4
-9
-11
-12
-12
-8
-2
2
6
5
6
2
-5
-10
-12
-12
-14
-17
-17
-15
-15
-13
-9
-3
0
-1
-6
-7
-11
-17
-21
-22
-18
-13
-12
-11
-6
-1
3
3
1
-1
-6
-11
-15
-13
-11
-8
-6
-2
4
10
13
15
13
13
10
7
2
2
1
3
8
12
13
16
17
17
15
15
16
17
14
8
2
3
4
3
3
2
9
12
12
13
8
9
3
2
1
0
8
7
15
15
12
12
6
6
3
1
1
-4
-3
-3
-3
0
-1
-4
-6
-9
-8
-6
-4
-4
-7
-11
-12
-14
-16
-17
-16
-12
-9
-6
-5
-7
-8
-8
-7
-8
-11
-16
-16
-16
-13
-11
-11
-9
-8
-8
-5
-8
-6
-7
-8
-7
-10
-10
-8
-9
-7
-9
-7
-4
-2
1
-2
-1
-2
-3
1
2
3
5
1
6
5
8
9
8
9
10
11
13
10
9
7
4
6
7
8
11
12
15
14
15
14
11
10
7
4
5
2
6
7
8
12
12
11
7
2
5
3
2
-4
-11
-8
-5
-2
-2
-3
0
2
4
5
2
0
-7
-12
-12
-10
-5
-2
-2
-2
-7
-8
-7
-5
-4
-6
-6
-8
-9
-8
-4
-1
-3
-7
-9
-9
-8
-9
-7
-5
-3
-1
-1
0
-1
-1
0
2
0
-2
0
7
7
4
4
7
10
7
7
7
6
1
-1
-1
2
4
5
3
0
-4
-1
2
-2
-8
-8
-2
0
-1
-2
2
0
-2
1
4
3
-2
-3
3
6
3
0
0
1
-1
-3
-2
-1
-2
0
1
0
-5
-10
-9
-1
5
5
1
0
1
5
5
5
4
2
-2
-4
-6
-3
0
2
6
5
4
3
3
3
4
3
0
-5
-9
-5
0
-1
-1
0
4
7
8
4
-2
-5
-7
-4
-2
-2
-4
-6
-5
-2
0
1
0
-1
-2
-3
-5
-4
-4
-4
-3
-1
1
-3
-6
-3
2
4
1
-2
-1
0
-1
0
-1
-1
0
0
1
-1
-2
1
4
6
3
3
6
5
1
-1
