-13
-15
-9
-9
-13
-18
-19
-19
-19
-18
-18
-15
-16
-18
-18
-17
-17
-18
-18
-19
-18
-18
-20
-15
-19
-21
-20
-23
-20
-18
-21
-23
-19
-18
-21
-21
-20
-24
-23
-22
-16
-18
-20
-22
-15
-14
-16
-14
-18
-16
-15
-13
-13
-6
-6
-14
-6
-12
-21
-15
-14
-18
-16
-17
-16
-13
-11
-18
-17
-15
-15
-12
-15
-14
-13
-18
-16
-15
-18
-19
-15
-12
-14
-12
-12
-12
-11
-13
-17
-14
-14
-12
-10
-12
-10
-12
-13
-12
-11
-10
-12
-13
-14
-17
-18
-19
-16
-21
-15
-12
-21
-23
-19
-13
-12
-18
-18
-13
-14
-14
-15
-16
-16
-14
-14
-15
-11
-16
-16
-15
-15
-13
-12
-14
-13
-13
-15
-14
-20
-19
-18
-17
-14
-15
-14
-13
-16
-19
-17
-20
-20
-18
-18
-14
-16
-16
-19
-18
-20
-21
-20
-23
-22
-21
-21
-19
-17
-15
-18
-18
-19
-20
-21
-19
-21
-19
-20
-20
-18
-20
-21
-20
-19
-20
-18
-17
-17
-17
-16
-16
-14
-20
-17
-18
-17
-16
-19
-16
-16
-17
-21
-17
-20
-23
-20
-24
-23
-21
-21
-22
-27
-26
-21
-28
-30
-16
-24
-17
-15
-20
-17
-17
-17
-17
-17
-18
-16
-18
-18
-21
-20
-20
-23
-20
-19
-16
-18
-19
-17
-20
-18
-22
-24
-24
-27
-26
-24
-28
-21
-22
-20
-19
-25
-24
-26
-26
-26
-25
-20
-27
-26
-29
-26
-20
-22
-24
-18
-24
-32
-24
-24
-27
-26
-25
-27
-24
-24
-26
-25
-29
-25
-22
-22
-23
-22
-24
-24
-21
-20
-17
-19
-16
-17
-18
-19
-20
-20
-20
-20
-16
-17
-17
-19
-17
-16
-17
-18
-17
-21
-20
-16
-16
-19
-19
-19
-18
-15
-15
-14
-10
-7
-12
-13
-11
-11
-11
-16
-17
-13
-10
-11
-9
-12
-13
-9
-7
-10
-11
-14
-9
-9
-8
-10
-14
-12
-11
-9
-13
-12
-9
-13
-13
-13
-13
-10
-10
-8
-9
-4
-7
-2
-7
-4
0
0
3
-3
-1
-1
1
-1
1
0
10
9
2
2
-2
-5
-7
-4
-9
-7
-6
-8
-2
-5
-3
-3
-4
2
-1
-2
-3
-3
-1
-1
0
0
0
2
5
7
6
8
11
7
6
8
5
7
8
9
9
11
11
8
9
8
9
12
13
16
7
1
4
6
17
14
12
9
10
12
12
10
13
10
13
14
12
14
10
12
10
12
13
10
9
10
12
11
10
14
15
12
13
12
12
13
11
9
9
7
8
7
7
5
5
4
5
5
11
10
5
2
8
11
1
3
7
1
2
5
0
3
7
5
5
7
2
0
3
-1
1
2
1
1
2
1
2
-1
2
1
2
2
3
1
-1
0
-1
1
0
0
-4
-3
-4
-4
-4
-2
-3
-11
-9
-5
-6
-10
-10
-11
-7
-11
-12
-14
-18
-11
-14
-16
-10
-8
-8
-8
-9
-11
-6
-6
-6
-4
-4
-7
-5
-4
-6
-6
-5
-3
-7
-5
-6
-4
-3
-4
-4
-8
-9
-7
-11
-8
-14
-12
-8
-10
-5
-9
-8
-7
-10
-7
-12
-7
-8
-8
-4
-9
-6
-2
0
3
2
1
-1
-13
-6
6
-1
-4
-2
-3
-4
-3
-2
-4
-3
-1
-4
1
0
0
2
1
4
3
1
0
1
1
4
0
-1
2
4
2
4
4
1
2
1
3
8
7
7
7
6
5
0
0
1
7
5
7
6
11
12
10
12
13
16
9
10
7
7
8
8
10
6
12
10
9
13
12
13
11
8
10
11
11
8
10
11
9
12
10
8
7
9
6
9
13
9
9
11
11
11
16
15
15
17
17
18
20
19
20
18
19
21
19
30
26
23
28
20
18
14
13
16
15
13
11
17
19
15
18
17
18
16
17
20
16
14
16
18
18
15
19
20
21
24
23
25
22
21
22
17
17
17
16
18
18
24
18
20
20
18
16
14
13
15
9
13
15
13
22
15
10
9
15
17
19
16
16
16
18
19
18
17
17
17
17
16
17
16
19
18
17
21
19
18
18
19
19
20
16
16
13
19
21
18
18
17
16
17
16
15
17
14
18
20
22
20
18
17
11
14
11
11
9
9
13
10
13
10
11
12
9
11
10
9
9
8
9
10
11
9
8
7
6
6
4
5
9
8
9
10
10
8
5
9
7
3
4
4
4
4
0
0
4
5
0
-3
-3
0
2
-2
-4
-3
-3
-11
-10
2
1
4
0
2
4
4
11
11
10
10
9
13
8
5
4
5
5
5
4
9
9
7
5
4
6
3
3
3
3
0
1
4
3
6
5
3
5
6
3
2
1
5
5
6
4
1
4
8
14
10
12
8
-3
3
4
4
2
-2
0
0
2
3
3
0
2
3
-2
1
1
1
2
3
7
5
5
4
6
5
4
2
2
7
7
6
10
9
8
8
10
14
13
12
14
9
6
7
10
6
4
9
8
8
9
10
12
16
11
14
7
7
5
12
12
8
15
11
10
8
12
11
9
11
12
10
10
6
9
6
4
8
8
6
3
5
5
5
4
3
7
6
5
5
8
12
13
9
12
10
13
14
15
18
11
13
15
18
15
20
20
18
26
17
14
11
11
10
8
7
13
14
11
9
10
12
11
11
11
13
9
10
12
9
10
12
12
13
14
17
18
21
18
15
17
18
14
15
16
16
17
16
18
18
21
14
12
11
11
8
14
11
14
19
15
11
7
10
16
15
13
11
13
14
12
13
13
13
15
14
14
15
14
12
9
12
14
17
15
15
14
17
20
15
13
13
12
14
15
13
11
10
10
8
8
6
7
9
8
9
7
10
8
7
5
7
4
4
3
1
3
3
5
7
3
2
4
3
4
1
2
3
1
2
3
3
-1
2
2
1
3
2
1
0
-3
2
1
1
3
2
6
6
6
3
-3
-4
-3
-1
-1
0
-5
-5
-1
1
-2
-7
-5
-2
0
-7
-5
-7
-10
-3
8
7
1
6
2
3
3
6
4
2
0
-1
0
-2
-2
-2
0
1
-3
-3
-4
-4
-5
-8
-9
-5
-9
-12
-10
-10
-9
-8
-8
-9
-7
-12
-14
-15
-14
-16
-15
-12
-14
-16
-11
-10
-11
-10
-6
-11
-19
-6
-8
-15
-15
-12
-15
-12
-8
-12
-12
-13
-14
-14
-15
-16
-13
-12
-10
-9
-11
-8
-10
-10
-13
-12
-15
-15
-14
-15
-12
-11
-10
-10
-8
-8
-10
-9
-5
-6
-3
-1
-4
-2
-6
-10
-6
0
-3
-4
-4
1
0
3
2
2
3
-3
-6
-7
-9
-5
-6
-10
-7
-5
-3
-5
-2
-4
-4
-1
-1
-2
-5
-7
-6
-7
-6
-7
-4
-1
-4
-5
-5
-5
-4
-4
-6
-3
-5
-4
-1
1
5
4
0
4
2
3
3
-2
2
3
8
11
5
3
12
2
-6
-6
-7
-7
-5
-5
-7
-3
-6
-6
-7
-7
-3
-6
-6
-7
-6
-3
-5
-4
-2
-4
0
1
1
1
2
5
6
0
1
2
4
2
3
3
8
7
3
7
3
6
6
5
3
-2
1
0
2
9
6
3
1
4
6
6
7
4
4
3
2
3
2
2
1
2
2
3
3
-1
-1
1
6
6
5
3
3
4
4
4
4
2
0
4
2
3
2
4
2
2
2
2
5
1
2
1
4
-1
4
-5
-5
-3
-4
-3
-8
-5
-2
0
1
0
0
0
0
-2
-4
-3
-2
-3
-6
-3
-7
-7
-5
-7
-5
-5
-5
-3
-5
-5
-5
-7
-5
-7
-5
-3
-4
-5
-5
-5
-6
-5
-9
-5
-10
-6
-5
-10
-7
-8
-7
-10
-18
-13
-13
-19
-8
-9
-20
-18
-10
-8
-8
-6
-9
-12
-8
-5
-7
-5
-3
-9
-8
-7
-5
-7
-6
-7
-7
-9
-6
-5
-5
-7
-8
-8
-9
-13
-12
-9
-8
-6
-6
-7
-9
-7
-9
-11
-10
-11
-9
-9
-12
-10
-9
-5
-4
-4
1
-7
-13
-8
0
-4
-10
-9
-9
-8
-11
-10
-7
-5
-4
-9
-8
-6
-7
-9
-8
-5
-5
-6
-6
-9
-10
-11
-11
-8
-10
-9
-7
-4
-2
-3
-2
-4
-3
1
-1
2
0
-2
-2
-5
-7
-9
-4
-1
-1
-1
0
1
2
0
8
7
-2
2
-1
-3
1
-1
-1
-2
0
-2
-1
0
-1
-1
-1
4
3
0
-2
-1
-2
-3
1
0
1
-1
-1
-1
-3
-1
-5
-5
-4
-5
-4
-2
1
2
0
-3
4
4
4
3
4
3
4
5
3
13
3
5
11
3
1
-2
-5
-8
-5
-5
-2
1
-3
-4
-2
1
2
0
-1
1
0
1
-1
2
1
-1
3
3
0
4
1
8
5
3
5
-1
2
0
2
3
8
8
6
7
7
0
2
-1
-4
-1
-3
-1
3
3
1
0
-4
-3
3
3
1
0
1
5
3
2
5
4
2
2
1
2
0
0
-2
1
3
0
1
-1
2
3
4
3
1
1
2
3
2
3
1
-1
0
2
1
3
-3
-3
2
5
-1
0
-3
-5
-3
-2
-2
-6
-5
-4
-1
-1
-1
-4
-4
-5
-5
-7
-5
-5
-3
-3
-4
-5
-3
-5
-5
-2
-3
0
-3
-1
-1
-1
-1
-2
0
-1
0
3
-1
1
0
-1
-2
-8
-6
-6
-5
-4
-8
-10
-12
-7
-7
-8
-10
-17
-14
-21
-12
-8
-10
-9
-6
-8
-6
-3
-5
-7
-5
-5
-8
-4
-5
-4
-7
-5
-4
-8
-2
-4
-5
-6
-6
-6
-6
-7
-9
-10
-10
-15
-11
-9
-10
-5
-7
-8
-9
-10
-9
-9
-10
-11
-8
-8
-10
-9
-4
0
-1
-2
3
-4
-7
5
0
-5
-5
-2
-3
-1
-2
-2
-4
-5
-4
-2
-5
-3
-2
-3
-3
-3
-3
-3
-2
-2
2
1
1
3
1
2
1
3
4
4
6
6
6
7
9
6
9
9
5
7
4
1
4
6
7
7
10
11
9
10
9
14
11
8
5
5
9
8
9
8
12
8
10
11
11
13
13
12
13
12
12
12
11
12
14
13
12
10
10
13
12
8
12
11
13
13
14
19
18
13
16
19
20
17
20
21
20
26
25
23
27
31
27
22
24
21
19
18
16
17
14
15
16
18
23
19
20
16
16
17
16
20
18
17
21
17
16
15
16
17
19
21
21
24
25
20
19
20
19
21
20
22
20
20
22
15
24
16
16
16
12
15
9
10
17
24
23
14
14
19
21
20
20
17
17
21
19
16
15
17
17
14
16
17
14
15
15
17
17
19
13
14
15
16
16
17
16
14
14
15
14
16
17
16
19
14
11
12
13
12
15
23
18
16
13
9
10
15
9
4
10
7
9
9
11
12
11
10
11
12
10
9
10
9
11
10
10
9
8
12
14
14
14
12
11
12
12
13
12
12
11
10
14
12
13
13
12
7
8
10
7
9
8
7
5
6
5
5
6
2
2
-1
9
8
5
13
17
15
11
16
14
15
18
18
15
13
12
14
14
12
14
15
13
17
16
13
17
13
13
9
9
9
3
6
7
9
11
10
8
7
8
6
8
8
7
6
12
9
4
5
11
13
11
13
12
7
0
7
11
4
4
5
5
4
6
7
7
8
9
6
9
10
8
10
8
12
13
12
10
13
14
11
10
6
10
11
10
13
11
8
9
9
10
12
11
15
13
14
14
7
6
7
12
10
15
13
17
21
21
20
18
18
14
12
9
8
9
12
11
11
14
14
13
13
16
13
11
13
15
13
11
17
13
12
12
12
10
10
12
12
14
16
14
15
13
17
17
21
21
17
19
20
23
19
20
21
18
22
26
21
30
36
23
23
26
19
18
21
18
16
20
15
18
17
18
17
16
17
21
19
15
13
17
15
15
16
14
19
18
20
23
24
26
26
28
25
22
24
21
19
18
17
23
21
18
18
13
16
11
15
12
6
7
5
9
14
17
10
8
11
17
14
14
13
11
12
15
16
14
15
14
16
18
14
15
13
15
16
16
13
14
17
14
17
13
12
10
11
11
11
13
11
11
13
10
8
12
10
10
10
13
15
14
13
11
11
11
10
4
4
3
4
5
8
10
6
9
5
5
1
3
4
3
4
3
4
4
1
0
0
4
4
0
1
0
-1
-4
-2
-2
-4
-2
-2
-2
-2
-1
1
-2
-6
-6
-7
-7
-4
-4
-8
-10
-5
-3
-10
-14
-11
-14
-19
-6
-8
-10
-7
-9
-11
-8
-4
-9
-3
-6
-9
-7
-7
-10
-10
-8
-6
-7
-8
-6
-7
-7
-9
-4
-8
-9
-9
-12
-12
-14
-14
-11
-10
-9
-11
-11
-9
-14
-13
-14
-13
-13
-13
-8
-9
-14
-12
-7
-3
-6
-7
-3
-19
-14
-6
-11
-11
-11
-9
-11
-8
-11
-8
-8
-7
-9
-10
-6
-7
-7
-9
-8
-6
-5
-8
-10
-8
-8
-11
-11
-8
-6
-7
-6
-5
-7
-8
-7
-4
-4
-3
-1
-4
-4
-2
-4
-7
-8
-8
-8
-11
-7
-1
1
6
3
2
7
4
-1
-4
-7
-3
1
0
0
2
2
0
3
1
2
5
4
7
5
1
2
0
-1
-1
-2
2
0
2
1
0
-3
0
3
2
2
5
9
13
12
11
13
16
16
16
13
10
14
13
13
15
18
24
13
11
15
7
6
6
4
2
7
7
9
10
6
3
5
8
8
6
8
9
8
10
5
4
7
7
8
8
9
10
7
10
11
7
8
8
9
7
8
8
8
11
10
6
7
7
10
4
3
2
0
2
7
17
9
-1
0
8
12
6
4
5
3
4
4
6
7
4
6
8
6
6
6
4
4
4
7
6
7
11
10
8
10
9
6
8
8
7
4
5
4
0
5
3
0
-1
0
4
4
2
2
4
2
-2
1
-1
-4
-4
-5
-5
-3
-4
0
2
-1
-2
-2
-4
-2
-2
-4
-3
1
-1
1
0
-4
-3
-3
-3
-3
-4
-4
-4
-9
-7
-7
-8
-9
-10
-6
-5
-11
-8
-9
-14
-12
-11
-8
-12
-15
-14
-10
-10
-13
-11
-14
-17
-22
-24
-14
-13
-16
-7
-7
-12
-10
-10
-10
-10
-6
-8
-7
-6
-8
-7
-10
-9
-9
-7
-7
-6
-8
-7
-7
-7
-8
-6
-8
-8
-8
-11
-9
-6
-10
-5
-6
-7
-6
-11
-12
-16
-12
-14
-16
-13
-14
-15
-11
-9
-7
-6
-4
-17
-21
-6
-9
-17
-13
-13
-14
-13
-12
-9
-9
-10
-13
-9
-10
-12
-12
-10
-8
-7
-6
-11
-11
-10
-9
-13
-12
-13
-16
-14
-16
-14
-14
-15
-15
-14
-11
-13
-15
-12
-11
-11
-19
-21
-22
-18
-15
-13
-13
-13
-8
-9
-6
-9
-3
-5
-15
-13
-15
-13
-10
-8
-10
-11
-10
-7
-9
-7
-5
-7
-8
-6
-6
-9
-8
-8
-9
-7
-9
-6
-8
-9
-7
-8
-6
-11
-9
-8
-11
-11
-9
-7
-10
-9
-5
-7
-4
-7
-4
-6
-9
-9
-9
-7
-6
-3
-13
-8
-6
-8
-10
-15
-15
-16
-13
-13
-12
-7
-10
-11
-8
-10
-10
-10
-10
-7
-9
-10
-7
-9
-7
-6
-7
-7
-9
-5
-5
-1
-6
-7
-6
-6
-7
-4
-5
-1
-2
-2
-2
0
1
-4
-2
-3
-4
-4
-6
-4
-8
-5
-3
-10
-5
-5
0
-1
-3
-4
-4
-1
-3
0
1
2
-2
0
4
2
3
-1
0
1
0
1
1
1
-2
-1
2
2
-2
-2
-3
-3
-1
-1
-6
-5
-5
-4
-5
0
5
1
-2
-7
-3
-4
-3
-3
-5
-4
-9
-6
-7
-5
-1
-2
-3
-5
-4
-4
-4
-4
-8
-6
-6
-11
-8
-9
-7
-10
-9
-10
-7
-6
-7
-6
-6
-7
-8
-7
-8
-10
-9
-8
-8
-6
-8
-9
-9
-14
-14
-12
-11
-6
-17
-16
-13
-14
-17
-17
-16
-11
-17
-19
-11
-18
-16
-16
-12
-8
-8
-10
-8
-5
-9
-5
-6
-9
-8
-9
-9
-11
-8
-13
-10
-8
-12
-9
-11
-12
-13
-18
-15
-18
-21
-19
-21
-15
-18
-17
-16
-18
-16
-18
-21
-20
-20
-17
-18
-16
-19
-18
-13
-13
-13
-7
-8
-21
-14
-10
-15
-16
-15
-15
-17
-16
-21
-18
-17
-15
-13
-17
-14
-17
-16
-14
-13
-14
-11
-12
-13
-11
-10
-11
-13
-11
-10
-10
-6
-5
-7
-8
-7
-9
-6
-7
-8
-6
-9
-11
-10
-8
-7
-8
-7
-8
-4
-8
-8
-3
-4
-6
-4
-7
-7
-12
-9
-8
-6
-6
-10
-6
-6
-3
-6
-5
-5
-6
-6
-7
-5
-8
-9
-5
-7
-6
-10
-9
-9
-10
-5
-6
-8
-5
-10
-8
-9
-6
-4
-2
-1
-5
0
1
3
2
-3
1
-1
1
3
3
8
10
6
7
8
3
0
-1
-4
-4
-6
-3
2
0
-5
-1
-2
-1
1
-1
-3
-2
0
-2
0
0
-1
-2
1
3
3
5
5
3
8
3
1
2
2
8
5
8
14
8
12
11
9
12
10
12
6
1
3
1
10
13
11
2
3
8
9
9
8
6
9
9
7
6
8
11
9
11
12
12
10
8
8
8
12
10
9
9
10
16
12
12
12
6
7
9
10
8
6
7
6
2
1
4
9
9
3
0
3
1
0
-1
1
0
-3
-1
0
-1
-1
1
1
1
-3
-3
-2
-1
-2
-2
-1
1
-2
-2
1
-2
-3
-2
1
1
0
3
0
4
3
1
1
-1
1
-2
2
-1
2
2
-3
-4
-2
0
-4
-4
-6
-9
-5
-5
-4
-6
-10
-6
-10
-10
-2
-5
-7
-6
-1
0
2
-1
1
3
1
0
1
0
-2
-4
-6
-4
-4
-6
-5
-4
-3
-3
-2
-4
-5
-6
-7
-8
-13
-9
-5
-5
-6
-9
-5
-5
-6
-5
-9
-7
-6
-9
-2
-5
-1
1
0
-2
-2
6
5
-4
-3
9
3
-5
-3
-2
-1
0
-1
1
-1
4
3
0
0
1
7
8
8
9
6
6
8
9
10
10
5
8
9
7
8
11
12
12
10
12
12
15
14
12
13
14
12
9
5
5
11
12
10
10
15
14
12
12
19
13
9
10
7
14
13
16
13
11
14
11
14
15
14
12
11
14
11
14
11
12
12
10
11
9
9
10
10
8
9
11
9
10
13
14
15
11
16
20
20
21
23
21
21
20
20
23
28
25
26
26
19
30
27
19
15
14
15
12
13
15
17
20
14
19
17
15
15
14
17
16
17
19
16
16
18
18
22
19
24
24
26
25
21
23
21
24
22
21
22
23
26
22
22
24
24
24
22
19
17
14
18
17
22
29
22
16
16
23
23
23
20
20
23
24
22
23
23
22
21
22
20
22
19
17
21
20
25
21
22
25
22
25
23
21
22
18
16
21
18
20
22
19
17
19
16
15
15
17
19
15
14
14
10
6
10
7
4
9
8
10
9
13
11
12
12
8
8
9
8
12
8
10
11
9
10
8
8
9
9
9
11
11
11
9
14
12
10
11
12
11
9
12
10
10
6
6
7
5
9
4
7
3
3
9
6
6
2
2
-2
1
8
4
7
7
12
12
10
13
12
12
14
12
13
13
9
8
6
8
8
8
10
7
11
6
3
5
4
5
2
0
0
-1
2
3
4
6
0
2
-2
0
2
1
2
1
3
6
0
7
7
6
9
11
9
-3
1
8
9
3
3
4
8
8
7
6
6
5
6
8
9
8
8
11
8
10
12
6
6
7
8
7
7
4
6
6
4
8
6
7
7
5
10
12
11
8
5
6
6
7
10
9
11
8
7
9
14
16
15
15
13
11
8
9
6
9
9
11
12
9
10
8
11
11
8
9
7
10
8
7
7
6
6
4
3
5
6
4
6
7
8
8
5
7
8
8
11
14
10
11
9
14
14
14
15
15
17
15
18
16
21
23
18
22
19
12
12
8
8
7
9
12
12
13
11
12
15
13
15
12
13
15
14
15
14
17
18
16
21
24
23
24
26
24
21
22
24
22
24
25
24
26
25
27
25
28
26
23
23
23
21
22
18
22
26
26
26
19
19
22
28
26
25
22
23
21
22
24
23
24
24
22
22
22
20
18
17
21
21
20
18
18
20
20
19
18
16
15
16
17
17
13
12
13
12
13
15
11
16
14
19
19
16
18
11
10
15
9
6
9
7
12
12
14
16
13
14
13
12
10
10
12
13
8
11
9
10
6
9
11
10
14
12
10
8
10
10
10
12
12
14
11
10
9
9
10
8
2
0
-1
2
0
-5
-1
-3
2
-5
-10
-9
-3
-12
-16
-6
-7
-2
-5
-3
-1
2
-1
-2
1
-1
0
0
1
-2
-3
-3
-1
-2
-4
-1
-3
-5
0
-1
-3
-6
-7
-8
-9
-11
-13
-8
-6
-10
-7
-6
-5
-6
-7
-4
-8
-8
-4
-3
-4
-5
-5
0
-2
1
2
1
-10
-5
2
-6
-5
-2
-4
-5
-3
-7
-5
-5
-2
-2
-5
-3
-1
-1
-3
2
4
-1
-3
-2
1
-3
-3
-1
-3
-1
0
-3
0
1
-3
0
1
-1
-1
3
0
4
1
-9
-4
-1
0
-6
-3
0
0
5
5
5
4
4
2
-1
-7
-4
-2
0
1
1
-2
-1
2
-1
-1
-1
-1
-4
-3
-1
-1
-6
-4
-5
-3
-5
-1
0
-5
-1
-2
0
-1
-4
-1
-2
2
1
6
5
2
10
6
10
10
8
11
8
11
13
10
21
19
9
13
9
9
8
9
7
5
5
6
10
5
7
8
6
9
12
11
7
6
8
7
7
5
6
7
9
13
10
13
14
13
13
10
10
13
8
11
11
11
14
11
16
12
11
13
13
15
6
3
3
2
14
17
10
5
7
13
13
12
10
8
11
9
9
9
8
11
5
8
12
12
8
7
8
8
8
8
6
10
9
8
9
8
5
4
4
3
6
6
4
7
5
7
5
1
4
9
13
13
6
10
6
2
6
1
6
2
1
4
4
6
4
6
5
6
3
2
2
3
0
-1
3
3
3
2
2
5
4
0
6
3
3
3
1
4
3
5
1
0
2
2
0
-3
-6
-7
-6
-10
-6
-5
-9
-14
-13
-11
-13
-17
-16
-15
-26
-17
-10
-13
-17
-14
-11
-14
-10
-11
-12
-11
-12
-12
-9
-12
-13
-13
-11
-12
-11
-16
-16
-13
-15
-14
-12
-14
-16
-17
-15
-18
-19
-16
-15
-12
-12
-11
-12
-15
-16
-14
-15
-15
-15
-14
-14
-16
-16
-13
-12
-10
-11
-9
-12
-20
-18
-11
-14
-18
-21
-21
-17
-18
-21
-17
-16
-17
-13
-15
-14
-16
-15
-13
-11
-12
-14
-15
-13
-13
-13
-12
-15
-16
-15
-13
-13
-9
-9
-12
-11
-12
-8
-7
-9
-5
-6
-8
-15
-19
-15
-10
-10
-15
-9
-6
-6
-6
-7
-6
-2
-10
-11
-13
-12
-10
-11
-14
-12
-8
-9
-6
-8
-7
-7
-8
-8
-4
-7
-10
-12
-13
-9
-8
-8
-10
-9
-9
-10
-9
-11
-7
-9
-10
-8
-11
-4
-4
-7
-7
-7
-3
-3
-3
-2
-4
-4
-5
-3
-5
6
2
-2
-1
-8
-2
-7
-5
-10
-12
-12
-13
-10
-6
-10
-8
-6
-3
-8
-10
-5
-8
-8
-9
-8
-6
-9
-3
-1
-4
-2
-1
0
-1
-4
1
-3
-2
0
1
3
-1
3
1
3
4
1
0
-3
-2
-6
-8
-2
3
1
6
-1
-7
-8
0
2
0
-2
-2
2
0
0
2
-2
0
0
-2
1
-1
-2
-4
-4
-3
-4
-3
-6
-3
0
-2
-2
-5
-1
-2
-3
-4
-3
-3
-6
-4
-6
-5
-7
-3
-1
-1
-4
-4
-3
-4
-6
-7
-4
-10
-8
-11
-13
-5
-4
-3
-7
-5
-6
-9
-7
-6
-8
-7
-6
-9
-8
-6
-7
-9
-8
-7
-3
-2
-5
-5
-4
-5
-5
-8
-5
-6
-4
-5
-5
-5
-4
-4
-6
-8
-13
-9
-7
-12
-15
-14
-11
-7
-10
-9
-15
-13
-19
-16
-9
-10
-7
-7
-4
-4
-5
-3
-2
0
-3
-5
-1
-5
-6
-8
-6
-6
-5
-6
-6
-7
-6
-9
-5
-7
-11
-10
-16
-11
-17
-16
-9
-12
-10
-10
-11
-11
-13
-11
-10
-15
-12
-14
-13
-16
-14
-9
-11
-7
-10
-4
-9
-24
-10
-9
-12
-13
-13
-13
-14
-13
-14
-12
-12
-12
-11
-10
-7
-9
-13
-9
-9
-10
-8
-9
-6
-8
-10
-11
-10
-7
-7
-6
-5
-3
-7
-10
-8
-7
-6
-7
-3
-6
-8
-6
-4
-7
-8
-1
-3
-1
-3
-1
0
4
1
1
2
-7
-5
-8
-4
-5
-2
0
1
2
2
1
2
-3
-2
1
0
1
-1
-3
-4
-2
-4
-3
-4
-5
-3
-3
-1
-3
-2
-1
-3
0
-2
-3
0
2
2
3
1
3
5
4
7
4
4
7
9
11
16
9
7
13
2
3
6
4
5
2
1
4
5
2
3
5
4
8
7
4
6
4
7
5
4
7
4
5
8
6
10
11
12
12
5
7
6
4
5
7
7
8
7
8
7
8
7
3
4
1
-3
1
2
3
14
7
0
-3
3
7
7
7
5
3
4
6
1
5
6
4
6
4
6
3
-3
-2
-1
3
2
3
4
4
3
3
4
1
0
0
1
0
-3
-1
-3
-4
-2
-3
-3
-6
-4
-5
0
1
1
-3
-8
-5
-4
-2
-9
-7
-10
-3
-5
-6
-5
-6
-7
-5
-9
-10
-6
-6
-9
-7
-5
-7
-7
-9
-6
-6
-6
-7
-7
-5
-4
-4
-5
-6
-10
-6
-9
-9
-9
-9
-7
-8
-13
-14
-9
-11
-10
-11
-17
-11
-12
-12
-16
-20
-13
-13
-15
-13
-12
-17
-12
-14
-12
-10
-8
-7
-9
-8
-10
-12
-10
-10
-13
-12
-13
-11
-9
-11
-9
-13
-11
-10
-12
-12
-18
-18
-20
-21
-21
-21
-19
-19
-18
-17
-19
-16
-19
-20
-18
-23
-20
-17
-20
-19
-21
-15
-17
-19
-17
-16
-18
-25
-17
-11
-18
-23
-21
-24
-22
-23
-20
-18
-19
-21
-23
-20
-18
-19
-21
-19
-17
-17
-15
-20
-18
-18
-16
-18
-19
-16
-17
-17
-15
-16
-14
-18
-17
-14
-14
-15
-17
-14
-15
-16
-19
-18
-18
-17
-12
-12
-14
-13
-8
-9
-11
-10
-7
-12
-16
-17
-19
-14
-11
-14
-14
-13
-13
-11
-11
-11
-11
-10
-9
-10
-10
-12
-14
-14
-14
-15
-16
-11
-11
-11
-9
-10
-10
-13
-10
-12
-9
-8
-7
-7
-7
-7
-6
-4
0
-2
-3
-1
-1
1
0
0
6
-1
1
6
1
-5
-5
-3
-8
-6
-6
-5
-1
-5
-7
-8
-7
-5
-3
-3
-2
-2
-5
-1
-1
-3
-2
-3
0
3
1
5
5
2
3
-1
1
3
5
5
4
7
6
6
9
7
4
3
6
2
-6
-6
-4
3
5
6
3
-2
-2
3
5
2
2
2
2
2
1
1
2
2
0
2
0
0
-2
-3
-2
-3
-1
1
-1
0
1
3
2
1
0
-1
1
2
1
0
0
-1
-3
-2
-4
2
3
0
-2
-3
1
0
-2
-1
-3
-7
-11
-6
-5
-4
1
-2
-1
-2
-2
0
-4
-1
-1
-2
0
-3
0
1
1
2
-1
1
1
3
3
3
5
4
3
3
1
0
-1
2
2
3
6
4
1
-4
0
0
-2
-5
-8
-4
-1
-2
-3
-6
-5
-8
-17
-3
-2
-7
-5
-7
-5
-2
-1
-2
0
0
-3
1
2
-4
-5
-4
-4
-4
-1
-3
-2
-2
-4
-1
-1
-6
-4
-7
-5
-7
-10
-5
-6
-2
-3
-1
-5
-6
-8
-8
-12
-6
-9
-8
-5
-9
-2
-5
-1
-3
-3
4
-8
-9
-1
-6
-4
-6
-7
-7
-6
-5
-4
-3
-3
-3
-2
-2
-2
-5
-3
0
0
3
0
-2
0
2
-2
0
-2
-1
1
0
4
3
-1
0
3
4
7
3
3
3
8
5
-1
-3
0
5
4
3
6
5
10
12
7
11
12
10
7
4
6
10
10
6
7
10
10
9
9
9
9
10
13
10
11
14
10
11
9
11
10
11
12
10
10
10
9
11
12
14
11
13
14
15
15
14
18
17
16
15
12
13
16
17
17
18
23
14
10
16
18
17
13
10
6
9
11
10
15
11
10
10
10
11
10
13
12
11
14
13
9
13
12
15
14
17
19
19
27
19
17
18
17
20
16
20
22
21
21
18
22
19
17
19
14
14
11
14
15
13
22
17
11
13
14
17
17
16
15
13
14
15
15
14
14
11
9
12
16
14
11
9
9
12
12
13
13
13
13
13
10
11
9
7
8
10
9
5
4
9
5
5
8
7
9
5
7
6
8
6
3
4
7
2
1
-2
-1
3
5
6
5
5
4
3
3
1
5
3
3
2
2
6
3
1
5
6
5
5
3
3
3
5
7
7
7
6
5
6
9
7
6
5
0
0
-5
0
-2
-4
-5
-4
-1
-5
-3
-5
-12
-9
-13
-4
-1
-8
-4
-2
2
3
4
3
0
0
-1
1
6
0
-3
0
1
1
-3
0
-1
0
1
-2
0
-7
-2
-3
-6
-4
-5
-3
-2
2
2
-2
1
1
-4
-5
-3
-2
-1
-1
1
-3
1
6
1
3
3
9
4
-6
8
7
-2
-2
3
-1
0
2
0
2
4
4
1
1
2
3
6
5
7
7
4
2
3
4
1
3
2
1
3
3
4
5
3
3
5
4
5
3
3
0
-1
-1
-1
5
4
-1
0
1
3
5
5
6
5
11
9
2
3
3
1
3
5
6
5
6
11
9
9
8
7
8
8
9
5
5
5
1
3
2
6
3
3
5
2
6
3
5
2
1
0
4
9
8
6
6
7
12
11
11
14
10
8
9
14
10
14
12
12
19
12
8
5
1
0
4
4
2
6
7
3
7
4
6
6
4
8
6
8
9
10
11
8
11
13
14
17
14
17
15
9
11
8
10
8
10
11
12
12
10
14
14
11
8
9
5
8
4
8
8
8
17
8
3
6
11
12
9
9
7
8
7
9
11
11
12
9
11
10
8
8
6
7
10
8
9
11
10
8
11
9
7
10
10
11
10
10
9
8
9
8
10
3
7
11
12
9
4
8
4
5
3
8
-1
-1
3
-1
4
4
4
2
-1
1
-1
0
-2
-4
-2
-7
-4
-3
-1
-4
-5
-2
-4
-2
-3
-4
-1
-1
-4
-5
-3
-5
-4
-3
-2
-5
-6
-4
-5
-10
-10
-10
-14
-11
-13
-13
-17
-12
-9
-16
-20
-15
-17
-19
-11
-17
-19
-15
-14
-15
-9
-9
-9
-9
-10
-10
-8
-10
-10
-12
-15
-13
-11
-15
-13
-11
-13
-11
-13
-14
-14
-16
-15
-15
-17
-18
-17
-12
-15
-16
-11
-15
-13
-16
-16
-14
-15
-14
-10
-13
-14
-12
-6
-9
-11
-7
-6
-14
-15
-10
-13
-13
-12
-15
-15
-14
-15
-15
-14
-15
-16
-12
-15
-15
-14
-13
-10
-9
-11
-16
-17
-13
-15
-12
-14
-14
-12
-13
-14
-13
-10
-13
-13
-10
-10
-7
-9
-8
-8
-13
-18
-18
-10
-11
-11
-11
-11
-11
-7
-4
-5
-5
-7
-3
-11
-12
-12
-14
-7
-6
-4
-8
-10
-8
-9
-8
-7
-6
-8
-6
-5
-4
-6
-8
-6
-8
-7
-4
-6
-7
-5
-3
-3
-4
-3
-3
-4
-2
-4
4
3
-1
-1
2
6
3
1
3
7
6
3
3
7
11
7
3
9
6
-2
-6
-3
-1
-6
-5
2
0
-1
-2
-2
-2
0
1
1
-2
-1
-2
-1
1
-2
1
0
2
3
2
6
6
5
5
1
6
3
5
5
6
10
9
6
9
8
5
7
9
4
-3
-2
-2
6
10
8
1
1
3
4
7
5
3
2
6
8
6
5
6
6
8
9
8
6
6
8
7
9
6
8
8
7
10
7
9
4
3
4
5
8
4
5
5
4
2
2
2
3
5
6
8
1
1
1
-1
0
0
-6
-4
-9
-4
-4
-1
0
-2
-1
-5
-5
-7
-7
-5
-7
-7
-7
-6
-3
-7
-8
-5
-3
-3
-4
-5
-2
-3
-5
0
-4
-6
-7
-7
-6
-6
-2
-3
-6
-8
-10
-5
-9
-8
-8
-12
-7
-11
-7
-10
-10
-13
-15
-21
-12
-11
-7
-4
-5
-4
-2
-1
-2
2
-1
-2
-1
1
-1
-3
-4
-1
-3
-3
-2
0
0
1
-1
1
-3
0
-2
0
-3
-3
-1
2
4
1
2
2
1
2
-1
1
0
0
5
3
4
3
7
10
5
8
9
2
2
12
9
3
4
5
3
5
4
3
3
1
5
2
5
6
2
1
2
4
3
1
2
1
4
2
4
4
3
3
1
6
4
6
1
1
7
6
5
7
4
7
-1
0
2
0
0
2
2
8
5
9
6
6
13
5
5
4
3
2
3
2
4
7
7
8
9
6
6
8
4
8
6
6
5
6
7
6
6
4
7
8
6
8
9
8
6
7
7
9
14
13
13
8
14
15
15
15
15
13
10
13
14
16
21
22
14
16
11
9
11
7
6
6
4
4
7
9
5
7
8
5
10
4
6
4
4
6
6
11
5
8
9
10
13
12
14
13
11
15
11
10
10
9
13
12
14
16
13
14
15
12
12
8
8
6
9
7
9
20
11
8
8
11
13
11
11
11
16
13
13
13
9
12
10
13
16
13
11
10
11
8
10
11
8
8
9
11
12
13
10
7
8
11
7
10
6
6
8
6
6
6
8
9
14
7
8
7
2
2
2
1
-3
4
3
1
4
4
4
3
2
2
-1
2
-1
0
2
3
3
2
3
2
0
3
5
11
8
6
9
8
7
5
7
5
9
6
4
9
9
8
6
2
3
2
3
4
0
-2
-4
2
1
-2
-4
-3
-1
-5
-1
2
3
5
4
4
6
11
7
8
10
8
11
11
8
9
6
5
8
5
5
2
7
5
6
7
3
4
2
3
-1
-3
-1
0
-2
0
-1
2
-1
-5
-1
-5
-6
-3
0
-5
-7
-2
2
0
0
1
0
-9
-11
-1
1
-6
-8
-8
-7
-3
-6
-7
-4
-6
-5
-6
-8
-7
-6
-4
-2
-2
-5
-6
-7
-9
-6
-8
-7
-9
-7
-3
-6
-4
-3
-4
-4
-5
-1
2
-1
-1
-3
-6
-3
-1
-1
0
1
0
-2
0
4
5
6
1
8
10
-1
3
3
3
5
5
5
6
8
5
9
10
6
5
7
10
9
5
4
6
6
3
5
4
3
5
4
4
2
2
4
3
4
5
7
11
10
8
9
12
13
12
13
10
14
10
10
13
15
24
13
18
20
7
2
7
5
4
4
6
6
8
5
1
5
3
8
7
6
5
2
4
7
2
6
6
9
10
9
14
10
12
8
6
5
4
11
10
10
16
10
11
11
15
12
10
11
9
7
10
8
11
14
12
15
10
6
12
16
13
15
12
13
12
11
13
12
15
15
12
17
14
14
13
14
15
14
14
13
14
16
16
14
15
15
14
11
12
14
13
13
11
14
12
11
13
20
18
15
10
16
17
9
12
11
11
5
8
3
6
11
13
13
8
10
8
9
8
10
5
4
5
6
8
7
8
4
5
5
7
6
5
7
6
7
4
6
3
4
4
1
3
-1
0
-2
-4
1
1
-2
-3
-9
-5
-5
-5
-4
-7
-9
-10
-9
-15
-8
-11
-10
-1
-2
-5
-1
-4
-2
1
-5
-5
-3
-4
-7
-5
-4
-7
-3
-4
-4
-6
-6
-5
-8
-8
-8
-12
-10
-12
-13
-12
-10
-5
-6
-4
-7
-6
-3
-9
-10
-8
-8
-10
-8
-7
-8
-5
2
-1
-2
-1
-2
-12
-6
5
-2
-6
-5
-6
-6
0
-2
-2
-1
1
1
-1
0
5
4
3
5
9
8
4
4
7
6
6
7
6
6
8
9
10
11
11
11
9
14
14
13
13
15
13
8
9
5
12
13
15
14
15
18
18
21
22
19
17
14
11
12
12
14
12
12
12
13
15
14
13
10
10
10
11
12
11
10
6
8
7
7
7
7
4
7
7
8
4
5
5
7
5
4
9
7
7
8
9
11
10
11
11
6
7
9
10
13
17
10
11
12
6
4
4
2
2
0
3
4
5
3
3
2
2
6
5
7
4
10
6
4
3
7
9
10
14
10
12
14
16
13
11
9
11
8
13
12
9
15
10
13
12
13
11
14
14
6
7
6
3
14
23
16
8
11
15
14
16
17
17
17
17
18
15
16
17
16
17
18
19
14
13
15
14
18
11
10
11
11
14
11
11
10
10
11
11
11
11
10
9
8
7
7
8
5
6
7
8
5
2
6
-1
1
0
-5
-2
-3
-4
-2
3
3
1
0
-1
-5
-6
-3
-2
-6
-5
-5
-5
-5
-8
-9
-8
-4
-6
-8
-9
-9
-8
-8
-6
-10
-8
-7
-8
-8
-10
-10
-11
-13
-19
-17
-14
-14
-18
-17
-17
-15
-16
-21
-22
-22
-18
-25
-23
-18
-22
-19
-13
-12
-14
-13
-8
-13
-8
-11
-11
-8
-11
-14
-13
-15
-13
-9
-11
-11
-8
-10
-11
-10
-14
-9
-12
-13
-12
-18
-15
-12
-12
-7
-11
-9
-10
-14
-12
-15
-11
-14
-12
-7
-13
-13
-8
-7
-7
-12
-3
-7
-16
-15
-6
-8
-14
-14
-17
-15
-15
-15
-13
-12
-13
-12
-9
-12
-11
-10
-11
-9
-6
-4
-9
-8
-9
-10
-8
-9
-8
-8
-6
-7
-7
-6
-3
-5
-8
-7
-6
-5
-4
-3
-3
-5
-11
-10
-3
-3
-5
-2
-2
3
0
0
4
3
-1
2
-2
0
-3
-2
3
0
2
1
3
2
3
3
3
2
2
0
1
3
3
1
0
-5
-1
0
0
0
1
-1
-1
1
-3
-3
-1
1
1
0
3
3
3
5
7
4
4
7
2
4
6
12
14
7
14
9
8
6
3
-2
-3
-2
3
5
5
3
5
4
3
5
3
7
7
7
7
8
6
6
10
9
9
12
12
17
12
9
10
9
10
8
12
16
12
13
11
10
14
11
12
10
7
10
6
8
13
15
18
16
10
5
12
15
13
15
12
13
15
12
10
12
13
11
12
12
10
10
10
9
11
10
9
9
6
9
11
8
7
5
5
6
8
5
5
4
3
5
2
2
3
4
6
4
7
7
7
4
0
3
-4
-5
0
-2
-2
-4
-4
-4
-5
-4
-3
-5
-4
-7
-6
-7
-8
-7
-6
-5
-8
-5
-5
-3
-6
-6
-6
-6
-7
-8
-8
-5
-5
-8
-7
-6
-7
-6
-5
-5
-11
-11
-7
-8
-9
-12
-12
-9
-6
-13
-11
-13
-5
-10
-11
-1
-8
-14
-11
-8
-3
-1
-6
-1
-1
2
-6
-2
-4
-5
-5
-9
-4
-5
-4
-3
-7
-4
-8
-8
-6
-10
-12
-14
-13
-15
-14
-11
-13
-11
-11
-15
-11
-13
-13
-14
-15
-13
-17
-13
-19
-18
-11
-12
-9
-10
-7
-10
-22
-10
-8
-14
-12
-11
-12
-13
-13
-13
-11
-13
-12
-9
-12
-9
-10
-11
-10
-10
-7
-9
-13
-11
-12
-13
-11
-12
-10
-7
-9
-7
-5
-7
-10
-4
-5
-4
-2
-4
-1
0
-3
-10
-14
-12
-2
-6
-5
-3
-1
-2
0
0
-3
5
-4
-5
-7
-6
-3
0
-2
-2
-3
0
0
1
-1
-2
-2
-6
2
-3
-1
-3
-5
-3
-2
-1
-1
-2
-3
-4
-5
-2
-1
-2
-1
-2
2
2
1
0
3
7
11
9
9
11
5
9
9
14
11
17
17
8
16
20
12
9
8
5
4
7
5
9
11
7
9
7
8
8
7
3
6
5
9
7
6
11
12
14
9
12
15
15
17
12
10
11
7
10
9
10
12
15
17
17
20
13
9
10
8
7
7
7
6
17
17
2
3
9
11
16
14
10
6
9
12
10
10
12
11
10
10
8
8
5
6
6
5
7
8
10
9
10
10
11
9
7
6
4
7
7
7
6
3
9
6
0
3
3
6
9
3
2
1
0
-3
-3
-4
-1
-2
-4
0
3
-1
0
0
2
-2
-2
-1
-2
-1
0
1
0
1
0
-2
-1
3
3
1
0
2
4
0
3
-1
0
2
-1
0
-1
1
-3
0
0
-5
-4
-8
-4
-6
-14
-11
-3
-2
-3
-7
-11
-7
-10
-9
-4
-8
-5
0
4
4
7
1
1
3
1
2
5
8
4
6
4
6
9
7
8
7
8
7
6
6
4
6
3
0
-1
-4
0
4
3
9
4
2
5
1
2
3
5
7
8
6
6
13
17
16
17
23
23
16
19
28
23
22
23
16
19
17
14
12
4
5
-2
-7
-2
-3
-9
-14
-13
-11
-16
-20
-12
-5
1
-8
-9
-7
-11
-6
-5
5
3
7
-2
-1
-4
-7
-20
-7
12
38
53
41
8
-25
1
24
56
59
60
55
21
14
15
24
4
5
32
54
39
9
-11
-26
-20
3
41
40
34
1
-21
-13
-23
12
12
45
23
16
9
-5
22
2
35
75
100
88
69
66
83
92
155
176
189
193
190
207
189
236
217
239
223
214
223
207
193
164
164
141
147
113
99
51
37
0
-16
-10
-32
-37
-126
-133
-191
-196
-194
-162
-112
-108
-99
-135
-161
-203
-202
-113
-75
13
-38
-87
-157
-138
-141
-121
-27
-14
37
-38
-97
-143
-161
-180
-230
-172
-187
-178
-243
-269
-279
-341
-345
-353
-270
-231
-192
-220
-206
-164
-167
-90
-14
91
122
171
199
244
278
288
331
364
428
429
431
418
400
372
345
377
376
380
339
312
285
269
251
244
266
249
257
230
238
225
203
204
195
210
181
153
89
4
-61
-135
-177
-218
-207
-229
-218
-268
-299
-369
-355
-350
-301
-294
-398
-425
-466
-424
-428
-279
-287
-362
-391
-461
-419
-478
-438
-455
-381
-412
-447
-424
-458
-471
-503
-466
-440
-361
-370
-395
-451
-459
-436
-331
-143
3
12
-62
-18
34
104
186
305
395
406
409
401
414
365
359
376
432
484
466
402
314
274
264
302
374
444
456
409
412
456
465
479
525
587
651
683
681
647
607
572
564
612
628
602
495
372
260
164
89
57
35
-55
-97
-265
-321
-428
-496
-521
-510
-465
-587
-573
-725
-756
-814
-795
-729
-744
-696
-753
-747
-861
-904
-930
-888
-812
-824
-831
-860
-898
-923
-931
-939
-928
-831
-798
-592
-312
-154
-217
-285
-114
82
275
397
619
688
572
490
552
653
594
514
507
538
418
247
116
-1
-122
-210
-191
-149
-166
-331
-451
-460
-403
-309
-197
-55
15
53
93
198
342
481
649
815
960
1062
1105
1248
1452
1481
1370
1268
1287
1322
1328
1246
1143
1009
789
625
571
515
390
253
147
66
-33
-158
-287
-347
-321
-300
-300
-303
-376
-470
-580
-485
-462
-470
-504
-553
-534
-651
-585
-680
-765
-939
-1031
-966
-1007
-1023
-1265
-1371
-1441
-1458
-1414
-1435
-1477
-1608
-1578
-1630
-1511
-1468
-987
-357
71
64
-177
13
233
585
796
1283
1594
1400
1123
1023
1159
992
846
823
951
789
381
70
-209
-478
-765
-701
-536
-472
-724
-1004
-1099
-1120
-1004
-827
-517
-277
-144
-103
4
156
283
455
690
1015
1240
1296
1205
1136
1112
1137
1303
1475
1591
1511
1398
1219
1016
837
743
838
888
874
680
479
232
54
16
113
236
321
293
164
53
8
24
102
313
448
486
406
352
164
127
117
217
266
152
-2
-335
-482
-796
-768
-878
-951
-1037
-1356
-1562
-1818
-1835
-2007
-1920
-1854
-1842
-1861
-2040
-2089
-2076
-2024
-1939
-1701
-1540
-1471
-1421
-816
-37
447
352
146
425
803
1230
1392
1785
1927
1562
1215
1269
1514
1233
863
698
734
512
45
-261
-534
-848
-1157
-1085
-864
-868
-1209
-1500
-1451
-1269
-1046
-805
-517
-309
-184
-68
195
491
650
788
1001
1344
1550
1617
1479
1394
1353
1352
1411
1499
1596
1519
1450
1208
1034
737
621
623
756
791
618
438
150
6
-52
117
287
408
414
303
251
244
319
390
571
758
825
786
701
569
436
436
479
545
467
227
-103
-335
-553
-663
-768
-922
-1088
-1358
-1683
-2056
-2291
-2383
-2464
-2247
-2288
-2383
-2626
-2865
-2866
-2823
-2491
-2309
-1988
-1857
-1766
-1443
-1053
-305
261
675
715
856
1232
1586
1859
1940
2163
2121
1962
1801
1754
1572
1154
790
594
517
171
-279
-680
-996
-1310
-1497
-1462
-1419
-1511
-1742
-1739
-1579
-1350
-1166
-939
-615
-338
-37
223
546
761
918
1137
1407
1703
1845
1843
1744
1710
1701
1678
1623
1492
1312
1014
945
969
904
810
675
520
254
176
158
273
344
276
245
254
249
219
323
442
601
766
885
903
882
903
870
949
1116
1196
1104
978
851
681
501
419
267
160
-36
-300
-607
-995
-1306
-1565
-1569
-1731
-1936
-2307
-2472
-2580
-2613
-2683
-2680
-2516
-2633
-2700
-2825
-2572
-2395
-2258
-2141
-2048
-1698
-1561
-1117
-651
201
732
797
682
714
1268
1624
1948
2071
2285
2127
1668
1446
1445
1437
1025
760
670
535
15
-613
-927
-1123
-1281
-1430
-1274
-1223
-1441
-1815
-1858
-1562
-1287
-1003
-733
-366
-165
-36
140
437
757
969
1268
1566
1826
1827
1679
1571
1584
1668
1751
1826
1783
1558
1296
1149
1092
1091
940
752
652
585
498
336
224
65
57
122
235
393
411
353
298
435
623
791
918
981
1033
1039
1077
1105
1085
1023
984
945
870
732
490
228
-36
-251
-549
-712
-977
-1222
-1525
-1751
-1970
-2294
-2484
-2777
-2669
-2581
-2579
-2726
-2920
-2960
-3002
-2830
-2683
-2470
-2420
-2352
-2186
-1999
-1771
-1501
-943
-14
800
900
624
590
939
1445
1919
2294
2556
2396
1844
1504
1524
1522
1269
999
950
791
273
-396
-835
-1148
-1392
-1411
-1249
-1131
-1400
-1895
-2125
-1952
-1626
-1260
-869
-545
-360
-276
-139
149
489
785
1120
1499
1796
1892
1768
1628
1615
1724
1885
1987
1920
1671
1264
916
1026
1499
1619
1221
707
351
304
384
496
548
495
277
89
164
228
182
185
372
682
904
945
798
670
736
924
1197
1421
1456
1149
815
713
668
624
449
263
-35
-235
-549
-879
-1197
-1573
-1768
-1935
-1917
-2177
-2311
-2714
-2958
-2956
-2932
-2613
-2730
-2720
-2946
-2922
-2806
-2695
-2375
-2386
-2107
-2047
-1866
-1531
-788
325
800
699
254
596
1248
1779
2047
2313
2583
2221
1782
1678
1935
1699
1217
1071
1178
990
209
-430
-798
-997
-1278
-1250
-1029
-1175
-1690
-2210
-2104
-1795
-1517
-1313
-1012
-706
-599
-451
-239
126
403
698
1126
1561
1811
1752
1632
1607
1785
1967
2120
2150
2000
1658
1492
1476
1497
1666
1501
1249
902
697
520
487
527
357
387
292
200
117
91
72
139
449
652
766
763
754
714
822
1093
1287
1339
1359
1232
1041
969
857
725
550
416
135
-91
-349
-652
-998
-1293
-1523
-1743
-1904
-2141
-2311
-2680
-2719
-2901
-2887
-2748
-2839
-2943
-3040
-2860
-2907
-2662
-2529
-2481
-2327
-2247
-2151
-1952
-1608
-913
231
957
768
212
299
1030
1681
2012
2413
2757
2323
1693
1592
1856
1853
1365
1200
1348
1200
360
-390
-698
-976
-1164
-1160
-874
-949
-1635
-2276
-2284
-1903
-1594
-1323
-1025
-759
-702
-691
-454
-51
240
578
1032
1475
1758
1700
1516
1505
1748
2039
2237
2285
2148
1828
1475
1445
1671
1950
1774
1418
1012
745
616
537
600
500
469
304
191
114
-11
-78
24
400
663
785
710
584
579
718
1042
1315
1480
1368
1217
1039
963
869
755
685
512
427
96
-185
-613
-952
-1148
-1385
-1397
-1684
-1986
-2396
-2629
-2702
-2784
-2749
-2773
-2773
-2919
-2959
-3056
-3030
-2891
-2645
-2432
-2367
-2298
-2345
-2194
-2083
-1916
-834
532
1206
639
-130
107
979
1782
2005
2574
2872
2299
1532
1506
2064
1882
1297
1259
1660
1406
338
-475
-763
-905
-1106
-999
-584
-777
-1752
-2488
-2343
-1820
-1519
-1348
-1026
-796
-808
-875
-629
-208
90
470
963
1516
1710
1478
1256
1350
1742
2122
2335
2419
2290
1879
1430
1595
2161
2222
1864
1375
1159
997
820
685
640
637
391
263
272
174
-76
-228
-2
391
669
671
485
447
531
714
979
1316
1404
1165
1038
1056
1010
853
695
604
547
421
101
-235
-524
-896
-1186
-1269
-1364
-1588
-1958
-2276
-2573
-2587
-2691
-2839
-2790
-2909
-2950
-2979
-2886
-2913
-2948
-2781
-2728
-2408
-2332
-2275
-2280
-2130
-2014
-1135
353
1108
748
-255
-18
894
1802
2044
2394
2806
2289
1659
1549
2165
2108
1423
1288
1634
1632
597
-260
-628
-744
-887
-880
-511
-730
-1631
-2479
-2355
-1805
-1481
-1393
-1063
-770
-924
-1144
-1001
-399
4
392
814
1330
1527
1173
996
1215
1756
2118
2297
2374
2199
1921
1554
1723
2343
2444
2070
1558
1383
1185
1000
859
791
883
634
366
261
164
-109
-248
31
435
615
534
334
268
391
610
903
1198
1342
1121
905
935
913
783
726
708
728
524
151
-303
-566
-798
-933
-874
-1022
-1371
-2012
-2412
-2596
-2519
-2433
-2443
-2482
-2749
-3038
-3205
-3068
-2932
-2810
-2730
-2587
-2413
-2441
-2441
-2491
-2275
-2153
-1704
-155
899
1006
-179
-516
248
1308
2012
2201
2814
2499
1719
1312
1770
2228
1731
1448
1621
1832
1080
-13
-516
-678
-679
-693
-426
-440
-1212
-2279
-2577
-2087
-1560
-1344
-1283
-1150
-1192
-1220
-1184
-810
-371
-31
454
878
1281
1196
933
940
1367
1983
2305
2429
2276
1990
1799
1886
2287
2465
2335
1954
1677
1508
1267
1046
904
891
783
669
476
176
-115
-267
-170
180
468
441
246
150
211
342
632
931
1082
1062
977
920
848
798
703
729
810
786
501
-4
-387
-639
-668
-760
-814
-1112
-1494
-2012
-2369
-2399
-2433
-2446
-2625
-2698
-2888
-3057
-3092
-3128
-2917
-2906
-2833
-2809
-2650
-2514
-2542
-2500
-2370
-2162
-1353
49
828
521
-360
-261
607
1619
2055
2375
2748
2279
1664
1602
2135
2227
1709
1589
1796
1747
844
-37
-372
-542
-566
-568
-388
-684
-1601
-2392
-2392
-1894
-1584
-1468
-1421
-1372
-1372
-1344
-1180
-782
-418
-39
427
850
1135
1019
898
1054
1613
2142
2405
2416
2229
1984
1952
2141
2507
2661
2392
2025
1682
1541
1286
1178
1075
976
857
592
326
18
-178
-242
-82
245
352
242
62
-4
132
365
727
947
1047
997
913
898
887
903
879
921
928
811
529
97
-216
-409
-376
-542
-734
-1144
-1591
-2017
-2244
-2257
-2446
-2444
-2684
-2785
-2902
-3163
-3211
-3232
-2991
-2986
-2843
-2745
-2817
-2675
-2733
-2508
-2252
-2056
-1059
146
819
259
-389
-45
901
1844
2086
2572
2826
2245
1661
1758
2336
2317
1866
1787
1971
1678
670
-53
-245
-381
-442
-480
-428
-858
-1835
-2458
-2320
-1843
-1600
-1541
-1492
-1498
-1500
-1510
-1276
-791
-420
18
429
800
992
896
871
1173
1787
2265
2467
2426
2200
2036
2096
2248
2462
2509
2422
2155
1810
1491
1145
1053
1004
967
873
637
242
-166
-299
-269
-84
184
242
117
-7
-14
79
322
665
893
1013
1072
1051
960
913
962
1030
1090
1105
934
659
305
16
-159
-213
-409
-704
-963
-1301
-1624
-1995
-2279
-2399
-2464
-2507
-2675
-2839
-3048
-3234
-3245
-3150
-2918
-2862
-2868
-2782
-2772
-2657
-2520
-2348
-2144
-1944
-834
307
849
218
-385
148
1059
1921
2160
2615
2694
2055
1610
1833
2409
2205
1785
1761
1877
1507
529
-59
-261
-369
-465
-425
-436
-1012
-1929
-2433
-2191
-1741
-1514
-1517
-1506
-1551
-1551
-1457
-1202
-733
-388
33
429
795
934
823
861
1201
1856
2285
2436
2354
2130
1926
1985
2338
2525
2453
2239
2060
1842
1528
1188
985
1028
1002
861
650
274
-153
-370
-264
-10
238
242
43
-78
-2
172
360
664
883
984
1016
1048
1016
906
939
982
1091
1097
903
550
217
10
-168
-245
-375
-591
-955
-1349
-1706
-1948
-2085
-2357
-2543
-2568
-2659
-2795
-3012
-3240
-3284
-3200
-2992
-2941
-2823
-2868
-2943
-2738
-2657
-2309
-2286
-1385
-109
628
377
-400
-32
714
1692
2071
2498
2910
2390
1836
1822
2419
2476
2075
1992
2073
1890
965
231
-24
-151
-276
-338
-322
-744
-1609
-2357
-2291
-1913
-1636
-1589
-1609
-1645
-1728
-1666
-1545
-1055
-649
-235
190
518
758
689
735
1013
1648
2170
2383
2422
2250
2058
1912
2035
2472
2668
2410
2037
1817
1628
1368
1152
1020
1035
961
661
371
112
-189
-301
-154
144
261
139
-70
-141
37
264
548
791
961
976
909
953
1043
1097
1119
1175
1150
1047
760
477
225
92
17
-200
-351
-776
-1111
-1545
-1731
-1850
-2063
-2262
-2452
-2537
-2786
-2921
-3095
-3117
-3061
-3014
-2976
-2863
-2848
-2932
-2871
-2627
-2435
-2219
-2047
-1080
75
561
81
-383
178
1042
1860
2091
2538
2678
2131
1760
2002
2538
2382
2007
1909
2005
1652
758
208
33
-77
-234
-309
-430
-969
-1814
-2300
-2076
-1689
-1564
-1627
-1685
-1730
-1719
-1628
-1377
-926
-576
-207
158
471
640
604
719
1109
1749
2138
2239
2174
2042
1963
1930
2078
2296
2459
2291
1955
1706
1485
1318
1126
1053
1010
891
649
289
31
-133
-161
-56
150
236
98
-36
-47
77
320
599
784
907
967
948
949
1008
1105
1144
1206
1162
1010
736
502
342
209
104
-148
-420
-793
-1092
-1381
-1557
-1757
-1938
-2143
-2379
-2504
-2746
-2872
-3030
-3003
-2968
-2915
-2886
-2938
-2919
-2892
-2787
-2546
-2416
-2194
-2113
-1459
-272
432
337
-327
-41
765
1671
2035
2219
2562
2255
1836
1867
2412
2497
2014
1796
1897
1814
1089
361
103
-16
-149
-280
-382
-758
-1518
-2142
-2106
-1703
-1520
-1618
-1721
-1742
-1726
-1607
-1432
-1060
-701
-379
2
313
572
584
656
954
1536
2036
2162
2126
2020
1995
1980
2049
2289
2457
2317
1997
1726
1492
1283
1156
1078
1097
1017
680
270
-14
-129
-142
-1
174
212
72
-130
-159
7
258
507
709
868
913
856
839
937
1060
1196
1275
1256
1086
823
543
412
416
315
143
-230
-593
-994
-1231
-1359
-1539
-1795
-2149
-2250
-2382
-2521
-2665
-2937
-2996
-2996
-2850
-2795
-2826
-2893
-2975
-2722
-2540
-2254
-2143
-2066
-2054
-1381
-108
598
492
-196
46
819
1653
2005
2216
2507
2166
1813
1862
2371
2337
1801
1656
1800
1759
1020
342
1
-154
-235
-330
-331
-767
-1515
-2112
-2034
-1630
-1473
-1547
-1660
-1633
-1613
-1470
-1288
-962
-648
-324
69
402
660
631
678
965
1526
2002
2122
2094
1964
1933
1942
2074
2296
2400
2298
2007
1742
1520
1287
1126
1092
1081
953
664
279
-54
-188
-170
-58
138
174
2
-170
-179
-23
194
484
692
797
836
784
782
840
975
1088
1153
1151
969
690
436
296
246
165
15
-231
-615
-984
-1361
-1492
-1691
-1805
-1996
-2218
-2366
-2702
-2796
-3043
-2891
-2987
-2916
-2881
-2924
-2832
-2900
-2761
-2690
-2461
-2197
-2161
-1304
-184
413
70
-498
3
824
1705
1933
2256
2539
2152
1763
1887
2492
2456
2014
1905
2068
1807
964
352
213
123
-17
-146
-310
-788
-1631
-2119
-1974
-1593
-1501
-1657
-1735
-1814
-1811
-1725
-1514
-1107
-766
-417
-98
174
367
364
535
923
1538
1936
2010
1948
1866
1894
1947
2129
2392
2446
2270
2045
1768
1518
1253
1198
1214
1220
991
542
194
-109
-185
-137
19
101
9
-153
-322
-270
-83
126
375
573
704
671
634
699
808
988
1143
1223
1182
997
753
515
495
479
377
172
-140
-476
-835
-1203
-1414
-1481
-1709
-1839
-2025
-2297
-2627
-2919
-2933
-2986
-2790
-2921
-3026
-2999
-3160
-2969
-2944
-2634
-2630
-2379
-2283
-1462
-163
259
-55
-664
-17
930
1737
1989
2258
2573
2093
1849
2139
2693
2593
2093
2052
2201
1986
1057
511
349
253
95
-77
-218
-873
-1646
-2166
-1884
-1561
-1585
-1748
-1938
-1943
-1949
-1777
-1608
-1225
-901
-580
-209
52
269
283
468
899
1559
1955
1980
1929
1842
1906
2009
2247
2462
2392
2204
2054
1968
1636
1319
1144
1166
1219
991
624
225
-53
-255
-175
10
41
-80
-286
-356
-260
-60
88
254
461
620
659
672
763
845
967
1137
1323
1287
1128
885
696
707
715
626
358
90
-275
-574
-784
-1026
-1197
-1491
-1810
-2056
-2212
-2402
-2642
-2753
-2890
-2939
-2903
-2982
-3042
-3092
-3087
-2962
-2723
-2568
-2527
-2433
-2186
-1031
7
346
-232
-447
259
1149
1841
2016
2484
2506
2043
1899
2339
2729
2381
2061
2103
2227
1742
891
471
296
166
-10
-77
-354
-1059
-1835
-2126
-1794
-1574
-1641
-1823
-1915
-1963
-1909
-1779
-1541
-1168
-866
-478
-152
129
225
281
526
1018
1667
1932
1953
1875
1838
1879
1988
2202
2338
2248
1944
1845
1856
1659
1280
999
951
984
905
566
211
-63
-257
-267
-96
32
-99
-286
-341
-188
-10
137
278
415
604
704
774
852
936
981
1089
1298
1350
1221
991
800
770
788
739
548
259
-112
-482
-650
-831
-954
-1217
-1547
-1824
-2135
-2378
-2562
-2565
-2639
-2722
-2846
-2985
-3051
-3016
-2974
-2900
-2746
-2626
-2545
-2416
-2339
-1899
-723
149
278
-283
-231
474
1260
1768
2042
2513
2389
1974
1909
2332
2552
2190
2007
2138
2099
1449
710
400
232
100
-35
-138
-505
-1226
-1885
-2027
-1732
-1593
-1654
-1784
-1852
-1898
-1863
-1737
-1443
-1070
-729
-367
-101
129
194
297
605
1162
1709
1876
1878
1804
1787
1825
1961
2191
2274
2150
1947
1852
1677
1368
1084
1001
1069
1043
789
379
43
-194
-246
-98
43
26
-167
-331
-330
-162
16
154
331
491
617
644
697
758
848
1009
1181
1318
1230
1055
802
763
800
825
738
451
144
-194
-422
-683
-825
-1030
-1249
-1488
-1787
-2154
-2424
-2507
-2596
-2607
-2655
-2775
-2905
-3038
-3098
-3038
-2772
-2616
-2518
-2478
-2409
-2234
-1339
-225
225
-55
-407
121
930
1601
1873
2192
2438
2142
1963
2198
2581
2390
2039
2095
2217
1897
1111
607
395
283
139
-9
-238
-843
-1531
-1904
-1727
-1517
-1578
-1754
-1862
-1876
-1854
-1743
-1577
-1271
-955
-599
-283
-30
128
177
406
855
1446
1765
1799
1753
1742
1822
1929
2103
2277
2220
1950
1724
1654
1647
1403
1150
966
906
804
549
266
10
-125
-183
-125
-42
-108
-295
-365
-237
-43
114
229
310
419
553
655
728
838
926
1002
1113
1198
1123
943
844
836
846
767
644
375
111
-146
-348
-445
-666
-986
-1358
-1557
-1691
-1948
-2119
-2345
-2429
-2479
-2589
-2692
-2817
-2809
-2849
-2763
-2551
-2475
-2420
-2459
-2314
-2127
-1647
-515
222
287
-332
-291
483
1289
1789
1927
2324
2237
1840
1755
2168
2409
2063
1923
2033
1974
1320
580
310
282
224
64
-94
-518
-1211
-1786
-1815
-1499
-1375
-1512
-1676
-1730
-1785
-1716
-1601
-1328
-961
-630
-316
-127
45
75
230
596
1144
1622
1710
1632
1557
1615
1717
1867
2027
2070
1988
1944
1757
1489
1160
992
1033
1094
1089
743
328
-47
-239
-149
35
125
-9
-183
-309
-335
-179
-31
124
324
498
555
517
533
544
653
893
1142
1156
998
797
597
608
703
779
636
433
178
-130
-366
-566
-686
-784
-945
-1167
-1499
-1872
-2131
-2282
-2260
-2263
-2249
-2452
-2656
-2816
-2834
-2735
-2598
-2450
-2426
-2321
-2259
-2132
-1519
-499
83
-71
-448
-66
705
1316
1558
1831
2216
2064
1801
1928
2346
2318
1957
1932
2094
1910
1236
688
528
439
264
64
-112
-542
-1183
-1592
-1535
-1329
-1413
-1598
-1689
-1687
-1685
-1643
-1515
-1282
-995
-702
-431
-194
-17
61
242
612
1128
1463
1516
1515
1554
1661
1746
1923
2140
2171
2111
1839
1628
1470
1345
1301
1267
1253
927
544
216
35
13
30
43
-5
-98
-311
-413
-335
-164
-14
135
303
355
335
326
426
596
811
961
967
906
833
724
668
783
825
737
558
339
107
-123
-275
-448
-519
-709
-1005
-1292
-1542
-1786
-2011
-2002
-2085
-2119
-2301
-2448
-2577
-2619
-2567
-2549
-2386
-2336
-2205
-2195
-2130
-2014
-1191
-144
207
-84
-461
98
788
1350
1630
1990
2237
1836
1663
1932
2345
2157
1837
1942
2056
1738
996
622
478
382
218
118
-41
-634
-1267
-1612
-1405
-1233
-1316
-1465
-1558
-1592
-1642
-1558
-1406
-1126
-873
-575
-323
-111
3
23
254
667
1202
1460
1484
1463
1460
1550
1648
1870
2037
1997
1952
1851
1629
1343
1135
1142
1204
1216
934
512
208
-49
-104
9
102
30
-136
-285
-375
-309
-178
-60
110
299
379
335
347
419
515
669
902
985
901
768
622
589
656
735
630
532
376
90
-148
-356
-414
-576
-669
-848
-1146
-1476
-1830
-1951
-2041
-2044
-2045
-2168
-2347
-2564
-2682
-2655
-2524
-2390
-2303
-2247
-2259
-2272
-2014
-1136
-296
-2
-304
-439
89
738
1233
1481
1874
2021
1783
1685
1973
2211
2000
1849
1946
2021
1633
1030
652
506
428
248
140
-118
-656
-1232
-1478
-1318
-1246
-1364
-1508
-1576
-1627
-1652
-1592
-1456
-1217
-937
-658
-422
-219
-144
-54
194
632
1101
1324
1382
1381
1422
1518
1653
1896
1991
1952
1907
1788
1646
1366
1203
1158
1234
1192
860
505
180
2
-51
24
68
-31
-205
-365
-385
-310
-195
-95
62
223
273
275
274
363
478
678
859
928
863
730
636
629
740
781
732
551
338
99
-71
-158
-259
-422
-671
-892
-1118
-1298
-1558
-1742
-1875
-1957
-1945
-2012
-2123
-2339
-2460
-2476
-2349
-2153
-2060
-2024
-2080
-2076
-1997
-1704
-1157
-343
157
78
-214
-98
520
1079
1458
1710
1949
1874
1577
1574
1817
1930
1783
1762
1805
1598
1045
514
348
328
286
144
-45
-439
-990
-1360
-1383
-1174
-1123
-1208
-1306
-1382
-1451
-1455
-1324
-1068
-747
-477
-273
-144
-58
14
192
560
988
1312
1360
1326
1311
1408
1572
1679
1748
1764
1927
1809
1557
1239
1072
1086
1131
1152
901
623
242
11
1
80
91
2
-67
-207
-257
-262
-184
-76
89
273
304
332
322
311
366
581
809
864
822
690
588
536
620
674
680
543
325
141
-50
-151
-315
-449
-618
-758
-949
-1239
-1444
-1741
-1817
-1818
-1828
-1906
-2086
-2203
-2393
-2331
-2289
-2152
-2046
-2061
-2051
-2000
-1896
-1791
-1329
-609
-70
32
-177
-128
300
821
1216
1555
1813
1774
1559
1498
1717
1854
1762
1697
1738
1590
1163
724
469
380
295
189
22
-271
-762
-1187
-1301
-1190
-1088
-1140
-1244
-1354
-1420
-1437
-1334
-1101
-852
-602
-403
-251
-125
-46
100
381
781
1110
1258
1248
1241
1292
1391
1553
1713
1722
1675
1697
1654
1444
1149
1013
1025
1095
1001
749
455
181
21
18
109
112
-13
-151
-232
-216
-174
-120
-30
110
266
323
331
344
386
457
617
806
846
752
653
574
588
631
583
494
420
303
77
-87
-250
-380
-494
-668
-839
-1058
-1302
-1614
-1667
-1734
-1758
-1906
-2072
-2174
-2249
-2183
-2221
-2165
-2174
-2144
-2070
-2015
-1889
-1825
-1602
-1137
-378
44
-26
-237
-97
510
1079
1466
1650
1793
1666
1449
1572
1865
1985
1773
1668
1653
1487
1039
623
475
406
328
160
-51
-450
-935
-1263
-1230
-1015
-1009
-1163
-1352
-1435
-1444
-1365
-1185
-963
-724
-549
-377
-227
-101
13
216
552
941
1204
1245
1207
1210
1316
1485
1688
1780
1757
1646
1635
1516
1294
1144
1096
1163
1082
897
560
297
139
47
130
164
77
-118
-236
-269
-206
-88
-15
85
199
282
263
314
390
478
600
752
864
791
672
569
565
617
713
672
518
314
83
-34
-46
-77
-281
-557
-752
-919
-1071
-1259
-1460
-1592
-1733
-1783
-1910
-1968
-2083
-2259
-2276
-2243
-2094
-2094
-2098
-2151
-2133
-1970
-1824
-1470
-759
-84
-40
-344
-373
163
820
1263
1534
1749
1807
1527
1438
1725
2012
1944
1763
1800
1732
1302
768
558
550
493
334
129
-200
-706
-1147
-1288
-1095
-986
-1102
-1280
-1423
-1479
-1504
-1384
-1158
-890
-666
-519
-375
-256
-146
16
323
737
1092
1208
1178
1170
1263
1402
1591
1760
1818
1673
1598
1650
1530
1285
1044
1069
1120
1081
804
427
201
48
25
113
156
-27
-224
-313
-282
-162
-58
-14
33
179
258
260
295
367
457
577
785
846
696
558
494
563
693
767
614
361
179
36
-48
-76
-272
-506
-710
-852
-987
-1283
-1506
-1680
-1638
-1662
-1738
-1942
-2165
-2264
-2221
-2114
-2037
-1983
-2087
-2081
-2015
-1904
-1747
-1596
-1161
-455
71
19
-299
-162
368
968
1375
1624
1789
1615
1326
1390
1762
1936
1774
1615
1599
1425
988
579
439
416
293
166
-15
-394
-898
-1273
-1271
-1050
-958
-1075
-1270
-1404
-1462
-1398
-1200
-946
-706
-526
-416
-273
-143
-26
160
472
873
1140
1208
1154
1159
1233
1391
1606
1748
1703
1690
1633
1428
1219
1069
1105
1147
1131
884
558
297
66
32
124
186
80
-59
-204
-296
-251
-121
-20
88
224
239
192
202
287
376
525
729
780
685
580
507
475
563
644
595
498
304
92
-121
-224
-291
-419
-524
-722
-944
-1200
-1468
-1614
-1714
-1681
-1664
-1790
-1952
-2175
-2230
-2215
-2096
-1977
-1953
-1954
-1970
-1928
-1815
-1603
-1068
-323
62
-39
-289
-71
481
971
1334
1604
1804
1642
1395
1482
1762
1838
1702
1663
1690
1445
942
561
430
403
298
173
-23
-441
-919
-1250
-1220
-1048
-1019
-1104
-1240
-1329
-1396
-1363
-1198
-952
-682
-474
-324
-195
-102
-1
199
538
937
1180
1225
1194
1207
1275
1445
1622
1714
1655
1683
1682
1491
1248
1028
1041
1099
1106
911
606
313
50
-2
123
190
94
-45
-191
-227
-185
-96
-19
85
247
263
267
284
316
380
506
732
777
724
622
491
422
492
587
561
397
204
-21
-222
-286
-392
-456
-644
-858
-1155
-1390
-1486
-1603
-1640
-1731
-1816
-1932
-2050
-2134
-2136
-2067
-1997
-1956
-1900
-1866
-1861
-1783
-1628
-1293
-585
13
139
-160
-266
198
798
1287
1489
1668
1673
1424
1352
1560
1802
1716
1553
1550
1492
1114
615
343
300
279
178
29
-300
-758
-1182
-1301
-1104
-968
-1004
-1174
-1292
-1350
-1331
-1206
-998
-739
-507
-334
-206
-103
-23
121
391
769
1101
1212
1187
1130
1171
1284
1458
1615
1660
1687
1599
1394
1168
1038
1009
1048
1056
921
652
346
87
-11
68
132
120
21
-117
-227
-250
-138
-18
116
240
287
275
256
291
347
478
659
723
673
609
499
426
458
547
541
364
184
-20
-156
-252
-418
-585
-767
-891
-1074
-1271
-1494
-1634
-1739
-1786
-1849
-1951
-2031
-2113
-2152
-2153
-2095
-2035
-1991
-1957
-1893
-1796
-1534
-1019
-400
-68
-132
-274
-20
543
1055
1346
1523
1652
1566
1459
1563
1791
1820
1671
1616
1583
1375
957
588
434
387
288
116
-129
-506
-923
-1174
-1141
-1021
-1023
-1153
-1277
-1330
-1329
-1249
-1107
-895
-660
-454
-291
-162
-42
75
277
605
958
1173
1218
1204
1236
1327
1439
1572
1666
1631
1654
1685
1516
1252
999
964
1017
1074
925
597
330
91
3
75
161
94
-37
-134
-184
-164
-91
-21
64
242
347
349
346
351
394
481
707
821
772
639
527
468
462
545
513
390
171
-71
-301
-375
-424
-596
-856
-1062
-1169
-1393
-1535
-1691
-1814
-1873
-1913
-1972
-2110
-2149
-2262
-2280
-2141
-1983
-1939
-1954
-1860
-1623
-915
-261
-95
-314
-346
132
685
1171
1419
1610
1623
1491
1536
1776
1972
1830
1648
1641
1656
1353
907
628
480
384
254
117
-209
-647
-1065
-1209
-1088
-1019
-1112
-1312
-1413
-1431
-1366
-1251
-1100
-911
-721
-518
-317
-143
-32
93
318
682
1032
1192
1206
1198
1271
1406
1581
1689
1694
1688
1686
1603
1400
1221
1082
1055
1034
963
755
453
194
10
24
79
65
-43
-152
-245
-261
-170
-75
9
100
204
230
268
305
329
402
543
696
672
607
535
446
441
454
440
331
186
25
-190
-332
-474
-624
-771
-934
-1127
-1337
-1500
-1680
-1836
-1929
-1954
-2010
-2096
-2195
-2266
-2277
-2264
-2196
-2140
-2003
-1720
-1003
-409
-315
-632
-653
-27
645
1146
1340
1559
1575
1389
1431
1801
2101
1965
1791
1778
1763
1394
955
716
681
623
433
241
-150
-629
-1067
-1158
-976
-911
-1059
-1339
-1494
-1548
-1494
-1352
-1166
-948
-764
-628
-496
-339
-199
-14
268
676
1009
1120
1096
1104
1233
1401
1616
1781
1779
1678
1592
1613
1552
1359
1201
1119
1116
1024
803
507
268
136
82
114
114
-26
-213
-293
-252
-146
-49
-5
36
123
190
218
286
368
429
512
632
668
578
504
456
494
515
492
395
182
53
-127
-250
-326
-487
-689
-919
-1038
-1207
-1385
-1559
-1674
-1775
-1824
-1912
-2007
-2040
-2133
-2155
-2186
-2070
-2019
-1947
-1824
-1245
-475
-214
-437
-708
-241
427
996
1231
1447
1604
1374
1291
1574
2000
1940
1717
1666
1720
1489
1011
722
632
620
435
279
-1
-440
-918
-1159
-991
-862
-939
-1202
-1376
-1448
-1436
-1313
-1155
-940
-757
-612
-489
-316
-176
-47
177
548
932
1089
1095
1066
1154
1300
1471
1678
1752
1765
1715
1591
1415
1267
1213
1204
1231
1123
844
522
268
136
138
201
165
30
-142
-266
-305
-204
-76
9
96
137
142
129
185
278
395
547
622
587
498
444
398
387
478
479
346
154
-14
-188
-312
-405
-509
-642
-814
-1028
-1258
-1377
-1572
-1654
-1753
-1770
-1813
-1942
-2047
-2195
-2186
-2137
-2030
-1924
-1906
-1462
-715
-341
-480
-824
-493
215
822
1120
1264
1481
1321
1168
1446
1920
2007
1744
1623
1702
1540
1117
809
714
727
547
365
87
-326
-778
-1083
-956
-799
-865
-1141
-1383
-1465
-1456
-1337
-1165
-992
-822
-715
-616
-452
-287
-130
78
413
801
977
982
967
1073
1245
1426
1640
1725
1692
1480
1476
1575
1527
1333
1112
1102
1052
949
653
402
269
158
116
138
97
-141
-295
-308
-163
-61
-9
-50
-51
70
104
181
252
341
373
394
528
531
431
330
344
376
374
307
104
-64
-206
-305
-506
-538
-674
-897
-1089
-1284
-1327
-1565
-1565
-1741
-1812
-1865
-2003
-2032
-2120
-2037
-2129
-2051
-1959
-1723
-1037
-502
-384
-808
-781
-200
483
906
1074
1323
1330
1189
1205
1615
1870
1779
1617
1645
1672
1266
865
658
711
636
470
265
-132
-569
-970
-989
-839
-787
-990
-1246
-1390
-1435
-1373
-1269
-1079
-888
-705
-618
-508
-384
-253
-61
234
646
917
971
922
965
1121
1311
1512
1645
1680
1616
1536
1520
1458
1325
1173
1128
1146
1035
789
470
281
193
166
182
119
-52
-236
-320
-272
-161
-82
-67
-55
27
81
106
156
228
322
414
518
497
390
282
251
299
340
299
139
-82
-225
-365
-460
-497
-685
-855
-1039
-1175
-1317
-1458
-1549
-1699
-1744
-1825
-1921
-1963
-2041
-2077
-2083
-1989
-1908
-1324
-626
-403
-709
-1011
-526
161
736
926
1142
1300
1125
1067
1347
1793
1786
1622
1620
1724
1456
980
721
715
761
610
445
92
-337
-793
-976
-806
-698
-806
-1112
-1294
-1376
-1367
-1293
-1159
-956
-771
-643
-561
-455
-344
-189
57
450
805
911
868
864
1008
1187
1382
1544
1617
1548
1390
1399
1507
1533
1314
1086
1014
990
897
672
454
310
193
113
112
46
-111
-266
-253
-135
-52
-39
-101
-79
23
113
169
214
271
277
309
414
436
371
262
241
236
258
180
-1
-174
-339
-386
-481
-574
-792
-976
-1101
-1164
-1226
-1382
-1551
-1700
-1707
-1736
-1718
-1808
-1883
-1915
-1887
-1803
-1499
-778
-408
-468
-813
-689
-105
415
770
929
1175
1141
1003
1081
1420
1590
1481
1451
1532
1447
1015
684
555
604
563
415
190
-195
-573
-886
-861
-730
-729
-919
-1129
-1209
-1245
-1212
-1127
-953
-767
-602
-506
-421
-330
-215
-21
257
627
817
841
821
898
1053
1228
1410
1480
1517
1536
1493
1356
1217
1113
1111
1139
1095
898
601
353
190
191
222
189
53
-117
-238
-281
-225
-162
-123
-74
-11
-2
-20
-36
-5
123
254
356
336
272
172
74
111
163
194
61
-75
-276
-433
-529
-623
-657
-727
-820
-1025
-1190
-1379
-1438
-1478
-1478
-1477
-1555
-1638
-1779
-1783
-1755
-1663
-1385
-827
-412
-428
-700
-713
-280
236
660
883
1061
1014
849
895
1172
1425
1401
1366
1379
1267
956
645
503
509
519
430
230
-113
-491
-784
-816
-669
-597
-705
-920
-1061
-1141
-1099
-980
-808
-615
-481
-404
-352
-268
-155
8
273
591
787
819
778
807
906
1050
1223
1335
1364
1505
1471
1257
1035
919
1048
1142
1196
972
640
368
185
215
311
343
190
14
-109
-172
-186
-136
-67
31
133
94
28
-42
-6
102
248
406
371
231
87
34
14
79
102
45
-117
-282
-468
-593
-587
-666
-716
-860
-946
-1146
-1294
-1367
-1413
-1403
-1419
-1416
-1516
-1584
-1651
-1612
-1493
-1009
-462
-285
-448
-689
-443
-4
482
752
940
1046
913
841
974
1232
1290
1255
1273
1281
1056
720
484
413
450
424
321
43
-284
-609
-785
-705
-583
-579
-752
-904
-981
-985
-922
-803
-621
-439
-316
-261
-204
-129
-17
170
463
736
829
810
779
836
940
1102
1291
1405
1473
1348
1159
988
977
1039
1065
1062
898
652
385
245
217
264
278
234
107
-28
-151
-203
-132
-30
86
111
74
-6
-60
-40
53
192
273
244
140
44
-24
-49
-34
-9
-28
-144
-304
-443
-597
-660
-700
-748
-821
-972
-1135
-1261
-1314
-1337
-1355
-1373
-1402
-1488
-1525
-1543
-1506
-1224
-749
-393
-409
-572
-536
-227
182
499
732
880
869
759
794
981
1113
1116
1123
1147
1037
777
511
372
345
357
298
107
-164
-452
-680
-724
-626
-565
-646
-785
-874
-895
-866
-786
-651
-484
-333
-254
-198
-131
-39
96
312
570
729
750
739
756
822
942
1133
1301
1385
1331
1087
920
878
972
1031
1011
894
627
385
223
193
220
251
208
112
3
-110
-192
-178
-50
59
131
82
12
-56
-36
60
164
260
220
127
18
-32
-80
-112
-113
-120
-161
-290
-472
-626
-702
-726
-734
-757
-851
-984
-1125
-1208
-1215
-1212
-1179
-1211
-1234
-1262
-1280
-1268
-1211
-960
-513
-209
-187
-364
-368
-86
243
563
745
855
802
691
714
818
927
928
916
895
784
567
324
162
142
176
138
-20
-255
-488
-677
-690
-589
-494
-515
-625
-678
-525
-340
-284
-350
-356
-157
73
277
329
330
328
398
578
755
853
820
762
861
1022
1117
1118
984
904
847
866
874
809
706
534
453
412
364
239
127
74
87
95
70
-21
-93
-90
-44
71
120
113
33
19
55
111
144
123
80
-2
-34
-67
-106
-168
-234
-328
-385
-449
-562
-633
-757
-763
-841
-883
-934
-1033
-1045
-1136
-1124
-1141
-1146
-1119
-1151
-1113
-1068
-1017
-778
-422
-202
-193
-327
-204
35
328
527
624
724
661
635
644
739
799
766
737
695
607
443
233
113
119
125
65
-111
-262
-424
-549
-537
-465
-387
-441
-507
-531
-502
-434
-367
-253
-118
-7
62
103
153
235
331
472
603
701
711
778
842
963
1034
999
976
923
943
879
844
771
691
593
498
433
355
278
180
148
117
118
48
10
-2
5
41
48
68
52
72
66
107
113
118
84
28
27
-5
-27
-99
-140
-228
-274
-377
-455
-521
-572
-620
-717
-779
-857
-900
-965
-981
-991
-1027
-1042
-1086
-1098
-1075
-1041
-998
-946
-863
-571
-278
-160
-238
-308
-112
153
442
561
594
582
528
551
608
695
703
642
578
516
424
290
121
59
79
75
-27
-206
-334
-457
-488
-425
-337
-331
-419
-471
-463
-400
-297
-218
-140
-45
35
92
127
190
268
377
508
604
692
879
877
864
805
808
907
939
972
853
762
645
559
509
464
416
352
259
178
109
69
54
22
84
74
45
-10
-22
-2
32
118
141
130
76
22
18
42
30
28
-16
-31
-107
-182
-270
-368
-374
-388
-403
-512
-622
-714
-773
-768
-778
-794
-836
-910
-931
-947
-928
-914
-904
-849
-815
-761
-706
-627
-441
-209
-78
-52
-65
49
205
358
474
513
545
520
499
498
511
508
461
411
368
292
185
60
-20
-22
-30
-84
-174
-249
-300
-327
-313
-265
-220
-228
-235
-211
-170
-100
-42
22
106
188
231
255
290
370
516
708
823
790
705
630
697
807
898
874
777
682
597
538
489
457
416
379
332
269
173
88
27
68
137
154
121
45
-13
-20
30
93
136
125
76
17
-11
-28
-13
-5
-13
-51
-152
-220
-326
-351
-343
-361
-377
-451
-513
-598
-662
-672
-670
-633
-650
-686
-716
-765
-762
-757
-709
-647
-607
-582
-565
-542
-487
-374
-262
-140
-29
70
84
108
150
247
357
430
460
426
379
330
310
312
330
292
244
164
75
5
-48
-60
-77
-54
-78
-130
-184
-192
-168
-137
-77
-30
-15
-10
17
61
124
181
251
299
377
443
444
573
685
686
670
588
638
721
764
720
613
597
539
508
456
399
357
306
263
228
192
142
56
35
105
116
73
9
-25
-21
25
49
30
20
-2
-60
-51
-68
-67
-102
-151
-187
-231
-243
-307
-336
-373
-376
-413
-461
-502
-541
-564
-602
-601
-635
-656
-658
-691
-682
-705
-695
-657
-638
-596
-599
-561
-525
-458
-383
-320
-259
-210
-139
-44
57
108
147
162
215
262
305
301
269
262
261
242
211
172
135
83
52
36
9
-21
-62
-83
-92
-84
-90
-92
-84
-71
-38
-6
20
49
75
113
148
204
251
349
472
564
590
525
495
539
636
710
724
664
602
544
506
476
453
436
403
367
323
263
185
142
129
152
157
130
82
13
11
16
49
59
39
-2
-26
-32
-70
-83
-135
-119
-137
-151
-192
-274
-313
-336
-317
-328
-331
-378
-418
-466
-466
-464
-454
-477
-491
-510
-516
-505
-535
-515
-515
-467
-454
-426
-431
-419
-395
-354
-275
-228
-179
-189
-178
-133
-46
23
67
83
53
73
87
122
152
167
176
154
150
127
136
132
136
148
156
170
160
158
160
183
219
263
278
296
301
315
340
366
397
406
426
429
425
431
439
445
457
466
458
436
413
407
398
402
388
369
345
317
303
268
262
242
208
186
170
145
110
80
34
7
0
-35
-60
-115
-170
-210
-241
-250
-283
-306
-330
-351
-364
-376
-405
-413
-398
-367
-359
-358
-391
-394
-392
-380
-337
-317
-300
-313
-342
-320
-306
-281
-260
-281
-254
-252
-257
-253
-259
-228
-227
-205
-207
-209
-197
-203
-174
-134
-106
-99
-122
-123
-94
-76
-44
-25
-6
18
22
42
32
63
97
142
197
216
240
228
244
272
321
372
384
388
382
389
409
421
440
449
454
460
439
420
403
405
421
421
419
397
372
347
353
358
358
339
312
301
276
258
236
220
209
197
173
140
117
94
73
47
29
-13
-46
-97
-126
-140
-186
-202
-253
-245
-252
-248
-262
-310
-292
-339
-308
-300
-280
-253
-285
-282
-308
-302
-298
-299
-276
-265
-260
-259
-297
-305
-317
-289
-248
-240
-223
-247
-250
-250
-240
-213
-207
-188
-194
-190
-188
-193
-188
-172
-166
-142
-150
-149
-155
-166
-134
-130
-90
-79
-67
-63
-61
-34
-26
12
40
74
95
101
119
148
178
222
246
274
300
313
334
339
369
391
404
406
409
417
412
409
412
415
416
411
401
389
371
365
355
346
338
320
297
271
258
245
232
211
183
166
148
142
129
115
98
68
44
28
5
-11
-24
-46
-61
-100
-125
-133
-138
-153
-175
-185
-179
-184
-199
-215
-199
-215
-210
-233
-222
-215
-222
-230
-236
-218
-208
-210
-223
-220
-205
-204
-192
-181
-195
-188
-200
-196
-184
-182
-180
-179
-182
-175
-176
-168
-158
-156
-154
-164
-153
-142
-141
-127
-127
-124
-122
-130
-119
-116
-92
-83
-82
-88
-84
-58
-40
-25
-13
-4
22
40
62
81
96
130
154
173
177
180
199
218
249
273
269
267
266
275
282
291
304
303
307
305
298
287
278
283
286
284
275
250
229
212
207
199
180
162
126
100
80
64
71
64
62
43
7
-20
-40
-42
-39
-29
-36
-55
-89
-117
-142
-142
-129
-120
-119
-126
-146
-175
-177
-177
-164
-150
-151
-150
-166
-182
-177
-166
-142
-143
-156
-175
-187
-171
-166
-162
-149
-163
-148
-171
-167
-181
-184
-161
-147
-140
-156
-169
-176
-164
-142
-121
-115
-104
-120
-120
-123
-112
-90
-89
-67
-78
-79
-102
-101
-99
-87
-65
-58
-60
-78
-85
-81
-67
-48
-25
-23
-14
6
14
20
27
53
83
100
96
92
95
108
124
135
143
139
144
143
152
157
167
169
179
188
182
173
163
169
167
173
157
143
126
115
109
92
81
58
32
13
-3
-11
-14
-18
-26
-33
-45
-55
-73
-73
-67
-65
-50
-61
-84
-96
-96
-79
-75
-79
-82
-84
-67
-64
-77
-90
-95
-73
-68
-57
-78
-92
-102
-96
-94
-99
-106
-129
-122
-128
-112
-114
-111
-100
-102
-109
-126
-133
-122
-94
-68
-63
-80
-91
-108
-96
-71
-56
-39
-38
-32
-36
-31
-23
-13
4
15
7
-6
-16
-30
-18
-6
4
-5
-24
-31
-39
-31
-24
-16
-7
-8
-10
-13
-19
-6
8
27
42
44
45
36
45
53
70
81
75
76
72
72
72
81
99
106
106
109
103
99
90
94
104
104
104
85
65
55
45
42
38
36
18
5
-5
-12
-11
-2
-1
7
-5
-8
5
-8
7
-2
0
-5
-10
-5
-15
-12
-16
-17
-16
-23
-29
-33
-37
-33
-42
-41
-38
-46
-42
-58
-55
-57
-57
-62
-71
-68
-75
-69
-67
-72
-72
-68
-67
-62
-64
-60
-56
-56
-48
-46
-42
-43
-50
-44
-39
-27
-28
-24
-20
-19
-22
-22
-22
-18
-10
-13
-21
-27
-29
-34
-29
-19
-19
-19
-21
-20
-16
-20
-14
-13
-5
2
-1
-9
-10
-8
1
10
23
21
7
10
20
26
28
32
41
40
36
30
19
16
23
22
25
29
25
14
11
8
10
11
21
13
7
6
4
-1
-2
10
14
13
10
1
0
2
5
11
14
21
14
8
-2
-4
7
12
21
16
9
3
-7
-5
-4
-5
0
1
9
2
-15
-22
-17
-13
-9
4
-5
-22
-23
-25
-17
-10
-9
-13
-21
-27
-33
-34
-39
-31
-27
-27
-34
-41
-48
-45
-42
-33
-28
-25
-27
-32
-38
-50
-49
-45
-35
-24
-28
-40
-43
-44
-40
-38
-27
-26
-30
-34
-45
-39
-37
-28
-15
-11
-11
-20
-19
-12
-15
1
18
23
12
6
6
7
16
26
33
35
27
18
16
17
26
36
44
50
44
36
21
20
28
37
44
37
24
13
7
11
16
26
34
35
39
34
28
21
24
34
43
47
43
31
23
27
33
42
47
52
55
47
39
36
41
54
55
50
50
43
34
29
30
32
31
43
42
34
26
23
27
29
31
36
34
27
29
22
17
14
19
20
14
12
6
3
5
2
-1
7
7
1
-6
-9
-2
-4
-3
1
0
-3
-15
-20
-18
-8
2
-6
0
-3
-18
-26
-35
-28
-22
-16
-11
-8
-12
-26
-30
-26
-9
6
9
6
1
0
-5
-7
4
8
15
22
12
8
5
14
17
23
27
20
20
18
18
12
18
28
34
35
32
24
21
25
25
37
47
52
50
43
45
43
47
54
67
73
70
64
64
66
78
85
92
92
88
86
81
88
93
93
95
93
93
91
85
78
84
97
105
100
89
83
77
82
88
90
82
81
81
71
63
58
62
66
69
64
55
49
44
40
31
28
29
26
24
22
24
26
22
26
22
22
25
22
24
22
21
18
20
22
22
23
26
33
36
40
43
39
38
44
50
50
48
53
55
61
60
60
61
62
67
63
64
71
64
63
66
64
68
72
73
72
65
65
64
53
53
61
65
63
60
50
45
46
51
55
51
47
42
37
32
27
25
20
29
31
19
12
-3
-12
-12
-7
-3
-8
-14
-25
-37
-45
-52
-53
-49
-45
-44
-55
-70
-81
-85
-77
-73
-69
-61
-62
-60
-63
-50
-33
-22
-11
-7
-7
-20
-11
2
8
18
23
21
20
14
7
3
5
8
8
4
-2
-9
-15
-17
-19
-17
-17
-20
-25
-26
-36
-42
-46
-42
-40
-43
-45
-50
-48
-49
-47
-43
-34
-33
-30
-35
-37
-39
-43
-41
-30
-22
-19
-18
-27
-23
-11
-9
-10
-3
-8
-15
-25
-26
-29
-26
-23
-25
-28
-35
-37
-28
-24
-26
-28
-32
-33
-38
-37
-38
-38
-34
-35
-37
-44
-49
-51
-50
-42
-35
-34
-37
-41
-46
-50
-55
-43
-30
-31
-31
-35
-35
-39
-39
-30
-21
-21
-22
-23
-22
-10
-8
-9
3
7
5
1
-6
-11
-5
3
10
6
3
-2
-4
-6
-6
-3
-6
-6
-12
-16
-20
-28
-28
-24
-24
-25
-29
-33
-30
-29
-28
-26
-21
-16
-22
-21
-18
-25
-24
-20
-16
-8
-12
-13
-24
-30
-30
-29
-21
-19
-15
-9
-19
-29
-29
-20
-10
-7
-1
-5
-14
-13
-10
-4
3
11
15
16
19
25
27
27
28
30
36
41
37
36
34
32
34
34
36
37
39
41
44
42
43
47
55
58
62
59
59
61
65
72
69
71
66
64
68
63
58
54
59
65
66
67
63
52
45
48
55
51
47
43
33
31
27
22
25
24
28
23
18
13
11
15
21
25
23
22
21
14
6
5
6
11
11
9
-1
-8
-12
-8
-1
0
-1
-5
-3
-1
-1
-2
1
0
9
1
1
7
4
4
9
11
12
19
18
16
14
14
9
13
11
15
13
8
7
4
0
-1
0
1
-1
-6
-10
-17
-19
-17
-18
-20
-17
-17
-15
-16
-18
-26
-32
-26
-26
-25
-31
-35
-33
-30
-25
-22
-21
-16
-21
-24
-21
-26
-34
-25
-18
-31
-37
-39
-45
-42
-40
-42
-46
-45
-50
-56
-58
-55
-54
-47
-45
-47
-47
-52
-52
-46
-40
-39
-36
-35
-39
-40
-39
-35
-29
-24
-22
-21
-23
-21
-25
-24
-21
-19
-15
-16
-10
-10
-8
-10
-12
-3
1
9
13
13
19
13
11
9
17
27
30
32
27
27
24
25
26
25
26
25
23
20
17
15
10
9
9
4
2
-3
-5
-10
-12
-15
-18
-21
-23
-24
-25
-27
-29
-25
-24
-24
-23
-17
-13
-15
-16
-13
-10
-7
0
7
8
13
11
10
13
12
11
8
5
5
3
-2
-1
5
8
6
10
5
4
8
11
10
10
16
14
12
7
8
9
17
22
23
22
24
23
18
18
20
23
22
24
22
21
23
16
19
20
18
18
12
9
4
-2
-4
-1
3
8
3
-7
-4
2
2
2
4
4
6
5
4
1
0
5
1
10
11
11
5
7
9
12
17
14
19
21
21
22
25
26
29
30
36
33
34
31
29
32
27
33
38
41
44
43
47
43
44
45
50
51
57
52
51
53
47
53
55
59
57
53
47
47
46
41
42
40
40
41
38
35
31
30
31
30
30
29
25
23
24
22
21
15
13
13
12
13
10
9
9
6
-2
-4
-1
-2
-2
-7
-12
-11
-10
-12
-17
-20
-17
-18
-26
-19
-18
-28
-34
-25
-20
-22
-25
-26
-30
-29
-27
-26
-20
-25
-23
-25
-25
-24
-24
-22
-24
-20
-20
-20
-16
-23
-25
-24
-22
-18
-19
-12
-9
-9
-8
-6
-2
-2
-2
1
0
2
2
2
7
3
5
11
10
16
13
19
14
9
24
23
24
21
21
20
23
24
23
23
23
23
20
21
20
20
20
23
21
21
19
19
15
16
15
13
13
11
11
13
12
17
16
15
16
16
24
21
19
21
14
14
19
23
22
18
17
18
18
18
20
19
17
21
20
13
11
7
12
11
13
11
8
11
11
10
11
11
13
14
14
16
15
13
13
12
17
15
15
18
15
16
17
17
18
17
21
24
28
26
31
28
27
31
34
35
35
38
35
28
26
28
27
26
32
25
21
26
17
16
9
4
6
8
9
6
4
4
2
5
4
4
2
0
-2
-5
-3
-6
-7
-5
-6
-4
-6
-6
-9
-8
-1
-2
-6
-5
-9
-8
-7
-10
-8
-10
-9
-10
-13
-17
-20
-19
-25
-24
-25
-30
-32
-28
-27
-37
-40
-40
-41
-39
-39
-40
-40
-43
-42
-42
-42
-38
-34
-30
-29
-26
-25
-28
-25
-23
-22
-18
-19
-18
-21
-19
-17
-16
-17
-15
-11
-9
-7
-3
-1
2
5
7
15
16
17
17
29
36
35
40
48
48
47
47
50
50
55
61
61
67
66
63
59
59
60
58
59
56
54
49
45
43
45
44
40
42
40
37
32
32
33
32
32
31
27
20
18
13
14
13
9
11
10
6
0
-4
-6
-7
-8
-11
-18
-19
-18
-22
-27
-32
-32
-36
-45
-39
-39
-49
-46
-43
-43
-46
-49
-46
-50
-50
-52
-56
-56
-61
-58
-61
-61
-60
-63
-64
-63
-65
-64
-61
-59
-59
-63
-61
-66
-65
-66
-62
-57
-61
-56
-56
-61
-59
-62
-63
-63
-61
-58
-62
-58
-60
-62
-54
-53
-53
-52
-47
-51
-58
-46
-46
-53
-49
-47
-52
-48
-51
-48
-48
-47
-45
-49
-53
-50
-51
-54
-48
-46
-46
-50
-51
-51
-51
-51
-52
-55
-52
-48
-48
-45
-45
-44
-45
-39
-36
-33
-33
-34
-29
-33
-37
-36
-35
-32
-30
-34
-34
-36
-32
-33
-37
-38
-36
-38
-41
-44
-49
-45
-44
-43
-43
-42
-41
-42
-39
-37
-33
-31
-30
-25
-20
-19
-19
-13
-12
-7
-5
2
4
12
15
19
25
28
31
34
36
41
44
45
52
52
55
55
55
58
57
59
58
57
52
49
49
53
43
35
35
28
27
20
7
4
1
-6
-3
-2
-6
-11
-13
-12
-12
-14
-22
-19
-20
-22
-21
-25
-30
-29
-25
-28
-28
-26
-29
-25
-28
-34
-31
-33
-35
-35
-35
-32
-30
-32
-33
-31
-31
-34
-38
-39
-44
-44
-46
-45
-44
-47
-37
-47
-54
-46
-43
-42
-41
-42
-42
-42
-42
-39
-39
-37
-34
-34
-29
-24
-25
-23
-22
-21
-13
-16
-11
-8
-3
-1
3
4
4
4
8
15
17
21
23
25
24
29
32
28
39
45
40
40
37
44
39
36
40
40
35
37
36
34
39
40
38
37
39
37
36
32
32
32
31
28
24
20
18
16
10
9
9
9
3
-3
-6
-13
-18
-18
-23
-26
-30
-34
-37
-41
-45
-47
-50
-58
-60
-63
-68
-67
-71
-77
-76
-73
-72
-74
-78
-77
-78
-84
-73
-68
-68
-67
-64
-58
-60
-56
-55
-54
-53
-52
-52
-51
-49
-49
-50
-50
-50
-50
-52
-51
-54
-55
-52
-55
-56
-57
-61
-60
-65
-67
-66
-62
-61
-63
-65
-69
-67
-65
-68
-66
-62
-62
-60
-61
-60
-62
-60
-57
-60
-57
-58
-67
-70
-67
-69
-74
-74
-78
-80
-76
-80
-81
-84
-86
-84
-84
-80
-83
-82
-79
-80
-80
-77
-74
-74
-70
-69
-69
-69
-64
-61
-56
-56
-52
-49
-47
-42
-44
-41
-36
-33
-29
-32
-27
-32
-38
-37
-36
-30
-30
-27
-29
-28
-26
-31
-27
-27
-34
-35
-39
-38
-37
-34
-33
-34
-32
-32
-28
-25
-19
-19
-18
-13
-13
-11
-9
-3
-6
-3
1
3
6
5
6
10
11
15
17
18
21
20
19
22
25
27
24
24
29
32
33
33
34
34
34
39
39
36
44
41
45
45
45
43
39
40
36
41
41
43
43
43
46
46
46
47
43
44
44
43
42
40
40
39
43
42
40
44
44
42
43
41
37
36
36
37
37
39
35
39
41
37
44
39
40
42
42
42
37
41
38
45
49
48
45
42
47
47
48
48
46
45
45
43
40
36
37
35
33
34
27
25
23
21
21
18
17
14
11
14
14
13
11
10
8
8
13
14
11
9
8
11
11
9
8
9
10
12
12
8
8
7
4
4
4
3
6
5
10
14
16
14
15
14
18
17
17
17
21
19
15
17
16
16
11
12
10
12
13
8
3
3
4
4
0
-4
-6
-6
-11
-14
-13
-17
-17
-20
-27
-29
-31
-34
-33
-39
-39
-39
-36
-41
-46
-52
-48
-50
-58
-49
-55
-54
-54
-54
-51
-55
-52
-51
-48
-47
-51
-49
-45
-46
-46
-45
-42
-41
-36
-37
-34
-30
-30
-28
-25
-24
-24
-21
-17
-16
-17
-13
-12
-6
-4
-2
3
1
3
1
3
7
8
10
12
9
17
19
19
21
18
22
11
12
21
14
10
9
9
8
3
2
0
-2
-7
-8
-11
-13
-11
-16
-17
-21
-22
-25
-28
-29
-28
-34
-36
-39
-40
-43
-44
-42
-41
-41
-41
-42
-45
-40
-41
-41
-41
-47
-46
-43
-41
-43
-45
-39
-38
-39
-37
-34
-30
-30
-32
-30
-35
-37
-37
-38
-36
-35
-33
-34
-34
-34
-33
-32
-33
-33
-31
-33
-27
-32
-32
-34
-35
-33
-31
-30
-34
-31
-33
-32
-31
-29
-26
-23
-19
-21
-19
-14
-11
-7
-9
-10
-6
-1
-1
-4
-3
-2
-2
1
3
1
6
0
-2
7
1
0
1
-1
-3
0
-1
0
8
5
4
5
5
8
8
9
13
14
16
15
16
18
19
24
23
26
27
27
32
29
29
28
26
30
29
30
36
33
35
39
41
44
40
43
39
39
41
42
47
45
55
57
47
44
51
56
55
57
56
56
57
56
57
58
54
59
58
57
57
53
53
52
54
54
52
55
55
57
58
57
58
58
57
53
55
53
51
54
51
51
49
45
50
55
52
50
47
51
53
47
47
53
48
42
51
49
49
52
52
53
53
56
52
48
47
47
48
44
44
43
41
42
38
36
34
33
34
35
29
30
30
25
25
25
23
20
18
18
16
19
19
16
9
9
6
5
9
0
-3
1
-2
-5
-11
-15
-15
-23
-34
-26
-24
-33
-28
-32
-36
-37
-37
-44
-46
-48
-55
-55
-59
-64
-66
-70
-71
-73
-74
-76
-75
-77
-78
-80
-80
-84
-86
-90
-93
-95
-100
-97
-99
-99
-98
-102
-107
-109
-110
-112
-117
-116
-116
-117
-118
-119
-117
-114
-111
-114
-115
-113
-123
-118
-112
-113
-115
-112
-110
-110
-106
-106
-103
-102
-96
-96
-90
-90
-91
-88
-86
-84
-81
-76
-75
-75
-72
-74
-71
-67
-66
-65
-62
-55
-53
-51
-49
-47
-41
-37
-35
-33
-30
-24
-28
-31
-22
-21
-14
-11
-7
-5
-1
3
9
11
9
18
18
13
14
15
15
19
19
22
25
26
26
24
29
26
28
28
29
29
29
29
29
31
31
29
32
33
31
35
33
39
36
39
39
39
40
43
48
46
40
42
46
45
44
40
41
40
38
39
32
35
43
31
30
31
23
19
16
14
17
16
15
18
20
14
16
19
16
15
16
16
16
18
19
20
18
21
21
21
23
24
23
22
26
23
21
22
19
21
22
21
24
30
25
26
30
29
26
24
25
20
24
22
25
30
27
32
27
24
29
32
32
29
31
29
28
26
23
27
25
29
24
21
21
20
17
18
16
18
17
15
14
16
18
18
17
13
10
9
12
10
9
11
10
10
10
11
12
15
10
13
16
13
18
14
16
17
17
18
20
22
26
28
31
32
32
37
36
38
39
40
40
39
40
44
50
51
51
50
50
54
56
58
56
58
61
60
60
59
63
63
63
62
65
63
64
65
62
62
63
66
69
70
68
69
70
69
68
65
69
63
65
73
69
68
76
76
71
76
77
73
74
74
72
75
75
76
75
76
75
75
72
73
77
75
75
72
75
69
64
63
61
58
57
60
59
56
54
55
48
46
48
40
39
35
36
36
29
28
26
27
26
24
24
19
9
8
13
6
1
2
-1
-3
-7
-10
-11
-14
-14
-18
-22
-20
-25
-28
-32
-34
-30
-36
-39
-43
-44
-47
-55
-55
-60
-62
-67
-68
-70
-73
-77
-80
-86
-85
-91
-93
-95
-100
-100
-113
-115
-116
-113
-117
-122
-115
-117
-115
-117
-119
-117
-118
-125
-129
-128
-129
-129
-126
-126
-129
-123
-125
-122
-123
-122
-121
-125
-122
-120
-118
-117
-118
-115
-112
-114
-114
-111
-111
-113
-108
-106
-109
-107
-102
-100
-101
-100
-92
-89
-90
-90
-89
-84
-84
-86
-83
-81
-80
-79
-71
-73
-71
-67
-68
-61
-62
-66
-66
-65
-62
-61
-63
-60
-51
-50
-51
-47
-44
-39
-36
-34
-32
-31
-26
-27
-22
-19
-17
-13
-13
-6
-1
1
6
7
10
7
8
13
12
17
21
22
30
28
34
36
35
40
42
40
38
40
42
41
53
61
51
47
51
61
60
61
61
59
60
61
62
62
63
68
67
70
70
70
70
68
69
72
70
73
71
72
72
74
73
71
69
65
65
64
64
62
60
58
55
53
56
50
51
57
56
50
45
47
45
47
49
42
44
42
39
43
41
44
41
40
39
38
37
37
35
38
38
36
39
39
36
34
37
39
39
39
38
37
35
33
34
35
30
31
32
30
30
30
26
28
25
21
23
24
23
15
15
14
16
17
13
12
8
10
4
5
11
0
2
10
14
11
10
9
8
12
7
9
10
7
7
5
5
3
2
0
1
-1
-2
-1
-2
-4
-7
-7
-11
-13
-15
-18
-18
-17
-16
-19
-19
-20
-25
-24
-25
-27
-26
-23
-23
-23
-25
-23
-20
-16
-21
-17
-15
-27
-25
-18
-17
-25
-23
-19
-23
-17
-18
-20
-18
-17
-15
-19
-17
-18
-20
-17
-17
-16
-16
-19
-18
-20
-23
-26
-25
-24
-25
-25
-27
-25
-27
-30
-25
-27
-25
-24
-27
-30
-31
-33
-30
-29
-27
-30
-34
-32
-34
-31
-29
-29
-29
-31
-29
-28
-33
-33
-33
-32
-29
-26
-25
-22
-22
-21
-18
-17
-17
-20
-13
-9
-10
-10
-10
-7
-4
-1
-1
1
0
1
5
7
9
10
11
13
13
14
18
22
20
25
26
27
31
32
34
35
37
38
41
40
44
46
39
48
53
48
43
39
40
42
40
44
45
48
45
43
42
44
43
38
42
40
40
40
37
39
34
36
35
34
39
34
34
36
32
28
25
26
24
21
23
20
20
18
12
12
11
11
6
0
-2
-7
-11
-7
-6
-8
-7
-18
-23
-17
-17
-19
-22
-22
-22
-26
-24
-26
-24
-23
-26
-28
-26
-29
-29
-29
-29
-25
-29
-29
-30
-32
-29
-29
-31
-35
-33
-35
-36
-33
-33
-33
-34
-36
-30
-33
-35
-28
-25
-27
-25
-26
-23
-25
-28
-28
-26
-26
-23
-18
-24
-21
-18
-20
-19
-17
-14
-17
-15
-16
-17
-17
-14
-14
-11
-13
-11
-12
-12
-6
-7
-7
-6
-7
-9
-7
-4
-2
-2
-4
-3
-1
-5
-3
-5
-2
-1
-8
-5
-4
-3
-6
-10
-7
-7
-8
-7
-10
-10
-11
-18
-14
-7
-17
-16
-8
-12
-8
-4
-7
-7
-10
-6
-9
-5
-6
-10
-7
-11
-12
-12
-12
-11
-15
-17
-15
-15
-15
-22
-21
-20
-22
-25
-28
-20
-22
-21
-25
-23
-20
-21
-23
-24
-24
-24
-23
-21
-19
-28
-23
-20
-22
-15
-17
-18
-30
-22
-15
-22
-26
-23
-22
-25
-21
-19
-19
-21
-19
-21
-22
-20
-19
-18
-15
-13
-15
-13
-14
-17
-14
-14
-11
-13
-10
-8
-12
-13
-12
-9
-9
-11
-8
-7
-6
-4
-6
-2
-9
-13
-11
-8
-7
-14
-9
-4
-4
-3
-4
-2
0
2
-6
-9
-9
-10
-8
-7
-8
-9
-9
-9
-9
-10
-11
-10
-11
-12
-11
-14
-16
-17
-14
-16
-15
-18
-17
-15
-17
-17
-16
-16
-18
-18
-20
-19
-16
-17
-16
-18
-15
-10
-11
-11
-10
-9
-11
-10
-6
-6
-12
-6
-1
-10
-2
-3
-11
-9
-12
-18
-12
-11
-9
-6
-7
-6
-5
-3
-7
-2
-4
-4
-4
-4
-2
-4
-2
2
0
3
5
5
7
10
11
8
9
11
7
10
13
12
17
17
14
18
21
19
17
14
15
10
10
12
13
22
23
16
9
14
17
21
21
18
20
19
18
18
17
16
14
16
17
17
16
14
13
11
11
12
10
10
10
10
11
10
10
7
5
3
5
5
3
1
1
-2
-3
-1
-1
0
-1
4
1
3
3
-3
0
-2
0
-5
-6
-6
-7
-4
-4
-4
-3
-4
-4
-8
-8
-7
-6
-7
-7
-3
-5
-9
-6
-7
-6
-7
-7
-5
-6
-3
-6
-5
-8
-10
-9
-9
-9
-6
-8
-9
-11
-14
-17
-18
-14
-18
-17
-22
-25
-23
-22
-21
-27
-29
-26
-34
-30
-23
-34
-28
-22
-23
-24
-21
-24
-25
-23
-24
-25
-28
-25
-29
-29
-30
-30
-30
-31
-31
-32
-32
-34
-36
-35
-35
-38
-38
-40
-41
-40
-41
-36
-35
-38
-36
-39
-38
-39
-38
-39
-34
-33
-33
-35
-33
-30
-31
-26
-30
-30
-32
-40
-35
-26
-33
-35
-30
-33
-34
-36
-32
-30
-32
-28
-28
-27
-27
-30
-28
-30
-27
-24
-25
-24
-25
-24
-24
-24
-24
-26
-24
-25
-22
-22
-20
-22
-20
-23
-17
-21
-20
-19
-27
-25
-30
-23
-27
-28
-21
-23
-21
-23
-22
-19
-21
-19
-17
-18
-24
-27
-24
-24
-23
-22
-20
-20
-23
-19
-19
-21
-20
-19
-17
-16
-18
-22
-20
-19
-20
-20
-22
-19
-20
-22
-16
-17
-19
-19
-16
-15
-14
-15
-15
-11
-10
-9
-6
-5
-6
-4
-5
-4
-2
-1
4
-1
7
3
1
4
1
2
-2
1
-3
-4
-3
1
4
1
0
1
0
2
4
4
4
2
9
6
4
6
9
12
11
14
14
18
18
17
21
18
18
22
19
23
23
25
26
23
27
30
27
29
26
25
18
22
23
25
27
29
32
24
26
34
34
31
31
28
32
29
32
30
30
32
32
34
34
31
29
30
30
32
31
31
31
34
36
33
35
34
33
31
30
30
32
32
31
33
31
28
31
30
34
31
28
32
32
32
27
23
30
25
19
22
22
24
24
27
23
24
27
24
24
20
22
25
22
23
23
23
21
19
22
22
24
22
22
23
22
21
23
18
18
20
21
23
20
18
17
16
13
14
13
10
13
11
9
4
6
11
5
2
4
6
4
0
4
2
1
4
6
4
6
7
3
6
4
2
4
1
0
-4
0
1
0
-1
-3
0
-3
-3
-3
-7
-7
-7
-10
-10
-15
-11
-10
-6
-5
-6
-4
-5
-5
-6
-11
-9
-10
-9
-6
-10
-5
-6
0
1
0
4
-5
-10
-2
-2
-2
-6
-4
-2
-3
1
-2
-2
-5
-3
-4
-1
-3
-1
0
0
5
-1
1
1
3
0
1
0
0
0
-2
2
2
5
0
1
0
0
3
0
1
4
1
2
0
-6
-8
-8
-1
-2
-6
0
-2
2
1
1
0
-6
-5
-7
-6
-6
-5
-7
-8
-5
-9
-7
-7
-6
-9
-10
-7
-7
-9
-11
-11
-14
-13
-10
-14
-14
-15
-16
-14
-14
-15
-13
-15
-14
-14
-14
-8
-9
-12
-12
-10
-4
-5
-7
-7
-9
-4
-6
-6
-4
2
3
-5
4
-7
-12
-11
-13
-12
-11
-12
-6
-9
-12
-10
-9
-10
-12
-8
-11
-9
-13
-9
-8
-10
-9
-10
-5
-3
-4
-2
-3
-1
-3
-3
-3
-6
-1
-3
-3
0
1
1
0
0
2
1
3
-2
-7
-7
-11
-6
-1
5
0
-4
-7
-5
-3
-3
-3
-5
-6
-6
-6
-7
-6
-7
-3
-7
-8
-4
-9
-6
-9
-11
-11
-10
-13
-10
-9
-7
-10
-13
-12
-15
-13
-15
-15
-15
-17
-18
-18
-20
-23
-22
-19
-20
-17
-16
-13
-17
-19
-22
-24
-25
-24
-27
-27
-27
-24
-26
-27
-26
-29
-27
-28
-27
-27
-24
-25
-27
-28
-27
-24
-23
-26
-24
-22
-23
-21
-20
-21
-21
-20
-19
-19
-17
-17
-18
-16
-17
-18
-15
-15
-19
-22
-20
-24
-22
-20
-23
-22
-21
-18
-20
-24
-27
-27
-29
-25
-15
-22
-20
-15
-21
-17
-14
-12
-9
-8
-7
-10
-5
-8
-9
-10
-13
-8
-8
-9
-8
-9
-7
-6
-5
-4
-8
-8
-9
-10
-11
-8
-6
-7
-5
-4
-5
-4
-9
-9
-8
-8
-5
-6
-2
-5
-6
-1
-3
1
-3
-1
-2
-13
-2
-1
-7
-8
-8
-8
-11
-6
-9
-8
-9
-8
-8
-11
-9
-8
-7
-8
-7
-4
-4
-7
-8
-8
-7
-6
-8
-8
-9
-4
-5
-3
-5
-6
-4
-5
0
2
-2
0
0
0
-1
-8
-10
-1
-1
-1
-2
-3
2
3
3
5
9
2
-2
-5
-3
1
-1
0
1
0
0
0
2
0
0
0
3
4
3
0
3
1
0
-2
-2
3
-2
1
2
1
1
2
2
0
3
4
5
8
5
5
10
7
8
8
9
7
5
8
9
10
17
13
9
14
4
-3
2
2
0
-3
-1
1
2
1
5
7
1
2
7
8
2
3
5
4
2
2
2
6
8
8
6
9
11
11
7
7
9
7
9
7
10
12
9
9
13
12
10
5
8
6
3
3
5
8
5
16
7
-1
6
11
10
8
10
10
13
10
8
13
7
9
9
11
12
10
9
7
10
11
8
6
8
9
9
10
11
8
7
5
6
9
9
5
5
3
1
1
3
0
0
3
9
4
6
3
1
1
4
-2
-7
-3
-1
-1
-1
2
-2
-3
-4
-2
-2
-3
-3
-6
-6
-6
-4
-6
-5
-6
-7
-5
-6
-4
-2
-3
-6
-8
-5
-5
-3
-7
-9
-6
-6
-6
-6
-7
-9
-10
-12
-12
-13
-10
-18
-16
-11
-12
-16
-18
-15
-14
-23
-23
-11
-19
-15
-9
-8
-8
-6
-9
-7
-4
-4
-4
-4
-3
-7
-6
-5
-5
-3
-4
-2
-3
-6
-4
-1
-4
-6
-7
-7
-4
-8
-5
-2
-2
-2
-2
-4
-4
-6
-9
-6
-4
-3
0
0
-1
-1
5
6
1
7
10
-4
0
6
7
6
0
1
1
4
4
0
5
6
8
8
3
3
3
3
5
7
6
2
4
6
4
6
5
4
3
5
3
6
6
3
4
7
9
8
6
10
6
10
7
2
0
-1
3
3
2
4
8
7
7
6
8
11
6
4
-1
2
6
3
3
4
2
3
5
7
5
6
6
8
8
5
4
5
4
2
5
4
4
2
3
3
1
4
1
0
1
2
4
2
4
3
1
3
4
6
4
5
3
1
1
3
3
10
9
7
12
-2
-1
-3
-7
-2
-5
-3
-3
-2
0
0
0
-1
0
-4
-4
-3
-3
-5
-6
-4
-6
-3
-3
-1
0
0
2
3
-2
-1
-2
-2
-2
1
-1
-1
0
1
0
1
-1
-2
0
-3
-2
-6
-4
-8
-4
5
-1
-1
-7
-5
1
0
1
-3
0
1
2
1
-2
0
0
0
0
-1
-2
-5
-3
-1
-1
-1
-1
1
1
-1
-2
-5
-6
-9
-7
-6
-6
-7
-6
-10
-11
-7
-7
-13
-18
-10
-7
-3
-8
-11
-8
-12
-13
-11
-16
-15
-12
-14
-11
-12
-12
-12
-11
-13
-12
-12
-13
-13
-12
-14
-13
-13
-13
-13
-15
-13
-12
-11
-14
-13
-10
-14
-11
-12
-14
-13
-13
-12
-10
-11
-10
-8
-13
-13
-14
-17
-17
-15
-16
-18
-20
-12
-13
-19
-18
-18
-15
-22
-15
-14
-21
-16
-8
-8
-8
-7
-6
-6
-7
-7
-7
-3
-6
-9
-6
-4
-5
-4
-3
-5
-4
-5
-3
-4
-5
-5
-6
-5
-8
-8
-5
-4
-1
-2
-3
-3
-4
-4
-6
-6
-3
-4
-1
1
-3
0
4
4
3
2
7
-2
-5
6
3
-1
-5
-4
-5
-3
-2
-2
2
1
0
4
1
-2
0
0
1
1
2
1
2
3
5
5
1
1
3
2
2
3
7
4
3
2
-1
5
6
8
6
6
9
1
-2
-2
2
0
0
4
10
10
7
7
10
8
2
3
5
4
5
9
8
6
7
8
7
6
6
6
9
9
5
7
6
6
5
9
6
8
10
5
7
10
7
5
10
9
8
7
6
15
12
12
11
13
18
15
18
15
14
15
18
18
21
26
17
19
25
15
11
14
10
11
13
10
13
14
10
11
10
10
11
12
12
9
10
10
9
8
10
10
12
12
14
13
14
13
11
8
8
10
9
10
11
11
11
12
9
7
9
7
7
6
5
2
0
4
3
8
10
2
-1
3
10
8
5
5
4
4
4
6
5
5
7
5
6
8
6
0
-1
2
4
4
4
5
4
4
8
4
2
4
3
1
4
5
1
1
0
3
1
0
1
4
7
7
2
2
3
-2
0
4
-5
1
1
1
2
0
6
2
0
4
0
1
1
4
3
-1
5
5
1
5
1
4
3
4
4
4
5
5
6
5
7
7
7
7
10
7
11
11
9
3
3
8
5
3
-2
-1
2
2
2
1
-1
0
-1
-10
-1
3
-6
-4
5
7
5
3
4
5
1
4
3
3
1
4
-2
-2
1
0
-1
-1
-2
-3
-2
1
-4
-7
-6
-6
-7
-12
-8
-7
-3
-2
-7
-7
-7
-9
-9
-12
-13
-7
-10
-10
-11
-10
-3
-6
-6
-7
-4
-10
-15
-4
-3
-10
-14
-10
-9
-7
-9
-7
-7
-5
-5
-6
-5
-6
-3
-5
-4
-4
-2
-4
-4
-3
-2
-1
-5
-5
-1
-3
-1
-1
3
0
0
2
2
1
4
5
3
5
2
4
0
-2
2
2
4
4
7
8
9
8
6
10
10
6
1
6
7
8
8
8
10
10
9
13
11
8
8
10
8
9
8
5
5
3
3
2
3
3
5
2
4
5
4
3
4
8
3
6
7
6
10
10
11
11
10
11
9
9
11
11
14
19
11
12
14
8
4
-1
0
0
3
4
3
7
3
1
0
2
4
2
4
5
3
5
5
4
3
2
8
7
7
6
5
6
8
5
1
-1
1
4
0
4
3
5
4
6
5
0
2
1
0
-2
-1
-5
4
3
3
0
-7
0
1
4
4
2
3
3
6
4
3
2
4
5
5
6
4
4
6
6
5
5
3
5
5
5
5
4
8
7
6
7
7
7
6
5
4
7
7
5
6
12
12
7
2
12
8
2
5
6
5
4
5
2
3
6
6
4
5
6
6
1
2
0
-1
0
1
1
1
-1
-1
0
1
3
4
4
0
2
3
1
2
-2
-2
-2
-2
-4
-2
-2
-4
-9
-12
-8
-7
-10
-17
-15
-14
-11
-10
-11
-15
-15
-21
-20
-11
-16
-14
-8
-7
-8
-8
-6
-7
-8
-7
-10
-4
-7
-13
-11
-13
-9
-9
-9
-10
-12
-10
-10
-10
-11
-15
-14
-13
-15
-15
-16
-12
-9
-9
-7
-8
-10
-11
-9
-10
-10
-8
-9
-5
-5
-6
-7
-2
-1
-4
0
1
-9
-10
3
0
-6
-7
-6
-5
-3
-5
-2
-2
-3
-2
-4
-4
-3
-2
-2
-1
2
1
1
-1
2
5
0
1
0
4
3
2
6
4
6
4
4
7
5
8
11
11
10
2
2
4
5
4
5
9
3
7
7
9
15
11
4
7
4
1
5
8
8
7
7
7
7
4
7
6
7
3
5
4
1
0
1
1
-1
2
-2
2
1
2
-1
0
1
0
-1
-3
1
0
0
1
3
3
5
3
6
5
4
4
3
4
8
12
14
5
7
8
4
4
1
1
1
-1
0
5
4
2
3
6
4
5
4
7
8
5
7
3
3
4
8
8
8
10
11
15
12
13
7
8
11
8
9
13
12
11
12
10
12
10
9
14
12
9
5
7
1
7
17
8
4
4
10
12
12
11
7
10
10
9
8
8
7
8
8
9
7
7
4
3
6
7
3
0
2
5
5
2
6
2
-1
-1
3
2
3
-1
-1
1
1
2
2
6
4
-2
-4
1
-1
-1
-4
1
-6
-10
-4
-7
-3
-3
-1
-3
-3
-3
-5
-2
-5
-5
-3
-6
-5
-5
-2
-4
-9
-5
-4
-2
-1
-2
-3
-4
-2
0
-3
-2
-3
-2
-1
-2
2
2
-1
-3
-5
-3
-1
-2
-7
-7
-8
-6
-4
-7
-10
-7
-4
-7
-16
-5
-4
-9
-1
1
-1
0
0
2
1
1
-1
-2
3
2
-1
-3
-2
0
1
-1
-1
-1
0
4
2
0
-1
0
-2
-4
-2
-2
-1
6
5
5
5
2
4
-1
0
1
-2
0
-1
-3
4
6
7
0
3
7
1
0
7
7
-1
1
1
-1
2
2
-4
0
4
1
2
1
-1
0
-3
-1
-3
-2
-4
-5
-2
-2
-8
-12
-8
-11
-9
-8
-9
-13
-11
-11
-13
-6
-4
-7
-5
-13
-15
-11
-10
-10
-14
-11
-5
-5
-6
-7
-6
-6
-6
-5
-7
-9
-13
-12
-12
-10
-7
-9
-10
-9
-10
-10
-7
-12
-6
-11
-8
-5
-9
-8
-8
-11
-10
-8
-6
-7
-5
-3
-7
-6
-7
-7
-6
-6
-4
-2
-3
-5
0
2
2
5
5
7
4
5
6
5
8
13
20
11
7
4
7
10
4
2
2
1
-2
1
4
0
2
1
3
4
-1
3
1
-1
2
3
3
1
2
4
6
9
7
8
9
3
3
1
3
4
4
4
7
5
4
7
8
3
1
0
1
-4
-5
-4
-3
3
2
6
-2
-2
1
7
4
0
-1
1
3
-1
0
-3
-2
0
1
1
-2
-1
-4
-3
-1
-2
0
0
0
-2
-1
0
-1
-1
-6
-5
-3
-5
-9
-4
-8
-1
-6
-8
-3
-3
3
-5
-5
-2
-2
-4
-7
-5
-9
-9
-5
-7
-8
-3
-6
-7
-6
-8
-4
-3
-5
-8
-4
-7
-7
-6
-5
-5
-6
-4
-3
0
-1
-4
-4
-3
-2
-2
0
-2
-1
-2
0
-2
-1
-1
-2
0
-6
-3
-8
-8
-5
-9
-9
-7
-3
-5
-10
-14
-13
-17
-16
-6
-6
-5
-4
-8
-9
-6
-2
-3
-2
-3
-7
0
-4
-5
-3
-6
-8
-7
-6
-6
-8
-6
-8
-7
-7
-9
-13
-15
-16
-16
-19
-18
-14
-14
-12
-16
-14
-17
-18
-15
-15
-15
-17
-13
-14
-18
-14
-13
-15
-16
-13
-12
-24
-17
-13
-16
-19
-20
-21
-21
-17
-17
-14
-18
-17
-14
-17
-16
-16
-19
-15
-14
-16
-14
-17
-15
-14
-13
-16
-20
-18
-16
-12
-15
-12
-15
-14
-11
-12
-11
-8
-11
-12
-8
-8
-8
-14
-18
-13
-11
-11
-9
-9
-2
-4
-4
-7
0
-3
-9
-6
-7
-8
-6
-5
-5
-4
-1
0
-3
-3
-5
-3
-6
-5
-1
-3
-5
-7
-5
-3
-4
-4
-5
-6
0
-2
-2
-1
-1
1
-2
0
0
2
2
-2
-1
5
7
3
4
7
4
4
3
6
10
13
6
7
7
0
2
1
-4
-7
-6
0
-1
-3
-6
-4
-5
-4
0
-3
-1
-1
-1
-3
-7
-4
-1
-3
1
4
3
5
8
3
2
3
-3
-2
-1
-1
-2
1
5
4
6
6
5
1
1
2
-2
-2
-4
-4
9
11
2
-4
-2
1
4
5
2
2
4
2
2
3
1
6
3
2
3
4
4
5
3
4
4
4
4
3
6
10
6
5
7
4
3
6
5
5
4
4
2
4
1
-1
3
3
8
6
4
3
-2
3
4
-4
3
2
-1
-2
-2
0
-1
-1
-1
-2
-4
-3
-2
-3
-4
-3
-3
-2
-4
-4
-4
-1
-1
-2
-3
-2
-3
-5
-5
-4
-6
-4
-1
-7
-5
-6
-8
-6
-9
-10
-4
-11
-12
-10
-11
-12
-14
-14
-12
-11
-14
-16
-25
-19
-12
-14
-9
-14
-11
-10
-7
-5
-4
-4
-7
-10
-9
-4
-6
-9
-7
-8
-8
-8
-7
-7
-8
-9
-8
-9
-9
-11
-11
-12
-13
-14
-15
-11
-10
-8
-9
-10
-10
-12
-12
-13
-14
-11
-11
-13
-12
-11
-5
-7
-7
0
-1
-10
-7
-1
-5
-10
-4
-5
-4
-4
-7
-6
-6
-5
-5
-2
-1
-1
-1
0
1
0
0
-2
-2
0
-2
-1
-3
-5
-2
-2
-4
-2
-3
-3
-5
-7
-4
0
0
0
-9
-8
-5
-3
-5
-7
2
-4
-1
0
4
5
3
1
-1
-4
-4
-3
-4
-1
-3
-2
1
0
-2
-5
-3
-2
-4
0
-1
-1
