-1
5
2
0
2
4
7
8
8
2
1
4
3
4
3
0
5
5
7
5
0
-2
-3
-4
-1
0
-4
-5
-5
-9
-12
-7
-8
-7
-2
0
-2
-7
-4
-4
-7
-8
-4
-7
-4
-2
-7
-4
-2
-5
-4
-3
-6
-6
4
3
3
6
4
6
8
6
6
5
6
11
9
11
9
6
8
3
5
3
0
4
2
8
3
1
2
0
0
-3
-6
-5
-4
-1
2
-1
-1
4
5
4
6
9
10
-1
-4
-4
-8
-4
-2
-6
-8
-8
-3
-2
-5
-10
-4
-1
-3
-2
-1
4
-3
-9
-5
-6
-6
-8
-11
-4
-7
-1
-2
-4
-1
-2
0
5
6
0
0
4
-3
-6
-3
-4
1
2
-4
0
4
8
8
9
13
12
10
10
12
9
0
-4
-1
-2
-2
-2
2
3
0
3
3
7
9
5
6
2
-2
3
-2
-1
-2
0
3
0
2
0
4
3
-2
2
0
-1
-1
-2
-6
-4
-1
-5
-6
-7
-6
-4
-9
-4
-6
-5
0
-1
2
-1
2
-1
-9
-9
-11
-7
-4
-5
-5
-3
0
2
3
-2
-5
-3
-2
-2
-7
-5
-4
-3
-2
-6
-6
-5
-7
0
7
9
12
9
3
9
12
9
6
6
9
8
7
2
2
4
1
7
7
3
6
8
16
12
8
5
7
10
4
6
0
-4
-3
0
4
0
3
3
4
3
-1
-3
-2
-1
-6
-9
-13
-14
-14
-10
-11
-10
-3
-7
-4
-3
-4
-6
-9
-4
-5
-2
-3
-8
-7
-8
-7
-6
-9
-3
1
-1
3
4
-1
-6
0
-1
-3
1
-4
-6
2
1
2
4
2
8
6
1
2
7
8
4
5
3
5
7
1
2
-1
-7
-7
-6
-4
1
2
3
4
4
4
3
11
12
14
8
10
12
6
6
3
-2
-1
2
5
3
6
11
9
9
2
-1
2
-2
-5
-4
-6
-8
-4
-4
-6
-6
-5
0
-2
-2
-6
-8
-1
-4
-4
1
-6
-10
-5
-6
-10
-10
-10
-1
-3
-9
-3
0
-3
-2
-3
-4
-4
-5
-4
-4
-3
-2
0
6
9
5
0
9
9
1
-2
-3
-3
-7
-3
-1
-1
5
-2
-3
3
2
0
-1
6
6
9
8
5
8
8
-2
-1
3
-2
2
5
4
6
6
9
6
4
7
5
2
1
3
1
4
5
2
5
7
4
3
4
3
6
4
0
-1
-4
-4
-4
-7
-10
-10
-9
-10
-6
-3
-4
-2
-6
-10
-12
-12
-10
-14
-19
-12
-7
-5
1
3
1
7
7
2
-3
-3
1
-4
-4
-2
0
0
1
6
7
7
6
4
5
4
2
5
6
10
7
4
4
6
4
2
3
-2
-5
-6
-6
-4
-1
-3
-3
4
-1
2
0
-5
1
3
1
-1
0
1
3
3
0
4
10
12
10
4
4
-2
1
-3
-6
4
1
-4
-5
-5
3
-3
-1
2
3
8
7
7
6
6
3
4
5
2
3
0
-4
-2
-4
-6
-5
-3
-7
-10
-6
-7
-11
-8
-12
-14
-9
-9
-7
-9
-9
-10
-14
-9
-6
-6
-9
-9
-3
-1
0
1
5
5
6
5
4
3
3
0
-2
4
3
4
9
8
15
10
8
10
6
10
8
10
7
4
6
4
5
6
4
4
6
8
8
7
8
10
6
7
6
0
8
5
0
4
3
3
1
-1
1
1
-2
3
-1
0
-2
-6
-6
-8
-10
-11
-7
-7
-13
-13
-11
-12
-15
-12
-13
-15
-10
-11
-10
-10
-12
-15
-10
-3
-9
-6
-3
-4
-4
-3
1
1
-1
0
1
2
4
2
4
4
1
-1
2
5
5
5
6
12
10
7
7
10
15
13
7
6
3
3
4
4
6
9
13
14
12
18
19
10
9
10
8
3
-1
4
-2
-6
0
-1
3
2
0
4
5
6
2
1
-4
-6
-6
-8
-9
-9
-16
-15
-12
-13
-15
-19
-17
-12
-15
-8
-5
-6
-3
1
0
-1
3
-6
-10
-8
-14
-9
-4
-5
-5
-3
1
-1
-2
-1
-3
-5
-5
2
6
2
2
11
12
8
10
8
9
14
7
5
6
5
12
10
16
17
9
10
11
5
5
7
8
9
4
6
5
1
2
-2
3
2
1
10
7
11
8
4
0
-5
-1
-10
-11
-11
-12
-11
-8
-12
-15
-10
-9
-10
-10
-10
-8
-7
-5
-8
-11
-11
-10
-14
-10
-5
-5
-4
-4
-4
-2
3
2
2
4
5
3
2
2
-1
0
-2
-1
0
-2
0
3
5
10
7
4
5
13
13
10
12
5
4
0
0
2
3
5
4
4
6
5
3
10
9
10
11
7
1
-3
-2
-1
3
-4
-3
3
-3
2
-1
-4
2
-3
0
3
-2
-1
-2
-4
-4
-8
-6
-6
-10
-8
-1
-3
-3
1
5
7
1
-2
1
-2
-5
-3
-7
-3
-3
-6
-8
-7
-3
-6
-7
-10
-5
-7
-5
0
-1
-2
3
7
-1
-3
-4
1
-4
-3
2
-2
2
0
4
5
5
5
12
11
7
10
3
-1
-2
-2
0
-5
-2
-2
0
6
6
5
7
8
12
12
2
0
-2
-4
-4
-4
-2
-4
-2
1
-1
-4
-4
-1
-1
0
0
-2
-3
-5
-2
0
-2
-4
-4
-3
-5
-5
-5
-7
-6
-1
4
4
6
6
4
6
2
2
8
5
5
10
5
6
3
2
4
4
4
-2
-4
-2
-5
-3
-3
3
5
4
3
3
9
1
-2
3
1
-2
-2
-4
-1
-2
-6
-4
-1
-1
-9
-5
-5
-2
-1
-7
0
-3
-6
-1
-5
-6
-4
-6
-6
-6
-8
-3
0
-2
1
0
-1
4
5
4
5
2
-2
-8
-6
-8
-8
-6
-8
-3
2
2
7
8
9
4
1
2
4
7
6
9
6
1
-6
-1
1
1
5
4
4
3
0
6
7
4
5
6
7
6
9
2
2
2
-4
-5
0
1
-2
-1
-2
-2
-3
-4
-7
-5
-4
-2
-1
-6
-3
-3
-2
-3
-5
0
1
0
1
3
2
-2
1
-2
-4
0
-2
-3
0
5
5
-3
0
2
0
2
2
-2
-4
-5
-8
-6
-4
-4
5
6
1
9
4
3
2
7
14
7
7
3
-1
-7
-6
-7
-7
-2
-5
-3
0
2
3
1
5
2
-3
-6
-6
-8
-9
-9
-7
-6
-2
1
-2
-4
0
-1
-1
3
3
-1
-2
-5
-7
-5
-3
-2
-2
-1
-2
3
8
5
10
12
12
15
16
10
11
7
3
5
2
0
-4
-1
-2
-2
1
-2
4
4
4
8
6
1
-2
1
-2
-5
-2
-3
0
0
2
2
2
1
-2
-4
-5
-6
-3
-5
-6
-5
-3
-2
-1
-3
-6
-3
-4
-3
-1
1
7
2
-2
1
-1
2
0
-5
-7
-10
-5
-5
-4
-1
-3
-2
-1
-1
-2
-4
0
0
4
2
5
-1
-6
0
-5
-4
-2
-3
-1
2
3
1
4
10
11
11
10
12
3
-1
4
1
1
-3
0
3
0
8
12
8
5
8
3
-1
0
1
-2
-3
-5
-8
-7
-4
-2
3
7
3
2
6
3
1
0
-5
-3
-6
-7
-12
-6
-2
-6
-2
-3
-4
-7
-3
2
5
4
1
1
-6
-6
-3
-4
-1
-6
-7
-3
-3
-2
-4
-4
-5
1
5
1
-1
3
3
4
4
-2
0
-2
-3
-2
-1
3
7
11
13
10
14
10
2
-1
-1
3
1
-1
0
4
0
-5
-5
-5
-1
3
6
8
3
6
5
3
2
-2
-5
-5
-3
-2
-3
-6
-1
2
3
8
7
-2
-3
-2
-7
-4
-4
-6
-6
-2
-1
-1
-3
-2
1
0
2
2
0
3
-3
-6
2
-3
-7
-4
-9
-3
-7
-7
-2
-5
-4
0
2
-1
0
0
-2
-6
-4
-1
3
7
5
3
4
7
8
8
3
3
8
5
2
0
-3
-3
-4
-2
1
1
4
3
0
4
5
4
7
4
2
-5
-3
6
1
1
2
5
3
0
4
2
3
3
6
2
2
4
-3
-3
-4
-5
-1
-6
-8
-4
0
-2
-5
-1
-2
-4
-7
-8
-8
-10
-7
-6
-2
1
-4
-5
3
4
1
7
3
2
8
1
-2
-3
-4
-2
-8
-5
2
-2
0
-2
-4
3
3
4
5
6
4
2
-2
-3
-2
-9
-7
-2
2
4
-1
4
3
0
1
5
10
5
6
8
6
2
1
4
6
8
4
-1
-3
0
4
3
3
3
4
8
3
3
4
-1
-5
-8
-12
-6
-4
-7
-5
-6
-4
0
-4
1
5
3
2
-1
-1
-1
-2
-4
-4
-4
-8
-5
-2
-2
0
7
7
6
3
-2
0
0
1
-4
-6
-4
-10
-6
-1
-8
0
0
-1
3
-4
-4
1
3
-2
-2
1
-3
-5
-4
0
4
0
3
4
3
1
0
0
2
3
1
-2
2
8
0
-6
-1
-1
-3
1
-1
-1
7
10
7
5
10
13
8
11
11
7
6
3
0
3
0
-3
-2
1
5
7
5
4
7
3
-3
-3
-1
2
-5
-9
-8
-4
-7
-6
-3
-4
-3
-5
-3
-5
-3
-5
-8
-6
-11
-11
-10
-14
-10
-8
-10
-10
-7
-3
0
-2
1
3
4
6
0
1
3
0
3
3
-2
-5
-3
-3
-5
5
10
9
8
9
15
10
7
4
0
0
-6
-4
-3
-3
1
6
13
9
4
8
10
7
10
9
3
7
7
-1
-1
0
-2
3
3
1
4
3
-2
2
3
-2
-5
-9
2
0
-6
-6
-7
-7
-6
-1
-1
9
9
3
-2
-5
-1
-5
-3
-5
-6
-10
-8
-8
-12
-3
-5
-8
-7
-5
2
1
1
4
2
-1
-2
-4
-4
2
-1
-3
-1
-3
3
3
-1
2
6
5
-4
-5
-1
-2
-5
-6
0
-3
-3
0
1
0
4
3
2
10
4
4
4
8
7
4
6
7
5
6
3
1
1
-3
4
6
5
7
6
4
5
2
2
2
-1
-1
0
3
1
4
2
-5
3
6
1
1
-6
-6
-3
-4
-4
-4
0
3
-4
-1
-2
0
6
-1
-1
-2
-4
-3
-10
-10
-10
-8
-8
-10
-4
0
1
-5
-3
-1
0
-1
-4
-1
-7
-6
-4
-3
-3
-2
2
-1
3
4
4
3
4
5
7
6
0
3
5
2
1
1
0
-5
-6
-2
2
2
5
9
4
4
6
5
5
0
-3
0
6
6
2
3
3
3
4
5
2
-2
1
0
-2
1
0
1
1
0
1
-3
-6
-3
-4
-4
-2
6
1
-2
-2
-10
-5
-4
-4
-2
-4
-2
-2
0
6
2
5
7
6
1
-7
-6
-5
-5
-6
-11
-3
-5
-9
-3
-3
-2
-1
-1
-3
3
-1
-2
1
-2
-8
-8
0
1
4
7
7
5
3
3
5
6
3
3
3
7
6
2
8
3
3
7
4
1
2
0
4
3
-2
4
3
5
2
2
4
3
5
2
1
4
-3
-4
-1
-11
-9
-6
-5
0
2
4
-1
-4
-1
-5
-7
-7
-7
-6
-9
-5
-3
-3
-3
1
3
3
1
-5
-8
-2
-3
-2
1
0
-1
2
2
-1
-2
0
-1
2
2
1
5
2
3
2
-1
3
0
1
0
-8
-2
-2
-2
2
2
3
-1
-2
-2
-6
-7
0
1
6
9
8
7
-2
-2
-1
-3
-1
2
2
4
7
9
9
13
10
3
-1
-2
0
1
-1
3
4
2
5
7
3
5
10
4
2
-6
-2
0
-2
7
0
-4
-4
-9
-9
-5
-12
-10
-5
-11
-6
0
-1
-1
0
-3
-7
-10
-7
-11
-9
-8
-14
-5
-2
3
6
-1
-3
-5
-1
-5
-6
-3
-6
-5
0
1
3
6
4
-1
8
12
1
2
7
3
10
10
2
8
11
7
8
2
2
12
9
4
4
5
6
2
1
10
8
9
1
0
2
-5
2
3
1
-1
0
-1
2
2
0
0
1
1
2
-2
-11
-8
-10
-6
-3
-2
0
-1
2
4
-1
-6
-4
-7
-10
-11
-13
-7
-6
-11
-9
-5
-10
-9
-7
0
3
-5
-5
-5
-10
-17
-13
-14
-13
-2
-2
-1
2
1
-5
1
8
18
20
17
22
21
16
15
11
8
10
3
3
3
4
2
7
12
8
11
7
12
9
-2
-1
-1
-1
-6
-5
-2
-4
-10
-10
-2
7
0
-4
11
5
-3
-1
-7
-1
1
-6
-8
-8
-4
-1
-2
-2
-5
-4
-5
-3
-6
-10
-4
-2
-2
-7
-13
-7
-2
-5
-11
-13
-1
7
-8
-8
-7
-5
-3
-6
-6
3
4
0
-4
-5
0
-3
4
15
10
3
5
6
8
16
25
20
4
0
0
4
8
4
10
8
2
-8
-4
10
7
-3
-2
2
5
3
3
6
2
-8
-11
-4
-1
1
0
1
1
-4
-12
-7
5
-2
-10
-10
-9
-11
-4
-9
-5
-6
-11
-11
-8
1
-1
7
4
2
5
0
6
3
5
14
4
1
9
14
5
-1
4
-3
-1
5
5
11
3
1
4
-5
-6
-8
-3
0
-3
-1
-3
-7
-6
0
2
0
0
3
11
4
1
3
-4
-6
-11
-5
-3
-5
8
7
-3
-3
6
10
-3
-8
3
-1
-4
3
10
3
-9
-7
-13
-18
-13
-10
-11
-10
-2
1
3
3
3
-4
-8
-11
-16
-5
8
9
9
7
9
9
7
10
13
10
5
10
23
26
21
10
-2
-7
-7
2
4
8
15
9
1
-1
1
-2
0
-5
-1
-3
-11
-5
-4
-14
-17
-18
-20
-7
-6
-10
-1
0
-1
-2
-6
-17
-7
-5
-12
-6
-10
-2
6
3
5
9
2
5
13
10
7
3
2
5
0
-2
-2
-2
1
0
-2
1
2
-1
3
1
-5
-7
-4
-2
-4
0
4
6
6
5
10
5
4
5
5
10
3
6
1
3
3
-4
2
0
-1
1
-3
-3
2
5
8
8
4
-6
-6
-10
-4
4
-3
-1
-3
-4
-9
-18
-2
1
-12
-3
-3
-7
-4
-10
-17
-17
-14
-20
-12
-6
-8
-2
-7
-1
15
11
11
19
19
19
11
10
15
11
4
4
7
5
10
12
8
6
3
4
5
5
-1
1
-2
-6
-8
-9
-1
-5
-9
-9
-7
-4
7
11
8
11
8
7
6
1
-4
-4
-9
-12
-14
-4
-5
-2
5
-2
0
-3
2
4
2
0
-3
-6
-8
-2
-7
-8
-14
-17
-10
-5
1
-2
2
5
1
-2
2
1
-8
3
-4
-11
1
-2
-5
-5
0
6
4
2
3
-1
4
7
-1
7
13
9
5
10
12
11
6
-1
-3
-7
-6
-1
3
10
16
3
6
15
7
10
12
8
4
-3
-6
-9
-6
-2
-4
4
3
9
6
2
6
0
6
3
-4
1
-6
-11
-7
-10
-16
-10
-2
-2
-2
-3
-2
0
-5
-1
3
-1
-6
-7
-10
-12
-8
-14
-12
-10
-11
-7
-13
-10
0
1
-3
-1
4
5
-1
-3
-6
-10
-7
-4
-2
-4
1
4
1
10
19
10
11
11
12
19
13
12
10
8
8
7
-1
-1
0
0
5
5
14
15
14
15
13
13
3
0
-5
-9
-9
-7
-1
-1
0
-1
-4
3
10
-1
-5
0
-2
0
-7
-7
-8
-9
-4
-6
1
0
0
-4
-14
-6
-9
-12
-7
-7
-7
-10
-11
-6
-8
-8
-5
-14
-13
-11
-9
-3
11
14
3
6
10
-1
2
12
1
4
12
0
6
5
-4
1
-3
-10
4
10
-5
0
-2
-9
7
7
-1
10
2
2
13
-1
-2
8
11
17
19
10
12
13
8
7
6
7
4
-4
-2
2
1
2
6
-1
-8
-8
-12
-14
-16
-15
-11
-11
-13
-8
-6
-9
-3
-6
-14
-8
-10
-3
3
-2
-4
-1
-5
4
4
-3
5
6
-2
2
13
12
15
12
-5
-6
-1
-2
-1
0
-1
3
-2
-1
9
8
9
7
4
2
5
4
-3
-6
-7
-9
-14
-12
-7
-7
-3
0
-2
9
7
15
23
9
14
11
9
6
-1
-1
-5
-4
-2
1
-2
-5
4
4
-4
-3
5
-1
-2
-4
-13
-10
-12
-18
-8
-9
-9
-7
-5
1
4
3
8
13
5
1
5
3
2
1
4
2
-5
-5
-4
1
0
-4
1
10
3
-1
6
7
4
1
1
1
0
-3
-4
-5
-13
-6
2
-1
6
6
4
0
4
1
-5
1
-3
-6
-8
-9
-10
-3
4
-1
3
-2
-6
0
-1
1
6
7
9
7
0
-2
1
-4
0
6
2
-1
0
-2
1
4
5
8
8
4
4
3
-3
-9
-12
-5
-5
-6
-4
1
1
-2
3
-1
-1
1
1
2
2
4
0
-4
-7
-2
-5
-5
8
12
10
17
17
7
2
2
5
8
9
8
6
10
3
2
3
-7
-1
4
1
3
0
-11
-7
-7
-22
-15
-12
-21
-18
-16
-21
-16
-15
-15
-4
0
-5
0
0
1
-2
-12
-8
-11
-6
-1
4
7
9
10
7
2
2
3
5
9
11
13
17
15
14
8
5
4
1
3
1
-1
5
10
5
6
6
4
11
10
5
4
-2
-5
2
2
0
-8
-11
-4
-3
3
7
8
10
3
5
9
4
1
0
-3
-6
-7
-6
-14
-16
-14
-15
-9
-13
-10
4
2
5
16
8
3
8
1
-1
-4
-19
-20
-10
-12
-14
-15
-8
3
1
1
-1
-1
-3
-5
-1
4
3
-6
-2
-1
2
4
-8
2
5
3
6
5
8
11
10
4
5
5
-2
-5
-3
0
2
6
4
9
10
6
7
10
11
9
12
8
7
6
1
1
4
-4
-6
-5
-4
-3
-7
-8
-7
-3
-1
6
5
-2
-6
-5
2
6
4
7
-3
-9
-5
-13
-15
-10
-9
-9
4
2
1
4
-4
3
13
11
6
10
0
-9
-11
-18
-12
-13
-19
-15
-13
-13
-11
-4
-6
1
8
4
6
6
1
-4
-5
-6
-4
-3
2
7
8
19
21
16
16
14
17
18
17
10
10
13
5
4
-2
-3
0
-5
-3
-2
-5
0
1
-3
1
5
-1
0
-4
-5
-6
-8
-4
-4
-4
-8
-4
0
-4
-1
2
3
5
2
-1
-2
1
-3
-3
-7
-12
-12
-19
-15
-6
-4
-3
0
-1
5
1
-5
3
0
2
7
4
-5
1
0
-9
4
0
-4
1
-9
-4
8
2
6
10
3
9
6
4
5
0
-4
-3
-4
-5
-3
-5
-3
9
10
9
14
9
14
12
3
2
0
-4
-7
-7
-6
-5
-2
0
11
8
5
11
0
2
8
8
4
2
-1
-9
-2
-7
-4
2
1
3
4
1
0
0
-1
-5
-7
-11
-6
-6
-7
-2
-3
0
-2
-7
-6
-10
-10
-4
-5
-4
-6
-4
-7
-5
1
-3
1
-1
-4
-5
-9
-7
-10
-10
-2
-1
2
6
6
11
5
5
8
11
10
7
5
6
5
5
7
3
8
12
13
13
11
16
7
-3
5
4
0
-3
-7
-1
-3
-4
-1
-4
-5
2
8
6
0
-6
-8
-15
-14
-11
2
15
8
1
-1
0
-12
-16
-5
-4
2
1
-2
0
-4
-7
-4
-6
-7
-5
-9
-14
-9
-11
-16
-1
-1
0
5
1
1
0
1
1
1
3
5
6
10
8
9
8
6
4
1
0
3
1
1
8
5
0
6
12
12
8
6
8
7
10
14
7
4
5
-3
-3
-2
-4
0
-2
-8
-2
-2
1
1
-3
-2
-9
-8
-9
-14
-8
-5
-5
-4
-1
1
-4
-6
-3
-5
-6
-10
-12
-5
-8
-9
-8
-9
-13
-9
-11
-6
-6
-10
-5
-6
-1
6
9
1
-2
6
1
5
3
2
9
8
7
7
12
16
16
17
20
17
13
8
4
4
0
2
1
4
3
5
4
2
7
3
5
8
8
9
10
5
-1
1
-6
-1
3
-4
-4
-7
-5
-7
-8
-3
-3
-4
-4
-8
-4
-6
-9
-9
-9
-13
-15
-11
-17
-15
-10
-6
-5
-5
4
5
1
-2
1
-3
-8
-8
-6
-5
-7
-3
-6
-9
-1
-1
5
7
3
12
7
5
3
-3
4
3
2
6
6
5
5
5
4
4
2
-1
1
4
9
11
8
10
7
4
5
4
1
1
2
4
6
1
3
8
7
3
6
2
1
0
-2
-2
-10
-5
-3
-9
-7
-6
-7
-3
-3
-5
5
5
-1
0
3
8
8
-1
-5
-4
-10
-4
0
-4
1
3
-1
1
5
2
0
0
-4
-9
-2
-1
-9
-5
-2
-2
-7
-6
-3
-5
-1
-2
-4
2
2
2
3
-4
-5
-8
-6
-4
-4
-1
-2
-3
-2
-6
-5
0
-1
3
6
4
2
1
3
1
2
-3
-2
2
3
6
1
3
8
4
2
2
4
6
6
5
-2
1
9
2
-2
3
4
6
0
-1
-1
3
13
12
3
3
3
-1
-2
-5
-4
-1
3
5
2
5
8
7
7
6
3
0
3
2
2
-1
-4
-3
-2
-9
-11
-13
-13
-7
-4
-5
-6
-2
-5
-8
-9
-8
-5
0
-6
-11
-8
-8
-2
-4
-4
0
0
-2
-5
5
-2
-7
-4
-2
-1
-2
-1
1
1
-1
1
2
1
4
1
-1
1
-2
0
-4
2
7
0
5
8
6
8
11
9
3
3
2
2
3
7
9
8
6
7
11
9
8
6
10
10
12
13
9
8
4
5
4
0
3
5
5
5
8
9
4
-2
0
-1
-8
-7
-13
-17
-18
-21
-20
-24
-16
-20
-17
-11
-13
-5
-2
-3
1
-4
-5
-13
-14
-7
-13
-10
-7
-8
-1
-2
-5
-5
-3
1
1
4
9
9
3
-1
-3
-6
0
5
-1
-2
5
4
7
10
10
10
11
7
11
12
9
7
5
5
8
7
3
1
3
4
6
6
11
16
15
22
23
18
14
11
5
6
3
3
2
-1
1
-2
-4
-1
2
2
2
-1
0
-4
-5
-1
-11
-15
-17
-18
-19
-21
-15
-24
-24
-16
-12
-14
-15
-11
-10
-11
-9
-7
-9
-15
-19
-14
-18
-17
-8
-9
-5
-3
-7
3
8
6
11
7
6
13
8
10
7
9
11
6
8
11
12
13
15
19
20
22
20
16
19
19
19
17
10
10
7
5
5
5
12
8
11
13
11
12
0
0
3
-3
-10
-15
-17
-12
-12
-16
-10
-4
-5
-13
-12
-8
-10
-14
-16
-12
-17
-18
-16
-17
-17
-19
-19
-16
-9
-6
-7
-6
-4
0
0
1
-3
-4
-6
-9
-3
-3
-8
-2
-3
-3
2
6
9
14
12
14
13
12
17
7
8
14
12
14
10
13
15
19
20
21
23
20
7
8
13
8
4
2
3
1
-1
-3
-3
-8
-6
-3
-1
0
-11
-12
-17
-22
-18
-13
-11
-14
-15
-7
-1
-16
-6
3
-3
4
5
0
2
2
-7
-3
-6
-10
1
0
-3
4
-1
0
2
-10
-6
1
-6
-10
-9
-8
-7
-11
-8
-7
-8
-13
-14
-3
-1
6
9
8
8
5
15
14
9
21
24
14
12
15
20
27
29
21
16
23
21
20
17
3
4
-5
-21
-11
-8
-10
-4
-9
-8
-16
-27
-13
-6
-9
-9
-15
-10
-9
-17
-12
-14
-15
2
-2
-8
-8
-11
-15
-7
-5
-8
0
1
2
8
2
4
8
0
9
14
9
9
14
6
6
7
-1
1
-7
-6
-3
-6
-6
-7
-4
0
-4
-5
0
-1
0
8
10
7
6
3
-3
-3
-3
1
5
6
9
18
22
18
14
7
7
8
3
1
2
-4
-7
-8
-12
-10
-5
-9
-8
-4
-5
-6
-7
-4
-1
5
8
8
3
4
4
-2
-4
-5
-4
-1
-4
-4
0
-1
0
-1
-1
0
-2
-2
1
5
-2
4
3
2
4
2
2
0
1
-3
0
4
3
0
0
1
-3
-3
-6
0
-3
-6
-2
-4
-4
-2
-4
0
-1
-1
0
2
3
1
3
-4
-1
1
-7
-8
-6
-7
-8
-9
-11
-12
-10
-3
1
-3
-3
0
1
5
10
7
7
3
5
3
-6
-4
-1
-3
-1
5
6
6
6
15
14
12
15
13
10
5
6
5
5
-2
-6
-1
6
15
18
18
18
12
11
12
9
6
0
-1
-10
-15
-9
-13
-8
-5
-4
-4
1
4
-2
2
-7
-8
-7
-13
-13
-20
-22
-21
-22
-17
-16
-9
-10
-2
4
-2
5
9
4
0
-9
-11
-11
-14
-13
-5
-4
-3
-4
-8
0
1
3
4
1
3
4
1
4
3
-4
-1
0
6
11
8
12
18
19
19
18
16
12
11
14
12
5
3
6
9
11
18
15
10
8
9
7
5
6
4
2
1
-6
-5
-9
-15
-14
-17
-15
-13
-10
-11
-13
-5
3
5
2
-1
-4
-14
-22
-19
-12
-12
-7
-1
-1
0
1
-2
-3
0
-8
0
7
0
-1
-4
-5
-8
-6
-7
-3
-4
-6
-3
-8
-1
5
-3
5
10
8
9
8
7
4
7
6
2
5
6
2
3
3
5
9
1
4
5
3
7
1
0
1
3
4
-2
-2
1
4
3
0
7
5
7
10
6
9
8
3
7
6
1
3
5
1
-3
3
2
-1
-9
-9
-6
-9
-7
-5
-2
-5
-6
-3
-4
-7
-9
-9
-9
-13
-15
-11
-11
-13
-8
-8
-9
-1
-2
-3
0
1
2
4
1
1
3
-1
-7
-8
-1
-2
-1
2
2
5
6
11
9
4
8
9
7
2
0
1
5
13
9
7
6
6
10
16
9
13
26
14
15
19
6
1
9
-2
-8
1
-15
-15
-4
-12
-13
-6
-18
-12
-3
-14
-9
-9
-14
-7
-1
-5
-5
-8
-10
-3
-1
-4
1
2
-1
-1
0
6
5
4
5
-5
-6
-5
-8
-4
-5
-7
-3
-4
-3
-3
-2
-2
-3
4
1
-4
0
4
8
6
10
10
5
6
6
2
1
6
6
5
9
6
10
13
10
11
10
10
8
5
-1
1
5
8
7
4
10
10
12
16
20
20
20
18
16
9
2
1
-6
-10
-14
-18
-16
-16
-14
-11
-11
-12
-6
-7
-7
-12
-14
-13
-21
-27
-28
-29
-34
-29
-26
-24
-19
-21
-18
-15
-12
-13
-8
-7
-9
1
-5
-10
-5
-8
-6
-6
-2
6
8
9
11
10
8
9
10
13
11
10
10
2
3
13
12
15
17
14
19
14
22
27
23
28
23
26
36
29
30
34
26
23
21
18
16
13
12
15
16
13
9
2
4
12
2
-4
-6
-8
-13
-15
-7
-5
-6
-3
-7
-7
-5
-6
-8
-8
-11
-8
-11
-17
-13
-8
-10
-8
-3
-4
-5
-12
-18
-14
-22
-31
-36
-43
-41
-50
-60
-68
-66
-63
-65
-58
-50
-39
-32
-30
-23
-14
-5
-2
11
19
17
27
25
24
21
16
17
10
6
4
-2
-1
-3
-3
-7
-9
-5
-1
2
5
11
10
19
30
40
56
72
77
85
89
92
92
89
89
73
65
60
51
48
42
39
34
29
22
20
14
11
9
2
-2
-10
-17
-14
-15
-21
-22
-25
-28
-32
-41
-41
-40
-43
-47
-48
-50
-47
-47
-55
-52
-46
-45
-46
-40
-29
-29
-28
-24
-21
-21
-23
-24
-26
-28
-37
-38
-40
-41
-43
-38
-37
-37
-22
-10
0
3
-2
-7
-14
-30
-39
-40
-54
-68
-82
-80
-61
-57
-48
-27
-6
5
16
30
47
61
61
59
63
72
74
81
98
116
124
135
155
174
180
173
171
152
119
92
61
35
11
-27
-44
-48
-55
-51
-46
-35
-26
-22
-8
1
4
11
2
-14
-16
-14
-20
-25
-30
-16
-5
-4
3
14
15
3
-7
-21
-41
-64
-83
-99
-117
-128
-128
-128
-124
-108
-96
-90
-79
-68
-54
-48
-38
-30
-45
-44
-39
-26
0
24
62
98
146
192
283
391
412
458
470
465
510
480
444
387
284
228
212
174
44
-97
-174
-271
-444
-689
-836
-920
-1182
-1419
-1524
-1488
-1369
-1441
-1430
-1158
-829
-531
-346
-95
294
658
861
1005
1332
1665
1870
1921
1954
2299
2553
2477
2402
2360
2430
2390
2089
1843
1568
1292
1096
772
354
42
-98
-307
-696
-927
-863
-831
-1097
-1282
-1064
-851
-886
-946
-811
-594
-563
-628
-608
-511
-446
-511
-652
-679
-552
-544
-743
-863
-801
-839
-1150
-1445
-1523
-1680
-2077
-2425
-2573
-2702
-2897
-2997
-2930
-2812
-2648
-2387
-2089
-1755
-1328
-867
-496
-133
333
820
1192
1487
1863
2259
2512
2666
2833
3002
3072
3008
2927
2909
2846
2664
2482
2407
2372
2264
2100
2009
2031
1995
1796
1534
1351
1201
847
250
-313
-699
-1097
-1735
-2455
-2842
-2923
-3150
-3590
-3774
-3488
-3164
-3166
-3194
-2821
-2259
-1976
-1911
-1661
-1127
-657
-447
-237
225
785
1188
1413
1693
2118
2441
2496
2423
2413
2386
2144
1745
1418
1163
863
553
288
127
55
14
-2
5
26
102
153
97
39
47
42
-38
-115
-83
-14
-16
14
140
274
346
391
452
493
480
401
252
75
-89
-304
-631
-963
-1222
-1464
-1796
-2141
-2345
-2490
-2699
-2886
-2925
-2865
-2793
-2673
-2436
-2098
-1694
-1237
-749
-256
289
878
1399
1792
2158
2557
2850
2954
3001
3077
3104
3003
2856
2753
2676
2578
2436
2290
2196
2155
2071
1887
1714
1668
1600
1304
921
689
479
-21
-701
-1218
-1610
-2175
-2914
-3492
-3793
-4032
-4339
-4572
-4546
-4321
-4092
-3954
-3748
-3317
-2826
-2516
-2313
-1908
-1329
-868
-560
-120
540
1164
1609
2021
2532
3004
3246
3273
3238
3217
3076
2693
2231
1948
1779
1472
1091
947
1083
1159
1002
917
1115
1293
1113
787
746
815
548
65
-150
-61
-111
-379
-496
-319
-95
-41
-42
103
351
450
327
192
203
170
-137
-558
-818
-982
-1317
-1759
-2041
-2190
-2422
-2731
-2914
-2944
-2976
-3038
-3037
-2931
-2736
-2490
-2218
-1870
-1371
-779
-252
239
860
1540
2031
2346
2703
3040
3146
3082
3058
3053
2893
2626
2432
2312
2174
1998
1854
1787
1765
1717
1582
1472
1487
1473
1211
847
667
508
21
-689
-1183
-1502
-2056
-2810
-3361
-3583
-3767
-4101
-4365
-4323
-4068
-3883
-3843
-3701
-3300
-2846
-2594
-2433
-2018
-1364
-818
-452
40
801
1557
2069
2464
2942
3428
3664
3623
3493
3395
3222
2822
2341
2020
1827
1584
1304
1208
1296
1323
1248
1256
1358
1316
1078
884
803
607
235
-72
-162
-229
-411
-550
-461
-272
-182
-146
-19
211
344
304
212
194
159
-85
-461
-754
-957
-1269
-1726
-2110
-2336
-2561
-2866
-3156
-3315
-3369
-3420
-3499
-3503
-3347
-3087
-2822
-2546
-2114
-1520
-915
-358
238
935
1592
2091
2527
2924
3228
3383
3415
3415
3365
3222
3026
2853
2725
2572
2342
2152
2065
1987
1834
1615
1478
1467
1365
1073
767
584
425
33
-601
-1128
-1459
-1896
-2589
-3290
-3640
-3753
-4047
-4442
-4519
-4236
-3929
-3846
-3748
-3295
-2713
-2318
-2097
-1766
-1124
-474
-98
275
925
1706
2276
2630
3092
3634
3926
3942
3881
3799
3598
3185
2714
2319
1955
1566
1164
923
901
839
630
572
771
844
554
292
380
380
-47
-491
-556
-477
-670
-947
-926
-668
-481
-459
-394
-163
125
221
69
-57
16
-35
-466
-937
-1124
-1263
-1710
-2227
-2445
-2526
-2772
-3070
-3203
-3200
-3161
-3147
-3097
-2951
-2636
-2223
-1908
-1564
-973
-275
260
696
1306
1998
2438
2705
3041
3368
3475
3407
3378
3359
3180
2925
2754
2585
2315
2065
1910
1777
1612
1490
1442
1377
1326
1323
1272
1118
955
806
533
11
-567
-1004
-1491
-2196
-2946
-3436
-3705
-4062
-4461
-4562
-4372
-4178
-4084
-3912
-3556
-3115
-2728
-2449
-2131
-1622
-1006
-541
-165
471
1311
1952
2331
2766
3338
3704
3694
3581
3501
3308
2897
2335
1871
1582
1314
901
454
387
583
516
267
329
672
684
280
157
391
323
-150
-527
-517
-477
-692
-821
-688
-413
-173
-65
125
521
867
940
786
708
763
553
45
-360
-577
-861
-1363
-1841
-1988
-2058
-2330
-2638
-2777
-2742
-2707
-2786
-2751
-2512
-2264
-2013
-1707
-1284
-674
-85
435
958
1478
2100
2609
2892
3137
3346
3392
3250
2981
2853
2674
2262
1868
1592
1389
1190
959
840
805
692
630
548
514
616
566
286
62
-61
-158
-599
-1187
-1440
-1719
-2349
-3026
-3361
-3422
-3681
-4220
-4387
-4214
-4008
-3917
-3866
-3487
-2915
-2544
-2257
-1850
-1171
-394
22
358
967
1725
2355
2697
3021
3587
3949
3988
3906
3848
3847
3561
2991
2506
2132
1815
1474
1011
792
824
829
752
697
926
1249
1140
836
746
742
477
-148
-609
-738
-981
-1415
-1667
-1555
-1259
-1054
-930
-621
-144
217
338
297
306
354
87
-398
-774
-992
-1244
-1675
-1992
-2079
-2148
-2291
-2382
-2324
-2275
-2328
-2337
-2286
-2188
-2075
-1948
-1708
-1370
-936
-443
64
697
1393
1983
2438
2823
3209
3447
3434
3284
3116
2923
2602
2231
1946
1722
1475
1186
983
893
781
623
458
355
252
100
2
-13
-44
-177
-271
-256
-247
-405
-737
-989
-1187
-1614
-2189
-2665
-2934
-3194
-3688
-4130
-4142
-3873
-3688
-3622
-3329
-2706
-2131
-1779
-1419
-784
-81
309
490
820
1348
1829
2079
2248
2610
2992
3206
3286
3307
3419
3467
3182
2712
2348
2194
2032
1611
1183
1062
979
783
626
609
811
934
774
515
287
137
-43
-402
-657
-627
-724
-951
-1081
-1010
-639
-301
-77
268
673
875
702
428
509
656
228
-375
-664
-1018
-1720
-2379
-2468
-2328
-2561
-2890
-2900
-2879
-3015
-3044
-2854
-2585
-2437
-2370
-2236
-2002
-1582
-990
-447
26
640
1305
1755
2032
2410
2829
2916
2715
2602
2626
2497
2176
1972
1929
1831
1631
1469
1417
1359
1183
937
739
594
446
259
45
-61
-113
-218
-297
-264
-226
-407
-764
-1005
-1133
-1460
-1912
-2193
-2318
-2543
-2940
-3127
-2877
-2489
-2254
-2093
-1770
-1310
-982
-885
-726
-342
31
161
130
278
692
1078
1318
1621
2108
2570
2776
2805
2878
2936
2782
2452
2087
1749
1396
997
621
325
144
71
15
5
129
278
317
306
366
409
275
90
34
-4
-183
-356
-326
-196
-112
-11
193
438
601
657
644
583
495
306
-76
-546
-926
-1280
-1767
-2265
-2570
-2752
-2996
-3238
-3321
-3301
-3283
-3236
-3112
-2945
-2701
-2359
-2015
-1686
-1229
-624
-81
371
918
1558
2048
2362
2682
3004
3147
3129
3114
3088
2951
2747
2582
2425
2233
2033
1854
1667
1444
1172
848
567
355
114
-198
-404
-379
-334
-432
-441
-148
157
103
-141
-177
-107
-374
-971
-1397
-1512
-1734
-2266
-2714
-2721
-2535
-2571
-2786
-2764
-2439
-2192
-2265
-2330
-2021
-1552
-1333
-1291
-930
-231
353
652
1012
1661
2273
2505
2538
2680
2885
2868
2536
2180
2034
1958
1649
1180
977
1133
1201
950
820
1110
1419
1285
1006
1067
1254
1056
544
229
179
10
-401
-713
-719
-618
-631
-685
-565
-277
-74
-74
-99
-20
10
-222
-588
-870
-1090
-1440
-1902
-2209
-2320
-2444
-2688
-2844
-2769
-2645
-2659
-2691
-2571
-2333
-2133
-1999
-1780
-1353
-802
-353
2
506
1190
1767
2110
2444
2869
3180
3234
3196
3194
3140
2970
2759
2532
2250
1970
1741
1528
1275
1008
794
587
322
48
-156
-297
-404
-467
-475
-447
-361
-185
57
267
327
301
283
156
-225
-775
-1269
-1679
-2225
-2944
-3523
-3765
-3834
-3942
-4016
-3828
-3423
-3079
-2873
-2609
-2142
-1629
-1292
-1049
-662
-109
403
799
1228
1788
2316
2641
2814
2993
3184
3242
3143
3015
2948
2867
2722
2556
2466
2475
2418
2258
2137
2074
1949
1744
1532
1321
1068
738
389
71
-230
-531
-804
-998
-1122
-1194
-1179
-1085
-963
-832
-686
-574
-522
-510
-548
-653
-837
-1074
-1337
-1591
-1868
-2172
-2421
-2594
-2756
-2910
-2982
-2983
-2934
-2841
-2730
-2570
-2312
-1997
-1716
-1413
-984
-504
-75
328
809
1327
1749
2081
2419
2771
3011
3118
3197
3260
3270
3184
3007
2808
2641
2416
2064
1706
1450
1192
845
543
393
323
205
118
214
383
419
395
514
633
468
103
-198
-453
-938
-1697
-2362
-2740
-3116
-3701
-4223
-4339
-4154
-4115
-4236
-4031
-3476
-3006
-2831
-2680
-2155
-1497
-1189
-1053
-657
26
634
902
1208
1874
2537
2876
2998
3237
3665
3825
3574
3373
3385
3381
3083
2631
2525
2639
2528
2232
2077
2221
2321
2029
1651
1534
1437
1061
436
-63
-268
-579
-1099
-1477
-1560
-1481
-1501
-1608
-1449
-1101
-902
-860
-844
-728
-639
-839
-1133
-1302
-1465
-1721
-2068
-2334
-2386
-2487
-2706
-2829
-2829
-2777
-2819
-2955
-2925
-2759
-2679
-2619
-2465
-2111
-1642
-1248
-804
-180
501
1116
1660
2172
2709
3122
3358
3523
3631
3685
3624
3482
3346
3241
3074
2863
2648
2471
2331
2100
1787
1489
1270
1045
738
379
174
127
24
-158
-309
-266
-154
-237
-519
-717
-813
-1035
-1538
-2138
-2502
-2773
-3187
-3720
-4038
-4038
-3938
-3950
-3957
-3685
-3251
-2867
-2674
-2458
-2045
-1574
-1271
-1085
-732
-191
370
752
1174
1792
2465
2980
3309
3669
4084
4333
4296
4182
4084
3981
3685
3252
2942
2744
2518
2181
1913
1814
1739
1476
1167
955
764
415
-99
-519
-834
-1195
-1645
-1981
-2076
-2045
-2040
-2000
-1761
-1385
-1063
-882
-713
-499
-378
-495
-778
-1042
-1241
-1528
-1953
-2327
-2531
-2643
-2808
-2999
-3056
-2971
-2906
-2927
-2932
-2805
-2565
-2346
-2130
-1786
-1301
-746
-197
358
974
1615
2192
2681
3101
3455
3734
3911
3992
4012
3960
3849
3713
3557
3355
3114
2889
2703
2485
2183
1841
1555
1322
1015
616
260
38
-108
-350
-676
-846
-826
-875
-1176
-1516
-1653
-1751
-2160
-2802
-3234
-3380
-3642
-4186
-4587
-4514
-4234
-4189
-4250
-3924
-3238
-2706
-2533
-2301
-1679
-1001
-703
-593
-136
641
1227
1494
1900
2675
3387
3690
3827
4144
4485
4456
4094
3780
3634
3379
2858
2338
2156
2129
1929
1657
1653
1891
1932
1694
1520
1508
1325
798
205
-208
-584
-1111
-1648
-1950
-1989
-1957
-1957
-1851
-1514
-1086
-838
-784
-690
-514
-556
-930
-1337
-1565
-1807
-2254
-2732
-2976
-3038
-3153
-3316
-3373
-3271
-3118
-3058
-3046
-2930
-2694
-2506
-2395
-2170
-1751
-1283
-857
-341
371
1137
1786
2385
3066
3741
4198
4448
4656
4844
4863
4663
4401
4193
3958
3572
3132
2794
2513
2155
1694
1272
929
549
93
-346
-685
-981
-1268
-1477
-1560
-1557
-1536
-1440
-1239
-1053
-1001
-1007
-949
-942
-1178
-1591
-1907
-2070
-2337
-2809
-3178
-3180
-3029
-3058
-3175
-3000
-2519
-2146
-2066
-1941
-1502
-977
-720
-616
-256
357
868
1161
1517
2133
2737
3083
3301
3609
3936
4049
3920
3767
3670
3480
3116
2703
2422
2209
1888
1531
1311
1184
1007
701
416
234
-25
-440
-898
-1237
-1493
-1820
-2175
-2366
-2350
-2266
-2225
-2131
-1847
-1499
-1261
-1132
-994
-813
-752
-885
-1088
-1253
-1402
-1646
-1953
-2167
-2275
-2374
-2493
-2574
-2540
-2449
-2397
-2324
-2164
-1918
-1633
-1335
-948
-447
100
662
1248
1856
2475
3026
3487
3905
4250
4487
4606
4656
4665
4554
4330
4081
3831
3519
3101
2667
2281
1859
1358
828
342
-123
-624
-1114
-1525
-1876
-2137
-2285
-2335
-2310
-2227
-2066
-1840
-1600
-1448
-1423
-1416
-1390
-1510
-1841
-2188
-2359
-2501
-2839
-3194
-3243
-3047
-2937
-2967
-2846
-2447
-2022
-1814
-1695
-1363
-853
-493
-362
-137
425
1085
1498
1820
2389
3119
3619
3808
4016
4344
4471
4210
3800
3526
3320
2946
2416
2038
1935
1881
1671
1472
1522
1643
1481
1084
772
577
189
-496
-1162
-1593
-1943
-2399
-2789
-2868
-2690
-2512
-2409
-2153
-1688
-1261
-1075
-1003
-867
-777
-916
-1217
-1450
-1608
-1855
-2160
-2354
-2377
-2358
-2383
-2361
-2241
-2077
-1953
-1868
-1750
-1564
-1365
-1169
-912
-520
-25
478
999
1607
2263
2865
3392
3863
4274
4573
4718
4731
4659
4513
4261
3873
3404
2971
2529
2000
1463
1008
599
146
-300
-643
-928
-1266
-1617
-1865
-2010
-2163
-2332
-2378
-2236
-2049
-1928
-1762
-1414
-1019
-833
-785
-650
-476
-532
-855
-1137
-1257
-1451
-1862
-2271
-2394
-2340
-2419
-2598
-2556
-2209
-1898
-1803
-1668
-1254
-732
-417
-249
115
712
1229
1515
1806
2338
2887
3169
3251
3417
3695
3770
3520
3237
3142
3044
2695
2222
1968
1912
1734
1345
1061
1029
951
600
175
-38
-176
-561
-1119
-1498
-1650
-1868
-2239
-2463
-2384
-2241
-2236
-2214
-1948
-1576
-1389
-1351
-1236
-1011
-916
-1045
-1172
-1164
-1167
-1334
-1535
-1559
-1477
-1494
-1600
-1595
-1435
-1288
-1243
-1181
-968
-695
-490
-309
-14
419
846
1199
1558
2007
2492
2885
3171
3429
3678
3816
3804
3694
3546
3349
3026
2594
2151
1733
1309
860
409
16
-328
-666
-975
-1246
-1493
-1737
-1944
-2080
-2173
-2249
-2229
-2043
-1757
-1496
-1235
-835
-324
61
199
305
487
546
271
-189
-522
-749
-1157
-1772
-2229
-2350
-2381
-2596
-2814
-2683
-2305
-2067
-2025
-1823
-1319
-820
-562
-357
97
722
1182
1441
1778
2305
2765
2948
2994
3135
3316
3276
3013
2790
2717
2603
2305
1997
1882
1839
1646
1339
1136
1064
863
449
59
-175
-417
-859
-1359
-1652
-1795
-2027
-2345
-2486
-2360
-2191
-2140
-2048
-1729
-1329
-1083
-958
-773
-512
-371
-439
-528
-509
-495
-613
-786
-812
-729
-711
-781
-784
-640
-516
-521
-550
-443
-259
-172
-153
-26
269
559
741
945
1302
1703
1949
2077
2258
2482
2555
2406
2227
2126
1938
1561
1128
846
632
288
-111
-347
-430
-577
-834
-1006
-1005
-1019
-1179
-1306
-1237
-1101
-1074
-1044
-795
-407
-127
58
363
799
1072
1040
969
1005
913
472
-131
-574
-914
-1439
-2131
-2620
-2765
-2842
-3079
-3238
-3015
-2586
-2301
-2169
-1861
-1266
-750
-530
-325
142
722
1075
1249
1606
2181
2644
2849
3010
3341
3668
3695
3520
3409
3356
3158
2738
2321
2065
1818
1428
1001
706
505
207
-213
-562
-812
-1120
-1534
-1937
-2190
-2378
-2629
-2840
-2865
-2734
-2592
-2467
-2216
-1802
-1393
-1099
-823
-467
-119
76
121
177
271
276
139
-45
-132
-176
-305
-479
-578
-570
-573
-638
-682
-629
-534
-484
-445
-319
-119
70
243
462
755
1032
1247
1467
1700
1880
1969
2009
2042
2016
1904
1749
1601
1453
1260
1045
879
744
583
414
274
187
86
-63
-176
-216
-218
-251
-290
-199
-17
91
141
257
455
545
411
234
134
-60
-495
-1061
-1520
-1844
-2317
-2933
-3379
-3569
-3657
-3872
-4075
-3942
-3591
-3315
-3162
-2847
-2205
-1557
-1144
-735
-82
708
1308
1666
2138
2785
3285
3482
3540
3730
3945
3857
3544
3303
3220
3081
2692
2285
2128
2046
1784
1386
1111
1002
756
270
-208
-518
-804
-1263
-1778
-2095
-2207
-2327
-2496
-2503
-2252
-1899
-1631
-1380
-954
-442
-96
60
230
492
636
534
368
326
319
136
-158
-328
-369
-491
-768
-1016
-1100
-1179
-1387
-1612
-1703
-1667
-1655
-1695
-1611
-1355
-1035
-748
-460
-35
471
904
1248
1583
1963
2271
2414
2480
2548
2585
2516
2350
2188
2065
1901
1681
1449
1253
1088
874
624
399
204
1
-223
-434
-582
-675
-768
-838
-822
-715
-597
-525
-431
-277
-145
-172
-323
-463
-628
-952
-1445
-1927
-2287
-2629
-3058
-3453
-3618
-3567
-3479
-3416
-3200
-2743
-2227
-1818
-1450
-944
-342
152
475
826
1324
1796
2111
2362
2716
3130
3414
3553
3673
3840
3916
3778
3544
3329
3088
2720
2231
1766
1377
969
509
88
-238
-517
-806
-1074
-1260
-1410
-1566
-1708
-1808
-1849
-1874
-1879
-1827
-1717
-1563
-1375
-1159
-895
-585
-300
-45
191
407
578
645
640
579
433
210
-73
-376
-688
-1024
-1338
-1598
-1812
-1955
-2017
-2004
-1928
-1808
-1627
-1368
-1068
-792
-518
-185
187
503
783
1111
1483
1819
2057
2299
2597
2860
2996
3031
3075
3104
3003
2764
2492
2242
1949
1553
1125
759
467
161
-179
-471
-659
-789
-944
-1101
-1202
-1232
-1224
-1247
-1307
-1334
-1290
-1244
-1308
-1453
-1545
-1587
-1723
-2013
-2314
-2475
-2583
-2795
-3051
-3134
-3009
-2856
-2767
-2610
-2237
-1742
-1325
-978
-524
81
645
1033
1398
1893
2411
2762
2947
3172
3487
3682
3645
3538
3529
3499
3257
2867
2561
2367
2072
1595
1148
895
691
324
-103
-349
-429
-607
-943
-1177
-1182
-1184
-1362
-1557
-1534
-1375
-1360
-1447
-1365
-1073
-842
-770
-647
-328
14
144
161
284
476
487
270
68
-21
-167
-507
-904
-1149
-1292
-1526
-1827
-2015
-2039
-2014
-2043
-2040
-1893
-1636
-1384
-1168
-883
-480
-60
303
660
1078
1517
1885
2194
2492
2783
2995
3100
3161
3185
3139
2993
2782
2550
2274
1935
1551
1179
820
440
43
-312
-588
-839
-1104
-1331
-1457
-1507
-1565
-1641
-1637
-1530
-1430
-1413
-1408
-1304
-1181
-1197
-1318
-1378
-1357
-1429
-1672
-1893
-1954
-1976
-2130
-2334
-2345
-2158
-2017
-1987
-1843
-1451
-991
-689
-431
14
598
1043
1288
1585
2043
2449
2621
2686
2868
3097
3146
3007
2889
2890
2837
2593
2274
2069
1948
1712
1343
1013
823
645
322
-50
-298
-438
-644
-960
-1205
-1286
-1338
-1465
-1579
-1558
-1434
-1332
-1261
-1117
-888
-657
-490
-352
-177
1
86
93
94
92
27
-121
-285
-424
-582
-794
-1008
-1183
-1337
-1490
-1633
-1736
-1785
-1797
-1773
-1697
-1568
-1381
-1147
-858
-518
-140
274
705
1145
1579
1985
2347
2652
2892
3064
3159
3164
3086
2951
2776
2522
2203
1871
1547
1212
838
465
151
-107
-386
-681
-925
-1086
-1224
-1394
-1557
-1636
-1626
-1639
-1689
-1676
-1538
-1368
-1293
-1252
-1097
-877
-781
-837
-879
-803
-792
-990
-1244
-1343
-1339
-1459
-1690
-1771
-1611
-1431
-1389
-1319
-1006
-576
-290
-139
125
560
903
1008
1093
1357
1655
1758
1732
1827
2076
2215
2145
2098
2217
2322
2195
1959
1859
1831
1629
1251
957
832
640
270
-56
-165
-220
-415
-641
-677
-568
-568
-683
-686
-540
-435
-482
-541
-445
-308
-313
-394
-375
-241
-192
-277
-332
-270
-223
-337
-510
-598
-653
-809
-1066
-1265
-1357
-1471
-1644
-1770
-1759
-1672
-1599
-1512
-1325
-1042
-760
-511
-237
95
430
704
926
1180
1446
1657
1806
1912
2029
2119
2130
2099
2038
1947
1813
1608
1384
1168
924
640
343
91
-118
-341
-584
-781
-878
-953
-1061
-1147
-1160
-1102
-1083
-1107
-1079
-995
-907
-862
-851
-792
-691
-610
-588
-610
-594
-538
-531
-610
-717
-756
-745
-795
-907
-953
-869
-738
-676
-620
-438
-158
67
204
370
631
875
999
1047
1163
1325
1396
1382
1359
1405
1458
1423
1348
1295
1268
1217
1098
964
861
758
618
443
286
190
87
-55
-176
-236
-264
-303
-359
-384
-355
-322
-332
-343
-310
-263
-249
-269
-264
-226
-210
-235
-275
-286
-288
-333
-415
-475
-513
-569
-663
-769
-834
-883
-958
-1047
-1095
-1091
-1092
-1092
-1062
-976
-842
-721
-600
-423
-209
0
178
356
557
747
890
997
1109
1210
1258
1278
1288
1306
1298
1233
1165
1098
1031
937
793
650
510
356
194
23
-145
-286
-407
-506
-579
-632
-649
-636
-623
-598
-556
-506
-463
-440
-423
-395
-368
-355
-355
-349
-336
-327
-331
-325
-322
-339
-356
-384
-407
-427
-463
-488
-483
-465
-434
-393
-327
-218
-105
5
133
260
381
485
549
597
641
649
621
595
563
538
511
476
480
509
534
558
594
638
663
644
614
576
489
365
235
116
-14
-154
-274
-329
-339
-350
-331
-266
-173
-85
-35
14
64
66
25
-53
-130
-191
-280
-376
-445
-480
-484
-496
-489
-445
-414
-390
-380
-386
-392
-428
-487
-524
-548
-552
-535
-506
-415
-287
-163
-18
147
311
469
598
698
785
833
841
830
802
767
724
669
614
569
529
485
428
365
303
234
145
41
-64
-166
-264
-354
-423
-471
-503
-510
-497
-465
-423
-390
-360
-334
-325
-334
-362
-397
-435
-467
-489
-502
-501
-488
-463
-421
-381
-345
-314
-288
-254
-233
-226
-207
-184
-150
-109
-60
7
83
165
245
329
415
474
523
568
583
589
580
556
543
520
516
528
544
595
643
689
737
758
763
751
706
629
512
380
260
125
-5
-114
-198
-239
-262
-272
-254
-223
-190
-169
-159
-173
-210
-260
-333
-415
-500
-581
-649
-703
-731
-731
-729
-706
-671
-641
-620
-619
-627
-630
-641
-648
-656
-649
-603
-530
-436
-309
-155
11
170
328
484
617
716
785
845
879
900
902
891
883
865
853
840
808
770
717
655
586
485
373
251
119
-10
-129
-237
-329
-392
-441
-464
-452
-434
-409
-373
-351
-338
-337
-359
-382
-414
-464
-505
-538
-559
-562
-561
-539
-499
-463
-418
-367
-320
-268
-219
-174
-144
-116
-73
-49
-39
-19
8
47
83
109
166
236
296
340
378
423
467
487
479
472
478
489
488
484
523
594
652
686
746
834
902
897
858
830
771
632
434
258
110
-59
-259
-404
-467
-498
-542
-582
-547
-486
-467
-505
-537
-542
-581
-688
-806
-852
-851
-888
-921
-872
-761
-660
-606
-525
-394
-276
-230
-222
-193
-138
-117
-149
-150
-81
7
67
130
260
424
548
637
735
847
923
938
923
918
903
836
757
699
637
570
484
412
367
304
220
135
59
-24
-120
-232
-341
-435
-521
-585
-631
-659
-663
-645
-619
-572
-516
-468
-413
-370
-332
-299
-291
-286
-291
-297
-298
-311
-306
-286
-274
-258
-232
-186
-142
-116
-98
-58
-13
-11
-22
-17
22
59
60
83
153
237
300
345
409
491
537
540
525
517
514
464
398
368
372
381
387
413
483
575
636
665
681
697
667
556
421
293
156
-26
-211
-334
-415
-492
-566
-583
-538
-500
-494
-490
-463
-441
-445
-490
-536
-549
-560
-587
-613
-594
-545
-493
-448
-389
-304
-227
-179
-150
-116
-87
-59
-55
-57
-23
18
53
95
158
254
344
408
481
568
636
663
671
669
659
628
566
496
441
389
313
246
198
166
132
88
45
7
-29
-82
-150
-213
-274
-325
-373
-414
-434
-432
-412
-386
-355
-307
-254
-219
-196
-171
-151
-151
-174
-198
-210
-226
-254
-282
-283
-266
-239
-212
-179
-122
-64
-17
20
55
85
105
107
102
108
116
121
123
138
172
204
233
268
291
315
331
324
321
308
287
270
245
225
212
207
205
210
221
239
252
251
243
230
204
156
105
51
4
-52
-110
-146
-174
-194
-208
-214
-202
-197
-204
-206
-211
-222
-243
-269
-287
-306
-324
-327
-319
-306
-287
-263
-222
-178
-145
-106
-66
-31
-8
18
41
61
73
87
107
124
147
166
178
198
213
224
230
224
211
200
190
175
147
115
89
56
29
2
-20
-41
-56
-69
-87
-90
-102
-110
-112
-119
-121
-119
-114
-110
-100
-87
-63
-44
-25
-4
10
26
37
42
35
24
12
-2
-23
-42
-60
-80
-91
-100
-105
-102
-90
-81
-70
-48
-29
-15
8
20
31
44
50
61
74
84
98
117
126
139
152
159
161
158
155
143
134
119
100
82
61
46
33
22
19
9
6
3
7
11
13
16
17
16
4
-7
-16
-37
-52
-58
-69
-72
-77
-87
-96
-97
-96
-107
-115
-120
-129
-135
-140
-146
-144
-143
-141
-132
-127
-113
-100
-81
-59
-31
-10
12
38
58
77
91
107
115
125
137
137
145
149
148
148
148
146
139
127
111
90
70
50
22
-1
-20
-38
-54
-71
-78
-87
-91
-88
-77
-65
-53
-33
-16
-3
9
15
27
43
40
35
35
23
12
-6
-32
-45
-67
-90
-99
-107
-122
-133
-138
-138
-136
-132
-121
-118
-105
-96
-82
-60
-47
-21
4
26
54
73
100
116
129
143
153
159
164
166
166
163
153
142
132
124
106
89
75
61
45
35
21
17
9
3
-2
-18
-19
-20
-22
-24
-28
-35
-36
-36
-39
-35
-37
-46
-48
-48
-53
-61
-71
-82
-91
-103
-118
-134
-146
-145
-137
-142
-128
-113
-102
-77
-59
-44
-16
6
25
49
62
72
87
96
108
123
139
149
160
170
178
183
181
177
158
136
111
68
27
-10
-40
-67
-92
-104
-110
-112
-104
-95
-84
-79
-71
-64
-63
-59
-56
-60
-56
-49
-42
-34
-34
-26
-8
-6
-3
0
-6
-15
-25
-37
-56
-78
-101
-129
-147
-156
-165
-159
-145
-127
-101
-76
-46
-15
10
41
69
84
105
122
137
151
160
176
195
201
207
220
222
223
220
208
194
164
141
120
85
54
26
-3
-27
-51
-59
-63
-78
-73
-70
-72
-66
-59
-61
-63
-61
-64
-73
-76
-72
-75
-77
-75
-76
-81
-86
-81
-80
-88
-88
-81
-84
-90
-83
-75
-83
-78
-52
-38
-32
-17
-2
8
24
41
54
62
75
89
104
111
120
124
128
134
135
124
116
120
108
90
76
66
49
19
3
-15
-41
-52
-58
-76
-89
-94
-100
-110
-104
-96
-92
-95
-89
-82
-80
-72
-66
-58
-59
-53
-45
-46
-42
-37
-40
-32
-30
-30
-26
-28
-29
-23
-22
-20
-14
-8
0
8
20
28
41
53
69
86
94
113
123
131
148
155
163
164
166
165
162
152
145
141
132
119
103
84
71
48
18
-6
-27
-48
-67
-83
-99
-111
-122
-129
-130
-133
-128
-123
-124
-122
-120
-121
-116
-116
-120
-122
-121
-113
-105
-101
-92
-84
-72
-66
-58
-42
-33
-24
-21
-11
5
13
20
34
48
65
80
84
94
100
101
108
112
115
123
125
125
127
128
121
121
115
105
104
97
91
88
72
55
41
27
19
2
-11
-25
-35
-48
-65
-72
-84
-96
-108
-120
-122
-125
-129
-129
-130
-133
-131
-126
-121
-116
-111
-104
-98
-95
-91
-79
-72
-68
-57
-43
-28
-14
-5
5
12
20
32
39
47
53
54
66
85
96
104
111
121
133
140
141
137
142
142
138
137
135
139
135
131
128
120
114
110
95
79
59
40
24
9
-6
-25
-37
-54
-76
-94
-105
-121
-136
-146
-157
-170
-180
-181
-185
-183
-181
-179
-169
-158
-148
-137
-121
-107
-95
-80
-64
-44
-23
-14
5
24
40
54
70
83
97
110
121
127
123
122
123
128
124
116
117
119
114
113
112
108
104
96
87
81
80
70
58
52
39
29
20
2
-8
-24
-40
-51
-66
-80
-89
-97
-108
-109
-112
-116
-118
-120
-115
-114
-112
-111
-106
-95
-92
-86
-80
-78
-72
-64
-59
-62
-47
-41
-42
-30
-22
-8
-1
7
18
25
33
34
47
54
54
64
74
83
91
98
104
114
119
124
128
135
133
129
131
125
118
113
108
98
85
70
63
53
32
17
4
-6
-17
-30
-45
-57
-71
-81
-90
-99
-105
-109
-116
-121
-119
-119
-112
-107
-105
-91
-84
-78
-68
-54
-49
-42
-33
-21
-2
3
16
23
32
49
58
64
68
69
71
68
64
59
48
49
49
40
37
34
30
25
17
16
10
0
-6
-9
-14
-22
-24
-29
-31
-28
-30
-32
-30
-29
-30
-31
-33
-33
-34
-33
-28
-27
-26
-18
-15
-15
-16
-16
-12
-11
-10
-7
0
0
1
-1
-7
-2
-1
-7
-4
4
10
6
7
14
15
22
25
26
33
33
41
45
42
44
46
44
44
50
45
42
46
49
49
40
37
34
28
28
28
18
11
9
6
0
-7
-15
-18
-24
-28
-26
-30
-36
-42
-42
-40
-45
-47
-47
-46
-47
-48
-46
-43
-43
-45
-44
-42
-43
-41
-38
-35
-33
-28
-28
-20
-9
-6
4
15
18
23
33
36
41
36
38
39
33
31
33
34
31
33
32
32
32
30
28
28
25
26
24
16
19
12
8
8
2
9
11
4
4
2
4
6
5
9
7
2
-2
-7
-10
-10
-17
-23
-21
-29
-33
-30
-38
-39
-35
-42
-41
-35
-32
-33
-33
-29
-27
-26
-23
-19
-14
-15
-8
-2
2
6
11
21
23
24
28
28
29
26
25
22
16
22
29
33
33
31
32
29
27
28
29
26
20
22
17
8
-1
-1
-1
-8
-5
-7
-8
-5
-11
-15
-8
-15
-21
-23
-28
-27
-31
-33
-33
-30
-30
-29
-28
-32
-27
-30
-33
-30
-29
-24
-20
-19
-13
-10
-9
-4
-3
4
12
14
20
21
26
33
33
34
37
38
39
34
31
33
31
24
16
17
16
18
15
11
15
20
21
13
10
11
7
9
5
0
6
2
-6
-6
-1
-5
-10
-12
-13
-8
-13
-22
-25
-25
-28
-31
-28
-28
-34
-30
-27
-25
-25
-25
-22
-25
-29
-27
-22
-17
-18
-18
-23
-24
-14
-5
3
2
10
17
20
23
25
30
35
34
31
32
36
40
34
33
37
37
40
37
34
30
31
30
22
16
12
4
2
4
-3
-8
-8
-15
-14
-18
-19
-18
-20
-24
-23
-27
-36
-31
-32
-43
-42
-38
-46
-48
-44
-50
-42
-34
-33
-31
-26
-19
-13
-14
-13
-8
-2
7
11
16
22
27
27
30
30
36
44
46
54
47
44
45
44
42
37
40
33
32
33
30
24
20
19
16
9
4
7
7
1
-3
-7
-9
-8
-15
-19
-14
-20
-25
-25
-26
-27
-26
-29
-30
-29
-27
-29
-32
-29
-34
-36
-38
-34
-33
-30
-29
-22
-16
-20
-14
-19
-11
-10
-14
-8
-2
1
5
13
12
17
26
28
27
28
36
37
36
45
41
44
44
39
40
32
29
25
21
21
14
17
18
10
9
3
3
0
-9
-11
-16
-20
-22
-30
-30
-32
-41
-38
-34
-35
-32
-28
-22
-24
-20
-15
-15
-18
-19
-18
-19
-18
-20
-21
-17
-13
-16
-8
-1
4
8
10
16
22
29
35
33
31
32
28
30
28
30
31
25
25
29
28
18
19
22
20
19
17
15
13
15
12
8
12
11
5
2
-5
-7
-11
-16
-19
-20
-20
-23
-23
-23
-27
-32
-35
-33
-40
-42
-36
-38
-36
-28
-27
-27
-25
-20
-20
-11
-4
-10
-10
-10
-6
-2
-2
4
10
14
13
15
15
13
23
23
26
34
33
30
29
27
28
33
35
31
28
25
23
21
13
9
4
4
4
-7
-10
-7
-6
-8
-5
-4
-7
-5
-12
-18
-18
-21
-22
-22
-16
-11
-15
-13
-12
-19
-12
-13
-16
-13
-11
-12
-11
-12
-17
-10
-10
-10
-10
-16
-8
-10
-10
-3
2
7
7
14
19
21
21
18
20
25
20
23
25
23
21
21
24
22
17
22
22
15
14
11
10
11
7
6
8
4
-1
-2
1
-3
-9
-4
-5
-8
-7
-9
-12
-15
-18
-17
-22
-22
-21
-21
-20
-23
-19
-19
-21
-21
-20
-18
-22
-17
-11
-12
-16
-15
-11
-8
-4
-2
-1
-3
0
5
2
0
5
9
14
13
13
11
8
11
6
5
9
10
13
12
10
13
9
9
10
10
10
9
7
4
6
8
11
9
11
11
4
3
0
-2
2
3
4
6
6
8
5
8
7
4
11
8
6
6
-1
-1
-6
-8
-1
0
-3
-4
-8
-8
-5
-9
-9
-9
-10
-13
-10
-11
-8
-8
-9
-2
-4
0
2
-2
-2
-5
-8
-5
-8
-5
-3
-5
-3
-2
-1
-1
-2
-5
-5
2
-1
2
7
7
5
2
4
3
1
6
0
-7
-5
-9
-12
-8
-8
-5
-3
-1
1
3
1
0
3
1
-2
0
-3
-5
-2
-3
-2
0
-3
-1
6
8
8
11
10
9
13
7
7
6
-1
1
2
5
2
1
-1
0
5
6
13
10
7
11
10
8
6
3
-1
-6
-6
-5
1
5
5
9
7
6
8
5
-1
-2
-7
-12
-10
-7
-11
-10
-10
-14
-18
-22
-15
-7
-10
-8
-8
-6
-11
-10
-6
-11
-8
-7
-11
-4
-6
-7
-6
-1
12
13
8
7
11
6
3
6
6
0
0
3
6
13
9
12
15
15
23
24
22
21
14
14
8
0
4
2
2
-1
2
7
10
5
5
8
2
5
0
-7
-7
-14
-17
-15
-15
-12
-6
-5
-4
-2
-4
-2
-11
-16
-12
-8
-8
-16
-18
-19
-20
-17
-15
-14
-13
-8
-5
-10
-6
-1
-3
-3
-3
4
0
-5
-3
-5
-2
-1
-3
1
8
10
14
11
9
10
11
11
8
10
15
14
11
15
16
17
20
21
24
22
14
16
12
9
-2
-5
1
-4
-1
-1
-3
-1
-5
-5
-5
-11
-8
-4
-1
0
-2
-2
-5
-8
-10
-7
-4
-7
-2
1
5
13
11
3
6
9
8
0
-5
-7
-7
-7
-16
-14
-11
-9
-2
-2
3
2
1
3
-3
-2
-7
-12
-9
-12
-3
-1
1
8
5
10
8
1
2
0
-1
1
-7
-7
-3
-4
-7
-12
-10
-10
-13
-13
-11
-5
-2
0
-4
1
6
-2
-4
-9
-15
-11
-9
-4
-4
-7
-1
-1
-5
1
3
-2
3
4
8
17
17
21
19
18
16
17
17
10
13
14
13
17
19
19
18
12
11
9
8
8
8
4
1
1
-2
-5
-7
-2
0
0
0
-3
-5
-7
-11
-10
-12
-12
-9
-9
-10
-11
-8
-9
-10
-6
-4
-5
-3
-1
-4
1
-1
-5
-6
-7
-7
-10
-13
-8
-4
-6
-2
2
1
1
2
5
0
-4
-5
-7
-2
1
0
-3
-1
-4
-10
-3
-1
-1
6
14
15
14
14
10
13
10
4
11
10
0
-2
-5
-8
-5
-2
-3
-3
1
-1
2
0
-7
-2
-1
-3
-6
-10
-15
-13
-14
-9
-4
-6
-1
4
3
2
4
9
12
11
9
11
10
9
7
3
1
1
5
0
0
1
-2
0
-5
-2
3
2
1
-4
-1
-2
-7
-7
-5
-4
0
0
1
4
6
13
8
1
1
2
0
-3
5
-4
-8
-3
1
-2
1
3
-4
3
7
9
11
14
15
10
7
3
-2
1
1
-2
1
-5
-4
1
0
-1
-6
-5
-3
-6
-4
-1
-2
-3
-5
-6
-4
-8
-8
-9
-14
-4
2
0
4
5
1
-3
-4
-6
-3
-3
2
-8
-6
1
-5
0
-4
-5
-7
-5
-1
-2
-4
-8
-9
-13
-8
-5
-6
-5
-7
-7
-3
-8
-6
1
0
1
1
1
2
9
9
10
15
11
10
9
13
14
16
17
11
10
11
7
6
6
7
9
9
2
8
10
6
6
5
3
0
4
5
4
3
-1
1
3
5
5
-1
1
5
2
-4
-1
4
-7
-7
0
-10
-11
-7
-14
-13
-9
-8
-9
-11
-10
-10
-13
-8
-6
-7
-3
-5
-1
1
-2
-2
-3
-2
0
-3
-2
-2
-9
-10
-8
-6
-5
-6
-2
-2
-5
-4
-4
-6
-2
-2
-4
-4
-2
6
5
3
4
2
5
5
7
7
6
13
14
16
18
15
11
7
2
1
1
4
5
7
10
13
8
8
10
2
1
0
-3
-5
-3
-4
-4
-9
-6
0
-4
-6
-5
-6
-5
-3
-8
-9
-5
-4
-8
-8
-7
-7
-4
-3
0
1
1
2
4
6
0
-3
0
0
0
-3
-1
2
2
3
-4
-6
-7
-5
-3
-2
3
5
1
2
3
3
1
-2
0
0
1
-1
-1
4
5
5
8
11
14
18
12
10
11
5
2
3
1
-2
0
-2
2
3
0
5
6
6
8
3
1
-5
-11
-9
-7
-9
-12
-7
-5
-7
-4
-9
-9
-3
-4
-2
-1
-7
-7
-8
-9
-12
-14
-6
-6
-4
3
5
4
2
0
4
2
-1
1
-4
-4
-7
-2
-2
-4
-1
1
3
0
-1
-4
-5
-4
-5
-2
-7
-6
1
-1
3
4
5
6
3
11
10
10
9
4
12
14
12
13
7
8
12
9
7
4
6
9
8
8
6
7
8
9
14
9
6
12
8
3
4
-1
2
-2
-11
-11
-9
-5
-3
-5
-4
-7
-5
-1
-5
-8
-10
-12
-9
-6
-11
-14
-11
-8
-10
-8
-7
-9
-8
-5
-5
-8
-6
-2
-4
-7
-11
-12
-10
-13
-12
-7
-6
-12
-9
1
4
5
0
8
2
-1
6
-1
3
3
-2
3
7
6
10
18
23
21
16
17
17
0
0
13
7
12
8
11
22
7
9
19
12
10
10
7
3
-1
3
-1
-6
-7
-8
-11
-12
-12
-11
-5
-14
-19
-13
-2
-1
-6
-5
-8
-9
-9
-11
-17
-15
-14
-16
-6
3
7
10
10
6
2
1
4
7
-1
0
-1
-10
-3
-3
-2
2
-5
-4
5
10
10
5
11
11
-1
-2
3
3
2
-2
-4
3
8
6
5
6
5
10
4
-2
6
1
-2
-5
-12
-6
-3
-6
-11
-4
2
1
3
9
9
6
4
-1
-4
-3
-3
1
-5
-9
-10
-14
-10
-9
-7
2
3
5
8
8
7
4
-5
-7
-4
-5
2
14
12
10
9
9
0
-7
3
6
5
6
7
12
7
2
4
-7
-11
-7
-8
-5
-1
2
3
2
1
-4
-9
-15
-16
-20
-18
-6
-3
-6
-6
-4
-2
-6
-5
-2
-2
0
-2
-6
1
-4
-4
0
-6
-3
2
4
4
5
10
9
7
11
14
13
15
15
20
19
12
9
6
6
9
3
-5
5
6
-2
4
4
2
0
0
4
6
-1
0
6
0
-10
-11
-9
-9
-7
0
2
-2
-4
3
6
-1
-10
-7
-8
-20
-14
-4
-12
-9
-6
-13
-7
0
-4
-9
-7
-4
-2
1
0
-1
-6
-11
-6
-5
-9
-8
-7
-3
-3
-3
2
0
-2
1
0
3
3
3
0
-1
3
1
5
9
3
10
14
7
10
11
12
18
12
13
14
9
6
4
2
1
1
1
1
0
-1
-2
-7
-5
-4
1
4
1
6
5
-2
0
6
1
-1
-3
-4
-3
-6
-2
4
8
8
9
12
11
5
1
3
3
3
4
5
7
6
-2
-9
-5
-6
-14
-9
-9
-2
0
-9
-9
-7
-7
-11
-12
-12
-17
-18
-22
-21
-18
-20
-17
-16
-10
1
-4
-3
1
-1
2
-2
-5
-4
-3
1
-1
-2
5
3
-2
-1
0
0
1
-8
-1
8
2
2
11
17
13
14
14
12
13
14
15
17
21
17
14
14
16
15
10
17
18
16
18
16
10
13
11
6
4
6
3
-1
0
-2
4
8
3
-1
0
-4
-8
-12
-17
-17
-18
-18
-18
-24
-24
-18
-20
-25
-21
-14
-16
-26
-23
-19
-16
-11
-13
-14
-11
-10
-8
-8
-5
6
-1
0
10
11
9
8
8
11
7
6
3
1
3
3
1
-1
3
7
5
8
14
20
21
12
15
17
14
13
8
1
3
2
5
2
2
6
1
4
12
5
7
7
3
6
5
3
-2
-11
-14
-2
-1
-5
-10
-6
0
-4
-1
1
0
-5
-10
-6
-9
-12
-13
-16
-14
-20
-21
-15
-9
-8
-11
1
10
4
3
4
1
3
3
-2
2
0
-5
-4
-4
-2
0
1
3
5
11
15
12
5
12
14
7
11
12
10
5
-2
2
2
0
2
3
6
4
4
5
6
7
8
3
3
-4
-7
-6
-9
-9
-14
-8
-5
-4
2
3
-2
3
9
7
5
1
4
2
-4
-6
-7
-5
0
1
0
2
0
-5
-8
-6
-6
-2
-1
-9
-7
-3
-8
-10
-4
-5
-7
-7
-9
-7
-6
-6
-3
1
2
10
2
-1
3
1
0
-1
-2
2
3
3
2
5
5
2
1
-7
-6
0
3
2
1
4
-2
-2
-1
2
2
2
8
6
8
6
6
6
1
2
-1
5
8
2
4
10
7
6
7
6
8
15
8
4
11
8
10
9
0
-1
-5
-7
-5
-3
-3
-3
2
2
6
5
1
-7
-13
-9
-12
-17
-14
-15
-11
-7
-4
-3
-2
-2
-4
-5
-9
-14
-9
-4
-12
-10
-3
-7
-12
-9
-6
-8
-6
-5
-3
0
0
5
6
4
6
11
11
9
9
7
5
2
5
2
2
2
7
11
6
8
6
5
8
8
8
4
2
0
0
-1
5
10
11
5
2
3
1
0
0
2
0
-4
-6
-8
-8
-4
-10
-10
-6
-2
1
-1
9
4
1
1
-2
-1
-5
-4
-6
-5
-5
-4
0
-4
-6
-2
-4
-6
-2
2
2
-4
-2
-6
-10
-8
-8
-5
-2
-4
1
6
-1
1
7
2
-1
1
8
4
1
6
4
7
15
17
16
16
14
11
10
7
5
0
-8
-6
-8
-11
-9
-8
-8
-1
1
-6
0
1
0
1
7
3
-4
-4
-3
-9
-7
-6
-9
-5
-9
-4
-1
0
2
1
3
0
2
8
10
7
1
2
1
-3
-2
3
6
6
0
2
8
3
0
6
-6
-11
-5
-3
-4
-9
-3
-3
-12
-12
-5
-7
-10
-7
-6
3
1
0
-2
-3
-1
1
-1
-3
-4
-3
-2
-6
0
0
-3
2
1
4
5
6
7
7
5
3
5
5
3
-1
2
8
4
3
2
2
7
5
4
8
8
15
15
12
9
6
5
1
-2
1
2
-1
1
4
7
9
8
10
4
5
5
1
1
-1
-4
-6
-11
-17
-12
-8
-15
-12
-11
-14
-10
-8
-9
-7
-11
-15
-15
-10
-12
-14
-7
-6
2
-1
-6
1
0
-2
2
3
2
3
0
2
6
8
7
4
4
8
9
5
-2
1
1
-2
0
0
0
0
1
1
-1
-3
-4
-4
-1
-4
-4
3
3
10
13
11
12
10
11
5
-4
-3
-4
2
4
-1
-1
3
0
-1
-4
0
7
7
12
8
9
13
3
5
1
-5
-1
-5
-2
-2
0
6
2
2
0
0
-4
-6
-4
-7
-8
-6
-9
-6
4
-2
-3
2
1
4
2
1
1
3
1
-2
5
-1
-5
-4
-10
-8
-6
-10
-8
-8
-5
-5
-1
2
6
10
7
8
0
-4
-2
-12
-11
-9
-2
-1
2
5
2
-4
-5
-3
-6
-7
-5
-2
-6
0
6
0
-2
-3
0
3
0
4
3
5
4
-3
-3
0
1
3
7
9
9
7
7
9
10
7
7
9
9
9
6
5
7
8
7
10
7
7
17
8
0
-2
-3
-6
-9
-7
-11
-7
-11
-15
-14
-13
-6
-10
-9
-5
-5
1
-2
5
0
-4
-6
-12
-13
-19
-16
-10
-8
-5
-5
-3
-2
4
9
8
9
4
4
11
7
4
4
7
4
-3
4
4
5
12
11
10
10
12
13
15
15
11
4
5
3
3
4
1
-4
-5
-2
-1
-1
-1
-2
-3
-1
-6
-9
-4
-8
-14
-11
-11
-12
-13
-9
-3
-8
-13
-9
-4
-1
-5
-3
-3
-13
-10
-6
-5
-5
-6
0
0
3
2
6
9
9
9
7
0
2
5
7
4
-1
1
-2
-2
1
1
2
3
3
0
0
3
4
1
6
2
0
0
2
2
-4
-3
-1
6
11
7
11
19
17
15
16
13
12
12
9
7
8
0
-6
-3
-9
-10
-8
-12
-4
-2
0
8
6
4
7
0
-7
-11
-10
-7
-11
-12
-15
-15
-14
-12
-3
-2
-4
-6
-1
-3
-8
-7
-9
-9
-7
-11
-13
-5
-4
-6
-6
-4
2
3
4
2
2
5
8
8
5
3
4
1
1
9
6
-1
-1
-3
2
-2
-4
0
1
4
3
2
5
5
13
12
12
14
8
11
10
4
6
10
6
7
6
3
7
7
10
4
-4
0
0
5
4
-6
-5
-2
3
-1
-1
2
-1
2
-4
