3
-1
2
4
8
7
3
5
5
3
5
1
1
2
-1
1
-1
-2
-2
-5
-7
-7
-3
-10
-8
-3
-6
-6
-8
-8
-9
-15
-15
-15
-13
-10
-10
-5
0
1
-1
-2
-3
-6
-3
-6
-6
1
5
9
6
3
1
2
5
1
3
4
7
8
9
10
14
16
10
11
7
5
5
6
9
6
7
13
13
10
9
12
7
3
4
0
1
-5
-5
3
-2
-5
-2
2
6
3
0
-3
-5
-5
-8
-12
-11
-7
-11
-10
-10
-8
-4
-11
-8
-8
-4
-3
-2
0
-4
-7
-9
-11
-15
-11
-8
-10
-13
-7
-2
-6
-2
-3
1
4
6
7
2
1
3
4
4
4
4
5
2
3
0
5
10
3
11
12
7
10
11
10
9
9
12
10
8
1
1
6
5
8
4
4
10
8
4
1
3
0
-2
-2
-8
-7
0
-5
-9
-7
-7
-2
-5
-5
-1
-1
-1
-2
-3
-4
-3
-5
-5
-4
-13
-8
-13
-15
1
-2
-6
-8
-5
-1
-6
-11
-9
1
3
-10
-8
1
-3
-3
-9
-9
0
9
2
-1
15
12
7
16
3
1
7
-1
1
-5
1
8
8
5
-2
-3
8
6
4
12
12
3
1
7
4
9
12
5
-6
0
1
3
1
2
2
-2
-2
8
-2
-7
5
2
-4
0
11
3
5
-7
-6
0
-5
-6
-3
8
6
-2
5
10
3
-2
-15
-16
-8
-5
-11
-11
-7
-3
-14
-17
1
-9
-13
-9
0
7
0
-4
-4
0
2
-7
-5
-10
-12
-2
-6
0
7
13
11
6
0
-1
2
-1
4
3
-1
11
0
-8
-2
5
9
-4
1
16
23
16
10
10
11
1
1
-2
-5
6
7
4
1
7
12
11
3
2
-2
1
-8
-11
4
9
0
-12
-10
-1
3
2
-6
-5
6
0
-7
1
10
-1
-9
-14
-12
-9
-12
-9
-11
-11
-16
-3
1
-6
-2
-5
4
5
-5
0
-4
0
-1
-10
-6
1
10
11
1
2
9
7
1
-4
1
5
7
2
-1
9
4
2
2
-3
7
4
3
4
2
8
7
8
1
-3
3
-2
-7
-13
-2
10
-6
-6
-2
-1
13
0
-6
7
-4
0
1
-5
1
-1
-1
-4
-11
1
11
6
2
1
1
-7
-4
-1
0
1
-8
0
6
3
7
3
6
2
0
2
2
0
-2
-2
-3
-2
-1
-2
-5
-2
0
-6
-2
7
-1
1
10
5
-1
-5
-2
-2
-14
-10
-8
-6
-5
-4
-4
-7
12
6
0
4
2
5
-3
-10
-8
-6
-1
-2
-6
-2
0
-5
-7
-7
-1
9
13
7
0
7
8
3
0
-5
-5
4
-1
4
8
14
11
3
6
6
6
8
9
4
6
2
-5
1
-1
-6
-3
-8
2
10
-1
12
13
1
3
4
1
-2
-9
-11
-4
-2
-8
-8
0
-4
0
1
1
2
-3
-5
-5
-6
-3
-8
-7
-6
-10
-5
-4
-2
2
2
2
1
-3
5
1
-11
-5
1
-1
1
-2
-7
-6
-7
-4
-11
-6
-4
-4
-2
-3
-1
-3
3
7
7
8
14
11
3
-1
1
-3
1
3
-1
10
14
10
5
6
2
3
-2
1
1
6
16
5
-1
3
7
2
1
-2
4
6
6
1
-6
1
10
-1
-3
1
-1
4
1
3
4
-1
5
3
-7
-5
-3
-7
-5
-6
-3
5
-2
-10
-2
-3
1
-11
-17
-8
-10
-4
-5
-4
1
-4
-6
-7
-10
-7
-2
-7
-7
-2
-4
1
-2
-6
-6
0
-1
-4
-1
-3
2
6
1
-2
5
5
-1
1
5
4
3
4
4
5
9
14
15
6
6
11
3
4
8
5
12
7
3
6
11
13
13
12
9
11
4
3
7
-5
-6
-5
-10
-8
-3
-7
-13
-12
-10
-8
-7
-6
-5
-8
-7
-6
-3
-2
-10
-10
-4
-6
-4
-11
-13
-8
-1
0
-5
-5
-4
3
-4
-4
-4
-4
8
5
-6
6
12
8
4
4
10
5
4
0
5
-2
-3
3
0
3
0
3
4
1
3
5
1
2
0
2
9
2
5
10
11
14
7
5
2
4
2
-3
-4
-5
3
3
-2
5
1
4
10
1
-5
-7
-9
1
-11
-15
-1
-5
-4
-4
-2
-3
-7
-1
-6
-9
-1
-2
1
-7
-8
1
-1
-5
-6
-7
2
1
2
2
-8
4
-3
-8
-4
-10
-6
-10
-10
-3
-1
-2
-2
1
-1
2
13
7
-2
4
1
3
3
2
-3
6
5
4
12
11
15
20
20
16
6
4
3
-5
-3
0
3
5
6
6
11
5
7
4
4
2
-4
2
0
1
-5
-6
-3
-8
-7
-2
-6
-7
-7
-7
-7
-5
0
0
-5
-11
-4
3
-6
-5
-7
-4
-8
-12
-11
-2
4
-8
0
-5
-9
-2
-2
-2
-4
-9
-10
-4
-12
-17
-8
-8
-4
-3
-1
8
8
12
10
11
20
19
12
11
10
3
-2
-6
5
3
-1
5
5
8
10
10
9
12
11
12
8
6
0
-1
-3
-6
-3
2
0
-3
-1
3
3
3
8
3
2
3
-2
-6
-8
-12
-8
-11
-17
-4
-1
-8
-3
-5
-6
-2
1
2
2
2
-1
-9
-10
-7
-8
-14
-11
-8
-6
-3
-1
-2
-7
-1
1
-1
5
-1
5
10
4
2
4
7
4
5
8
2
1
4
4
12
10
4
11
10
2
-1
-4
-3
1
2
-1
0
11
8
7
-5
-1
8
3
2
-1
2
-1
-4
-4
-4
-10
-8
-1
-2
-2
0
5
-2
-6
-8
-4
0
-5
-9
-1
1
-2
-2
0
1
4
6
5
3
-1
-3
-4
-1
0
5
3
-2
0
-6
-5
4
4
-6
-7
-2
1
-1
-1
2
3
3
-1
-4
-4
-4
-2
-3
-6
-4
2
4
8
2
0
-1
0
-7
-9
-6
-11
-1
-6
-4
6
8
5
6
10
10
9
5
7
7
7
5
5
7
11
12
4
4
1
5
7
1
-1
-2
-3
-4
1
0
-2
-4
-6
-7
-6
1
2
-1
-3
-7
-5
-5
-4
-9
-12
-6
-7
-10
-8
-2
-1
-2
1
4
0
1
-1
-4
-5
-5
1
6
-1
-5
4
5
-2
1
6
4
-6
-2
1
0
0
0
1
0
-2
2
-4
-10
-8
-10
-9
-1
6
9
4
9
16
7
14
14
9
9
6
11
7
2
3
3
6
4
-1
0
-7
-5
2
-1
2
6
-2
0
2
-7
-4
-7
-7
-6
-8
-5
-7
-5
-7
-9
-4
-3
0
3
1
2
1
3
3
2
2
-1
2
-1
-5
-1
-7
-5
-5
1
4
-2
4
-3
-1
5
-3
-6
-6
0
-7
3
4
5
11
4
6
3
0
2
-1
5
3
3
4
2
-1
-5
2
0
-4
-6
-3
3
4
2
2
2
-3
-6
-1
0
2
-2
-4
-5
-10
-7
-1
-2
-4
4
7
1
1
3
-4
-3
1
-4
2
-1
-10
-1
-3
-7
2
5
3
1
0
5
5
8
6
-3
-2
4
5
-1
-3
-5
3
8
8
7
1
3
7
2
5
7
10
8
-2
0
5
-1
-8
-8
-5
4
4
-2
3
2
-1
-4
-6
-2
-2
-4
-8
-12
-6
-7
-7
-6
-7
-5
-8
-8
-3
-2
-5
-7
-6
1
0
1
1
-2
1
-3
-6
-4
2
3
-4
-5
2
-4
-4
0
2
4
11
9
-1
2
3
4
8
3
1
5
10
9
7
8
9
6
6
6
4
6
6
-1
5
11
14
16
12
6
4
-1
-5
-7
-5
-3
-7
0
-2
-12
-13
-14
-15
-12
-8
-9
-6
-5
0
0
-4
2
-1
-2
2
-4
-3
-4
-4
-5
-8
-3
-1
0
-1
-6
-3
-5
-4
-1
-6
-1
-2
-7
-7
-6
-6
-3
-3
-2
3
3
6
7
11
10
4
3
9
11
6
2
2
5
9
7
4
7
14
15
12
14
12
10
9
3
0
1
-3
-3
1
2
3
0
7
8
1
1
-2
-3
-4
-10
-8
-5
-11
-11
-9
-5
-8
-8
-3
0
-1
-1
2
-3
-2
3
-5
-6
-3
-5
-8
-12
-9
-8
-8
-7
-6
-7
-4
1
-6
-8
-1
-4
-11
-11
-11
-15
-9
-6
-6
2
6
9
8
12
13
8
2
2
1
3
6
1
3
8
7
6
7
5
10
17
16
18
20
22
15
7
13
9
7
6
7
7
3
6
5
4
1
-3
-2
-2
-6
-6
-6
-9
-6
-9
-7
-11
-10
-12
-15
-11
-18
-15
-3
-3
-6
1
-6
-8
-1
-5
-7
-4
-5
-8
-6
-1
1
3
2
2
2
-1
2
0
-5
-3
3
-2
-2
-3
-1
-1
-2
1
-4
2
-1
1
2
-1
5
8
10
9
7
3
8
5
-1
2
1
1
2
-1
1
5
8
5
9
14
12
8
5
4
-2
-3
-3
-4
-4
-5
-3
-4
-2
1
0
0
0
6
-2
-7
0
-1
-6
-7
-9
-1
-1
-2
5
4
4
5
7
5
2
3
4
1
0
-3
-9
-9
-5
-4
-6
-5
-7
-2
-1
-6
-5
0
-1
-3
-1
-7
-8
-5
-4
0
5
8
7
0
-1
1
4
6
7
5
3
3
5
2
-2
1
4
1
-5
-4
-1
-2
-2
-2
1
-3
-2
2
1
1
0
-1
-6
-2
-1
-6
-3
-1
-2
0
-3
1
3
-3
5
6
1
4
-1
-8
-4
-5
-4
7
9
11
4
2
10
4
3
5
1
8
7
10
7
6
2
1
5
4
6
4
8
9
2
2
0
1
1
0
-1
-5
0
-1
-6
-6
-11
-13
-4
-6
-5
-2
0
0
-6
-5
-5
-5
-6
-9
-11
-10
-10
-10
-9
-6
-4
-9
-6
-6
-2
-6
-14
-5
-4
-6
-5
-2
2
-2
1
2
2
-1
-2
2
0
-1
-1
3
3
2
6
7
9
10
18
17
16
14
15
14
5
10
6
8
11
10
12
8
6
1
6
9
8
6
6
9
9
10
10
5
-1
-2
2
1
-1
-1
-1
-6
-12
-9
-3
-12
-12
-6
-5
-3
-12
-12
-6
-10
-8
-10
-13
-15
-16
-12
-13
-9
-1
-1
0
5
2
-2
-3
-9
-5
-7
-10
-8
-12
-11
-10
-16
-11
-7
-8
-3
-6
-4
-2
1
4
0
3
6
3
6
6
7
3
1
12
16
11
10
12
18
20
13
12
15
18
16
20
15
13
11
8
8
12
15
9
7
4
4
9
3
-2
-7
-6
3
-2
-10
-10
-4
-6
-12
-7
-6
-9
-7
-12
-13
-11
-14
-9
-6
-13
-9
-4
-5
-8
-7
-4
-5
-6
-5
-2
1
3
5
3
-3
-3
-9
-16
-14
-10
-11
-13
-9
-12
-8
-6
-5
1
4
10
15
8
7
9
6
4
1
0
-5
1
6
2
6
10
8
10
12
17
17
18
13
6
8
9
2
1
6
3
5
3
-2
3
2
1
1
3
0
2
3
3
-2
-6
-1
-6
-7
-4
-9
-7
-6
-3
1
0
0
0
-4
-4
-4
-4
-9
-14
-6
-4
-6
-8
-10
-6
-2
-6
-6
-1
-5
-6
-8
-6
-2
-4
-2
2
-1
-6
-2
2
2
4
5
4
6
9
10
14
12
8
8
6
6
-2
2
3
1
4
4
4
8
6
2
5
8
2
2
5
1
1
-2
1
4
4
7
4
-3
-1
1
-5
-5
2
4
-1
-5
-6
-9
-10
-7
-10
-7
-7
-6
-5
-10
-1
2
-3
-2
-4
-3
-3
-8
-9
-10
-8
-9
-15
-10
-6
-6
-4
-9
-7
0
2
1
2
5
2
8
6
7
5
5
13
12
13
11
9
13
13
10
6
9
11
10
11
8
6
8
6
8
7
3
7
5
3
4
-1
-2
-2
-8
0
0
-7
-2
4
3
1
-1
0
-1
-4
-6
-10
-12
-16
-18
-16
-12
-12
-12
-8
-11
-10
-12
-10
-6
-7
-3
-3
-7
-6
-10
-11
-2
-5
-4
0
4
3
-1
2
2
5
7
6
9
9
7
-1
1
1
0
6
1
5
9
5
9
12
14
20
20
16
16
14
14
4
2
0
1
3
0
2
4
4
8
8
5
4
3
1
2
-2
-6
-8
-10
-12
-5
-4
-10
-8
-3
-7
-9
-7
-9
-10
-7
-12
-12
-11
-13
-14
-17
-14
-13
-15
-9
-8
-4
2
4
6
7
12
12
8
10
5
1
-1
2
1
-5
-4
-3
-3
-1
5
6
1
2
1
4
-3
-3
-1
2
1
-1
-1
-2
5
4
8
9
10
16
14
14
17
9
11
10
10
12
7
5
1
-2
-2
0
-9
-3
4
-2
0
0
0
3
4
5
0
-8
-7
-8
-13
-11
-16
-12
-4
-5
-2
3
-1
1
4
-1
0
-4
-7
-6
-9
-5
-3
-5
-3
-1
-4
-7
-6
-2
-1
0
-4
-2
1
-8
-8
-7
-6
-8
-11
-5
-4
-6
-4
-3
-1
0
5
14
12
11
13
9
6
1
2
3
3
9
11
4
10
8
3
9
8
8
5
5
7
3
0
2
0
0
3
2
-4
-4
-5
-8
0
4
3
2
6
5
4
5
0
-1
1
-7
-6
-2
-6
-3
-3
-7
-5
3
-1
1
-1
-7
-1
4
2
-1
0
2
2
1
-5
1
6
-2
-5
-5
-5
-5
-7
-9
-12
-11
-9
-9
-5
-4
-8
-8
-4
-4
-6
3
4
4
6
5
4
2
7
5
4
1
0
3
4
5
6
7
9
7
3
0
-2
-5
0
-1
4
4
3
3
-3
5
1
-7
-4
-3
-3
-4
-3
-6
-4
2
-1
0
-1
1
6
5
6
5
3
6
4
3
4
2
5
11
5
5
7
2
9
10
7
8
7
3
-3
-8
-3
-4
-9
-5
-5
-9
-10
-6
-8
-12
-10
-7
-3
-1
0
-4
-6
-3
-4
-3
0
-2
-2
-1
3
1
-1
-2
1
3
-2
-1
0
0
1
4
3
6
1
-4
0
-2
0
-2
-6
-4
-11
-8
-1
0
4
3
0
-6
-5
-4
-4
-3
-6
-3
0
3
-1
2
10
9
12
15
13
12
18
13
8
9
6
12
7
7
6
0
7
8
7
6
3
5
-1
-4
-3
-4
-10
-12
-11
-13
-12
-15
-13
-12
-9
-11
-8
-1
1
2
-4
-7
-4
-7
-12
-10
-8
-7
-5
-1
2
4
1
0
5
-3
-8
-5
-2
3
-6
-2
4
2
4
-1
-4
3
7
2
3
8
5
6
8
9
12
9
10
8
4
3
3
0
0
4
7
9
11
11
10
13
12
7
9
12
14
9
1
0
-6
-9
-11
-14
-11
-10
-5
-3
-6
-5
-5
-11
-8
-13
-15
-9
-14
-17
-9
-10
-8
-3
-4
0
-1
-1
-3
-1
2
1
1
0
-1
3
3
2
3
4
-1
-5
-1
4
6
7
8
7
4
0
5
6
2
2
0
-1
0
-1
-1
-5
-4
-4
-6
-1
2
3
6
6
-1
2
1
-3
-1
1
2
-1
-3
-3
1
6
10
10
14
13
19
18
8
7
4
1
-2
-6
-4
-2
0
-1
-2
-2
-3
-5
-5
-3
-1
-1
-6
-4
-11
-8
-2
-5
-2
-2
1
3
-3
-5
-2
-2
1
5
0
6
7
3
5
0
-2
-5
-6
-7
-7
-12
-13
-4
-8
-7
-3
2
-2
-6
-4
-6
-5
-5
-7
-5
-1
0
0
2
0
5
7
4
4
1
1
0
0
4
8
8
9
17
21
14
17
17
13
3
-1
4
2
2
0
6
4
-4
-1
-3
-3
-1
-2
0
1
0
-2
-2
-2
-6
-6
-4
-5
-8
-9
-6
-2
-5
0
-3
-7
-3
-7
-4
-7
-7
-5
-12
-11
-8
-3
-4
-4
-6
-5
-2
4
4
7
8
3
4
6
0
2
10
7
5
4
1
3
-1
-4
-2
2
1
2
7
4
-1
-1
-1
2
4
3
-1
1
8
3
7
9
7
11
9
3
1
1
-4
-1
4
5
0
-2
1
-1
-2
3
1
-2
0
-2
-5
-5
-4
-4
-8
-9
-7
-6
-6
-8
-11
-6
-3
0
3
5
2
-1
3
1
1
1
5
2
-1
0
-2
1
1
6
4
0
4
4
0
-4
0
-5
-6
-2
-5
-4
-4
-8
-6
-8
-9
-6
-7
-4
-6
-12
-2
2
-5
-4
-1
2
1
1
-2
-2
3
4
3
3
6
8
15
14
11
14
10
10
6
2
2
3
6
6
2
-3
6
14
14
6
5
8
7
7
4
5
5
4
-1
-6
-5
-6
-8
-4
-4
-5
-4
-5
-3
-1
-4
-6
-7
-9
-10
-11
-10
-4
0
-4
-5
-7
-7
-2
-2
-2
-2
0
-2
-2
-4
-2
-1
-3
-2
-6
-8
-2
-4
-5
-1
-4
-6
-4
-7
-4
1
-2
-3
-3
1
5
5
10
10
8
5
2
4
7
9
11
8
11
8
7
7
8
14
8
4
5
8
3
1
2
0
0
-3
1
2
4
-1
-12
-9
-13
-16
-13
-13
-12
-6
-4
-2
2
2
1
3
3
1
-3
-3
-2
-2
3
0
2
3
1
5
2
3
10
6
3
5
3
0
-2
-1
-2
-4
-8
-6
-8
-9
-4
-6
-6
1
0
-5
-2
-3
2
-1
-2
-2
2
6
6
2
4
0
-6
2
0
-2
0
-1
-1
-1
1
2
-2
2
7
5
4
6
7
5
3
2
3
5
9
5
-1
-2
-2
1
-5
-3
-2
-4
0
3
5
3
2
2
5
6
6
1
0
0
-1
0
-4
0
2
-1
2
-2
-1
1
-3
-5
-3
-4
-6
-3
-5
-7
-6
-2
-4
-10
-5
-2
0
-4
-6
5
0
-2
-6
-4
0
-7
-1
1
-8
-10
-7
-7
-2
2
-3
-4
-3
-3
-3
-2
-1
-4
-6
-6
-9
-6
-8
-5
-2
1
6
9
16
19
13
13
17
14
9
11
12
9
11
8
2
7
10
9
16
16
17
17
8
9
13
7
4
1
1
0
-4
-3
-1
1
1
-3
-10
-10
-9
-13
-13
-9
-7
-12
-11
-10
-9
-13
-13
-7
-11
-11
-8
-2
-6
-9
-6
-13
-11
-15
-13
-8
-5
-7
-12
-9
-5
-3
-1
-1
0
-5
-8
-5
-8
-8
-7
-7
-2
0
0
2
10
14
11
12
9
8
7
12
9
8
12
19
18
19
19
14
12
8
5
8
6
9
13
13
19
9
9
14
7
6
9
8
6
2
5
3
-7
-2
-9
-7
0
2
4
-4
-4
-1
-4
-9
-14
-15
-15
-17
-19
-16
-16
-16
-10
-5
-1
-2
0
-1
-6
-5
-4
-3
-6
-12
-13
-11
-8
-7
-10
-11
-8
-8
-8
-3
0
-4
-8
-7
-3
-4
-7
-5
-7
-4
-3
0
2
5
11
12
12
10
15
15
14
13
8
10
8
5
4
3
7
11
9
12
15
13
11
9
15
16
14
16
15
10
5
1
3
2
-1
-1
0
-3
-6
-4
-8
-3
4
4
5
-2
-2
-1
-7
-9
-10
-12
-9
-6
-6
0
-3
-3
1
-3
-6
-7
-11
-14
-10
-18
-22
-15
-19
-14
-12
-10
-10
-6
-7
-7
-11
-11
-6
-10
-4
0
-3
-4
0
-1
0
0
-3
4
4
7
15
12
13
16
10
8
13
13
7
8
12
9
9
7
7
11
13
6
7
7
-1
6
3
6
10
4
10
5
1
-3
-5
-3
-8
-8
-1
2
5
3
0
0
0
0
-1
-1
-2
-2
2
1
4
1
-5
-3
-2
-1
2
3
1
-2
-3
-5
-7
-10
-11
-15
-15
-10
-10
-9
-10
-6
-6
-12
-8
-2
-7
-5
-5
-7
-5
-6
-2
-4
-1
1
-2
4
4
7
3
1
5
3
1
0
1
-2
4
7
8
6
6
10
12
13
13
9
7
7
5
5
3
1
7
6
0
6
10
8
9
8
6
5
0
2
3
-3
-5
-4
-5
-6
-2
-8
-7
-7
-7
0
-7
-6
-1
-8
-4
-5
-5
-1
-4
-1
-1
-2
-3
0
0
-3
0
0
1
1
-2
0
0
0
1
-5
-6
-10
-5
-1
-6
-3
0
4
2
-4
0
3
-1
-1
-2
-3
-2
-3
-2
-2
-2
2
3
0
1
4
7
1
-2
6
5
6
9
8
6
4
6
3
1
-2
1
1
-1
1
2
4
9
2
-2
8
10
5
2
-1
-4
-7
-5
-1
1
2
0
-3
-3
-1
-3
-2
-3
-4
2
-3
-6
-6
-10
-8
-7
-7
-4
0
8
6
0
2
2
3
7
4
3
2
3
1
-5
-2
0
2
1
0
0
-2
-2
-2
-1
-3
-3
3
-1
-1
-7
-4
-3
-6
1
-2
-8
-5
2
-3
2
5
-3
0
-3
-5
-4
-1
2
-5
-4
-4
-7
-5
-4
-1
2
1
7
12
12
15
13
13
12
5
5
4
3
1
-2
3
6
4
5
6
2
2
1
1
3
3
-2
-5
-5
-6
-6
-2
2
1
3
5
7
4
3
1
-3
0
-5
-7
-4
-8
-9
-8
-13
-9
-6
-2
-2
-7
-4
-6
-10
-5
2
-7
-12
-5
-5
-7
-7
-2
-5
3
3
2
5
-1
2
-1
-7
-5
-4
-5
1
6
2
7
6
5
11
6
11
16
9
2
8
13
11
13
10
9
8
10
7
5
4
7
10
2
2
3
3
-1
1
-1
-5
-8
-9
-5
-6
-7
-6
-7
-7
-7
-8
-4
-5
-8
-3
-5
-4
-6
-4
-4
-9
-5
-6
-5
3
-2
-1
2
-2
0
-8
-13
-10
-7
-2
-1
-2
-2
-3
0
1
-1
-2
-1
1
6
4
2
4
1
0
-1
-7
-4
-2
2
1
3
13
14
13
10
15
15
12
11
8
7
2
-1
0
2
-1
-3
-5
-6
-1
-2
-2
5
6
4
6
6
3
0
-8
-7
-6
-9
-5
-2
4
3
1
3
-3
-1
3
3
-1
2
4
-2
-2
-5
-2
-4
-11
-5
-2
-4
4
5
6
4
-1
3
-3
-5
-4
-7
-10
-12
-10
-14
-13
-4
0
1
2
0
1
1
1
4
5
9
-1
-1
0
-5
-7
-7
-3
-3
-4
2
1
6
7
-1
2
6
1
2
4
6
-4
-14
-7
-3
-2
-2
1
9
10
6
14
17
10
8
7
5
7
2
-2
0
-1
8
4
7
9
3
8
4
3
3
2
-3
-3
-4
-8
-6
-7
-8
-5
-6
-7
-4
1
4
0
-5
-3
-1
3
1
-5
-6
-4
-7
-7
-4
-5
-8
-9
-5
-4
-8
-6
-5
-2
-2
-1
-3
-2
4
0
4
5
9
9
5
8
10
9
7
8
10
6
1
1
2
-5
-3
0
-2
-7
-4
1
-4
-3
-5
-13
-9
-6
-9
-4
1
-2
-4
-5
-5
-2
-2
-4
-3
1
6
3
6
8
7
6
6
6
7
7
0
2
7
6
4
1
4
1
-1
3
4
-5
-4
-3
-2
-2
2
3
4
1
-4
0
-6
-5
3
4
2
2
2
5
4
1
3
8
3
1
-1
-4
1
1
1
0
4
5
3
-2
-8
-2
-4
-6
-2
-1
1
-1
-3
-4
-3
-2
-3
1
-2
-7
-1
-1
-1
-3
-9
-1
2
-3
1
0
2
1
-6
-2
-4
-8
-5
-5
-4
-5
-5
-3
0
-2
-3
-3
-5
-3
-1
3
0
-1
1
0
-1
2
3
0
-5
-7
-1
0
-3
0
4
5
5
7
4
4
5
2
3
6
8
13
7
5
9
9
8
8
5
1
5
5
3
3
5
1
-3
1
3
5
1
0
1
1
0
-2
3
5
6
11
9
8
13
10
9
6
4
2
0
4
4
3
-4
1
6
-4
-8
-7
-13
-10
-11
-11
-14
-21
-21
-18
-22
-19
-18
-22
-18
-17
-15
-20
-24
-18
-12
-14
-17
-15
-18
-21
-17
-11
-7
-8
-1
1
2
6
6
9
12
12
10
10
14
12
11
9
13
11
13
21
13
14
23
22
20
16
17
19
16
17
18
18
18
20
20
18
21
17
22
25
21
20
17
18
19
15
9
4
4
-1
-4
-10
-19
-19
-22
-20
-22
-24
-21
-22
-21
-16
-18
-18
-8
-5
-6
-11
-8
-1
-8
-7
-6
-10
-8
-7
-6
-3
-3
-7
-1
2
-11
-13
-17
-21
-23
-29
-35
-38
-35
-33
-36
-38
-34
-26
-24
-18
-10
-8
-3
-2
2
1
0
9
11
5
13
18
18
20
17
23
23
14
18
20
15
15
16
20
17
16
17
15
20
22
29
31
28
29
34
38
44
42
32
37
38
36
33
29
30
32
31
26
18
12
10
3
-1
-5
-6
-6
-15
-21
-25
-31
-34
-35
-35
-37
-38
-36
-35
-41
-43
-34
-33
-33
-35
-32
-28
-30
-24
-16
-3
0
5
17
19
22
25
28
22
19
14
4
-2
-9
-12
-16
-17
-12
-15
-19
-18
-37
-75
-89
-110
-130
-164
-265
-302
-309
-309
-279
-317
-289
-206
-132
-45
35
151
234
302
355
405
514
549
556
574
571
639
678
655
642
594
572
561
468
374
268
156
58
-49
-131
-178
-190
-186
-134
-53
49
177
331
509
640
757
830
858
900
843
734
602
453
315
161
7
-130
-229
-315
-408
-467
-525
-593
-682
-829
-963
-1093
-1235
-1354
-1531
-1664
-1697
-1730
-1694
-1672
-1611
-1419
-1214
-980
-754
-516
-291
-90
116
329
525
694
849
1020
1190
1339
1479
1611
1716
1737
1626
1402
1102
719
203
-422
-1065
-1696
-2328
-2950
-3458
-3757
-3888
-3923
-3839
-3597
-3228
-2794
-2344
-1857
-1313
-762
-260
186
641
1145
1676
2175
2655
3155
3642
4061
4368
4573
4710
4793
4714
4396
3955
3530
3051
2378
1653
1113
701
184
-361
-666
-742
-848
-1016
-1003
-818
-712
-755
-750
-632
-592
-667
-723
-695
-656
-625
-538
-378
-171
71
317
489
619
726
713
519
213
-132
-563
-1111
-1672
-2180
-2663
-3077
-3372
-3556
-3649
-3639
-3492
-3293
-3092
-2802
-2414
-2056
-1766
-1438
-1034
-642
-328
5
423
826
1163
1485
1846
2193
2446
2631
2784
2877
2886
2816
2678
2476
2242
2013
1793
1579
1403
1313
1265
1165
1043
990
968
790
416
27
-328
-775
-1374
-1961
-2380
-2719
-3098
-3403
-3437
-3245
-2981
-2726
-2403
-1916
-1377
-944
-588
-185
261
612
801
1018
1386
1773
2068
2300
2609
2963
3190
3284
3331
3347
3234
2884
2390
1914
1422
856
211
-383
-814
-1175
-1509
-1709
-1709
-1566
-1416
-1282
-1051
-748
-504
-358
-280
-210
-165
-196
-254
-267
-228
-145
-39
101
297
511
701
819
832
744
550
217
-242
-804
-1415
-2014
-2607
-3170
-3616
-3897
-4019
-4034
-3917
-3609
-3196
-2756
-2266
-1726
-1165
-659
-198
262
699
1115
1520
1906
2294
2665
3011
3315
3552
3745
3872
3914
3877
3756
3589
3346
2999
2656
2336
2010
1673
1369
1195
1123
1007
896
865
843
728
405
-14
-426
-955
-1661
-2447
-3139
-3678
-4176
-4624
-4846
-4797
-4583
-4341
-4054
-3602
-3087
-2645
-2287
-1963
-1593
-1229
-944
-653
-280
190
690
1163
1686
2236
2723
3117
3379
3500
3485
3317
3013
2560
2027
1511
1008
516
98
-142
-215
-234
-165
57
344
595
794
968
1064
1027
884
676
400
96
-148
-330
-453
-460
-294
-27
246
558
916
1187
1277
1257
1134
827
331
-231
-803
-1440
-2071
-2569
-2948
-3261
-3452
-3464
-3380
-3278
-3102
-2839
-2598
-2386
-2119
-1811
-1541
-1232
-804
-340
101
614
1214
1754
2194
2621
3017
3251
3324
3344
3297
3125
2871
2607
2342
2049
1745
1493
1296
1130
1023
981
935
958
1100
1172
1073
1012
1035
810
263
-247
-622
-1218
-2094
-2816
-3260
-3711
-4244
-4580
-4580
-4447
-4315
-4101
-3767
-3377
-2941
-2574
-2334
-2045
-1660
-1297
-1009
-670
-126
531
1117
1697
2398
3053
3540
3939
4214
4270
4142
3932
3615
3113
2504
1966
1569
1161
662
283
258
379
252
88
325
728
726
483
551
723
501
67
-110
-198
-483
-698
-670
-631
-536
-184
191
417
725
1187
1381
1189
1077
987
467
-310
-893
-1416
-2170
-2912
-3305
-3578
-3954
-4121
-3982
-3852
-3783
-3552
-3150
-2845
-2642
-2291
-1849
-1502
-1160
-653
-49
437
925
1606
2243
2650
3005
3440
3779
3835
3769
3788
3700
3443
3147
2827
2525
2173
1822
1532
1249
1055
939
861
870
894
870
879
868
720
333
-175
-602
-1179
-2016
-2849
-3495
-3994
-4508
-5001
-5189
-5079
-4872
-4635
-4382
-3953
-3355
-2845
-2504
-2169
-1647
-1061
-661
-300
272
979
1709
2381
3016
3687
4320
4814
5007
4958
4922
4783
4295
3571
2945
2491
1951
1275
808
623
475
305
215
258
382
455
399
267
186
135
-90
-477
-755
-906
-1107
-1339
-1382
-1217
-1022
-797
-476
-113
218
497
670
631
413
146
-261
-886
-1521
-2050
-2621
-3258
-3712
-3862
-3960
-4098
-4015
-3710
-3451
-3225
-2835
-2365
-2027
-1724
-1282
-834
-474
-8
605
1151
1592
2150
2839
3365
3660
3960
4275
4339
4122
3910
3762
3418
2873
2433
2157
1830
1418
1160
1069
933
756
714
765
733
671
736
783
650
527
481
313
-57
-515
-909
-1377
-2032
-2642
-3102
-3533
-3960
-4275
-4388
-4356
-4267
-4108
-3885
-3606
-3233
-2881
-2600
-2236
-1755
-1266
-844
-374
291
981
1526
2050
2630
3142
3491
3714
3837
3813
3666
3449
3130
2690
2254
1894
1547
1128
721
547
499
286
64
109
277
265
107
90
213
115
-197
-379
-412
-555
-815
-896
-737
-585
-432
-90
312
659
967
1192
1308
1248
1033
725
230
-381
-918
-1457
-2078
-2631
-2972
-3188
-3429
-3568
-3440
-3236
-3107
-2911
-2573
-2202
-1886
-1551
-1110
-668
-246
265
788
1242
1731
2275
2699
2937
3156
3416
3498
3334
3145
3038
2827
2460
2117
1865
1613
1325
1071
825
565
389
287
109
-107
-130
15
34
-87
-51
149
154
-156
-475
-675
-1023
-1668
-2373
-2893
-3313
-3784
-4217
-4429
-4379
-4180
-3974
-3724
-3315
-2781
-2286
-1944
-1615
-1156
-678
-318
-23
418
1031
1592
2007
2477
3121
3672
3924
4091
4334
4428
4196
3810
3455
3061
2528
1930
1365
905
582
300
-29
-232
-133
5
-104
-214
-57
68
-155
-467
-580
-689
-977
-1239
-1294
-1260
-1148
-848
-437
-51
419
986
1377
1518
1591
1623
1370
793
183
-391
-1078
-1816
-2418
-2866
-3233
-3462
-3514
-3501
-3430
-3215
-2941
-2744
-2565
-2286
-1960
-1702
-1430
-1024
-539
-69
431
1013
1602
2134
2631
3075
3364
3504
3603
3613
3427
3170
2988
2770
2417
2076
1860
1627
1289
974
758
521
214
-39
-157
-218
-268
-281
-275
-214
-110
-125
-360
-609
-729
-1025
-1669
-2269
-2551
-2793
-3262
-3687
-3693
-3460
-3356
-3315
-3069
-2656
-2317
-2130
-2003
-1821
-1553
-1257
-1048
-870
-458
196
796
1276
1855
2560
3170
3556
3785
3919
3946
3837
3532
3041
2530
2114
1724
1193
627
391
433
306
59
178
579
742
674
767
998
1035
807
556
425
257
-25
-279
-392
-361
-228
-59
116
384
770
1044
1052
992
962
729
203
-387
-940
-1560
-2233
-2834
-3341
-3759
-4004
-4084
-4081
-4023
-3804
-3412
-3070
-2834
-2494
-2026
-1670
-1448
-1126
-661
-255
78
546
1156
1687
2102
2576
3107
3446
3569
3693
3780
3647
3351
3091
2828
2447
2037
1712
1405
998
587
290
-23
-409
-740
-930
-1119
-1318
-1323
-1140
-939
-721
-355
62
318
476
636
637
395
53
-325
-862
-1527
-2064
-2479
-2954
-3355
-3483
-3462
-3488
-3447
-3179
-2817
-2570
-2330
-1937
-1512
-1146
-773
-315
205
715
1207
1698
2164
2622
3010
3230
3367
3508
3571
3426
3161
2991
2868
2607
2257
2050
2004
1903
1711
1627
1702
1729
1616
1490
1427
1305
1035
706
394
54
-316
-672
-947
-1100
-1165
-1140
-1024
-833
-596
-361
-195
-142
-185
-332
-624
-1055
-1544
-2021
-2486
-2935
-3366
-3672
-3824
-3909
-3977
-3988
-3862
-3673
-3545
-3437
-3201
-2875
-2603
-2342
-1938
-1405
-884
-370
230
891
1503
2056
2580
3035
3404
3673
3847
3954
3978
3887
3749
3663
3508
3187
2854
2666
2415
1912
1428
1164
876
380
-31
-112
-112
-237
-184
195
583
826
1117
1504
1676
1540
1326
1016
434
-340
-1129
-1895
-2683
-3418
-3946
-4301
-4517
-4548
-4442
-4246
-3941
-3598
-3295
-3021
-2704
-2375
-2175
-1973
-1587
-1186
-844
-387
261
957
1545
2196
2948
3523
3925
4276
4496
4478
4249
3989
3638
3094
2577
2152
1769
1426
1139
1015
1000
976
947
883
810
690
354
-112
-519
-935
-1452
-1964
-2232
-2278
-2311
-2209
-1821
-1302
-826
-381
95
476
632
636
518
208
-219
-703
-1240
-1760
-2215
-2562
-2833
-3011
-3011
-2939
-2841
-2660
-2426
-2219
-2049
-1850
-1627
-1460
-1306
-1033
-658
-305
81
633
1288
1894
2429
3017
3603
4025
4255
4364
4385
4246
3952
3568
3153
2711
2269
1840
1424
1098
825
579
347
227
157
20
-69
-2
182
195
128
237
440
374
7
-277
-431
-786
-1570
-2341
-2793
-3182
-3768
-4427
-4695
-4622
-4596
-4710
-4675
-4319
-3888
-3687
-3625
-3346
-2891
-2484
-2242
-1909
-1232
-432
298
990
1821
2835
3721
4293
4699
5077
5394
5389
4979
4582
4349
3980
3319
2696
2500
2418
2057
1753
1832
1983
1867
1631
1564
1484
1096
591
92
-419
-917
-1418
-1861
-2170
-2256
-2179
-2102
-1887
-1366
-847
-523
-215
180
436
334
165
81
-240
-823
-1347
-1740
-2179
-2695
-3025
-3220
-3513
-3726
-3712
-3623
-3607
-3540
-3307
-3096
-2975
-2707
-2221
-1704
-1233
-687
1
728
1452
2201
2920
3560
4080
4452
4682
4779
4789
4690
4412
4040
3660
3290
2899
2459
2117
1854
1486
1012
584
279
-106
-675
-1131
-1380
-1674
-2020
-2130
-1867
-1563
-1425
-1137
-640
-272
-133
-81
-41
-155
-567
-1089
-1616
-2180
-2631
-3028
-3471
-3762
-3827
-3740
-3674
-3616
-3255
-2791
-2578
-2376
-2009
-1517
-1048
-699
-179
493
1131
1819
2453
3096
3798
4344
4716
4925
5039
5140
4993
4589
4195
3853
3478
2968
2450
2143
1879
1514
1198
1031
995
864
568
344
146
-216
-694
-1132
-1480
-1899
-2378
-2637
-2698
-2691
-2553
-2215
-1754
-1343
-934
-469
-161
-85
-142
-311
-663
-1193
-1717
-2209
-2751
-3242
-3604
-3827
-3916
-3879
-3708
-3500
-3265
-2900
-2552
-2284
-1958
-1570
-1197
-923
-595
-55
484
978
1584
2294
3005
3632
4256
4889
5361
5655
5817
5777
5540
5165
4696
4123
3453
2812
2237
1666
1131
693
308
-108
-557
-968
-1378
-1815
-2177
-2450
-2627
-2688
-2563
-2235
-1806
-1340
-803
-280
97
289
319
201
-130
-652
-1287
-1979
-2647
-3217
-3661
-3973
-4126
-4072
-3871
-3616
-3295
-2875
-2413
-2002
-1650
-1269
-851
-418
54
577
1170
1838
2547
3220
3817
4386
4897
5221
5318
5277
5153
4858
4380
3836
3279
2711
2144
1617
1148
766
476
228
-22
-239
-370
-522
-785
-1075
-1307
-1533
-1843
-2136
-2317
-2408
-2456
-2443
-2304
-2046
-1739
-1405
-1052
-722
-426
-202
-102
-145
-297
-526
-898
-1383
-1861
-2293
-2719
-3114
-3354
-3420
-3387
-3259
-2987
-2597
-2165
-1717
-1239
-753
-287
168
626
1099
1595
2121
2668
3229
3794
4341
4814
5183
5442
5567
5520
5291
4925
4446
3825
3101
2350
1597
825
64
-627
-1252
-1841
-2359
-2769
-3091
-3336
-3472
-3457
-3295
-3021
-2601
-2044
-1414
-753
-98
487
926
1189
1270
1152
814
307
-298
-965
-1643
-2265
-2770
-3144
-3379
-3473
-3451
-3341
-3190
-3002
-2808
-2618
-2415
-2162
-1833
-1417
-868
-184
606
1467
2375
3285
4108
4796
5350
5710
5855
5782
5523
5115
4567
3947
3331
2748
2224
1782
1433
1178
966
778
605
417
177
-125
-482
-905
-1399
-1939
-2473
-2966
-3390
-3687
-3799
-3728
-3486
-3083
-2535
-1944
-1365
-833
-420
-179
-122
-224
-468
-845
-1290
-1711
-2089
-2404
-2605
-2666
-2610
-2467
-2250
-1975
-1698
-1426
-1161
-921
-701
-482
-231
45
370
747
1199
1717
2279
2883
3498
4086
4584
4975
5234
5325
5243
4983
4566
4024
3380
2682
1981
1313
703
178
-246
-596
-878
-1130
-1352
-1586
-1831
-2067
-2282
-2435
-2496
-2436
-2234
-1884
-1412
-840
-230
362
873
1238
1417
1379
1110
629
-44
-852
-1709
-2570
-3369
-4033
-4517
-4812
-4900
-4809
-4542
-4136
-3653
-3119
-2570
-2018
-1494
-975
-444
89
653
1259
1903
2571
3227
3853
4407
4850
5137
5260
5220
5003
4624
4130
3577
2984
2418
1911
1496
1179
946
804
701
613
509
370
162
-128
-498
-936
-1421
-1915
-2348
-2704
-2953
-3055
-2997
-2796
-2480
-2067
-1601
-1144
-741
-414
-209
-157
-233
-416
-685
-994
-1293
-1533
-1698
-1772
-1736
-1612
-1440
-1215
-964
-744
-561
-411
-303
-245
-205
-145
-29
129
341
654
1030
1443
1898
2372
2814
3194
3485
3657
3679
3553
3305
2946
2497
2001
1497
1004
554
151
-212
-518
-766
-972
-1194
-1428
-1621
-1770
-1892
-1982
-1955
-1758
-1435
-1014
-521
34
638
1194
1577
1740
1746
1610
1226
542
-283
-1076
-1846
-2673
-3472
-4023
-4268
-4366
-4401
-4270
-3897
-3380
-2913
-2533
-2102
-1572
-1065
-688
-345
136
743
1328
1859
2450
3151
3823
4337
4720
5024
5221
5222
4983
4592
4127
3568
2915
2214
1545
969
482
67
-263
-467
-574
-665
-785
-920
-1048
-1224
-1510
-1872
-2207
-2473
-2710
-2885
-2921
-2782
-2514
-2161
-1711
-1183
-628
-123
283
579
759
819
738
542
280
-39
-389
-743
-1044
-1247
-1378
-1491
-1571
-1558
-1489
-1423
-1362
-1266
-1144
-1030
-904
-712
-427
-85
321
779
1256
1760
2280
2755
3125
3397
3547
3567
3476
3272
3000
2678
2298
1909
1536
1161
823
519
239
-48
-347
-607
-840
-1069
-1299
-1489
-1598
-1637
-1605
-1479
-1243
-883
-456
-27
381
780
1132
1300
1251
1046
718
204
-512
-1305
-2051
-2789
-3520
-4108
-4496
-4690
-4721
-4632
-4397
-4019
-3557
-3050
-2582
-2104
-1523
-981
-544
-34
607
1302
1930
2549
3308
4035
4584
5057
5436
5632
5599
5318
4918
4400
3760
3081
2313
1568
983
479
21
-309
-466
-551
-767
-1010
-1083
-1187
-1467
-1780
-2027
-2256
-2559
-2790
-2730
-2546
-2324
-1942
-1446
-866
-219
416
1008
1464
1737
1876
1794
1543
1275
884
326
-240
-724
-1119
-1457
-1717
-1821
-1871
-1942
-1940
-1879
-1799
-1725
-1728
-1742
-1692
-1597
-1441
-1245
-959
-519
-57
397
960
1601
2226
2734
3114
3467
3735
3808
3736
3553
3305
2996
2552
2042
1595
1222
838
380
-14
-236
-443
-726
-975
-1110
-1166
-1223
-1289
-1274
-1123
-877
-682
-599
-421
-72
128
-44
-300
-367
-525
-1141
-1943
-2439
-2781
-3411
-4174
-4583
-4588
-4515
-4504
-4352
-3887
-3211
-2553
-2050
-1523
-738
69
573
913
1457
2204
2786
3149
3598
4177
4662
4964
5124
5201
5206
5048
4632
3994
3350
2791
2126
1290
569
139
-186
-577
-889
-909
-781
-764
-822
-788
-645
-606
-772
-928
-928
-935
-1088
-1206
-1067
-777
-590
-416
-37
438
763
911
1041
1146
1031
647
147
-352
-875
-1493
-2135
-2650
-3007
-3272
-3468
-3572
-3537
-3400
-3269
-3159
-3012
-2791
-2543
-2322
-2089
-1760
-1311
-815
-288
317
1014
1738
2412
3041
3648
4174
4554
4783
4886
4878
4721
4416
4014
3546
2989
2371
1767
1212
689
183
-220
-493
-712
-910
-1035
-1079
-1129
-1225
-1307
-1334
-1371
-1424
-1400
-1302
-1190
-1057
-839
-590
-429
-381
-363
-382
-595
-1013
-1471
-1870
-2311
-2855
-3330
-3539
-3560
-3566
-3478
-3148
-2607
-2026
-1509
-970
-315
344
837
1164
1530
1977
2305
2485
2662
2954
3245
3391
3459
3550
3624
3564
3334
3026
2699
2328
1866
1341
858
469
121
-221
-511
-701
-790
-852
-939
-1000
-957
-861
-843
-899
-863
-711
-625
-640
-574
-384
-240
-220
-187
-70
-21
-92
-210
-343
-497
-668
-885
-1174
-1451
-1616
-1769
-2012
-2201
-2227
-2236
-2361
-2455
-2362
-2227
-2155
-2032
-1781
-1481
-1151
-714
-195
348
913
1520
2084
2572
3078
3579
3925
4092
4211
4275
4211
4055
3865
3621
3258
2835
2427
2021
1594
1178
784
360
-112
-551
-891
-1175
-1526
-1930
-2234
-2427
-2622
-2793
-2793
-2643
-2491
-2348
-2113
-1739
-1325
-962
-736
-662
-637
-673
-905
-1320
-1687
-1949
-2332
-2826
-3101
-3023
-2821
-2658
-2394
-1898
-1301
-792
-343
146
651
1030
1235
1392
1582
1811
2027
2177
2331
2554
2797
2984
3117
3240
3319
3258
3041
2750
2452
2118
1719
1289
885
568
339
163
57
21
56
109
114
123
189
231
150
-7
-129
-216
-355
-541
-663
-710
-776
-868
-884
-821
-790
-817
-882
-972
-1091
-1249
-1461
-1724
-1988
-2218
-2435
-2653
-2775
-2764
-2732
-2703
-2566
-2298
-2012
-1740
-1385
-943
-542
-151
324
811
1245
1657
2097
2499
2796
3078
3365
3537
3597
3647
3657
3549
3330
3091
2799
2388
1936
1501
1024
488
0
-396
-765
-1125
-1371
-1516
-1651
-1753
-1782
-1775
-1785
-1790
-1754
-1723
-1722
-1656
-1479
-1287
-1142
-951
-648
-384
-292
-268
-207
-197
-389
-719
-1002
-1231
-1537
-1884
-2125
-2184
-2106
-2022
-1882
-1574
-1117
-622
-230
120
565
978
1226
1351
1502
1743
1898
1916
1991
2192
2435
2590
2630
2700
2778
2735
2535
2244
1992
1740
1369
912
543
338
188
-26
-204
-221
-192
-232
-305
-286
-166
-132
-217
-293
-293
-257
-320
-447
-512
-577
-706
-897
-1051
-1093
-1164
-1315
-1429
-1470
-1447
-1453
-1513
-1509
-1491
-1524
-1603
-1679
-1668
-1637
-1653
-1631
-1509
-1284
-1019
-751
-407
-13
358
695
994
1277
1541
1722
1830
1903
1961
2028
2066
2059
2063
2064
2042
1971
1846
1724
1564
1323
1037
740
461
185
-127
-419
-637
-803
-961
-1088
-1143
-1140
-1148
-1179
-1158
-1067
-966
-917
-856
-721
-569
-468
-405
-281
-99
2
-58
-177
-247
-324
-569
-944
-1234
-1419
-1687
-2050
-2270
-2221
-2099
-2031
-1910
-1614
-1182
-769
-432
-63
401
851
1143
1312
1577
1928
2131
2161
2230
2403
2501
2449
2404
2411
2386
2258
2060
1876
1712
1541
1310
1018
784
640
455
170
-36
-60
-112
-326
-491
-450
-399
-505
-594
-539
-482
-571
-696
-709
-715
-817
-952
-1064
-1150
-1222
-1255
-1268
-1300
-1285
-1213
-1205
-1246
-1232
-1187
-1242
-1379
-1432
-1432
-1482
-1496
-1419
-1319
-1218
-1031
-764
-530
-306
13
336
559
805
1134
1414
1581
1776
2051
2237
2322
2465
2617
2619
2545
2517
2461
2246
1981
1775
1501
1108
729
400
33
-348
-642
-890
-1156
-1341
-1384
-1406
-1452
-1396
-1255
-1184
-1162
-1074
-956
-922
-936
-883
-835
-854
-828
-702
-586
-586
-608
-532
-462
-577
-786
-895
-940
-1111
-1405
-1563
-1517
-1429
-1416
-1364
-1112
-732
-399
-152
106
460
804
965
993
1086
1277
1388
1340
1322
1480
1664
1738
1785
1927
2090
2139
2091
2036
1959
1812
1597
1346
1095
851
639
461
290
182
158
143
98
86
131
141
45
-73
-161
-304
-534
-757
-907
-1080
-1295
-1442
-1490
-1505
-1523
-1491
-1407
-1335
-1290
-1241
-1200
-1212
-1262
-1318
-1378
-1451
-1515
-1538
-1512
-1429
-1296
-1115
-897
-626
-331
-51
220
477
737
981
1188
1378
1561
1755
1944
2100
2229
2337
2419
2443
2381
2256
2093
1867
1569
1221
872
552
228
-94
-379
-605
-769
-914
-1030
-1092
-1121
-1133
-1152
-1167
-1153
-1128
-1105
-1099
-1089
-1039
-948
-859
-782
-672
-503
-310
-174
-98
-22
74
83
-48
-232
-367
-504
-747
-1033
-1220
-1256
-1273
-1342
-1326
-1140
-868
-653
-509
-286
32
288
410
503
698
938
1069
1104
1218
1442
1626
1683
1720
1842
1972
1983
1882
1831
1849
1805
1639
1469
1419
1391
1253
1064
957
922
811
574
378
291
179
-74
-375
-558
-678
-891
-1190
-1412
-1508
-1599
-1786
-1956
-1986
-1934
-1931
-1983
-1966
-1841
-1718
-1650
-1595
-1485
-1321
-1187
-1100
-1001
-846
-659
-507
-406
-279
-104
76
213
316
439
581
694
788
907
1059
1223
1347
1451
1587
1734
1847
1908
1937
1929
1851
1708
1513
1300
1055
777
507
227
-32
-233
-369
-479
-597
-677
-679
-663
-707
-756
-750
-733
-813
-946
-978
-930
-940
-994
-949
-787
-676
-646
-499
-212
-35
-53
-81
-12
-18
-253
-543
-695
-846
-1156
-1484
-1570
-1458
-1405
-1393
-1212
-842
-496
-276
-28
344
673
795
838
974
1195
1357
1402
1466
1635
1833
1962
2032
2125
2253
2307
2177
1958
1834
1801
1661
1325
1008
882
774
515
240
149
156
-39
-394
-594
-590
-659
-955
-1258
-1362
-1448
-1713
-1974
-2039
-1984
-2034
-2179
-2171
-1986
-1792
-1671
-1529
-1310
-1103
-976
-866
-696
-522
-427
-379
-321
-222
-121
-56
31
130
202
258
318
422
526
593
702
823
951
1107
1258
1431
1604
1743
1886
1984
2042
2085
2049
1952
1805
1607
1382
1097
769
486
221
-45
-291
-492
-602
-685
-764
-816
-847
-870
-910
-975
-1056
-1140
-1213
-1279
-1354
-1395
-1359
-1270
-1168
-1062
-889
-635
-438
-362
-325
-244
-236
-432
-717
-908
-1038
-1266
-1559
-1711
-1600
-1416
-1323
-1160
-785
-314
16
199
454
800
1012
1019
1021
1162
1324
1383
1419
1553
1779
1987
2103
2183
2303
2429
2459
2360
2225
2122
2004
1815
1532
1241
1043
877
607
263
50
-17
-159
-462
-685
-683
-714
-972
-1243
-1323
-1361
-1571
-1848
-1969
-1970
-2038
-2164
-2191
-2073
-1918
-1804
-1671
-1445
-1180
-962
-796
-637
-457
-329
-296
-276
-246
-209
-187
-174
-143
-67
66
210
341
503
733
945
1073
1176
1332
1498
1549
1523
1555
1625
1596
1457
1361
1334
1235
1025
819
687
549
319
74
-78
-188
-356
-529
-618
-655
-702
-761
-775
-753
-743
-737
-726
-712
-690
-650
-610
-602
-570
-478
-398
-377
-359
-270
-182
-219
-317
-337
-333
-467
-701
-830
-848
-930
-1113
-1197
-1081
-935
-891
-828
-593
-268
-37
103
334
664
932
1068
1187
1402
1621
1725
1743
1817
1933
1964
1889
1815
1799
1742
1592
1420
1296
1190
1043
850
672
538
417
255
43
-138
-249
-393
-642
-873
-979
-1082
-1297
-1514
-1579
-1592
-1710
-1829
-1831
-1758
-1747
-1766
-1693
-1560
-1427
-1318
-1197
-1044
-855
-652
-506
-378
-198
-12
103
153
244
353
375
340
335
362
364
352
356
401
478
588
700
799
946
1139
1279
1348
1430
1540
1589
1519
1445
1408
1323
1158
976
849
730
557
383
274
186
68
-50
-124
-184
-282
-384
-450
-512
-609
-739
-829
-868
-931
-1034
-1098
-1058
-979
-955
-956
-861
-691
-594
-643
-695
-643
-635
-823
-1102
-1258
-1310
-1457
-1710
-1829
-1693
-1490
-1398
-1273
-908
-410
-65
145
458
895
1218
1317
1420
1648
1863
1920
1898
1958
2082
2132
2055
1974
1941
1890
1744
1513
1320
1216
1109
911
696
609
593
460
243
104
55
-74
-339
-553
-641
-736
-929
-1121
-1182
-1188
-1271
-1377
-1414
-1399
-1412
-1461
-1477
-1438
-1368
-1286
-1203
-1100
-945
-770
-623
-515
-393
-265
-181
-157
-152
-129
-129
-143
-151
-130
-86
-21
80
208
366
541
740
935
1117
1286
1431
1550
1629
1663
1642
1604
1548
1455
1317
1165
1040
909
736
556
421
299
137
-53
-209
-329
-474
-646
-787
-884
-958
-1029
-1090
-1109
-1093
-1082
-1071
-1057
-1026
-973
-930
-900
-867
-781
-672
-623
-625
-608
-572
-606
-747
-925
-1027
-1097
-1229
-1375
-1394
-1251
-1086
-960
-771
-438
-65
224
459
741
1089
1372
1525
1651
1858
2068
2165
2174
2202
2284
2296
2196
2061
1960
1876
1702
1469
1291
1165
1012
814
649
548
457
315
147
10
-124
-297
-515
-730
-898
-1056
-1246
-1435
-1567
-1622
-1682
-1769
-1784
-1715
-1644
-1635
-1590
-1430
-1293
-1233
-1136
-983
-850
-771
-701
-575
-473
-424
-351
-283
-229
-167
-126
-106
-78
-21
48
80
121
245
369
455
584
758
934
1077
1215
1364
1482
1563
1618
1645
1638
1596
1511
1389
1259
1118
948
761
593
444
271
95
-44
-152
-259
-386
-485
-531
-578
-631
-674
-708
-717
-716
-749
-793
-807
-798
-809
-862
-887
-846
-816
-856
-912
-911
-896
-969
-1102
-1182
-1196
-1238
-1338
-1400
-1326
-1177
-1055
-938
-711
-364
-39
199
471
837
1181
1394
1545
1744
1952
2043
2035
2046
2090
2071
1951
1817
1740
1651
1474
1273
1134
1024
864
673
522
416
273
68
-108
-229
-383
-589
-783
-916
-1021
-1156
-1291
-1363
-1373
-1385
-1409
-1397
-1334
-1266
-1219
-1168
-1069
-952
-864
-791
-711
-605
-491
-421
-367
-286
-200
-142
-129
-111
-74
-63
-87
-123
-132
-117
-98
-63
1
119
274
447
644
860
1063
1251
1414
1551
1662
1712
1712
1689
1632
1553
1453
1321
1170
1005
845
690
529
355
170
-9
-172
-338
-499
-646
-791
-924
-1044
-1129
-1185
-1227
-1256
-1262
-1230
-1186
-1125
-1055
-988
-927
-876
-826
-774
-743
-758
-800
-835
-849
-874
-933
-971
-978
-974
-971
-947
-854
-735
-625
-490
-296
-54
188
407
655
945
1216
1433
1634
1834
1997
2086
2119
2151
2159
2093
1974
1866
1764
1619
1442
1292
1175
1028
846
691
579
441
240
31
-134
-318
-579
-840
-1038
-1213
-1423
-1627
-1736
-1771
-1805
-1818
-1751
-1616
-1473
-1341
-1179
-990
-826
-691
-558
-431
-324
-250
-186
-107
-40
1
34
81
118
114
95
84
64
9
-48
-81
-100
-117
-113
-57
39
152
309
510
719
931
1143
1351
1534
1668
1765
1810
1805
1742
1630
1491
1303
1086
865
644
416
193
-1
-175
-330
-475
-606
-710
-803
-907
-1009
-1095
-1175
-1269
-1370
-1437
-1481
-1515
-1534
-1527
-1467
-1379
-1296
-1188
-1043
-895
-787
-697
-583
-501
-466
-447
-425
-398
-391
-397
-362
-286
-207
-117
28
218
418
622
841
1064
1273
1449
1585
1704
1798
1825
1811
1783
1728
1653
1563
1485
1421
1348
1281
1219
1166
1097
990
867
721
517
278
15
-269
-565
-873
-1163
-1398
-1596
-1769
-1875
-1892
-1874
-1831
-1739
-1603
-1458
-1333
-1206
-1071
-955
-869
-788
-689
-569
-469
-355
-199
-44
111
260
389
498
567
571
533
479
383
250
128
42
-21
-40
0
103
258
448
663
892
1112
1296
1446
1554
1609
1597
1538
1452
1327
1185
1035
887
747
617
491
379
277
165
55
-63
-202
-358
-520
-690
-873
-1055
-1230
-1376
-1497
-1604
-1679
-1711
-1719
-1711
-1684
-1639
-1571
-1499
-1420
-1335
-1242
-1139
-1039
-939
-839
-730
-623
-531
-433
-316
-208
-109
10
144
279
408
541
712
889
1050
1210
1392
1571
1707
1831
1954
2058
2105
2106
2108
2089
2031
1927
1832
1771
1671
1520
1385
1275
1123
898
649
419
160
-175
-526
-811
-1073
-1358
-1620
-1778
-1850
-1929
-1997
-1965
-1862
-1786
-1743
-1655
-1524
-1413
-1357
-1295
-1163
-1031
-933
-818
-654
-465
-310
-178
-28
115
197
218
224
219
174
99
37
-4
-32
-37
7
99
216
352
522
713
884
1038
1194
1322
1405
1451
1465
1457
1424
1358
1271
1191
1116
1032
950
879
820
749
654
561
455
320
147
-49
-255
-474
-708
-929
-1127
-1298
-1450
-1569
-1639
-1670
-1673
-1658
-1616
-1559
-1499
-1442
-1369
-1290
-1225
-1156
-1075
-981
-884
-782
-655
-513
-367
-221
-70
82
217
335
448
539
614
682
739
799
870
956
1046
1151
1271
1408
1541
1669
1789
1888
1954
1967
1948
1897
1790
1633
1443
1243
1015
761
507
273
50
-175
-390
-570
-728
-880
-1026
-1156
-1262
-1366
-1460
-1542
-1605
-1649
-1686
-1702
-1688
-1653
-1588
-1493
-1381
-1241
-1080
-907
-728
-555
-393
-241
-106
1
81
148
198
233
260
287
329
368
415
470
538
625
704
792
885
968
1046
1107
1168
1205
1214
1217
1203
1173
1122
1065
1010
949
883
824
769
713
657
599
527
451
355
228
81
-86
-278
-482
-708
-924
-1127
-1324
-1487
-1613
-1699
-1756
-1788
-1770
-1726
-1674
-1614
-1538
-1454
-1381
-1315
-1242
-1162
-1087
-1012
-916
-807
-688
-556
-406
-236
-64
108
289
476
647
791
927
1051
1157
1239
1316
1397
1470
1529
1598
1675
1743
1806
1856
1888
1902
1889
1834
1738
1613
1463
1275
1064
846
624
400
176
-25
-205
-373
-518
-637
-740
-840
-922
-996
-1073
-1147
-1220
-1286
-1338
-1387
-1422
-1432
-1439
-1417
-1378
-1335
-1268
-1194
-1107
-1021
-934
-845
-757
-664
-592
-512
-430
-359
-288
-204
-120
-29
75
179
296
414
534
658
763
864
958
1031
1091
1127
1150
1163
1157
1133
1112
1083
1048
1014
979
945
915
884
845
796
737
664
579
483
360
217
63
-108
-291
-470
-641
-815
-968
-1103
-1223
-1308
-1375
-1424
-1447
-1451
-1442
-1419
-1381
-1335
-1277
-1212
-1141
-1057
-970
-873
-773
-658
-529
-404
-269
-123
23
165
310
449
585
704
813
914
994
1069
1136
1191
1243
1288
1332
1363
1386
1409
1411
1403
1387
1347
1295
1221
1124
1029
920
787
657
527
394
260
123
-10
-137
-265
-396
-516
-631
-752
-862
-968
-1066
-1153
-1229
-1291
-1344
-1380
-1392
-1388
-1374
-1340
-1290
-1236
-1166
-1082
-994
-904
-806
-707
-601
-502
-403
-302
-207
-110
-13
84
179
269
352
435
522
597
670
738
795
856
911
949
987
1027
1050
1069
1082
1078
1077
1061
1030
995
944
888
821
744
660
569
472
364
256
145
29
-83
-196
-312
-423
-528
-633
-731
-829
-920
-1002
-1073
-1132
-1173
-1195
-1207
-1203
-1178
-1144
-1100
-1042
-974
-910
-840
-768
-696
-613
-540
-465
-386
-304
-214
-120
-7
113
241
371
509
649
789
922
1041
1150
1247
1324
1371
1396
1394
1379
1345
1284
1212
1133
1048
955
867
778
685
598
512
430
340
239
142
32
-84
-216
-343
-462
-591
-712
-822
-923
-972
-993
-1027
-1033
-1026
-993
-907
-846
-807
-746
-691
-607
-536
-502
-453
-420
-373
-325
-310
-280
-258
-232
-195
-174
-153
-124
-95
-64
-29
7
44
96
137
170
220
263
318
358
365
396
424
447
467
431
410
418
399
387
355
299
271
251
225
194
148
124
98
73
51
21
-2
-27
-46
-72
-87
-88
-102
-116
-133
-139
-114
-116
-122
-122
-134
-103
-77
-92
-92
-94
-74
-41
-42
-38
-35
-34
-32
-25
-17
-10
-4
8
15
23
34
36
41
46
47
50
50
51
60
59
55
52
48
54
51
50
52
46
39
32
25
14
10
4
5
-1
-12
-14
-15
-17
-18
-21
-26
-25
-27
-32
-39
-44
-48
-48
-55
-57
-52
-52
-51
-43
-38
-39
-35
-24
-21
-19
-21
-23
-23
-21
-17
-16
-16
-14
-7
-1
3
10
17
24
27
27
29
33
35
35
39
37
32
29
25
27
30
33
36
36
40
44
40
41
42
34
35
32
23
26
19
18
15
7
7
-2
-3
0
-6
-6
-8
-17
-24
-25
-29
-35
-40
-45
-47
-57
-62
-60
-56
-53
-50
-49
-42
-40
-35
-26
-23
-21
-15
-7
0
5
12
13
13
19
19
19
28
30
29
34
33
35
40
37
36
35
35
39
34
31
28
25
19
15
10
6
9
8
11
10
5
3
7
6
-2
-2
-2
-13
-17
-18
-21
-25
-23
-21
-27
-27
-22
-22
-18
-16
-18
-16
-12
-19
-20
-19
-18
-17
-21
-20
-15
-12
-10
-5
-6
-6
-8
-5
-1
-5
-2
3
2
4
3
7
10
9
4
6
10
14
19
18
22
20
21
27
21
27
28
30
29
31
34
31
36
37
31
28
27
19
17
23
11
4
-2
-13
-18
-26
-28
-27
-30
-31
-28
-29
-35
-35
-33
-34
-40
-43
-38
-36
-33
-31
-25
-20
-16
-11
1
4
-1
2
6
7
6
5
10
12
10
13
10
10
15
13
17
24
24
28
26
26
29
20
17
18
16
12
11
9
8
4
1
6
4
6
5
6
2
2
-2
-3
3
-5
-9
-6
-9
-10
-14
-8
-3
-3
0
-2
-3
-1
-3
-5
-6
-7
-9
-13
-12
-13
-12
-13
-13
-13
-17
-17
-20
-21
-18
-18
-19
-11
-12
-7
-2
-1
5
1
3
2
5
12
14
16
18
20
23
27
26
22
25
24
21
18
15
16
17
17
11
9
10
9
10
7
5
4
-1
-7
-8
-14
-17
-16
-23
-22
-21
-18
-16
-16
-11
-14
-17
-12
-11
-10
-15
-15
-9
-11
-11
-7
-4
0
5
5
11
15
17
16
15
18
16
17
15
11
10
9
8
7
9
11
10
11
11
12
8
7
6
0
-1
-5
-3
-8
-10
-8
-9
-15
-15
-11
-14
-4
-7
-9
-2
-3
1
3
0
-3
-3
-5
-9
-10
-7
-7
-8
-5
-2
-6
-10
-5
-3
-6
-2
2
3
0
1
3
-3
-7
-8
-12
-10
-9
-9
-5
-1
0
7
12
6
9
11
8
7
6
4
7
8
13
17
19
22
21
27
23
21
22
26
30
26
24
15
12
11
2
-5
-4
-5
-6
-7
-10
-16
-18
-14
-19
-16
-11
-17
-24
-27
-27
-32
-30
-36
-37
-30
-28
-25
-21
-20
-18
-14
-10
-3
4
5
9
11
13
17
15
13
14
17
16
18
25
26
20
14
18
17
20
19
20
17
16
18
9
8
9
9
5
1
-2
-2
-3
-1
0
-1
2
3
2
6
7
5
3
2
-1
-5
-10
-20
-23
-26
-21
-19
-14
-8
-9
-1
3
-2
-1
1
-6
-9
-14
-16
-24
-34
-33
-32
-36
-36
-34
-21
-20
-19
-11
-10
-5
0
3
6
5
13
12
11
18
23
21
22
36
37
38
41
45
50
47
52
55
49
47
35
23
22
14
9
4
2
-5
-8
-14
-19
-10
-12
-11
-12
-12
-14
-17
-20
-20
-28
-31
-24
-26
-24
-20
-22
-22
-21
-18
-14
-13
-11
-4
-2
1
-4
-3
-4
-9
-11
-15
-9
-8
-8
-6
-3
-2
2
6
2
2
1
-3
-7
-7
-3
-2
-7
-6
-3
2
6
3
4
8
8
13
10
12
17
18
19
20
16
11
16
16
8
11
12
14
17
19
16
18
16
12
17
11
8
3
-3
-11
-25
-22
-26
-31
-25
-22
-21
-19
-16
-11
-14
-7
-9
-8
-3
-1
-3
-8
-5
3
5
5
7
14
18
18
27
26
26
27
25
22
21
13
9
13
5
3
3
-2
-6
-8
-9
-12
-8
-11
-13
-10
-13
-13
-17
-17
-20
-22
-23
-21
-18
-14
-11
-18
-16
-9
-8
-6
-10
-2
0
3
11
8
7
2
0
4
3
4
7
4
1
3
2
2
1
12
10
4
5
3
2
3
-3
-1
1
2
7
11
15
9
12
14
13
20
17
18
20
16
12
10
6
9
10
9
12
7
8
10
4
4
-5
-2
-3
-11
-12
-14
-18
-20
-21
-26
-25
-19
-20
-16
-15
-25
-20
-19
-23
-22
-27
-23
-19
-20
-20
-17
-12
-12
-12
-7
-4
3
6
17
22
23
29
29
30
35
35
34
33
26
29
32
29
30
29
28
22
21
18
9
4
-1
2
-1
-6
-4
-9
-10
-11
-12
-16
-21
-18
-22
-23
-19
-13
-13
-16
-14
-10
-12
-8
-10
-13
-10
-11
-1
2
-2
1
-1
-9
-10
-9
-10
-13
-10
-4
2
3
-1
2
3
4
3
1
-2
-4
-2
-5
-4
-3
-3
-2
0
2
7
5
11
17
13
16
11
9
11
8
10
9
9
6
4
6
11
10
10
7
1
2
-1
-5
-6
-8
-8
-13
-16
-8
-17
-17
-13
-11
-7
-7
-2
0
4
-1
5
2
-8
0
5
5
5
7
9
8
9
2
3
8
14
14
16
21
21
20
21
20
14
10
7
8
8
6
10
8
8
7
1
0
-4
-5
-6
-8
-7
-12
-10
-16
-22
-20
-28
-26
-22
-23
-20
-18
-16
-18
-17
-18
-17
-17
-19
-19
-17
-18
-19
-15
-14
-12
-7
-4
-2
-6
-5
0
-1
-1
-1
5
6
4
8
7
10
11
18
18
14
20
18
19
25
24
21
26
27
25
18
23
26
21
19
18
21
21
17
19
20
14
12
9
8
8
3
-3
-3
-5
-12
-18
-17
-13
-20
-23
-20
-19
-18
-17
-18
-25
-23
-17
-18
-18
-16
-15
-16
-18
-14
-9
-8
-8
-3
-2
-7
-1
-2
-3
0
-2
2
3
1
2
6
12
15
14
14
13
8
10
13
10
13
14
13
10
9
7
3
4
0
3
1
1
4
2
7
1
-3
-3
-5
-7
-7
-10
-11
-16
-10
-6
-10
-8
-6
-6
-8
-9
-13
-12
-11
-7
3
3
-1
-2
0
0
-1
-5
3
2
2
12
6
6
18
14
10
7
4
6
2
1
1
-2
3
10
6
10
12
9
16
17
16
11
9
10
11
10
8
6
-1
0
-7
-4
-3
-4
-7
-16
-13
-11
-10
-11
-8
-7
-10
-12
-11
-11
-9
-14
-17
-11
-8
-9
-10
-10
-7
-9
-7
-5
-8
-6
-7
-6
-3
-4
-5
1
9
7
11
11
11
11
14
14
15
14
11
18
11
13
13
12
16
13
12
12
12
9
11
12
8
11
11
3
-2
-5
-6
-1
-1
3
1
-4
-5
-7
-5
-5
-11
-12
-12
-15
-16
-18
-20
-21
-18
-16
-16
-15
-15
-17
-14
-12
-9
-4
-8
-9
-1
-5
-11
-11
-7
-4
-4
-2
4
6
6
9
14
15
15
13
9
6
6
5
-1
2
0
6
8
10
16
16
21
24
24
23
21
20
16
8
10
2
-1
-2
-3
-2
-5
1
-3
-1
4
4
5
0
5
4
-1
1
-7
-15
-15
-13
-10
-10
-12
-12
-6
-1
-2
0
-4
-2
0
-4
-4
-6
-5
-12
-11
-11
-5
-4
-6
2
2
2
3
4
2
2
2
-2
6
8
7
9
5
5
6
7
10
10
6
2
4
3
0
-6
-6
-9
-7
-7
-13
-15
-19
-15
-10
-11
-11
-9
-9
-11
-13
-9
-6
-8
0
-6
-6
-5
-10
-4
-4
-2
-2
1
4
4
8
12
11
13
18
22
18
21
20
14
14
10
14
9
9
12
7
9
7
5
0
4
7
9
7
7
7
5
11
10
9
9
7
9
4
1
2
-3
-5
-1
-1
-3
-5
-3
-4
-8
-13
-12
-15
-17
-13
-15
-17
-21
-23
-21
-18
-21
-20
-16
-17
-13
-15
-9
-9
-10
-7
-4
3
-3
-6
-3
3
9
10
11
18
18
13
14
12
10
11
9
7
16
13
8
9
5
4
3
3
5
7
3
2
1
-4
0
-3
-5
-3
-3
2
0
0
0
1
5
1
0
-2
-5
-4
-9
-10
-5
-4
-5
-3
-5
-5
-2
-3
-4
-3
0
-5
-5
-7
-10
-4
-1
-3
-2
4
2
4
4
5
5
6
10
9
8
11
10
8
9
8
9
5
8
12
8
10
11
14
14
15
12
2
4
2
2
2
-3
-3
-4
-11
-14
-7
-8
-13
-12
-6
-7
-10
-16
-14
-11
-16
-17
-16
-18
-19
-15
-14
-16
-16
-13
-6
-2
-3
0
-1
-7
-11
-9
-6
-4
-1
2
3
8
10
12
16
19
16
17
18
15
13
10
13
14
17
20
21
24
15
18
12
9
11
6
3
2
6
5
0
-1
-2
0
0
-9
-9
-5
-11
-13
-14
-13
-13
-13
-13
-17
-18
-16
-20
-17
-15
-15
-13
-12
-15
-5
2
0
-3
-1
0
1
-1
-4
-1
-3
-4
-2
-1
2
6
7
13
15
13
9
10
16
16
12
12
11
19
16
11
13
9
7
11
12
8
7
7
5
1
-3
-2
2
-1
-4
-4
-4
-6
-7
-9
-7
-7
-9
-5
-2
-1
-6
-6
-4
-11
-9
-9
-15
-17
-16
-12
-12
-8
-8
-7
-1
-2
0
-2
-1
-2
-3
2
-1
-2
2
1
-2
2
0
3
3
1
9
8
7
7
5
3
4
5
8
6
-1
-1
2
-7
-12
-8
-11
-7
-1
4
5
5
10
12
8
6
9
8
5
7
5
1
3
3
1
1
4
0
-2
3
1
-7
-7
-5
-3
3
-2
-4
-2
-1
3
0
1
5
1
1
-1
-2
1
0
-1
4
1
-2
4
4
4
9
3
3
2
5
13
8
7
10
7
5
-2
-1
-2
-4
-3
-5
-3
-5
-11
-9
-10
-10
-8
-5
-4
-9
-14
-12
-13
-13
-9
-11
-11
-10
-12
-9
-5
-10
-5
-3
-5
1
4
2
3
5
0
-4
-4
-6
-7
-4
2
7
7
8
12
11
13
14
12
7
14
11
8
14
14
14
10
10
6
6
8
8
10
7
11
12
6
3
1
4
0
-8
-8
-8
-11
-8
-6
-12
-11
-8
-4
-4
-4
-6
-4
-7
-14
-12
-12
-10
-8
-8
-5
-9
-10
-6
-7
-5
-1
0
3
3
3
7
5
4
9
9
5
15
11
9
13
10
7
6
6
6
2
2
9
7
7
8
2
7
13
7
6
8
2
-1
-6
-6
-4
-9
-13
-9
-12
-8
-2
-2
-3
-6
-6
-1
-4
-5
-3
-7
-6
-13
-20
-18
-20
-18
-16
-12
-11
-13
-7
-7
-9
-2
-1
-3
-4
-7
-5
-4
-2
-4
-5
1
3
6
10
9
11
9
15
22
18
22
20
15
13
16
12
10
16
15
15
13
11
12
8
11
14
13
16
13
6
7
4
1
-2
-3
2
-3
-9
-8
-10
-10
-7
-4
-1
2
-2
-7
-7
-9
-13
-17
-12
-10
-13
-10
-13
-21
-22
-19
-18
-16
-13
-14
-11
-10
-6
-10
-8
-6
-13
-13
-9
-7
-8
-2
0
7
12
7
8
15
12
8
9
8
9
12
10
13
14
12
13
10
7
11
6
8
12
15
15
12
10
7
6
7
9
8
7
11
10
6
3
2
1
0
0
-2
-4
-6
-3
-5
-9
-9
-9
-10
-14
-17
-19
-23
-24
-14
-13
-12
-3
-7
-4
1
-3
-7
-6
-6
-9
-9
-9
-7
-7
-5
0
-2
0
6
7
2
1
4
2
-2
-5
4
10
9
10
6
5
3
5
6
4
9
9
9
6
2
6
8
4
2
2
3
4
6
1
1
2
5
8
10
5
6
10
7
10
12
4
3
3
5
3
-1
2
1
2
-2
-3
-2
-6
-6
-7
-11
-10
-10
-16
-10
-8
-8
-2
-4
-3
-1
-3
-1
1
1
2
-3
-1
-4
-6
-1
-7
-11
-10
-9
-5
-6
-4
3
2
-5
-1
-4
-10
-10
-7
-11
-11
-8
-6
0
2
1
3
5
8
9
8
7
6
6
6
14
12
2
6
13
11
7
8
12
7
7
12
9
9
5
10
7
-4
-3
0
-2
-3
-5
-7
-5
-8
-11
-12
-12
-12
-11
-9
-10
-13
-15
-15
-12
-15
-14
-4
2
-1
1
6
5
5
12
14
12
12
15
18
9
4
5
5
12
17
15
17
18
16
11
14
13
14
19
13
9
9
8
2
3
6
4
-3
-10
-8
-9
-12
-13
-15
-21
-15
-13
-19
-21
-13
-11
-15
-17
-18
-16
-11
-17
-18
-12
-13
-9
-12
-16
-17
-20
-13
-17
-20
-13
-12
-9
-6
-1
-1
-1
4
3
0
-4
-3
-4
-5
-1
2
9
11
13
15
20
19
20
28
27
26
26
24
26
26
24
23
23
19
15
15
18
20
15
15
15
16
20
17
11
4
2
1
-2
-1
-6
-5
-7
-12
-10
-11
-10
-5
-7
-12
-16
-16
-18
-21
-23
-28
-23
-22
-23
-21
-21
-23
-22
-14
-11
-14
-11
-5
-7
-4
-6
-14
-7
-4
-8
-11
-13
-10
-7
-7
-5
-2
-1
1
3
7
9
8
9
0
5
9
5
5
4
11
17
15
14
21
23
24
25
23
23
21
19
19
14
6
7
5
3
-1
-2
2
5
5
4
6
10
5
3
5
3
1
2
-2
-13
-9
-11
-8
-6
-10
-4
0
-2
-1
-3
0
-3
-10
-12
-13
-15
-14
-16
-15
-9
-7
-4
-2
-6
-8
-4
-8
-6
-9
-10
-11
-17
-11
-16
-18
-11
-9
-11
-9
-2
2
2
0
4
2
1
2
4
3
1
3
7
8
8
10
9
15
17
15
14
18
17
14
10
7
16
14
8
8
8
8
8
5
7
7
6
7
9
8
5
7
15
10
13
12
0
4
-2
-10
-8
-7
-4
-5
-5
-8
-6
-3
-5
-4
-8
-7
-10
-16
-11
-17
-17
-14
-16
-17
-16
-17
-13
-10
-12
-11
-9
-3
-4
-8
-5
-6
-10
-6
-6
-4
-4
-5
0
1
3
7
4
7
10
9
7
3
2
0
2
3
6
7
2
2
10
9
1
3
6
4
5
1
-1
0
4
5
2
5
8
9
12
12
8
6
6
8
9
7
5
8
4
0
2
3
6
3
7
8
4
10
8
3
1
-3
-3
-5
-5
1
-6
-6
-4
-12
-5
-6
0
0
-6
-5
-9
-8
-11
-9
-8
-12
-12
-13
-9
-6
-6
-6
-8
-3
-4
-7
-4
-3
-4
-6
-8
-8
-8
-5
3
6
4
5
4
0
5
4
3
4
2
0
0
3
0
-3
-1
0
-1
1
7
8
6
5
13
11
9
10
2
2
1
-1
-2
-6
-2
4
0
-2
-1
1
5
2
3
6
4
6
6
4
3
0
-3
-2
1
-6
0
5
1
0
-1
3
5
8
6
3
6
3
0
0
0
-1
-5
-11
-7
-2
-4
-1
-1
-3
-1
-4
-4
-2
3
0
-5
-12
-11
-10
-9
-4
-4
-2
-4
0
-1
0
3
4
6
1
4
0
-5
-6
-9
-4
1
8
8
0
3
8
5
2
9
13
9
6
4
4
-1
-2
-5
-5
-2
-4
-7
-10
-6
4
-4
-6
5
6
4
1
0
2
0
-7
-8
-10
-8
-3
-9
-6
2
1
2
3
5
4
5
10
2
-4
-4
-3
-6
-4
0
1
-4
2
2
1
7
2
5
7
14
11
2
10
8
-1
1
3
4
1
-1
5
4
4
2
5
2
0
4
4
2
0
-1
-2
-3
1
0
-4
-6
-8
-5
-2
1
-2
-1
0
-3
0
-1
-3
-7
-11
-9
-8
-6
-9
-5
-5
-7
-1
2
5
1
-1
0
1
1
-1
-3
-4
-10
-6
-2
-1
-1
-1
-3
-1
3
2
0
0
-4
-2
2
0
6
7
10
10
6
9
9
6
2
3
6
8
5
3
5
3
2
5
2
0
3
0
0
-5
-2
2
0
0
2
-3
-6
-2
4
0
1
0
-6
-2
-2
-2
-7
-4
-4
-10
-6
-5
-9
-9
-9
-8
-6
-7
-1
-2
0
8
8
10
10
7
9
8
5
2
1
3
-2
-1
0
2
6
3
2
5
5
8
8
6
6
11
10
2
1
-1
-1
-1
-1
2
-5
-7
-1
-1
-3
-5
-10
-9
-9
-11
-13
-11
-14
-11
-8
-14
-7
-2
-4
0
0
0
0
-1
-5
-5
-3
-7
-5
-3
-3
2
-1
-4
0
0
-3
-3
3
6
5
8
5
4
6
3
0
3
8
6
5
12
22
20
16
20
17
12
15
13
6
6
1
-1
-1
0
1
-6
-2
-2
-4
-1
4
1
-4
-4
-4
-1
-1
-4
-3
-4
-7
-6
-7
-8
-8
-5
-6
-5
-7
-6
-7
-8
-7
-8
-7
-6
-4
-7
-10
-9
-10
-5
-7
-7
-5
-7
-4
-8
-6
1
6
4
2
4
2
-2
-5
-6
-2
0
0
4
4
6
8
6
9
11
5
5
11
6
-1
3
5
3
4
5
7
10
7
6
6
8
11
12
8
0
4
2
-2
-4
2
3
-3
1
3
8
11
6
9
12
8
4
5
8
8
4
-3
-2
-3
-4
-2
-5
-8
-6
-8
-10
-9
-7
-10
-13
-12
-16
-17
-18
-15
-16
-17
-10
-13
-14
-10
-9
-12
-8
-6
-11
-7
-6
-8
-5
-3
-1
-5
-2
0
0
5
6
4
4
1
7
2
5
11
4
5
10
10
9
7
6
5
9
15
10
7
14
13
16
19
17
18
16
11
9
13
10
6
8
9
10
11
6
6
4
1
4
9
8
7
10
5
-2
1
-9
-12
-10
-10
-5
-11
-14
-6
-6
-10
-12
-13
-13
-20
-22
-21
-21
