-5
-5
-2
-5
-1
2
0
2
2
3
3
4
2
2
8
3
-2
0
2
4
7
0
-8
-6
-6
-5
-2
-5
-4
-3
-5
-8
-3
-3
-9
-6
0
4
-1
1
1
1
7
6
7
8
7
8
10
4
1
5
5
0
1
2
3
2
1
5
0
0
5
0
5
10
8
4
2
-5
-7
-6
-4
-4
-6
-7
-3
-1
2
4
5
3
1
1
1
2
2
0
3
5
5
9
10
7
7
7
2
3
4
0
0
1
-4
-4
-9
-12
-6
-14
-11
-8
-9
-5
-5
0
-3
-3
2
-1
-8
-8
-9
-7
-4
-6
-11
-8
-3
-2
-3
-4
-1
0
-2
-4
-3
1
-1
-3
-1
4
0
-3
-2
-2
5
1
-1
3
3
8
6
4
2
1
2
5
5
2
4
6
9
11
12
16
13
8
11
7
9
8
3
8
10
6
5
5
7
9
3
2
2
-1
1
-2
-2
-5
-11
-7
-7
-4
-3
-11
-7
-8
-10
-1
-3
-4
-1
-2
-1
-7
-7
-6
-9
-4
-4
-3
-1
-1
-3
-6
-6
-4
0
-2
1
-1
-6
-5
-9
-12
-12
-10
-7
-10
-7
-3
-2
-3
-1
4
7
5
4
-1
-3
4
-1
-4
-2
-1
1
2
7
8
10
15
13
16
13
9
13
11
13
11
11
11
9
11
3
3
6
5
5
1
3
3
-5
-2
2
-2
-5
-8
-10
-9
-10
-7
-5
-6
-2
0
1
-3
-7
-4
-7
-6
-2
-2
-1
-7
-5
-2
-8
-2
1
0
-1
-3
5
3
0
6
-1
-4
-4
-4
-7
-4
-3
-8
-5
-6
-1
2
3
6
5
8
5
0
0
-4
-8
-2
-4
-6
-7
-8
-3
-3
-4
1
4
1
3
8
3
2
10
8
8
7
3
5
0
-3
-1
3
6
6
11
13
13
10
6
3
6
8
2
2
-3
-6
-5
-3
3
6
4
4
4
-2
-6
1
2
2
-1
-3
-7
-8
-5
-9
-8
-6
-11
-14
-10
-12
-10
-10
-10
-5
-9
-9
-7
-7
-4
-8
-7
1
0
3
5
5
7
4
3
9
7
7
15
11
16
15
13
14
6
5
5
4
4
6
9
7
7
6
6
8
6
3
0
-6
-14
-10
-9
-12
-9
-12
-8
-8
-10
-7
-5
-4
-6
-3
-7
-5
-4
-8
-5
-7
-10
-4
0
-1
1
4
0
-2
-3
-3
-3
-4
-4
-3
-3
-3
-3
3
-1
0
-1
4
9
6
7
5
7
9
11
13
7
9
8
6
8
7
4
5
3
8
14
11
13
13
8
4
3
-1
-1
-4
-5
-3
-2
1
-1
-2
-3
-4
-4
-3
-5
-10
-8
-7
-6
-8
-12
-7
-8
-16
-15
-12
-7
-5
-3
2
0
-1
-1
-5
-5
-5
-6
-6
-9
-9
-9
0
-1
-5
0
2
4
0
-1
-4
-3
2
0
0
3
7
9
10
15
14
8
10
5
8
9
7
10
7
5
3
10
11
5
8
5
5
3
1
1
5
9
2
-3
-1
-3
-5
-8
-9
-7
-8
-7
-8
-7
-5
-9
-5
-3
0
4
3
9
8
-3
-1
-3
-4
-5
-7
-8
-10
-8
0
-1
1
6
4
3
0
1
5
3
1
2
0
-6
-5
0
-6
-1
-5
-7
-5
-2
-1
-9
-5
-4
-7
-4
0
1
-5
-8
-2
4
2
2
6
7
15
9
2
3
3
8
8
5
8
8
3
0
-5
2
6
-1
4
0
-2
-3
-3
2
-1
0
4
-1
-4
-5
-5
0
1
-7
-4
-4
-5
3
9
9
11
7
0
3
5
5
5
2
-1
-5
-9
-5
-2
-1
0
0
1
8
7
-5
-5
-4
-2
-8
-10
-4
-11
-10
-6
-6
-5
-8
-4
0
-1
2
1
0
-2
-8
-9
-10
-1
3
-3
2
0
2
2
3
3
2
5
5
6
4
-1
6
8
-2
-3
-3
-2
-1
-4
-1
0
3
6
5
2
7
13
9
3
6
4
3
9
11
12
12
8
7
7
9
6
0
5
2
-5
-1
-5
-10
-10
-18
-14
-9
-13
-9
-5
-8
-9
-11
-8
-2
-2
-1
6
4
-3
-1
2
-2
-8
-7
-1
1
-1
0
4
6
5
2
1
0
1
-2
-5
-2
1
3
-3
3
3
-6
4
0
-4
-5
-15
-6
-3
-13
-5
0
-11
-7
-1
-1
2
3
-3
-4
0
3
4
1
9
9
8
9
9
14
12
11
13
10
11
7
7
13
8
5
7
10
4
1
-1
-7
-3
-4
-4
-7
-4
-1
-7
-3
-6
-7
-4
-7
-6
-2
0
-6
-8
12
11
-8
5
17
1
-4
7
-4
0
17
11
2
3
-2
-10
-7
7
-8
-15
14
3
-25
-7
1
-11
-12
-10
-8
-14
-18
-11
-8
-14
-12
-11
-13
-8
-7
-6
-7
-6
-1
-3
-1
-4
-1
1
-6
-7
8
14
11
5
7
10
4
10
10
15
14
11
9
9
10
0
-1
1
1
7
3
3
7
9
8
6
11
14
12
13
13
13
17
8
5
7
8
-1
-7
3
6
2
0
7
7
9
11
5
2
-2
-8
-6
-4
-11
-13
-11
-8
-11
-11
-9
-2
-2
-11
-12
-10
-10
-12
-10
-7
-15
-15
-10
-12
-9
-8
-12
-8
-1
-6
-7
-5
-6
-11
-16
-16
-6
-1
-4
-10
-12
-4
-4
0
4
2
9
0
-1
2
-2
-4
-4
-4
-1
-1
-1
4
11
11
6
7
15
20
11
9
16
16
14
15
12
16
23
12
6
15
17
8
14
16
10
15
9
18
21
12
14
10
12
4
0
-4
-6
-3
-7
-12
-6
0
-3
-9
-9
-8
-3
-3
-7
-4
-1
-5
-14
-10
-6
-10
-9
-2
-3
-2
-3
-3
-6
-9
-8
-12
-9
-11
-13
-17
-20
-17
-14
-14
-12
-10
-8
-7
-17
-21
-16
-17
-18
-20
-22
-18
-15
-20
-15
-10
-10
-7
-11
-8
2
3
-6
6
10
6
9
10
14
11
7
8
8
9
13
19
18
17
23
25
27
30
26
28
33
29
30
28
25
32
25
21
22
19
24
25
20
12
15
16
7
7
6
1
-2
-2
-2
-12
-9
-9
-13
-5
-9
-12
-12
-12
-13
-10
-11
-8
-2
-8
-6
-5
-9
-11
-17
-11
-10
-13
-12
-5
-5
-4
-5
-5
3
-6
-11
-12
-20
-18
-22
-30
-35
-45
-48
-46
-48
-55
-55
-50
-43
-37
-38
-30
-24
-16
-5
0
3
14
12
7
10
12
10
9
10
5
10
6
7
11
-1
-5
-4
-3
-8
3
7
10
21
27
42
48
50
62
66
69
73
75
75
75
73
69
71
67
57
45
41
32
24
20
17
18
10
2
12
8
-4
-3
-12
-8
-9
-19
-18
-14
-17
-31
-37
-28
-23
-30
-36
-32
-33
-42
-43
-38
-41
-47
-39
-36
-37
-39
-38
-27
-33
-30
-27
-30
-27
-33
-29
-31
-37
-32
-31
-34
-27
-17
-7
-5
-7
-8
-19
-32
-38
-46
-61
-66
-68
-90
-98
-86
-69
-61
-52
-33
-16
-5
5
21
39
49
59
63
64
78
87
92
107
118
135
133
152
150
156
129
176
259
188
126
66
30
-33
-113
-130
-122
-109
-116
-42
56
115
173
263
352
337
332
307
248
204
167
119
46
16
44
41
-11
-24
-18
-110
-286
-397
-523
-737
-987
-1242
-1353
-1496
-1610
-1536
-1521
-1470
-1283
-1031
-751
-567
-375
-168
-62
7
85
106
-8
-102
-81
-101
-219
-219
-52
68
127
308
583
705
735
822
912
887
735
652
600
498
437
422
420
494
595
605
460
332
298
11
-567
-1029
-1229
-1509
-1965
-2223
-2095
-1856
-1696
-1450
-989
-431
27
344
643
999
1306
1422
1441
1586
1820
1939
1954
2087
2354
2508
2488
2497
2583
2510
2215
1946
1746
1369
813
379
103
-308
-826
-1068
-1046
-1149
-1325
-1201
-849
-650
-589
-348
26
199
167
199
307
288
115
-52
-113
-134
-207
-340
-411
-331
-287
-476
-725
-816
-926
-1343
-1873
-2148
-2317
-2692
-3095
-3184
-3054
-3014
-2994
-2735
-2300
-1921
-1626
-1253
-777
-328
-1
271
610
965
1210
1350
1514
1742
1895
1921
1932
2005
2064
2019
1898
1819
1794
1717
1577
1478
1494
1533
1510
1507
1597
1713
1757
1735
1683
1601
1462
1183
728
242
-151
-597
-1233
-1821
-2107
-2278
-2586
-2840
-2761
-2481
-2346
-2321
-2111
-1722
-1462
-1412
-1320
-1041
-755
-626
-512
-218
201
545
786
1078
1468
1782
1878
1857
1882
1869
1648
1279
972
769
489
93
-212
-302
-350
-525
-650
-529
-325
-293
-310
-107
197
302
274
401
630
682
565
554
684
710
595
535
624
709
658
561
549
571
436
121
-184
-390
-690
-1179
-1639
-1890
-2092
-2422
-2695
-2709
-2582
-2532
-2467
-2191
-1796
-1469
-1184
-804
-367
25
376
713
1030
1314
1541
1684
1770
1854
1890
1799
1654
1544
1414
1206
1029
978
929
795
713
739
732
642
634
760
839
809
818
966
1108
1091
1043
1119
1201
1025
608
247
16
-389
-1081
-1703
-2004
-2272
-2788
-3265
-3303
-3076
-3020
-3099
-2937
-2510
-2209
-2197
-2137
-1764
-1306
-1062
-908
-502
145
670
970
1364
1969
2444
2553
2552
2674
2719
2498
2167
1949
1802
1536
1151
808
621
500
275
12
-63
54
85
-31
25
328
518
438
392
537
560
300
69
73
71
-82
-161
-16
193
339
469
619
760
811
632
278
-23
-328
-893
-1566
-1957
-2156
-2552
-2959
-2944
-2711
-2679
-2667
-2322
-1867
-1626
-1441
-1068
-646
-369
-132
171
497
786
1015
1205
1404
1622
1791
1858
1905
2022
2116
2045
1907
1891
1901
1725
1429
1277
1238
1047
704
507
557
569
395
275
422
643
654
550
581
734
685
262
-231
-522
-808
-1429
-2217
-2680
-2853
-3190
-3739
-3972
-3707
-3457
-3535
-3545
-3141
-2675
-2561
-2532
-2167
-1610
-1231
-1025
-625
70
750
1210
1642
2291
2956
3275
3342
3538
3780
3699
3361
3119
2961
2592
2089
1695
1394
1086
836
677
523
448
536
621
566
583
777
845
661
540
575
477
205
61
84
21
-89
-45
87
167
265
408
439
357
276
82
-382
-900
-1322
-1878
-2601
-3148
-3453
-3796
-4117
-4110
-3882
-3712
-3476
-3005
-2519
-2176
-1796
-1331
-952
-671
-344
26
349
684
1066
1421
1736
2096
2421
2566
2648
2788
2830
2649
2408
2275
2134
1820
1468
1296
1227
1042
784
681
741
735
612
546
630
747
732
610
568
646
632
345
-45
-252
-390
-822
-1506
-1975
-2111
-2378
-2941
-3331
-3264
-3080
-3150
-3264
-3041
-2594
-2308
-2218
-2024
-1577
-1080
-746
-438
59
707
1285
1719
2145
2614
2990
3161
3197
3161
3027
2805
2550
2246
1863
1533
1367
1192
858
590
603
618
339
95
205
323
74
-188
-53
129
-68
-326
-209
-12
-152
-391
-332
-141
-159
-289
-281
-117
-3
-60
-202
-243
-176
-304
-738
-1091
-1150
-1337
-1907
-2377
-2379
-2388
-2766
-3019
-2772
-2472
-2479
-2436
-2032
-1566
-1329
-1118
-728
-271
102
415
756
1172
1593
1883
2076
2322
2584
2662
2561
2549
2635
2528
2238
2097
2141
2037
1712
1495
1498
1419
1105
784
671
616
415
128
0
79
153
36
-114
-22
138
-1
-396
-622
-669
-991
-1632
-2125
-2301
-2545
-3030
-3389
-3365
-3251
-3306
-3329
-3105
-2758
-2500
-2314
-2059
-1696
-1288
-950
-658
-250
318
871
1268
1683
2238
2705
2901
3009
3176
3190
2959
2720
2582
2307
1872
1611
1514
1260
897
794
868
720
448
438
580
485
241
217
310
210
5
-67
-65
-147
-265
-333
-377
-366
-286
-274
-287
-127
113
128
9
87
189
-84
-534
-737
-889
-1397
-2001
-2237
-2308
-2602
-2906
-2857
-2635
-2545
-2474
-2205
-1862
-1571
-1271
-967
-670
-301
132
441
661
1049
1523
1765
1855
2131
2476
2539
2456
2539
2646
2503
2269
2180
2076
1791
1476
1260
1027
718
434
190
-47
-210
-306
-442
-553
-488
-366
-345
-341
-197
-1
30
-50
-108
-183
-347
-641
-1043
-1427
-1721
-2043
-2483
-2855
-2960
-2961
-3085
-3170
-2985
-2680
-2503
-2371
-2074
-1663
-1313
-1012
-643
-172
354
846
1264
1713
2230
2649
2850
2970
3153
3208
3007
2776
2649
2460
2108
1827
1711
1552
1328
1207
1206
1147
1038
981
932
822
697
554
313
80
-60
-250
-557
-752
-728
-737
-859
-828
-566
-345
-266
-125
106
222
202
152
34
-203
-467
-728
-1079
-1463
-1739
-1966
-2247
-2480
-2587
-2670
-2755
-2758
-2665
-2583
-2470
-2203
-1882
-1608
-1287
-836
-358
42
453
921
1351
1708
2041
2333
2512
2630
2757
2774
2623
2470
2413
2249
1887
1586
1491
1330
930
590
501
404
51
-314
-394
-401
-590
-790
-748
-510
-309
-212
-47
302
664
753
591
486
492
207
-487
-1122
-1421
-1795
-2517
-3127
-3241
-3211
-3434
-3609
-3357
-2926
-2694
-2538
-2143
-1617
-1222
-931
-565
-94
367
747
1108
1544
2011
2387
2639
2883
3174
3342
3284
3204
3222
3137
2825
2539
2440
2287
1917
1611
1524
1402
1087
832
815
755
528
351
340
301
89
-139
-270
-405
-641
-896
-1027
-1074
-1113
-1139
-1089
-924
-749
-649
-602
-556
-529
-654
-947
-1251
-1505
-1837
-2299
-2693
-2885
-3030
-3262
-3408
-3306
-3141
-3061
-2933
-2606
-2210
-1895
-1567
-1111
-610
-180
219
645
1101
1511
1836
2126
2454
2770
2951
3065
3229
3371
3331
3175
3104
3024
2749
2366
2083
1853
1501
1077
767
575
332
58
-104
-123
-104
-114
-53
138
346
439
480
617
696
509
181
-40
-268
-801
-1465
-1883
-2156
-2634
-3198
-3442
-3413
-3482
-3662
-3634
-3366
-3131
-3047
-2937
-2647
-2280
-2009
-1811
-1469
-906
-334
111
619
1359
2101
2590
2981
3494
3938
4036
3924
3902
3856
3518
3040
2746
2563
2222
1803
1606
1569
1407
1135
975
942
785
435
117
-85
-344
-743
-1121
-1334
-1475
-1647
-1777
-1749
-1575
-1378
-1195
-973
-679
-371
-191
-152
-109
-61
-198
-526
-822
-1035
-1360
-1807
-2125
-2268
-2456
-2697
-2790
-2720
-2684
-2689
-2558
-2311
-2087
-1860
-1511
-1073
-640
-179
351
898
1429
1950
2422
2822
3183
3477
3644
3720
3768
3740
3564
3328
3143
2907
2523
2142
1875
1576
1146
752
494
226
-141
-475
-656
-771
-945
-1102
-1085
-930
-850
-849
-708
-451
-354
-489
-595
-569
-707
-1156
-1606
-1820
-2054
-2538
-2995
-3135
-3137
-3292
-3502
-3457
-3212
-3047
-2998
-2840
-2439
-1979
-1645
-1316
-745
18
677
1182
1792
2576
3203
3510
3757
4103
4300
4142
3852
3689
3511
3087
2580
2274
2115
1867
1520
1353
1428
1433
1211
1023
1044
970
554
83
-156
-436
-1005
-1550
-1754
-1842
-2051
-2156
-1934
-1576
-1298
-1023
-642
-242
32
128
101
59
-22
-312
-783
-1144
-1342
-1688
-2223
-2519
-2500
-2616
-2954
-3044
-2769
-2624
-2731
-2609
-2134
-1754
-1614
-1298
-694
-143
241
689
1284
1852
2316
2736
3128
3469
3765
3940
3935
3868
3830
3660
3257
2843
2559
2215
1668
1159
889
594
120
-280
-457
-636
-961
-1205
-1250
-1284
-1401
-1393
-1183
-1006
-912
-724
-421
-256
-307
-355
-333
-493
-946
-1400
-1683
-2018
-2538
-3010
-3187
-3232
-3385
-3507
-3398
-3118
-2866
-2671
-2397
-1965
-1463
-1019
-620
-107
595
1254
1729
2243
2931
3528
3810
4003
4304
4490
4343
4058
3893
3716
3328
2837
2508
2340
2044
1616
1328
1260
1113
710
362
267
133
-288
-708
-844
-941
-1265
-1584
-1628
-1580
-1659
-1723
-1576
-1347
-1226
-1110
-922
-741
-637
-619
-649
-721
-819
-1018
-1319
-1607
-1836
-2104
-2476
-2758
-2864
-2969
-3157
-3194
-2988
-2779
-2640
-2369
-1859
-1352
-957
-483
129
728
1203
1661
2174
2662
3040
3343
3620
3851
4025
4099
4057
3937
3812
3642
3320
2902
2534
2210
1754
1194
718
349
-87
-614
-1027
-1295
-1513
-1719
-1799
-1756
-1635
-1390
-1099
-846
-612
-281
9
2
-173
-244
-326
-762
-1396
-1782
-2010
-2449
-3015
-3265
-3219
-3246
-3367
-3317
-3028
-2748
-2570
-2396
-2105
-1661
-1238
-911
-492
184
914
1467
2011
2762
3519
3968
4258
4621
4856
4761
4485
4211
3838
3318
2831
2381
1881
1491
1322
1121
796
674
811
726
327
123
152
-154
-827
-1266
-1381
-1713
-2303
-2580
-2443
-2381
-2470
-2311
-1845
-1409
-1140
-873
-545
-283
-194
-295
-489
-659
-874
-1278
-1758
-2048
-2208
-2488
-2792
-2831
-2679
-2633
-2641
-2415
-2015
-1736
-1561
-1221
-696
-253
68
503
1125
1708
2119
2562
3149
3657
3951
4185
4442
4568
4495
4315
4070
3736
3324
2880
2376
1843
1383
964
473
-23
-390
-715
-1123
-1518
-1748
-1914
-2114
-2214
-2140
-1991
-1814
-1531
-1176
-864
-548
-207
11
48
58
65
-113
-490
-850
-1145
-1529
-2014
-2450
-2743
-2974
-3208
-3395
-3460
-3381
-3231
-3063
-2806
-2388
-1865
-1344
-791
-113
626
1307
1944
2627
3253
3692
4043
4373
4547
4493
4352
4224
4002
3599
3168
2857
2559
2184
1817
1553
1373
1161
871
595
373
134
-225
-678
-1075
-1393
-1756
-2171
-2472
-2573
-2595
-2639
-2577
-2294
-1919
-1634
-1395
-1042
-662
-468
-439
-396
-332
-420
-679
-917
-1046
-1209
-1470
-1679
-1750
-1784
-1852
-1891
-1813
-1657
-1519
-1404
-1230
-938
-623
-367
-92
313
777
1136
1447
1887
2375
2697
2904
3179
3462
3552
3492
3461
3430
3216
2870
2559
2274
1891
1425
1022
670
286
-113
-457
-742
-1023
-1273
-1465
-1597
-1680
-1713
-1676
-1550
-1340
-1129
-922
-635
-299
-105
-86
-36
35
-118
-528
-897
-1129
-1494
-2073
-2528
-2675
-2794
-3052
-3209
-3051
-2780
-2641
-2503
-2159
-1690
-1289
-977
-596
-62
517
993
1418
1952
2576
3064
3350
3622
3927
4070
3963
3772
3614
3379
3033
2677
2362
2098
1892
1688
1414
1171
1051
869
466
30
-220
-495
-1031
-1565
-1808
-1961
-2297
-2605
-2598
-2455
-2422
-2393
-2173
-1820
-1541
-1363
-1134
-826
-561
-450
-436
-365
-268
-320
-523
-669
-704
-796
-1022
-1193
-1178
-1145
-1233
-1272
-1118
-940
-885
-800
-528
-230
-69
144
539
944
1221
1509
1934
2325
2536
2683
2854
2967
2927
2767
2573
2375
2163
1876
1524
1227
1042
815
475
192
38
-159
-496
-786
-928
-1061
-1248
-1352
-1302
-1182
-1016
-756
-477
-218
106
454
601
544
524
521
231
-358
-858
-1209
-1692
-2357
-2901
-3150
-3317
-3554
-3717
-3644
-3410
-3184
-2975
-2684
-2227
-1722
-1293
-848
-292
354
931
1442
2032
2655
3158
3518
3866
4167
4272
4220
4121
3982
3679
3293
2931
2553
2169
1791
1458
1097
753
521
237
-147
-502
-689
-930
-1402
-1782
-1917
-2041
-2384
-2636
-2548
-2396
-2380
-2324
-1952
-1493
-1187
-905
-506
-50
227
371
509
643
680
520
311
144
-33
-333
-708
-979
-1160
-1377
-1652
-1808
-1780
-1732
-1745
-1660
-1351
-996
-712
-407
30
533
941
1277
1644
2060
2394
2559
2678
2816
2919
2871
2708
2586
2481
2293
2008
1730
1524
1282
938
586
300
44
-274
-612
-873
-1057
-1211
-1337
-1376
-1337
-1229
-1047
-824
-573
-328
-54
215
345
324
278
215
-38
-533
-1045
-1431
-1879
-2492
-3057
-3364
-3517
-3743
-3946
-3898
-3624
-3359
-3164
-2868
-2361
-1782
-1332
-923
-328
403
1026
1495
2052
2756
3323
3639
3908
4239
4433
4341
4171
4069
3886
3523
3125
2845
2573
2185
1772
1463
1191
812
360
-17
-313
-684
-1146
-1518
-1724
-1920
-2188
-2340
-2252
-2127
-2092
-1953
-1591
-1192
-934
-675
-254
164
378
502
691
857
841
679
526
399
173
-188
-563
-845
-1116
-1468
-1832
-2062
-2174
-2298
-2427
-2423
-2245
-2024
-1820
-1537
-1118
-653
-235
159
600
1079
1468
1762
2042
2319
2548
2667
2707
2760
2797
2751
2616
2458
2331
2153
1850
1503
1201
909
520
58
-324
-610
-923
-1273
-1528
-1604
-1592
-1600
-1554
-1316
-945
-629
-406
-140
223
470
426
249
152
-2
-467
-1108
-1576
-1872
-2314
-2893
-3223
-3199
-3166
-3277
-3236
-2865
-2425
-2172
-1949
-1504
-945
-538
-250
179
782
1316
1711
2150
2718
3243
3571
3796
4050
4245
4199
3975
3765
3551
3169
2638
2198
1883
1474
947
549
327
57
-347
-683
-814
-956
-1265
-1559
-1640
-1646
-1793
-1980
-1944
-1745
-1659
-1648
-1458
-1080
-778
-629
-414
-30
289
368
397
553
654
489
200
40
-95
-453
-939
-1276
-1474
-1784
-2185
-2396
-2390
-2406
-2473
-2379
-2070
-1729
-1462
-1123
-627
-128
286
686
1151
1601
1955
2259
2549
2823
3017
3121
3204
3261
3247
3149
2987
2791
2547
2237
1859
1436
1018
594
135
-332
-714
-1007
-1300
-1554
-1695
-1725
-1701
-1657
-1555
-1372
-1132
-903
-739
-603
-424
-262
-281
-458
-597
-666
-899
-1354
-1730
-1874
-2067
-2479
-2805
-2787
-2698
-2806
-2868
-2618
-2238
-2005
-1814
-1420
-862
-377
5
443
1024
1627
2068
2417
2858
3341
3618
3678
3766
3891
3819
3564
3325
3103
2798
2424
2080
1737
1420
1199
950
588
284
161
-35
-474
-816
-880
-1033
-1470
-1763
-1681
-1627
-1818
-1847
-1549
-1281
-1190
-1023
-671
-374
-221
-118
-29
50
80
-9
-204
-357
-426
-637
-997
-1222
-1288
-1473
-1824
-2004
-1973
-2046
-2231
-2245
-2033
-1874
-1830
-1616
-1196
-782
-449
-69
478
1011
1418
1819
2270
2715
3012
3170
3322
3457
3486
3339
3136
3000
2797
2436
2012
1692
1448
1059
596
253
28
-246
-653
-957
-1086
-1223
-1468
-1697
-1708
-1649
-1691
-1714
-1588
-1352
-1196
-1099
-917
-688
-511
-422
-373
-365
-434
-555
-734
-998
-1287
-1535
-1788
-2082
-2351
-2472
-2470
-2453
-2395
-2212
-1897
-1536
-1173
-782
-335
153
593
944
1280
1657
2013
2248
2419
2632
2838
2952
2994
3037
3102
3123
3034
2875
2733
2597
2346
1985
1643
1341
956
477
57
-243
-553
-903
-1156
-1279
-1354
-1429
-1420
-1319
-1199
-1075
-949
-817
-689
-569
-474
-442
-426
-386
-377
-440
-494
-488
-505
-587
-666
-716
-804
-951
-1099
-1237
-1420
-1621
-1781
-1909
-2028
-2105
-2077
-1971
-1819
-1598
-1268
-867
-432
24
491
968
1437
1865
2220
2507
2762
2970
3073
3070
3039
3000
2867
2644
2404
2160
1885
1554
1185
839
527
174
-198
-514
-758
-1010
-1277
-1476
-1561
-1615
-1723
-1774
-1695
-1545
-1473
-1402
-1222
-953
-743
-646
-546
-342
-150
-166
-289
-349
-335
-482
-819
-1120
-1186
-1264
-1552
-1827
-1800
-1619
-1592
-1646
-1497
-1090
-774
-637
-452
-44
381
616
758
1027
1405
1684
1800
1931
2197
2418
2492
2492
2526
2540
2490
2329
2108
1881
1666
1440
1142
807
559
445
273
-11
-209
-174
-154
-368
-567
-468
-320
-485
-732
-643
-421
-519
-766
-699
-443
-450
-658
-662
-451
-408
-590
-716
-661
-614
-774
-1009
-1087
-1031
-1118
-1384
-1520
-1416
-1384
-1609
-1735
-1554
-1393
-1505
-1545
-1224
-898
-831
-684
-224
234
479
760
1231
1653
1907
2123
2359
2522
2587
2568
2462
2328
2201
2004
1706
1440
1259
1049
751
498
351
181
-90
-341
-507
-702
-961
-1215
-1398
-1534
-1684
-1813
-1861
-1799
-1685
-1580
-1414
-1131
-802
-536
-324
-52
251
437
451
419
457
436
212
-95
-262
-316
-506
-830
-967
-854
-792
-895
-928
-718
-474
-431
-456
-319
-65
61
19
52
278
503
555
587
831
1159
1306
1327
1492
1772
1873
1765
1712
1783
1754
1516
1285
1221
1159
932
677
601
600
464
247
149
157
58
-181
-353
-396
-506
-763
-989
-1052
-1100
-1271
-1425
-1414
-1326
-1328
-1362
-1258
-1062
-940
-920
-832
-645
-531
-555
-570
-483
-423
-497
-611
-609
-547
-589
-699
-701
-598
-537
-566
-528
-345
-156
-45
86
347
658
895
1081
1358
1670
1900
2016
2117
2255
2296
2188
2029
1899
1736
1450
1106
855
622
324
22
-206
-364
-545
-752
-894
-980
-1085
-1195
-1314
-1389
-1434
-1515
-1587
-1618
-1597
-1528
-1500
-1425
-1238
-1054
-878
-700
-453
-177
4
129
290
443
520
503
475
482
433
320
187
78
12
-78
-232
-329
-358
-384
-454
-534
-509
-444
-441
-454
-401
-274
-156
-83
18
198
418
600
754
965
1222
1443
1595
1752
1929
2028
2036
2018
1988
1905
1727
1506
1303
1082
832
562
324
112
-115
-343
-530
-682
-857
-1050
-1211
-1347
-1473
-1599
-1702
-1745
-1764
-1749
-1660
-1519
-1337
-1141
-919
-664
-426
-219
-43
110
215
266
279
261
206
134
63
-8
-74
-116
-121
-97
-48
24
116
227
350
475
585
677
750
812
856
867
867
858
831
795
747
704
653
579
510
440
363
270
150
28
-101
-252
-418
-577
-714
-875
-1027
-1127
-1190
-1227
-1272
-1289
-1242
-1172
-1104
-1023
-913
-777
-631
-470
-274
-59
168
393
606
802
951
1046
1065
1017
887
697
473
209
-60
-310
-525
-689
-808
-888
-903
-859
-801
-735
-644
-538
-419
-313
-208
-61
111
294
492
734
992
1255
1517
1763
2004
2202
2357
2468
2524
2533
2494
2401
2247
2031
1779
1490
1142
742
339
-43
-440
-871
-1262
-1564
-1850
-2141
-2377
-2516
-2608
-2719
-2791
-2760
-2673
-2589
-2473
-2263
-1982
-1686
-1376
-1016
-601
-199
150
474
782
1046
1197
1249
1275
1266
1157
966
797
653
482
281
144
102
73
41
57
140
231
296
371
459
540
591
616
642
672
696
693
678
684
708
712
676
656
644
596
493
348
204
50
-156
-392
-592
-737
-873
-1021
-1114
-1117
-1109
-1124
-1119
-1062
-985
-948
-912
-828
-708
-582
-429
-239
-39
194
441
644
768
850
904
879
717
485
276
55
-227
-536
-771
-895
-1000
-1115
-1171
-1104
-975
-877
-800
-653
-398
-181
-47
119
398
699
882
1032
1288
1586
1766
1852
1993
2175
2263
2224
2160
2125
2048
1860
1577
1307
1074
766
352
-75
-390
-684
-1078
-1469
-1714
-1849
-2042
-2265
-2345
-2289
-2243
-2252
-2175
-1965
-1733
-1548
-1336
-1016
-658
-335
-38
301
682
998
1214
1407
1604
1712
1680
1578
1483
1327
1046
724
473
259
-31
-323
-483
-552
-658
-786
-803
-712
-654
-666
-611
-464
-339
-265
-182
-25
153
273
351
464
622
716
708
704
751
744
618
476
402
307
111
-85
-211
-310
-455
-621
-707
-746
-820
-906
-950
-951
-969
-1020
-1044
-1007
-956
-907
-821
-653
-422
-191
61
358
651
891
1068
1189
1241
1202
1068
874
641
382
111
-133
-317
-441
-509
-519
-468
-380
-271
-144
-28
67
155
231
294
330
368
434
515
575
642
758
892
998
1069
1164
1284
1336
1304
1238
1188
1077
834
524
252
0
-353
-761
-1061
-1238
-1436
-1690
-1828
-1801
-1761
-1799
-1792
-1633
-1457
-1383
-1308
-1104
-836
-630
-473
-221
127
420
615
824
1111
1350
1430
1444
1513
1559
1441
1226
1052
892
634
299
17
-196
-416
-669
-876
-976
-1013
-1060
-1082
-1016
-870
-726
-612
-448
-225
-6
152
298
499
680
793
859
943
1022
1027
962
883
826
718
545
359
226
104
-87
-293
-411
-471
-584
-733
-797
-782
-809
-901
-935
-873
-830
-863
-863
-742
-602
-524
-442
-259
-22
154
283
432
601
700
690
665
638
552
410
262
137
7
-124
-203
-241
-280
-311
-289
-218
-181
-178
-133
-40
4
-20
-12
72
148
143
138
252
412
485
513
643
861
994
1006
1018
1110
1142
984
752
585
427
130
-270
-586
-769
-956
-1206
-1386
-1373
-1258
-1183
-1111
-924
-632
-393
-261
-123
96
298
357
374
476
618
686
691
771
941
1036
1018
1009
1050
1005
790
539
333
101
-242
-611
-863
-1038
-1220
-1390
-1416
-1286
-1159
-1058
-886
-605
-346
-199
-72
118
287
336
338
408
489
496
457
485
561
561
501
489
513
464
335
216
146
31
-164
-337
-438
-528
-678
-794
-801
-769
-776
-775
-676
-532
-439
-384
-273
-104
7
44
124
272
379
410
461
579
683
683
646
678
705
615
462
360
305
178
-27
-166
-204
-276
-413
-483
-438
-387
-402
-397
-286
-162
-132
-132
-52
55
69
51
105
215
279
291
390
556
655
684
745
842
857
753
625
535
385
125
-138
-315
-477
-681
-859
-935
-929
-926
-927
-876
-745
-613
-525
-438
-307
-156
-58
-2
87
237
356
400
465
593
683
682
649
647
638
526
339
201
93
-85
-306
-454
-509
-580
-685
-721
-640
-558
-541
-477
-325
-183
-125
-73
47
151
169
160
214
284
270
244
277
342
347
317
336
388
400
343
302
295
248
144
46
-24
-105
-209
-304
-370
-416
-454
-481
-477
-449
-413
-364
-297
-218
-139
-57
14
87
151
205
275
332
363
388
425
453
450
417
387
365
307
207
107
37
-42
-159
-270
-332
-358
-407
-452
-470
-453
-423
-424
-430
-381
-303
-269
-239
-158
-19
74
119
226
370
444
449
492
550
524
443
405
393
312
202
142
118
70
-4
-54
-75
-100
-159
-216
-237
-255
-287
-321
-337
-305
-265
-243
-196
-108
-3
67
111
188
271
290
250
223
216
155
53
-22
-52
-87
-152
-183
-164
-131
-120
-113
-80
-28
-6
-20
-19
3
3
-40
-67
-59
-47
-67
-88
-57
-27
-14
3
48
95
117
134
149
171
172
144
111
77
47
10
-40
-79
-104
-121
-147
-156
-143
-129
-124
-116
-107
-101
-99
-101
-108
-101
-85
-70
-49
-11
45
95
129
165
203
228
225
203
197
174
130
80
38
14
-30
-73
-101
-102
-109
-134
-136
-129
-134
-148
-157
-168
-165
-166
-172
-159
-142
-110
-89
-61
-7
43
72
108
159
194
217
235
265
297
306
314
325
329
317
287
259
238
214
171
135
107
74
33
-3
-24
-45
-72
-88
-102
-112
-120
-129
-133
-138
-135
-138
-137
-131
-128
-118
-109
-102
-93
-85
-75
-69
-71
-74
-73
-84
-94
-114
-142
-157
-180
-205
-221
-236
-247
-253
-258
-244
-222
-205
-186
-154
-117
-93
-67
-29
9
43
69
101
131
157
179
197
213
222
228
229
234
227
209
199
186
173
152
128
116
108
86
73
72
67
69
63
68
81
91
96
97
109
119
120
116
117
120
109
93
88
72
50
31
8
-17
-43
-78
-113
-149
-186
-224
-259
-286
-317
-342
-354
-360
-360
-350
-339
-311
-272
-236
-193
-142
-84
-31
19
75
126
175
223
261
292
323
348
355
363
363
346
326
292
248
203
149
90
33
-24
-84
-128
-163
-181
-193
-204
-204
-186
-159
-128
-101
-67
-32
-9
15
31
42
50
55
50
40
32
25
18
6
3
2
-12
-26
-32
-43
-60
-78
-108
-125
-150
-175
-192
-201
-203
-204
-195
-178
-146
-105
-60
-16
27
76
114
147
180
199
210
212
206
194
177
155
135
118
97
81
62
48
38
30
26
19
16
25
27
25
32
38
41
52
65
68
79
88
85
83
76
66
43
14
-22
-55
-90
-136
-181
-214
-246
-274
-299
-317
-327
-331
-333
-335
-319
-303
-284
-259
-232
-202
-166
-119
-68
-5
51
114
181
239
295
343
386
425
456
474
483
491
478
460
440
399
353
310
262
206
148
91
39
-11
-62
-106
-136
-162
-180
-186
-191
-185
-167
-151
-129
-103
-87
-69
-55
-49
-44
-42
-50
-56
-63
-76
-89
-104
-117
-130
-144
-153
-162
-171
-178
-181
-187
-196
-195
-194
-199
-208
-214
-213
-215
-206
-193
-177
-153
-117
-81
-46
-2
45
76
104
137
149
155
164
165
160
152
146
138
136
139
145
152
167
187
197
206
220
233
233
225
221
208
191
170
149
123
103
86
68
50
29
14
-1
-22
-35
-49
-69
-82
-99
-120
-138
-156
-176
-198
-221
-230
-231
-234
-227
-215
-198
-169
-137
-108
-76
-39
-4
17
39
61
77
85
85
94
100
103
109
108
108
111
122
121
111
112
110
96
74
60
35
11
-10
-35
-54
-72
-84
-92
-99
-97
-89
-83
-72
-59
-51
-40
-33
-28
-21
-23
-17
-13
-11
-11
-8
-6
-12
-10
-9
0
1
-1
1
3
2
3
4
-4
-8
-17
-28
-32
-33
-36
-40
-38
-38
-34
-24
-16
-8
7
16
25
38
48
58
70
72
75
83
75
84
89
83
82
80
75
68
63
55
47
42
36
30
20
15
11
5
-5
-13
-15
-18
-28
-32
-39
-42
-45
-55
-54
-54
-53
-60
-70
-73
-77
-83
-82
-89
-100
-104
-108
-111
-113
-112
-101
-94
-81
-66
-56
-39
-17
3
16
35
48
63
81
95
112
126
136
138
147
160
161
161
161
160
150
130
118
108
81
64
46
19
1
-13
-26
-43
-57
-57
-64
-68
-71
-71
-69
-73
-68
-61
-57
-58
-53
-51
-50
-48
-54
-51
-51
-54
-60
-58
-55
-62
-65
-67
-68
-71
-76
-82
-81
-78
-73
-72
-69
-62
-54
-45
-40
-34
-22
-17
-5
9
20
30
40
49
62
80
96
103
112
122
120
127
128
125
123
114
107
96
81
62
46
37
28
23
18
13
18
18
20
24
22
21
26
28
14
3
3
-6
-17
-26
-30
-31
-37
-43
-50
-55
-59
-64
-65
-70
-81
-86
-94
-97
-95
-99
-94
-85
-78
-69
-56
-40
-30
-19
-5
6
16
26
30
34
41
43
47
46
44
49
52
54
52
56
58
45
51
54
45
35
25
26
15
5
9
-1
-3
-1
-15
-11
-9
-19
-11
-12
-15
-16
-9
0
-3
0
-4
-6
-5
-14
-18
-17
-28
-31
-34
-44
-45
-50
-52
-54
-54
-54
-60
-61
-56
-51
-41
-37
-30
-22
-20
-11
-6
0
16
23
30
43
44
54
61
72
75
74
85
81
82
86
78
80
75
62
63
52
42
31
27
20
6
2
-7
-12
-12
-13
-17
-17
-13
-18
-20
-22
-25
-30
-37
-44
-41
-40
-43
-40
-42
-36
-37
-37
-33
-33
-27
-28
-30
-33
-34
-30
-31
-27
-31
-32
-32
-29
-27
-30
-19
-10
-7
-9
0
12
7
10
14
16
26
25
28
35
33
35
39
38
41
46
49
55
48
47
46
40
32
39
37
23
23
18
18
11
0
1
1
-1
-3
-5
-8
-11
-15
-16
-24
-31
-28
-32
-34
-32
-32
-42
-41
-43
-41
-38
-45
-38
-46
-49
-48
-55
-55
-47
-44
-39
-27
-18
-11
-1
8
14
18
23
29
28
28
29
36
26
26
35
38
40
44
44
42
50
48
47
43
38
32
27
18
13
9
-1
-2
-5
-3
0
-3
0
-3
-7
-6
-4
-5
-6
3
2
-1
-4
-3
-2
-8
-10
-10
-16
-14
-12
-15
-12
-13
-15
-13
-12
-16
-16
-15
-14
-18
-18
-20
-24
-28
-29
-26
-23
-22
-21
-18
-11
-3
1
10
15
18
21
24
20
19
22
15
13
13
11
11
12
12
19
14
10
10
15
9
4
6
-3
-8
-8
-15
-18
-15
-16
-13
-13
-9
-4
-4
-3
-1
0
-8
-14
-13
-12
-12
-11
-10
-10
-7
0
-6
-9
0
3
-1
1
4
2
-1
3
8
4
8
15
14
15
16
17
20
19
19
16
20
24
23
14
14
21
17
14
15
11
8
6
3
-4
-4
-6
-6
-5
-6
-13
-12
-14
-20
-19
-21
-18
-17
-10
-4
-7
2
-3
-11
-8
-14
-17
-14
-21
-21
-19
-25
-24
-26
-26
-23
-26
-17
-12
-12
-9
-9
-9
-9
-5
-12
-9
-4
-8
-7
-3
0
-1
5
12
18
20
20
26
31
33
40
42
40
41
41
39
41
39
37
36
33
25
19
18
13
3
2
4
3
-2
0
-4
-12
-17
-17
-18
-20
-15
-16
-12
-13
-19
-22
-24
-20
-28
-26
-18
-23
-25
-22
-21
-22
-24
-21
-20
-22
-15
-13
-12
-9
-6
-4
-8
-10
-11
-10
-8
-10
-9
-7
-7
0
0
-1
-3
-1
9
12
5
13
24
25
23
18
17
19
17
17
18
15
17
22
21
20
16
12
8
8
11
14
14
15
16
21
19
14
10
4
6
9
4
-3
-2
-10
-15
-13
-17
-12
-11
-9
-4
-11
-8
-6
-14
-12
-13
-15
-18
-23
-25
-27
-32
-30
-30
-22
-15
-10
-11
-10
1
5
7
6
9
6
2
6
10
7
6
13
13
11
11
14
17
19
18
13
15
19
12
6
4
4
-1
-7
-3
-2
-6
-6
-12
-13
-12
-14
-9
-7
-7
-2
-3
-3
-1
-2
-5
-4
-6
-10
-8
-9
-5
5
3
-2
8
11
7
9
6
8
4
1
-1
-7
-2
-9
-8
-2
-2
6
8
5
7
9
10
5
4
7
4
0
-1
0
0
8
2
3
7
1
-2
-2
-1
-5
-5
2
4
4
10
8
6
7
4
6
8
7
8
7
4
3
4
2
-6
-7
-14
-18
-14
-18
-28
-29
-31
-31
-32
-35
-27
-24
-18
-14
-20
-20
-11
-9
-5
0
-1
-2
0
8
11
15
22
20
27
32
26
29
34
36
35
32
28
24
22
27
25
20
17
11
11
11
8
8
1
-1
1
2
3
-5
-11
-10
-13
-18
-17
-18
-18
-13
-17
-20
-13
-12
-11
-10
-12
-16
-14
-13
-14
-15
-18
-18
-17
-12
-15
-12
-12
-13
-9
-8
-7
-10
-14
-14
-9
-13
-13
-11
-11
-8
-1
2
-2
-1
0
3
5
4
9
15
11
16
19
16
15
14
11
11
12
16
22
24
24
26
28
28
29
30
24
16
18
16
15
14
13
15
11
4
-4
-6
-5
-8
-15
-21
-16
-14
-20
-17
-21
-24
-27
-31
-25
-25
-23
-20
-16
-19
-14
-8
-7
-2
3
4
1
7
6
6
5
8
10
4
7
8
6
4
8
5
4
6
1
3
0
3
3
-6
-3
-4
-1
0
0
2
3
-3
-5
0
-1
-2
2
4
4
5
2
0
-1
-1
0
-1
-4
4
4
0
1
-3
-7
-10
-7
-5
-6
-4
-4
-2
-7
-9
-8
-9
-8
-11
-5
-2
-6
0
-4
-7
-2
0
1
3
4
4
4
6
8
13
10
9
9
6
9
6
5
6
9
14
12
15
14
9
14
11
8
14
6
4
3
-1
-3
-9
-10
-8
-4
-4
-7
-7
-10
-8
-5
-8
-9
-6
-15
-16
-15
-19
-15
-15
-11
-5
-6
0
1
5
6
9
17
15
7
5
11
9
4
1
7
7
4
6
3
3
4
2
2
0
-4
-1
-4
-7
-4
-5
-6
-7
-3
-3
-5
-4
-8
-7
-1
4
8
6
3
3
8
8
2
4
10
7
1
-5
-6
-5
-3
-5
-8
-8
-8
-12
-11
-12
-11
-9
-10
-8
-6
-12
-11
-5
-9
-6
-6
-1
2
3
2
2
-4
1
3
-4
-3
-1
2
1
5
6
7
12
9
14
18
18
15
13
15
16
16
18
14
11
11
6
7
10
11
6
4
6
6
7
3
-5
-2
-3
-2
2
-6
-12
-16
-11
-12
-8
-6
-13
-9
-8
-7
-6
-9
-3
-6
-6
-1
-6
0
2
-4
-4
-1
-1
-3
0
3
-2
-6
-8
-10
-10
-8
-8
-9
-8
-10
-10
-9
-8
-6
-3
0
2
5
0
2
6
7
9
6
4
4
6
5
4
4
4
3
5
9
8
6
9
10
11
16
17
12
12
9
8
6
4
0
-4
-3
-1
0
-6
-3
-4
-9
-6
-5
-1
-5
-14
-6
-11
-11
-3
-6
-2
2
-3
-5
-2
0
-2
0
-1
0
2
2
5
1
-4
-5
-2
-5
-6
-9
-10
-1
-8
-8
-9
-6
-2
0
4
3
-1
-2
4
0
-4
-4
-3
-2
-1
1
3
0
2
8
5
0
-1
1
0
3
7
8
5
6
16
13
9
11
10
16
11
12
15
13
12
17
13
9
9
4
2
-4
-5
-2
-2
2
1
-1
3
-1
-9
-4
-4
-10
-9
-6
-2
5
0
-5
-3
-5
-10
-13
-11
-15
-13
-6
-6
-8
-7
-8
-6
-5
-11
-8
-12
-7
-6
-7
-10
-13
-11
-16
-19
-19
-17
-14
-15
-16
-9
-4
-9
-8
-2
-7
0
0
-6
-3
0
2
-1
3
8
10
12
9
12
14
17
15
18
23
26
27
25
24
18
9
14
16
15
15
11
17
19
19
18
13
11
15
15
13
4
3
2
2
1
-4
-1
-3
-2
-6
-3
-5
-4
-1
-2
-1
1
1
-7
-7
-10
-14
-16
-16
-18
-18
-17
-16
-10
-10
-7
-6
-11
-13
-14
-12
-13
-16
-18
-19
-17
-19
-22
-21
-18
-17
-14
-10
-9
-9
-7
-4
-5
2
-2
-2
-2
-3
4
3
3
7
8
8
9
9
10
10
13
17
15
17
11
11
10
7
9
9
10
10
8
10
16
17
12
12
12
11
13
11
7
8
8
10
8
6
7
7
7
8
2
4
7
6
9
9
6
6
-1
-4
-3
-4
-5
-9
-4
-10
-14
-7
-8
-3
-3
-12
-12
-12
-19
-16
-13
-19
-19
-18
-16
-14
-13
-16
-17
-15
-21
-17
-14
-11
-10
-6
-2
-9
-8
-7
-1
1
-1
1
2
3
4
5
10
12
10
9
13
14
7
7
9
8
7
10
11
10
12
9
11
9
6
8
8
9
5
9
7
1
4
3
0
1
7
10
7
10
10
5
8
5
2
1
-3
-4
-7
-2
1
-3
2
4
3
1
0
-2
0
-4
-3
0
-3
-5
-4
-5
-2
-10
-13
-8
-10
-6
-8
-5
-7
-7
-6
-11
-12
-4
-7
-15
-10
-10
-7
-10
-16
-12
-16
-19
-9
-9
-9
-6
-6
-1
-1
-4
2
1
-3
1
6
7
7
7
11
11
7
3
3
6
3
8
9
9
13
11
16
17
12
8
9
10
9
10
15
15
15
11
13
9
6
8
7
6
10
13
10
10
13
13
6
6
8
7
9
6
3
0
-4
-7
-9
0
-5
-8
-5
-9
-10
-12
-16
-12
-12
-20
-21
-17
-23
-31
-31
-27
-27
-25
-17
-19
-15
-17
-23
-20
-13
-18
-23
-16
-17
-16
-21
-17
-16
-12
-3
0
7
12
13
14
18
21
18
17
9
7
4
10
18
16
15
16
16
18
16
20
29
30
27
27
29
26
21
19
19
19
20
12
11
14
14
8
1
0
2
2
0
0
11
13
5
3
-3
-8
-8
-9
-6
-10
-9
-8
-13
-11
-6
-15
-22
-13
-12
-18
-20
-19
-18
-23
-28
-26
-18
-24
-22
-20
-25
-22
-17
-18
-19
-15
-11
-11
-5
-1
-3
-5
-8
-11
-3
2
4
8
4
7
15
15
19
27
21
18
17
10
10
7
11
10
8
7
1
5
11
13
11
9
8
14
16
9
14
12
5
0
-1
0
0
6
11
12
8
9
7
3
10
6
-5
-4
-3
-6
-6
-7
-8
-3
-2
-4
0
1
-6
-7
-2
-4
-2
-6
-10
-16
-17
-10
-4
0
-6
-8
-10
-10
-6
-5
-6
-1
-1
-8
-9
-3
-4
-13
-5
-1
-1
1
3
4
4
5
2
-1
-5
-2
5
4
0
3
1
-2
-3
-7
-1
-1
-1
0
0
-1
1
0
3
2
2
12
9
1
3
8
1
-1
1
-2
0
3
6
6
8
9
9
8
11
5
-1
2
3
3
0
5
13
12
5
5
1
-7
-10
-3
-2
-3
-1
-6
-5
-7
-12
-14
-14
-10
-7
-5
-8
-10
-2
-5
-11
-7
-5
-1
-3
-3
-1
1
-1
-1
2
-4
-3
0
2
5
7
4
8
4
5
6
3
-5
0
7
0
6
3
0
5
6
8
6
9
14
10
5
9
10
9
3
1
1
-4
1
-4
-6
-6
-9
-3
-5
-7
-6
-5
0
-7
-5
2
-2
-4
-5
-1
-2
-2
-1
-3
-1
-3
-3
-6
-11
-8
-7
-12
-14
-9
-9
-10
0
2
2
0
2
1
1
3
-3
0
3
6
4
8
14
12
7
3
3
2
6
6
8
11
3
-2
1
6
3
4
8
10
3
4
5
6
6
3
5
3
8
6
3
0
-2
-4
-10
-9
-4
-6
-13
-13
-11
-11
-5
1
4
2
-5
-2
4
0
-3
-6
-7
-9
-4
1
-4
-4
2
1
0
4
4
9
2
-1
0
1
4
-6
-8
-4
-6
-5
-1
3
8
12
14
13
16
14
9
9
7
1
-2
0
0
-3
-4
-6
-4
-4
-11
-4
-4
-6
-4
-6
5
1
-4
-7
-10
-13
-14
-8
-7
-8
-5
-5
0
-2
-5
-3
0
-4
-5
-2
-5
2
0
-1
-6
-1
2
-2
-5
-3
2
2
9
8
9
14
10
5
4
8
8
10
8
9
10
7
12
12
11
15
12
13
14
14
9
3
2
3
7
5
6
2
6
1
-8
-4
0
3
2
1
-3
-1
-6
-15
-12
-16
-16
-13
-14
-11
-13
-17
-18
-16
-12
-14
-12
-7
-11
-10
-10
-21
-23
-21
-22
-18
-13
-9
-8
-7
-7
-6
-2
1
0
1
3
8
6
5
10
12
12
16
18
16
20
18
13
16
20
23
28
32
28
25
19
8
8
9
5
6
11
11
13
10
10
16
10
14
13
2
-4
-8
-13
-11
-12
-16
-9
-9
-7
-5
-11
-8
-7
-14
-18
-16
-16
-21
-19
-19
-20
-17
-21
-21
-20
-19
-16
-17
-14
-17
-10
-4
-13
-5
3
2
0
-3
-1
-2
-2
-3
-4
-1
4
3
8
8
6
9
13
16
12
9
12
10
10
12
16
15
13
18
17
10
14
17
19
17
11
12
7
8
8
8
10
3
5
7
3
5
5
6
5
1
-3
-5
-6
-10
-10
-4
-4
-1
-1
-1
-5
-14
-12
-15
-18
-21
-22
-18
-17
-11
-13
-11
-6
-7
-5
-9
-13
-8
-3
-4
-5
-7
-2
-3
-6
3
-1
-8
-8
-1
-1
-4
1
9
13
14
10
10
11
8
0
-2
4
-1
-4
-8
-5
1
1
7
1
7
11
7
8
6
5
3
3
-1
7
6
2
8
2
2
-4
-3
7
7
8
4
4
4
5
8
3
9
6
4
5
0
0
-2
-4
-1
-3
-4
-6
-7
-8
-8
-10
-1
5
-2
-4
-3
-2
-2
-8
-8
-5
-10
-5
1
-1
1
5
7
0
-1
-3
-7
-7
-5
0
1
-2
0
5
1
-4
-1
2
-3
-7
-4
-2
-4
-8
-5
-2
-7
-8
-2
2
-2
2
3
2
6
8
5
7
12
8
6
6
6
1
-2
4
5
5
7
8
8
6
6
8
12
10
8
15
11
5
2
-6
-9
-13
-18
-17
-11
-8
-9
-9
-10
-8
-5
-7
-10
-10
-8
-7
-11
-15
-10
-8
-6
-1
0
-2
-1
5
8
6
5
9
10
15
11
9
6
-6
-4
-4
-5
1
0
-3
3
7
2
2
5
0
4
8
4
4
0
-4
-4
-5
-2
-8
1
7
2
5
6
10
8
7
12
11
10
5
1
0
2
0
0
3
3
4
1
6
8
6
11
3
-1
3
-6
-5
-8
-16
-16
-20
-16
-15
-19
-13
-13
-12
-8
-5
-3
-4
-4
-9
-8
-1
-3
-5
-5
-3
-7
-6
5
14
20
17
14
15
13
11
12
15
11
9
7
4
2
-3
-2
-7
-4
-1
-1
-1
-5
1
-2
-4
-1
-7
-4
1
-7
-12
-13
-10
-4
-1
-2
2
2
-3
-7
-6
-5
-10
-8
-3
3
3
1
12
11
5
5
4
0
3
-1
-3
1
0
0
5
5
6
6
1
1
-1
-2
1
2
5
4
-2
-3
1
-2
-2
7
3
0
9
6
8
17
16
10
9
10
8
1
-3
0
1
0
-5
-7
-5
-4
-2
-5
-5
-8
-3
-5
-5
-4
-11
-15
-14
-18
-16
-14
-16
-4
1
0
1
2
4
1
0
4
1
5
6
2
5
0
-1
1
2
2
2
5
0
2
5
6
8
11
3
-3
-7
-6
-4
0
-2
-4
-5
-7
-2
1
1
1
0
-1
4
3
3
4
6
5
2
3
-1
-3
0
5
0
-1
2
-3
0
5
2
0
4
5
6
-2
-4
1
-8
-12
-9
-8
-7
-3
0
-2
-3
2
1
-1
1
0
-1
-4
1
4
0
1
1
-2
5
6
4
4
5
7
8
4
10
11
9
7
0
0
-1
-3
-1
-2
-5
2
8
4
3
5
2
-1
-2
-2
-7
-12
-5
-5
-4
-7
-6
-1
-1
1
1
3
3
2
0
3
-4
-9
-5
-2
-7
-10
-5
1
3
1
-3
-6
-4
-3
1
-1
1
-1
-2
1
-4
-3
-4
-7
-1
1
2
3
-4
-5
-5
-3
0
-4
-4
-3
-8
-2
1
0
-5
-1
5
0
-1
-3
2
0
2
5
2
8
13
12
12
11
8
11
8
3
5
6
10
6
4
9
11
8
4
2
3
2
-2
-6
-6
-5
1
4
-4
-4
-1
-6
-9
-6
-6
-2
1
-2
-1
-4
-7
-6
-4
-6
-5
-3
1
1
-2
2
2
4
2
-3
-1
-1
-7
-4
-8
-7
0
-3
1
-1
-2
-2
0
-2
-9
-6
-3
-3
1
3
1
-2
1
6
3
-1
2
2
4
-1
-2
-1
0
5
1
2
4
-1
-3
-1
1
-2
-2
-3
-3
2
-2
0
-1
-2
3
0
3
1
-7
-6
-3
0
3
6
6
7
8
7
9
3
3
3
1
6
7
4
1
-4
2
2
5
9
4
9
13
8
8
7
-1
-1
-11
-16
-8
-10
-7
-1
-2
2
0
-2
1
2
0
-9
-9
-9
-9
-9
-10
-11
-16
-9
-9
-12
-4
-4
-4
2
-4
1
3
-3
4
-3
-4
3
4
6
12
10
4
8
6
9
10
10
6
6
10
4
3
1
0
2
3
4
2
-4
1
2
2
1
-2
0
-1
-2
-4
-3
-6
-6
-2
-2
2
3
-2
-1
1
-1
-4
-3
-2
-1
-1
1
-1
0
1
0
2
2
0
1
1
1
1
-2
-5
-3
0
-3
-7
-11
-12
-11
-10
-5
-6
-7
-8
-11
-14
-9
-3
-3
-1
4
1
0
0
4
8
9
12
11
11
7
13
16
13
15
9
9
10
6
7
8
6
6
7
3
1
1
-5
-5
-4
-6
-2
5
0
-6
-3
-7
-8
-4
-9
-9
-4
-3
-3
-6
-1
-1
-10
-5
-2
-3
-1
5
11
9
7
10
4
10
13
6
3
-5
-7
-4
-2
-6
-4
-6
