5
8
14
4
-7
-9
-1
9
6
0
-11
-19
-13
-9
-5
-1
-12
-16
-11
-16
-12
-6
-11
-16
-16
-14
-8
-3
-3
-12
-12
-7
-3
12
16
4
-8
-12
-6
10
19
21
10
-2
-5
8
24
19
11
4
-5
-2
12
21
19
10
-2
-3
3
13
20
9
-6
-10
-3
8
15
22
9
-4
-11
-2
9
5
8
-1
-9
-11
-13
-1
6
2
-3
-10
-11
-3
5
7
5
-1
-5
0
4
5
-1
-9
-18
-20
-16
-8
-3
-3
-7
-11
-13
-5
3
2
4
-4
-8
-8
-7
0
1
1
0
-7
-8
-2
-1
4
3
-3
2
1
3
6
0
-2
-8
-6
-3
-3
-2
-4
-1
1
1
5
8
9
9
12
14
6
8
3
2
8
7
10
-2
-9
0
7
13
18
13
4
3
1
3
9
12
5
-5
-10
-2
6
5
4
0
2
4
3
6
1
-5
-9
-9
-11
-10
-2
-4
-7
-6
-7
-6
-1
5
1
-6
-4
-2
-7
-8
-6
-8
-8
-2
-1
-4
-2
-3
-5
0
1
-1
-2
-6
-10
-11
-8
-6
-2
-5
-8
-4
-8
-7
1
1
1
1
1
0
4
15
17
4
-1
-1
2
10
12
7
1
0
8
18
15
11
3
-2
-1
4
10
7
3
-4
-7
-3
5
7
5
-4
-10
-2
5
9
13
2
-12
-9
0
6
4
-1
-4
-16
-12
-3
1
10
5
-5
-7
-6
4
4
3
-1
-8
-8
-4
3
7
6
2
5
0
-3
6
-2
-10
-10
-7
-5
-2
4
0
-3
-9
-9
-2
3
3
0
-8
-10
-2
6
16
7
-2
-5
-8
-2
3
9
1
-11
-13
-11
3
12
9
2
-5
-6
-1
6
8
2
-3
-6
-6
4
14
10
6
5
4
3
-3
1
6
5
1
-4
-6
0
3
3
1
0
0
-3
4
2
1
0
-2
2
-1
2
0
-2
-4
-6
-3
-1
-4
-5
-7
-11
-8
-11
-2
5
6
8
6
5
7
13
15
7
0
0
0
5
3
0
-4
-1
7
7
9
2
-7
-4
-7
-2
4
1
-6
-7
-10
-10
-8
-4
-4
-8
-4
-4
2
6
3
2
-7
-12
-5
1
3
4
-3
-9
-12
-11
0
1
1
6
3
3
8
1
8
9
-1
1
4
-1
0
4
2
0
-4
-2
2
3
5
8
5
3
8
6
6
3
-2
-9
-12
-7
-4
3
5
4
3
-1
1
-1
-4
2
7
7
-1
-1
7
6
8
9
1
-1
-6
-7
-2
4
5
2
6
5
5
2
-4
-7
-8
-6
-1
-6
-5
-3
-4
-1
2
-1
-2
-3
-5
-8
-9
-5
-3
-5
-6
-6
-8
-8
-11
-5
-6
-5
1
6
15
7
1
3
-1
-1
-2
3
4
-8
-6
-6
-6
5
9
9
8
1
-4
4
11
7
5
-1
1
2
-5
2
3
5
11
1
4
5
4
7
4
2
7
11
7
7
4
2
-3
-7
2
6
7
4
-2
-8
-9
3
1
3
6
-4
-8
-8
-4
-5
-9
-7
-7
-6
-2
-1
0
3
5
-4
-12
-7
-2
-3
-6
-4
-2
-4
2
0
0
9
2
-3
-5
-4
0
1
0
0
-4
-5
-2
-6
-3
2
4
6
6
2
-3
-11
-14
-6
-4
-3
-2
-5
-1
3
2
7
9
7
11
7
1
-1
6
10
9
12
5
3
3
2
11
12
11
4
-5
-5
2
3
0
-1
-4
-7
-9
-4
3
3
1
-9
-10
-9
-2
5
-3
-8
-1
1
4
6
7
6
0
2
4
10
9
8
2
2
-1
-2
6
3
8
-1
-12
-10
-8
-4
-5
-9
-8
-6
-4
0
-4
-4
-3
-6
-6
-8
-7
-3
-2
-7
-13
-5
-3
-6
1
4
2
2
-1
2
1
-2
0
0
-8
-9
-2
3
8
5
8
8
3
3
4
5
5
7
6
5
9
5
0
0
3
8
2
0
4
3
4
9
5
0
0
0
-3
1
8
8
8
8
1
4
4
-6
-5
-1
-2
-7
-6
-4
-2
-3
-1
-2
-4
-5
0
1
-1
-2
-6
-5
-7
-2
4
6
2
-5
-7
-9
-5
-2
-3
-3
-6
-8
-3
-1
-1
2
-7
-10
-7
-4
-1
2
2
-2
-2
-1
5
8
12
7
1
6
5
6
1
-3
-5
-8
-4
-7
-7
-5
-3
7
9
6
3
3
2
4
2
1
2
3
5
-3
-2
-1
-4
-2
-3
3
10
10
11
7
10
9
-1
-9
-11
-2
4
5
8
1
-6
6
9
10
8
4
3
2
-2
-5
-6
-9
-8
-5
-6
-4
-3
-2
-1
-1
0
1
3
0
-3
-6
-8
-11
-8
-2
-4
-8
-6
-4
-3
9
7
-2
2
-1
-5
4
3
-3
0
-8
-11
-4
-5
-6
-1
-2
-6
-5
-8
-5
3
3
7
3
-1
-5
-2
4
-2
-8
-10
-8
-2
5
12
18
17
6
3
5
9
11
11
6
2
5
3
7
17
18
14
7
8
8
7
4
6
5
-4
-3
2
0
0
-5
-10
-7
-6
0
-2
-6
-9
-8
-1
5
4
-1
-8
-8
-11
-10
-6
-7
-9
-14
-14
-12
-8
-4
-4
-4
-3
-1
2
-1
3
5
-5
-11
-8
0
1
1
-4
-7
-3
1
0
1
8
5
-4
-3
5
7
7
7
2
0
1
1
2
0
-2
1
2
7
8
9
5
2
9
6
12
14
7
10
6
5
8
2
0
-7
-9
-7
-7
0
3
-1
6
9
6
7
2
0
-3
-7
0
1
-5
0
1
-3
6
9
1
-6
-2
-2
-5
-1
-8
-9
-10
-14
-11
-7
-3
-5
-5
0
-1
9
12
4
0
-2
-8
-13
-9
-7
-6
-4
-4
-3
-4
-4
6
6
0
-4
-9
-7
1
4
2
-2
-6
-3
-1
1
0
-1
-1
6
12
9
8
9
8
7
5
1
-1
-1
-3
-3
4
6
6
9
12
15
10
4
6
7
5
8
4
-2
-9
-8
-2
5
0
-2
2
1
3
1
2
-1
-2
-1
-4
-5
-4
-5
-7
-12
-7
-3
-3
-2
-6
-12
-11
1
12
4
-5
-7
-7
-4
5
4
-8
-14
-9
1
3
2
-2
-3
-7
-6
1
4
1
-4
-1
0
4
1
-5
-4
1
4
-1
-5
0
5
7
13
8
3
-5
-7
2
3
4
-2
-7
-4
2
13
15
7
0
-1
6
19
17
5
-11
-15
-3
7
10
3
1
-5
-1
11
15
8
-7
-9
-8
6
11
-3
-11
-17
-10
0
5
6
-3
-10
-2
7
13
11
-1
-10
-8
4
4
-1
-8
-13
-8
-1
1
-4
-1
-8
-5
8
9
9
-2
-12
-5
2
3
-4
-15
-18
-8
3
11
6
-4
-9
-3
8
11
8
-1
-7
-5
13
19
10
-6
-15
-1
9
14
10
-1
-8
-4
11
14
1
-11
-20
-12
4
7
-3
-20
-24
-10
7
15
8
-4
-15
-10
11
19
11
-5
-18
-14
1
17
18
1
-13
-10
7
22
20
9
-2
-8
9
20
19
7
-7
-18
-4
16
10
6
-8
-12
-5
10
15
2
-6
-12
-2
13
13
-3
-12
-15
-10
-3
-2
-3
-20
-19
-4
9
12
0
-11
-15
-8
6
11
6
-5
-14
-9
1
9
9
-2
-5
-1
4
6
8
-4
-11
-4
3
13
9
-3
-6
-2
4
7
4
-7
-17
-9
0
8
8
-4
-6
-5
3
11
9
4
-2
2
2
3
8
-3
-14
-16
-7
6
10
9
2
-4
-6
5
15
7
-2
-7
-2
1
3
2
-5
-8
-8
-2
-1
-5
-5
-10
-6
4
6
4
3
3
5
3
4
3
-2
-4
0
18
18
10
6
-2
0
10
3
1
-10
-18
-13
-6
8
3
-1
-6
-13
0
7
15
14
-3
-8
1
12
16
6
-14
-22
-17
-6
9
13
-3
-15
-10
0
15
18
7
-5
-12
-5
4
7
1
-12
-17
-11
4
9
2
-4
-5
3
5
13
13
2
-8
-14
-8
-9
-8
-9
-13
-15
-14
-6
1
-2
-2
0
-1
-1
1
5
8
13
11
7
8
7
2
2
4
0
1
0
1
9
9
7
3
-4
0
5
6
7
-6
-16
-6
3
13
16
6
-3
-7
2
16
17
1
-10
-7
-1
13
19
12
-7
-9
-3
2
11
14
4
-10
-11
-8
-2
2
-5
-8
-10
-13
-12
-4
2
0
-7
-14
-13
-5
-3
-7
-9
-11
-13
-6
2
4
-2
-5
-8
-6
-2
1
8
5
-1
-5
-5
1
9
7
-2
-8
-8
-1
8
12
16
6
-7
-2
4
8
11
9
-2
-1
3
6
10
11
9
5
-1
-4
2
7
8
7
3
-2
1
2
5
5
-4
-6
-8
-6
1
9
8
2
3
5
5
4
-1
-2
-6
-3
3
2
1
1
5
1
3
2
-7
-11
-15
-11
-6
1
-1
-8
-12
-8
-4
-6
-6
-5
-11
-8
-4
-3
-3
-7
-7
-6
-3
4
4
0
-5
-7
7
8
2
2
0
2
5
7
4
2
1
4
6
6
2
-4
-5
1
6
9
5
1
-4
-3
8
6
5
0
-11
-8
2
8
4
-1
-6
-11
5
10
5
3
-2
0
7
13
10
2
-4
0
4
7
10
3
-1
0
7
12
5
-5
-12
-8
1
6
-1
-10
-8
-8
-4
6
9
1
-12
-14
-7
1
5
-2
-10
-9
-1
8
7
-3
-18
-20
-7
2
9
3
-8
-13
-16
-3
9
4
-9
-16
-9
1
14
20
12
1
-1
2
3
3
0
-6
-6
1
3
-1
-3
0
8
6
6
7
3
2
4
7
0
-6
-11
-7
0
5
7
2
-6
-7
7
19
19
8
2
4
7
7
9
9
-5
-9
-6
-1
5
-3
-8
-10
-7
4
5
3
-6
-17
-14
-6
0
2
-8
-18
-14
-3
5
7
3
-11
-17
-1
7
9
8
-2
-1
2
1
7
7
0
-2
-1
4
12
13
7
4
5
6
8
10
5
-6
-6
-3
-5
0
0
-4
-7
-2
4
2
0
4
4
1
3
2
-1
-1
-5
-4
-3
-6
-2
-4
-9
-3
-1
-7
-4
-4
-6
3
1
-3
-2
-4
-6
-5
-2
-3
-4
-5
-5
4
8
5
8
10
-1
-2
-1
-1
1
6
4
1
-3
-2
3
2
4
6
0
-2
4
9
12
1
-3
0
-4
0
-3
-8
-6
-6
-9
-2
-1
5
11
10
13
9
4
4
2
2
5
3
-6
-13
-11
-1
7
12
10
7
9
10
13
10
3
-3
-4
-5
-1
-1
-8
-14
-19
-15
-6
-3
-5
-11
-14
-9
-4
0
2
-4
-7
-8
-2
6
7
6
-3
-3
-5
0
9
3
1
-9
-3
4
6
8
1
-1
-4
0
6
6
2
-6
-6
-3
6
13
7
6
-2
-5
1
0
1
-4
-4
-4
-3
1
-6
1
7
7
7
1
-2
4
7
3
9
7
-3
-2
0
9
14
11
-1
-5
0
2
8
2
-9
-12
-7
0
6
6
2
-7
-18
-8
0
3
0
-9
-9
-9
-3
9
5
-7
-8
-8
3
12
2
0
2
-5
-2
5
6
7
2
-1
1
3
9
13
6
-4
-6
-5
-8
-8
-2
-7
-11
-11
-10
-10
-6
-4
-2
-4
-6
-5
-4
-6
1
1
2
4
-4
0
5
6
10
7
5
7
7
12
12
11
6
2
6
6
4
-2
-6
-7
-5
2
0
3
6
0
6
8
3
8
6
1
0
1
-2
-6
-7
-9
-11
-11
-7
1
0
-3
-3
-3
1
2
-1
-5
-4
-2
3
3
-1
-5
-6
1
6
8
12
8
2
-3
0
7
10
7
-7
-16
-13
-11
-3
-4
-11
-8
-7
3
5
2
3
4
1
3
4
2
1
-2
-5
-3
3
-2
-4
-4
-9
-7
-4
-2
-1
3
1
-5
-1
1
-1
-5
-3
2
-3
1
6
5
4
5
9
10
5
3
5
3
4
6
4
5
3
7
8
3
5
7
7
10
4
2
-2
-4
-1
-1
0
-6
-7
-7
-5
-5
-1
0
-6
-3
-9
0
1
-3
-3
-4
-2
-1
1
3
0
-7
-13
-9
-3
-2
1
-1
-9
-7
-4
8
8
0
-7
-11
-3
-1
3
3
-4
-4
1
8
10
8
2
-2
-3
-5
2
6
6
-1
1
9
7
11
8
3
0
0
3
-3
2
0
-3
-2
-8
-8
-5
1
4
0
1
3
5
6
5
0
-7
-11
-5
-3
-4
-4
-4
-2
-6
4
6
3
4
-5
-7
-5
0
4
2
5
-2
-7
-1
-1
6
6
-1
-3
1
5
9
8
2
0
-10
-2
4
1
6
1
-4
-3
-3
0
2
-4
-8
-8
-3
4
10
5
3
2
-2
3
4
4
2
-4
-3
-2
2
2
-4
-6
-2
-3
1
6
4
3
-2
2
10
10
8
7
-2
-8
-6
-5
-3
-6
-2
-4
-11
-12
-10
-7
-4
-5
-3
-7
-6
2
-7
-9
-8
-10
3
6
7
6
9
13
12
18
23
17
7
7
4
3
5
0
2
-3
-3
-6
-3
-2
-2
0
-11
-13
-8
-5
-4
-12
-19
-15
-7
-5
-5
-8
-6
-8
-6
4
4
7
2
-1
0
2
5
2
-1
-1
-1
-2
-3
5
6
9
8
7
9
15
16
15
15
10
10
6
3
4
9
11
2
-5
-5
-3
5
11
14
8
-3
-6
-5
-3
2
3
-6
-14
-14
-4
0
0
2
-9
-17
-13
-2
5
-10
-13
-11
-12
-9
-12
-11
-4
-10
-13
-17
-14
-6
-9
-9
-5
-2
4
4
-1
-3
1
11
8
1
-2
3
7
7
8
3
-2
3
5
9
19
12
8
15
10
16
18
8
5
4
8
13
8
9
5
-2
4
5
10
6
-3
-5
-8
-4
-1
-3
-6
-8
-1
-1
-7
-2
0
-5
-7
-5
-4
-2
-5
-10
-4
-2
2
0
-5
-8
-7
-9
-4
1
-3
-1
-3
4
2
-1
-1
-11
-5
2
4
8
13
6
2
4
7
7
1
-3
-7
-10
-7
-6
-8
-12
-8
0
-3
-6
-6
-12
-9
-10
-6
5
5
-2
-10
-6
-4
2
2
0
5
5
9
16
19
14
12
14
11
13
18
11
6
12
10
8
10
9
10
1
1
3
-2
0
-2
-10
-7
-4
-6
-7
-16
-13
-13
-14
-8
-8
-9
-12
-10
-4
-8
-15
-15
-14
-5
-4
-4
-2
-4
0
8
9
5
11
5
-2
4
10
12
9
2
6
9
3
7
12
5
2
-1
1
1
1
6
1
0
2
1
7
5
4
5
5
5
7
4
8
5
4
2
-2
0
-3
-10
-9
-3
-8
-8
-13
-16
-5
-5
-11
-4
5
1
-4
-5
-5
-4
-2
-3
-6
-7
-5
-6
-6
-5
-1
0
1
1
4
4
1
-2
-1
0
-5
-7
-2
2
5
1
-1
1
1
4
1
-2
1
7
7
12
13
2
1
-8
-7
0
-4
-2
4
6
8
9
4
2
1
-6
-3
0
5
11
15
15
11
12
14
18
21
9
0
0
-3
-2
2
1
-3
3
3
-1
4
1
-4
-5
1
2
6
8
-6
-11
-16
-20
-21
-27
-32
-29
-32
-23
-15
-20
-16
-13
-16
-20
-12
-5
-6
-7
-6
1
5
2
3
4
6
8
8
9
14
18
12
16
19
21
26
27
18
13
15
16
14
16
17
10
10
5
6
7
-1
7
10
9
8
2
2
3
-4
-7
-12
-11
-9
-8
0
-6
-12
-12
-17
-18
-14
-15
-23
-28
-27
-22
-13
-7
-11
-13
-14
-12
-11
-3
-1
-9
5
1
1
13
7
7
1
-2
0
6
16
18
19
15
13
13
12
13
5
-3
-9
-6
0
3
7
8
3
6
10
2
2
2
-2
-3
-1
3
8
10
8
9
5
-2
1
2
0
2
3
3
4
6
9
9
3
2
2
-3
-2
4
5
-1
-3
-2
-3
-2
0
-6
-4
-6
-8
-5
-9
-14
-16
-20
-15
-12
-15
-11
-12
-13
-13
-10
-6
-5
-11
-13
-11
-9
-6
0
-3
-4
-3
-2
2
3
5
2
1
4
3
5
2
10
12
9
19
16
17
19
12
9
10
8
10
8
3
10
11
4
5
7
6
6
8
12
13
10
7
8
1
8
11
6
5
-4
-6
-4
-8
-15
-14
-13
-8
-6
-8
-10
-11
-8
-5
-8
-11
-13
-12
-8
-3
-3
1
2
-5
0
1
1
4
3
-3
-1
-3
-5
2
-4
-6
-12
-9
0
-9
-4
4
3
4
8
2
-6
3
5
-6
-8
2
3
2
3
5
10
1
-7
-1
7
5
0
3
0
-4
1
1
-6
-4
1
-3
0
-1
0
4
3
4
5
0
-6
-9
-3
-2
5
10
0
-1
4
11
10
5
10
10
6
-2
1
11
10
3
6
10
6
8
9
8
7
6
1
1
1
-3
-4
-4
-7
-11
-16
-19
-16
-14
-8
-3
-5
-4
-1
-1
-2
-9
-13
-14
-9
-11
-11
-1
-1
-5
-5
4
6
4
8
3
3
6
3
6
6
4
3
-3
0
2
-3
-2
-1
9
10
0
6
10
12
9
3
4
6
-2
-2
6
3
-2
-4
-5
-11
-4
2
-3
0
2
0
0
-1
4
4
-3
-7
-5
-8
-6
-2
-5
-2
2
5
4
4
2
2
2
-4
-4
-6
-10
-10
-5
-7
-2
-1
1
3
2
9
6
2
-4
-8
3
6
3
4
-2
1
0
0
3
0
-1
-2
1
14
13
7
3
-5
-6
-5
7
5
1
7
2
0
5
6
3
2
3
2
2
5
0
0
-2
-7
2
6
0
-5
-5
-8
-7
-2
-1
-2
1
2
2
2
-2
-1
-7
-12
-10
-9
-10
-8
-4
-3
-3
-9
-9
-4
0
-2
2
3
0
6
4
-1
-1
2
1
3
6
5
14
10
7
8
4
0
6
4
0
1
-3
3
6
4
6
7
0
0
2
2
2
-2
0
3
3
2
-3
-9
-9
-10
-9
-4
-8
-11
-9
-2
-1
3
4
-2
-5
0
5
8
8
1
-4
-6
-10
-8
-3
-2
-6
-8
2
8
9
14
8
4
4
6
7
4
4
4
3
1
1
2
2
-2
-4
3
4
1
5
5
-1
5
6
6
9
9
6
0
-5
-7
-5
-8
-11
-5
-8
-11
-8
-3
-2
-6
-5
0
-1
3
-1
-10
-7
-4
-7
-6
-9
-10
-9
-11
-5
-3
1
0
2
2
1
0
-3
0
1
6
6
8
12
14
7
3
5
6
3
4
11
13
8
3
6
2
4
5
-2
-2
-6
-8
-7
-2
-1
-3
1
-2
2
4
1
-1
1
8
11
7
4
12
7
5
9
1
0
2
-5
-11
-13
-10
-15
-13
-4
-2
-1
-3
-5
-2
-2
5
4
-5
-1
-5
-6
-5
-5
-2
-10
-8
-7
-11
-6
-3
-3
-3
1
2
-2
-2
-4
-4
0
-3
0
-1
2
3
-3
-3
1
6
11
8
10
9
8
5
6
5
-2
1
2
1
7
10
4
7
6
10
9
5
8
8
9
6
6
8
3
3
2
-5
-1
-5
-8
-1
-4
0
2
-2
0
-1
0
-1
-11
-12
-8
-10
-10
-11
-9
-4
-1
3
7
10
9
2
0
-2
-11
-8
-13
-13
-12
-13
-7
-3
-3
-4
-1
-1
4
6
-1
-3
-1
-3
-1
-5
-12
-12
-10
-1
-6
3
6
3
16
10
10
14
10
5
4
7
4
2
1
2
2
5
5
1
6
9
11
10
5
8
10
4
0
0
2
-5
-6
-1
1
-2
-1
4
4
-3
0
4
6
8
1
-3
-1
1
-2
-3
-8
-8
-10
-9
-3
-7
-5
-5
-5
-2
-2
-2
-10
-9
0
2
-1
-3
-2
-4
-2
-6
-7
-5
-9
-11
-11
-4
0
3
-1
-6
-1
2
4
3
4
5
7
5
10
7
4
7
5
3
2
4
2
2
2
5
9
13
7
3
7
0
-1
-9
-8
-2
-5
-6
-8
-7
-3
-4
-6
-4
-6
-10
-9
-4
0
3
1
-1
1
4
11
13
8
7
2
-1
5
7
5
4
5
9
9
7
8
9
4
4
6
7
10
5
4
3
-1
1
1
-2
-4
-8
-9
-7
-2
-4
-5
-6
-6
-6
-11
-10
-7
-6
-3
-12
-11
-9
-13
-8
-9
-4
-2
-4
-3
-2
-1
-3
1
-1
-5
-9
-12
-7
-6
-7
-1
-1
0
1
-2
-3
-5
1
8
10
4
-1
3
6
6
3
6
8
5
8
12
11
19
17
10
8
14
13
7
7
5
4
-4
-5
7
11
7
7
7
6
5
3
9
8
4
6
1
-4
6
3
0
-4
-10
-4
-4
-1
-3
-5
-2
-7
-4
-1
-1
-6
-10
-12
-14
-18
-14
-10
-13
-16
-13
-10
-8
-4
-10
-8
-9
-9
-9
-9
-3
-7
-13
-12
-7
-8
-7
0
0
7
6
6
5
1
6
5
1
2
-1
0
10
9
4
1
4
6
12
10
8
11
11
13
12
8
10
9
5
1
5
9
8
6
4
10
14
11
9
7
11
7
0
3
-7
-8
-5
-8
-3
-3
-4
-3
-1
-4
-2
2
-1
-3
-7
-12
-11
-6
-3
-3
-2
0
-1
2
0
-1
-1
-2
0
4
1
2
-2
-5
1
-6
-3
-7
-6
-3
-12
-11
-4
-7
-7
-7
-3
-1
-5
0
-5
-10
-9
-13
-9
-9
-7
-7
-6
-5
-4
3
3
2
0
4
7
12
12
8
7
4
14
12
14
17
7
7
5
5
11
8
9
3
2
6
-6
-4
-8
-8
0
-1
0
2
3
-1
-2
1
-1
1
-2
-4
-4
-3
0
1
3
5
1
3
5
3
-2
-5
-1
0
0
3
1
1
1
2
0
-2
-4
-5
-1
-2
-1
-3
-2
3
2
4
2
-2
-2
-3
-4
-4
-9
-12
-9
1
0
-6
0
-2
0
-2
-7
0
-4
-3
-1
-3
3
6
6
5
6
3
-1
-1
-3
-2
0
-7
-3
2
2
6
4
1
5
2
3
12
8
3
3
0
1
-1
-3
-2
-2
-7
-8
-3
4
3
1
1
-1
-3
-1
1
-5
2
3
2
6
0
6
6
2
1
-1
1
-1
-6
-8
-4
0
0
0
-3
-4
-3
-3
1
-3
-1
5
6
9
2
-1
1
-4
-2
3
5
10
11
9
12
11
5
3
3
-2
-11
-10
-19
-20
-11
-11
-10
-6
-11
-8
1
-10
-8
3
2
4
14
7
-4
1
1
-1
3
2
-1
5
8
4
6
6
3
6
6
4
-1
0
1
-6
-2
-6
-10
-8
-7
-1
1
4
6
9
10
5
7
10
6
5
3
0
2
2
1
7
5
2
2
2
0
1
-2
-1
4
3
2
3
1
-5
-4
-4
-5
-8
-10
-13
-12
-8
-11
-9
-8
-12
-13
-14
-15
-15
-16
-15
-14
-10
-6
-7
3
3
3
6
8
16
10
10
10
5
10
12
11
10
10
7
6
11
11
11
14
15
13
8
5
6
7
6
0
-3
-3
-1
-1
-2
-2
5
5
-1
-4
-9
-5
-2
-3
0
1
-5
-6
-6
-6
-4
-5
-3
-4
-5
1
0
-1
4
3
2
-1
-7
-10
-13
-12
-8
-8
-6
-5
-4
0
-7
-3
1
-5
-6
-8
0
1
1
9
5
3
4
2
0
-1
4
1
3
5
5
10
8
5
1
7
9
6
11
10
8
4
5
6
5
-4
-3
0
-2
0
1
-2
-1
1
0
-1
3
-4
-7
-2
-2
-1
-5
-4
-1
-4
-6
-1
5
3
-2
-2
0
-3
-3
-5
-2
3
-5
-9
-2
-6
-5
-1
-1
2
-6
-5
2
1
2
0
-3
-5
-7
0
-1
-3
-2
0
1
-2
2
2
4
3
0
4
3
8
8
8
4
7
14
6
8
4
2
4
2
3
3
4
2
3
3
1
-1
-1
-1
-1
-2
-3
-3
-1
-1
-3
-1
-1
-3
-3
-3
-6
-9
-7
-11
-10
-8
-2
3
2
3
0
-5
0
7
2
-1
-4
-4
-4
-1
2
0
8
9
7
5
5
3
1
-2
-3
-5
-7
-3
-4
-8
-5
-1
-3
0
6
6
5
4
6
6
6
6
3
0
-3
1
-3
-1
-3
-2
5
-1
-1
-4
2
6
1
-1
4
8
7
5
-3
-2
1
-5
-3
2
-3
-8
-3
-3
2
5
2
0
1
-1
-3
-1
-9
-13
-15
-15
-13
-14
-10
-4
-1
0
0
-3
2
6
0
2
3
1
-3
-2
-1
-2
-2
4
5
3
3
4
11
11
12
11
7
4
8
10
9
12
9
3
1
4
10
8
6
1
3
7
6
8
7
7
0
-2
-7
-12
-11
-11
-9
-2
-3
-2
1
2
6
2
-3
-3
-4
-4
-6
-7
-7
-15
-9
-10
-11
-4
-8
-10
-6
-8
-5
-2
-10
-6
-8
-16
-9
-4
-5
-8
-7
-6
2
6
3
4
3
3
6
5
9
9
4
4
7
7
8
4
7
8
7
10
12
11
9
8
5
7
4
5
0
-5
-3
-4
1
4
1
2
2
-4
-4
2
8
4
0
-5
-2
1
-2
1
-1
-5
0
2
1
4
7
3
-2
-5
-5
-3
-3
0
-2
-5
-5
-3
-3
-1
1
1
0
-4
-2
1
-2
-1
-5
-9
-10
-13
-10
-4
-3
-3
-3
-5
-2
-6
-4
-4
-7
0
3
5
8
11
7
7
10
6
-1
-3
0
2
-2
-2
1
3
7
10
9
10
8
5
0
-3
-1
-6
-7
-6
-9
-9
-5
-6
-2
3
6
9
4
0
3
-4
-4
-4
-7
-3
-1
2
0
-1
3
2
-2
-4
-1
-1
-3
5
5
4
3
1
5
11
8
3
2
3
2
-2
0
-2
0
1
3
3
2
2
6
3
2
4
-2
-6
-7
-3
-11
-6
-3
-4
-1
0
2
-3
-2
2
-4
-6
-7
-12
-6
5
2
-2
4
5
3
0
-2
0
-3
-3
2
1
-1
-1
-4
-1
-7
-3
-3
-7
3
3
5
5
3
10
5
1
0
-3
-2
-4
-3
-8
-7
1
2
3
2
3
4
8
7
5
8
8
6
0
-5
-6
-2
-5
-6
-7
-8
-2
0
6
5
2
3
0
4
5
4
-1
-3
-1
-2
1
5
1
-2
2
8
8
8
8
5
5
5
4
5
1
-4
-5
-9
-10
-6
-10
-12
-10
-7
-4
0
2
1
0
0
0
-3
-7
-3
-5
-8
-9
-3
-6
-7
1
-1
-3
-2
-1
-1
2
2
-2
-6
-3
-2
-3
-4
-3
0
4
6
7
10
15
14
10
9
7
-1
1
0
-2
-4
-6
-2
1
3
8
8
10
9
10
8
10
7
-4
-2
-2
-5
-2
-2
-3
-3
-1
2
1
0
6
5
0
0
2
-1
0
2
1
-3
-2
-4
-12
-4
-2
-6
-3
-6
-3
1
-3
-2
-4
-8
-8
-9
-8
-4
-2
-4
-5
-6
-4
-4
-4
1
0
2
9
-3
-4
3
-1
-1
-2
2
3
2
3
5
9
7
7
10
7
5
1
-8
-7
-6
-5
-4
1
5
6
7
9
14
14
13
10
5
4
1
1
0
0
3
2
4
-2
-3
0
0
-1
-1
-4
-3
-3
-5
-2
-2
-5
-3
-2
-4
-1
-2
4
0
-9
-1
-8
-7
-5
-10
-5
1
-4
-5
-4
-9
-5
-9
-4
-9
-9
1
1
5
7
9
10
13
8
7
10
0
2
-1
0
6
2
8
9
2
3
3
2
-2
-8
-7
-10
-6
-6
-8
-1
-2
0
3
1
3
2
3
4
1
-1
-1
5
3
2
6
0
-1
2
7
-1
-4
-1
-6
-6
-6
-6
-5
-5
1
4
-1
8
12
3
1
-5
-8
-5
-9
-7
-4
-3
-3
1
2
-3
-3
2
0
2
-1
-1
3
-1
-5
2
1
2
10
2
2
2
4
9
5
6
6
5
4
8
7
-4
-5
-7
-11
-4
-1
-1
1
6
6
2
2
1
4
8
11
5
8
8
-2
-3
1
-4
-9
-10
-7
-7
-6
-5
-3
-2
-6
-6
-6
-3
-5
-9
-9
-13
-9
-5
-6
-4
-2
-2
-1
-3
-2
-1
2
4
-2
0
0
0
-1
-5
0
6
7
8
4
6
9
9
9
10
9
8
3
7
8
1
3
3
3
1
1
2
4
6
8
8
11
8
4
4
0
-3
-2
-2
-1
0
-3
-4
0
-3
-1
-2
-8
-8
-6
-12
-13
-12
-7
-11
-15
-9
-9
-8
-11
-6
-2
-2
-1
5
7
1
0
-1
2
-4
-5
-4
-5
-3
-2
3
9
6
2
6
5
5
9
10
5
-1
-2
1
-2
-5
4
1
-1
2
0
8
9
6
10
9
10
15
11
6
8
5
2
-1
2
1
-3
-7
-4
-3
-4
1
2
1
-2
-1
-3
-2
-5
-8
-2
-3
-3
-3
-2
4
4
2
1
-5
-5
-3
0
-1
-12
-10
-9
-7
-5
-3
-9
-8
-4
-13
-6
-6
-11
-10
-12
-9
-4
1
-1
0
6
7
4
4
2
-2
5
5
1
5
6
15
16
13
12
8
14
7
3
6
7
8
10
11
3
1
1
5
6
1
2
-4
-4
4
2
1
1
-4
-1
-3
-6
-7
-10
-3
-6
-4
-1
-2
-1
3
2
-1
-2
-5
-2
3
2
3
2
-2
-2
-5
-8
-7
-10
-5
-3
-7
-4
-10
-11
-2
0
0
-3
0
-2
0
0
-2
0
0
-5
-2
6
2
3
4
-4
-5
-2
-2
-2
0
3
6
2
11
12
5
10
8
1
-1
2
-4
-3
-1
-2
2
1
4
4
1
2
1
-2
-7
-5
-2
-2
-4
1
1
-2
4
3
0
2
-1
5
9
9
9
5
3
4
5
0
-3
-1
-6
-8
-5
-4
1
0
2
1
2
2
7
12
7
7
9
-5
1
8
0
-4
-6
-6
-4
-1
-19
-17
-3
-6
-5
3
-1
-10
0
-7
-7
3
-4
-3
6
8
9
10
3
5
15
11
7
2
0
-6
-9
-8
-15
-16
-16
-20
-13
-10
-13
-8
-8
-16
-13
-7
-15
-11
-2
-7
3
5
-3
4
6
7
10
8
11
14
15
15
16
19
23
22
14
13
11
9
12
8
6
6
11
13
12
13
13
11
5
3
0
-8
-10
-10
-11
-12
-16
-17
-17
-15
-14
-11
-7
-3
-1
-2
-2
-5
-5
-9
-4
-5
-2
-1
-2
2
0
0
1
2
-1
-2
0
3
1
-2
3
1
-2
1
-3
-8
-12
-10
-10
-11
-5
0
6
2
2
3
2
3
-1
-5
-7
-5
-2
-1
0
-3
-3
1
2
6
5
1
2
3
7
7
5
10
5
6
11
5
1
1
4
11
11
10
12
7
4
3
5
0
-6
-2
3
1
2
2
1
0
-5
-3
-4
-6
-9
-5
3
2
1
-3
-3
-2
-6
-6
-6
-7
-2
-6
-8
-7
-4
-2
0
-4
-2
-1
-1
2
-3
-1
0
2
0
-9
-1
0
3
2
-2
4
4
2
0
0
-7
-8
-2
-3
2
3
0
5
9
3
4
3
2
9
9
4
8
9
11
7
4
1
-3
0
-2
-3
-1
-7
-6
-7
-5
-7
-9
-5
-4
0
-4
3
3
-4
-3
0
1
1
1
0
1
0
1
2
-2
0
1
-3
0
4
4
1
0
-2
-1
3
0
2
10
4
-1
4
6
7
1
-4
0
-1
-3
-5
-4
-5
-10
-3
1
-3
-2
-3
-1
-1
-1
-1
-7
-10
-11
-5
-1
-4
0
4
5
5
4
8
4
1
4
4
6
6
5
7
5
0
-4
-5
-2
2
0
2
10
10
8
16
14
8
3
1
-2
-8
-9
-2
-4
-8
-7
-9
-4
-1
-3
-1
0
-3
-3
-4
-2
-1
-3
-3
-10
-14
-9
-4
0
0
3
3
2
7
6
4
0
-2
-2
-4
-4
-1
-2
-3
-5
1
5
3
5
6
4
5
6
9
7
1
3
0
1
5
8
11
3
-1
2
0
-1
-4
-8
-3
2
2
-3
-8
-4
-2
-6
-7
-2
-8
-5
-2
0
2
1
7
5
-1
1
-1
-2
-4
-10
-5
-3
-5
-2
-1
2
3
-1
-1
4
5
5
3
0
5
5
-4
-2
0
1
3
3
4
3
4
6
6
4
2
4
7
6
3
2
-1
-4
-5
-4
0
-5
-5
-4
1
6
4
3
3
3
-1
-3
-4
-10
-8
-4
-5
-12
-8
-6
-8
-6
-3
-2
-2
3
0
1
5
-2
2
-3
-6
-3
-2
2
6
3
10
18
12
10
7
5
4
1
2
-1
-5
0
3
-1
1
-4
-7
-7
-6
-2
0
6
5
1
-1
4
-3
-8
-1
0
4
1
-5
0
3
4
0
5
4
1
4
3
-3
-2
3
6
1
-5
-3
-6
-6
-5
-4
-3
-5
0
2
0
-6
-4
-2
-6
-7
-12
-8
-6
-8
-4
-3
-4
-4
-2
-10
-8
3
-2
4
7
9
6
0
5
7
6
4
6
6
7
5
2
3
6
6
-1
5
4
5
9
12
13
7
6
4
2
3
4
4
2
2
-1
1
3
6
7
6
8
9
4
-2
-5
-6
-10
-8
-9
-2
1
-1
0
-3
-5
-10
-11
-12
-17
-14
-6
-13
-17
-12
-8
-6
-7
-7
-7
-7
-1
-4
-7
-4
4
10
2
-1
0
-3
-6
-1
-5
-3
0
3
6
7
8
4
3
-3
-3
-2
-8
-3
-2
-2
1
2
3
4
7
8
7
12
13
16
11
9
12
9
9
8
6
0
-1
3
0
2
7
5
4
9
6
4
6
5
8
2
1
1
-6
4
7
5
3
2
1
0
-1
-1
-4
-7
-8
-9
-12
-13
-17
-19
-9
-10
-14
-13
-15
-13
-9
-6
-6
-5
-2
-2
-4
-10
-5
0
-4
-6
-3
-4
-2
-1
1
5
3
5
6
7
9
4
6
6
4
3
0
3
5
9
9
9
8
2
3
2
1
3
5
4
-2
-4
-1
5
2
-3
2
0
2
7
6
7
5
-4
0
0
-1
-1
-7
-4
1
-1
0
5
0
4
9
3
1
3
5
3
-3
-3
2
-2
-4
-5
-9
-4
-9
-13
-7
-7
-3
-9
-7
0
-4
-1
-3
-8
-5
-6
-11
-4
-2
-4
1
8
6
4
6
6
4
1
2
3
4
6
9
7
6
7
6
6
4
10
12
4
9
11
5
-1
-4
-2
-3
-7
-3
-7
-10
-5
-2
-2
3
5
-4
-4
-3
-5
-3
-5
-6
-3
-2
0
-1
-9
-8
-8
-1
-3
-11
-10
-3
-4
-5
0
-2
2
-2
-5
-5
-5
-4
-3
1
-1
0
4
7
3
6
8
-1
4
6
3
10
9
7
10
5
5
4
4
2
2
2
-4
-2
3
12
9
8
9
3
4
3
3
6
5
5
1
0
-5
-7
-6
-11
-10
-9
-9
-4
-3
-4
-7
-9
-5
-6
-5
-6
-7
0
1
1
4
2
2
0
0
-2
-1
-3
-5
-3
-3
-3
-5
0
2
0
4
7
11
10
10
13
8
4
3
3
0
-5
-4
-3
-9
-2
2
1
2
-4
-5
-2
-2
-4
-3
-3
-5
-2
-2
0
2
2
6
4
0
1
1
4
3
3
6
9
5
1
5
5
2
-6
-11
-10
-6
-2
1
3
2
1
2
9
7
3
-1
-5
-4
-9
-6
-7
-6
-7
-6
-1
1
5
1
4
11
4
-4
-2
-2
-5
-6
-6
-8
-7
4
1
-4
-1
2
4
6
7
7
2
-1
-5
-7
0
1
-1
-2
-4
-1
1
3
5
9
6
3
8
6
3
3
3
2
2
-2
0
1
-1
1
2
6
6
7
7
2
0
0
1
-3
-4
-7
-6
-8
-8
-5
-7
-5
-2
1
8
4
0
2
2
0
-3
-9
1
-2
-6
2
-1
2
1
4
5
2
-3
-2
-1
-3
-4
0
-2
-5
1
0
-2
-4
-5
-6
-5
-4
-7
-7
-3
-4
0
0
-3
-1
-7
-3
-1
-4
3
5
6
5
2
4
4
0
4
5
4
0
0
0
0
3
1
2
2
0
5
11
10
9
10
11
6
7
9
1
2
7
1
-7
-3
-7
-3
0
1
2
3
4
0
4
2
-1
1
-8
-8
-12
-15
-9
-5
-5
-2
-3
-1
0
-2
-1
0
2
-5
-7
-4
-3
-3
1
3
3
4
0
-1
0
1
1
4
6
4
5
3
4
6
0
-2
-2
1
-3
3
2
-3
-3
-4
-4
-6
-6
-12
-13
-6
-8
-4
-4
1
7
1
-4
0
-1
-4
0
2
-1
-2
4
6
10
8
8
4
3
4
1
4
5
4
2
-1
-2
1
4
3
4
0
-3
0
4
-1
1
5
10
5
-1
0
0
6
0
-6
-6
-7
-6
-5
-5
-8
-7
-5
-3
-1
-2
-4
-6
-4
-6
-5
-4
0
3
1
5
4
6
3
2
1
0
1
4
4
5
9
7
5
1
-1
0
-2
0
-1
1
5
5
6
9
3
1
3
2
-6
-7
1
-1
0
2
-1
-9
-8
-1
-6
-2
-3
-5
-7
-9
-2
-5
-1
0
-1
1
0
5
7
1
-1
-3
-6
-5
-11
-12
-6
-2
-3
2
-2
-1
1
-4
5
5
6
9
5
-1
0
5
6
-1
-2
2
7
4
9
14
9
11
9
7
5
3
3
-1
-6
0
3
-4
-4
-7
-9
-8
-10
-9
-6
-6
-1
-3
-1
1
-3
-2
-1
-1
-1
-7
-9
-8
-9
-6
-1
4
5
5
4
9
15
14
11
5
-1
-1
-4
-1
4
3
7
5
9
12
9
10
7
0
-3
-7
-12
-10
-9
-11
-6
-3
-2
3
8
7
4
6
2
-1
-1
-4
-9
-9
-6
-6
-6
-5
-4
0
3
7
6
4
3
2
1
-5
-4
-2
-4
-6
-4
-5
-3
-4
-3
0
-2
-6
-3
0
2
2
-4
-2
0
-6
-5
-3
-8
-2
0
4
4
5
7
5
6
10
8
7
7
7
7
5
8
4
6
3
-2
2
2
3
4
10
11
9
8
-2
-2
-3
-4
-8
-8
-4
-6
-2
-9
-7
2
-3
-2
-1
-6
-4
-4
-7
-5
-7
-5
0
-8
-3
4
-2
-9
-5
-6
-7
-4
-7
-8
-7
-1
3
-1
2
1
2
5
1
5
7
-1
-4
-3
-4
0
2
3
1
4
5
10
8
8
8
0
9
9
7
9
5
10
9
3
11
14
6
9
11
9
10
7
5
5
2
4
-1
-6
-4
-6
-5
-15
-14
-8
-10
-7
-8
-10
-8
-11
-9
-5
-8
-5
-1
-4
-3
-2
0
-3
-5
-2
-7
-12
-11
-8
-2
3
-1
-3
-6
-7
-5
-6
-9
-5
-5
-8
-4
0
5
4
2
5
2
-3
-9
-8
-6
1
3
12
6
6
14
10
9
6
6
8
7
8
11
11
9
12
11
12
17
17
15
13
16
15
9
10
4
0
0
-4
-7
-7
-2
-6
-6
-9
-5
-4
-7
-4
-5
-3
-4
-7
-7
-10
-9
-8
-11
-8
-4
-3
-10
-12
-6
-3
1
1
0
0
-3
-8
-3
-5
-8
-3
-9
-2
-3
-2
6
-1
0
-4
-7
4
0
-1
0
1
2
3
6
5
5
4
1
-2
-1
1
4
2
4
4
3
6
7
6
3
3
6
4
-5
-5
1
3
1
2
2
2
-1
3
4
-5
2
-3
-8
-2
0
1
-5
-5
-3
1
1
2
6
8
6
9
15
12
10
7
3
-1
-1
-5
-5
-3
-4
-3
3
5
10
8
1
3
1
-6
-6
-10
-5
-3
-5
-1
-3
-1
-1
-3
-8
-7
0
-8
-2
0
-2
0
-3
0
-3
-7
-4
-2
1
4
2
1
6
8
1
1
0
-5
-1
-3
-3
-3
-3
0
0
-2
1
-2
-7
-4
-5
-3
2
-2
-2
-3
-3
-4
-3
-1
0
-3
-1
1
7
11
8
13
8
6
8
3
1
-5
-3
-2
-6
1
3
6
7
2
2
0
5
4
6
5
2
0
0
-1
2
1
2
10
4
1
0
2
9
6
5
9
6
4
0
0
3
-6
-6
-3
-6
-7
-10
-7
-6
-6
-6
-5
-1
-3
-6
-5
-7
-10
-7
-13
-14
-11
-13
-10
-10
-10
-6
-3
-4
-1
0
1
0
6
5
2
5
3
5
4
6
6
2
3
3
3
0
-1
7
9
3
6
1
4
4
5
8
5
7
6
3
10
4
1
3
0
7
5
1
3
8
7
2
5
2
-5
-1
1
1
1
0
1
6
11
7
5
2
-2
-1
-8
-9
-9
-11
-10
-11
-9
-12
-7
-4
-11
-10
-7
-8
-9
-5
-5
-3
-4
-6
-5
-7
-11
-11
-7
-9
-2
6
5
10
11
15
12
11
10
6
6
1
2
7
3
1
3
-4
-3
-1
-5
2
8
8
0
2
1
3
3
-4
-1
-6
-9
-7
-6
-7
-6
-1
3
3
4
8
7
3
6
5
5
4
8
8
5
11
5
-3
-1
-5
-3
4
1
6
10
4
-1
-3
-5
-12
-3
-3
-4
4
-2
-5
5
3
-1
5
1
0
1
-2
0
2
2
1
-4
-7
-4
-5
-7
-7
-8
-10
-8
-10
-11
-8
-7
-8
-5
-9
-9
-6
-7
-1
-1
3
5
3
6
14
9
3
3
0
1
-5
-6
-5
-10
-8
-1
-4
-4
0
1
4
2
2
4
1
5
3
0
1
8
9
14
19
18
20
20
19
21
12
10
13
12
11
10
9
7
5
-2
-6
-5
-7
-12
-9
-8
-9
-10
-4
-5
-10
-7
-8
-6
-9
-11
-11
-12
-8
-9
-1
5
3
5
4
6
4
7
8
4
2
2
2
-4
-10
-9
-13
-17
-15
-14
-14
-11
-12
-14
-13
-13
-12
-12
-4
-12
-17
-5
-14
-14
-2
-1
1
3
9
9
3
22
23
8
20
19
14
20
20
19
10
13
15
3
8
12
5
6
3
0
1
0
-6
-10
-2
-4
-6
-6
-4
-4
-7
7
12
5
3
11
5
2
8
6
7
7
2
3
6
-7
-10
2
13
11
7
8
-3
0
5
-4
-7
-8
-12
-6
-4
-9
-5
1
-2
-4
-6
-8
-12
-14
-14
-7
-8
-10
-6
-1
5
3
3
11
16
15
16
16
12
11
4
2
2
-7
-5
-6
-12
-18
-19
-19
-24
-28
-29
-33
-29
-20
-16
-14
-7
-9
-8
-8
-6
3
0
-4
1
-2
-2
8
12
9
16
21
12
13
11
7
6
9
7
3
3
3
-2
-3
-1
-2
-1
0
3
6
10
16
18
22
22
20
22
24
22
18
18
18
15
20
19
22
23
19
17
14
16
14
12
12
13
3
-1
-2
-10
-15
-14
-14
-16
-23
-19
-16
-16
-11
-16
-16
-12
-12
-18
-16
-15
-21
-22
-16
-11
-10
-11
-7
-9
-7
-8
-7
-7
-5
-3
-8
-9
-15
-16
-20
-22
-22
-35
-29
-22
-26
-25
-26
-23
-15
-12
-13
-7
-5
-7
-3
-3
5
7
1
4
9
12
9
12
17
20
24
18
17
16
15
19
17
14
15
20
21
24
27
30
35
36
34
34
35
37
37
33
32
33
28
28
30
25
21
14
12
17
15
13
13
3
-5
-9
-11
-19
-25
-18
-26
-27
-27
-29
-31
-26
-25
-32
-33
-35
-30
-31
-34
-30
-34
-38
-32
-27
-28
-24
-20
-22
-24
-20
-18
-15
-4
1
-1
-2
8
7
5
13
10
11
15
14
9
12
15
8
10
11
12
10
8
11
5
-2
3
2
-6
-9
-13
-9
-18
-28
-23
-32
-32
-28
-33
-28
-29
-27
-27
-19
-5
4
16
23
35
41
47
56
58
72
79
72
75
77
75
68
65
62
53
45
37
28
19
7
-6
-15
-26
-38
-44
-48
-54
-60
-61
-61
-61
-57
-55
-48
-38
-36
-26
-28
-21
-5
-3
3
10
11
14
13
16
19
11
12
15
7
8
5
4
0
-11
-14
-12
-18
-26
-29
-29
-33
-34
-33
-35
-25
-21
-25
-14
-4
-5
3
16
20
27
36
40
47
53
50
53
56
53
56
50
48
46
39
36
30
24
13
3
-9
-22
-40
-56
-65
-75
-77
-83
-85
-86
-86
-78
-81
-73
-58
-46
-36
-23
-7
7
17
27
40
54
64
68
68
83
119
126
128
133
128
148
153
128
114
93
75
57
25
-12
-44
-79
-125
-156
-188
-219
-232
-274
-292
-281
-277
-258
-253
-248
-212
-174
-134
-90
-62
-29
16
57
90
128
164
195
219
240
272
298
291
286
275
256
246
213
173
128
79
45
1
-47
-80
-101
-124
-149
-151
-153
-148
-131
-118
-94
-72
-44
-15
17
51
76
109
139
175
216
246
270
287
303
321
328
321
306
276
236
186
127
71
-1
-77
-158
-242
-322
-403
-483
-561
-634
-696
-747
-785
-813
-834
-832
-815
-782
-735
-673
-586
-495
-393
-277
-157
-29
90
214
338
446
552
643
719
787
842
888
911
922
910
878
836
779
704
610
511
394
269
142
10
-114
-234
-343
-437
-519
-579
-622
-648
-651
-640
-609
-568
-519
-455
-381
-295
-205
-112
-8
90
182
277
361
443
505
548
579
592
588
570
539
490
424
360
290
205
117
34
-53
-145
-217
-284
-343
-388
-434
-453
-452
-449
-429
-411
-386
-332
-273
-209
-145
-70
7
80
157
220
300
364
407
452
468
488
498
477
447
399
334
266
178
60
-63
-201
-353
-510
-673
-831
-981
-1145
-1311
-1415
-1496
-1552
-1582
-1607
-1551
-1457
-1342
-1183
-1018
-818
-590
-348
-99
148
403
652
891
1112
1316
1530
1697
1832
1946
2020
2111
2161
2144
2110
2031
1953
1864
1699
1501
1275
1022
751
478
194
-93
-365
-626
-863
-1084
-1275
-1428
-1542
-1605
-1645
-1640
-1603
-1535
-1423
-1303
-1163
-1005
-839
-655
-473
-291
-102
79
247
406
549
665
762
832
866
877
854
813
746
644
535
419
300
172
42
-76
-180
-274
-348
-395
-424
-432
-419
-393
-356
-300
-233
-166
-95
-21
49
115
182
237
286
330
359
377
383
383
380
358
334
302
258
224
173
123
74
16
-43
-118
-185
-258
-345
-435
-536
-632
-734
-838
-928
-1010
-1075
-1124
-1154
-1152
-1118
-1061
-971
-843
-703
-551
-383
-200
-10
178
355
531
717
878
1013
1142
1268
1371
1444
1503
1547
1560
1549
1504
1439
1366
1240
1077
907
716
504
263
25
-189
-414
-652
-859
-1028
-1173
-1308
-1416
-1462
-1475
-1491
-1478
-1403
-1294
-1201
-1109
-960
-766
-594
-433
-237
-4
205
375
547
730
882
978
1043
1113
1146
1113
1045
981
902
776
636
508
394
269
135
39
-29
-112
-198
-246
-257
-265
-294
-312
-278
-241
-242
-221
-155
-93
-63
-21
60
136
182
226
301
371
398
422
461
512
512
473
487
498
448
373
313
262
155
-16
-162
-280
-458
-706
-927
-1095
-1294
-1523
-1737
-1860
-1950
-2072
-2113
-2082
-2025
-1959
-1844
-1626
-1394
-1213
-996
-707
-402
-146
89
377
679
927
1125
1382
1672
1872
2017
2176
2357
2488
2511
2527
2544
2462
2315
2143
1954
1683
1297
927
612
236
-232
-652
-950
-1261
-1638
-1933
-2069
-2159
-2304
-2379
-2276
-2115
-2006
-1866
-1591
-1229
-941
-692
-341
81
427
669
953
1309
1589
1715
1817
1986
2106
2068
1941
1880
1841
1651
1361
1142
993
761
442
186
42
-114
-344
-533
-599
-644
-744
-823
-813
-756
-742
-739
-678
-571
-485
-450
-391
-273
-189
-181
-159
-78
-10
-21
-36
24
81
60
31
80
133
84
9
-2
-18
-144
-331
-467
-591
-818
-1103
-1319
-1494
-1727
-1978
-2142
-2230
-2328
-2419
-2408
-2298
-2184
-2051
-1838
-1541
-1233
-948
-619
-236
144
476
810
1183
1538
1835
2093
2371
2643
2845
2980
3112
3243
3291
3241
3170
3096
2952
2696
2405
2137
1806
1380
945
563
170
-294
-737
-1087
-1399
-1736
-2036
-2218
-2318
-2437
-2525
-2484
-2364
-2244
-2122
-1900
-1591
-1306
-1048
-727
-339
22
318
609
946
1248
1440
1582
1742
1870
1884
1820
1759
1691
1531
1301
1086
901
673
392
149
-39
-230
-444
-623
-738
-837
-947
-1027
-1059
-1067
-1082
-1082
-1042
-983
-932
-875
-785
-689
-600
-515
-418
-308
-205
-120
-17
105
226
325
421
536
636
679
692
719
708
608
465
323
151
-105
-394
-651
-906
-1196
-1494
-1709
-1871
-2043
-2191
-2244
-2215
-2173
-2112
-1967
-1747
-1508
-1274
-996
-651
-301
26
365
748
1124
1462
1775
2081
2383
2639
2830
2979
3106
3188
3196
3128
3041
2929
2739
2474
2199
1946
1636
1243
853
513
164
-265
-694
-1034
-1334
-1684
-2042
-2270
-2404
-2554
-2703
-2731
-2621
-2499
-2402
-2211
-1880
-1543
-1260
-950
-545
-130
172
438
759
1079
1285
1404
1552
1702
1744
1689
1654
1640
1555
1377
1209
1087
935
708
475
306
149
-63
-276
-424
-537
-665
-803
-873
-892
-919
-941
-931
-879
-826
-786
-733
-656
-588
-540
-478
-405
-355
-306
-239
-148
-63
-8
93
235
345
409
480
590
656
621
545
497
427
238
-25
-232
-399
-664
-1002
-1258
-1403
-1574
-1806
-1953
-1948
-1921
-1949
-1925
-1750
-1526
-1369
-1208
-940
-604
-330
-112
180
544
857
1083
1327
1667
1969
2153
2310
2542
2753
2823
2812
2844
2891
2799
2590
2426
2304
2077
1727
1400
1155
845
406
-9
-328
-674
-1114
-1518
-1800
-2065
-2377
-2620
-2717
-2764
-2816
-2782
-2609
-2383
-2147
-1849
-1468
-1063
-678
-289
110
505
860
1151
1416
1672
1869
1993
2067
2125
2164
2116
2001
1905
1794
1598
1346
1117
910
631
299
29
-198
-466
-746
-953
-1097
-1257
-1408
-1474
-1468
-1485
-1489
-1418
-1328
-1258
-1196
-1097
-968
-867
-785
-674
-526
-380
-249
-108
69
267
436
581
728
874
983
1007
958
905
816
607
309
17
-257
-600
-1020
-1376
-1619
-1870
-2167
-2366
-2402
-2391
-2404
-2365
-2169
-1890
-1660
-1433
-1097
-690
-323
-19
308
721
1120
1411
1683
2016
2364
2624
2782
2966
3197
3338
3334
3310
3336
3295
3112
2871
2692
2497
2176
1797
1460
1138
739
272
-163
-552
-970
-1414
-1839
-2191
-2473
-2759
-2999
-3124
-3154
-3143
-3091
-2921
-2650
-2356
-2039
-1664
-1226
-799
-408
-1
416
780
1082
1357
1603
1794
1911
1977
2011
1985
1905
1786
1627
1448
1255
1020
756
505
264
0
-275
-508
-702
-906
-1111
-1248
-1330
-1402
-1468
-1467
-1393
-1313
-1237
-1107
-918
-741
-587
-413
-205
-15
129
278
442
590
703
807
927
1018
1067
1102
1117
1082
994
870
708
475
187
-117
-460
-826
-1210
-1589
-1930
-2250
-2507
-2693
-2814
-2840
-2780
-2658
-2458
-2166
-1802
-1423
-1051
-636
-187
205
538
893
1246
1547
1778
2019
2299
2523
2705
2888
3077
3242
3334
3374
3391
3347
3222
3014
2733
2401
2028
1587
1083
577
97
-381
-885
-1339
-1689
-2000
-2316
-2575
-2721
-2791
-2876
-2949
-2886
-2739
-2612
-2466
-2213
-1858
-1517
-1198
-789
-308
138
547
943
1335
1693
1933
2107
2235
2291
2288
2186
2022
1881
1703
1441
1167
922
704
423
86
-158
-367
-631
-898
-1109
-1232
-1355
-1514
-1576
-1541
-1502
-1454
-1383
-1224
-1029
-886
-728
-547
-334
-139
-28
113
312
461
563
660
817
992
1034
1064
1175
1223
1159
1023
897
760
470
105
-206
-542
-947
-1373
-1738
-2008
-2281
-2560
-2719
-2744
-2727
-2692
-2603
-2381
-2077
-1828
-1571
-1220
-829
-472
-173
168
592
957
1237
1545
1913
2267
2507
2706
2968
3194
3291
3316
3344
3349
3222
2997
2787
2564
2262
1900
1545
1223
870
466
77
-277
-636
-1025
-1405
-1734
-2045
-2345
-2596
-2787
-2917
-2988
-2982
-2881
-2706
-2469
-2165
-1801
-1382
-943
-496
-41
384
773
1135
1448
1692
1849
1954
2055
2110
2070
1973
1884
1813
1682
1485
1294
1107
889
635
375
128
-136
-437
-692
-863
-1041
-1251
-1396
-1425
-1408
-1429
-1440
-1335
-1180
-1089
-1018
-858
-638
-488
-389
-232
-6
189
313
471
689
844
909
995
1094
1126
1039
865
738
552
253
-72
-461
-839
-1186
-1580
-1939
-2291
-2612
-2761
-2859
-2965
-2981
-2927
-2731
-2441
-2192
-1866
-1493
-1138
-696
-260
164
560
816
1169
1631
1967
2216
2376
2609
3016
3275
3355
3449
3576
3721
3727
3582
3494
3315
2907
2524
2264
1952
1373
634
220
45
-424
-1100
-1611
-1848
-2040
-2444
-2759
-2856
-3038
-3192
-3127
-2902
-2716
-2745
-2555
-1960
-1427
-1104
-877
-450
195
621
905
1213
1458
1704
1872
2077
2280
2164
2005
2036
2133
2101
1704
1331
1259
1125
844
419
18
-209
-522
-790
-958
-1239
-1508
-1678
-1634
-1481
-1593
-1717
-1587
-1302
-1053
-1076
-1081
-822
-576
-416
-364
-292
-67
112
318
576
742
892
1029
1240
1488
1431
1174
949
811
675
219
-407
-882
-1224
-1469
-1770
-2153
-2443
-2612
-2602
-2454
-2419
-2500
-2510
-2304
-1902
-1610
-1526
-1419
-1114
-602
-88
230
449
756
1263
1867
2269
2432
2570
2865
3269
3497
3453
3340
3297
3349
3362
3164
2829
2527
2312
2162
1892
1433
943
533
265
-44
-551
-1131
-1603
-1861
-2061
-2417
-2810
-3042
-3050
-2920
-2832
-2769
-2623
-2336
-1885
-1412
-1039
-749
-416
54
547
861
1003
1174
1447
1720
1848
1820
1779
1810
1868
1836
1642
1389
1222
1127
975
674
305
6
-176
-296
-503
-822
-1114
-1235
-1182
-1164
-1304
-1483
-1518
-1336
-1104
-1031
-1101
-1127
-941
-605
-378
-353
-370
-230
106
437
587
590
634
833
1078
1191
1069
805
627
602
512
129
-447
-871
-1014
-1162
-1552
-2030
-2279
-2271
-2254
-2321
-2374
-2353
-2235
-2006
-1675
-1375
-1263
-1131
-684
-50
381
506
684
1204
1844
2213
2324
2470
2775
3103
3297
3348
3284
3157
3101
3164
3127
2785
2317
2067
2050
1882
1360
791
483
356
77
-436
-954
-1311
-1559
-1817
-2147
-2545
-2903
-3077
-3066
-3042
-3147
-3250
-3088
-2646
-2181
-1897
-1691
-1311
-695
-62
334
513
727
1126
1575
1822
1783
1649
1687
1895
2023
1847
1483
1285
1361
1459
1266
827
491
456
531
401
10
-374
-507
-421
-371
-562
-879
-1041
-891
-623
-586
-804
-940
-713
-312
-125
-201
-232
-20
319
577
683
671
638
721
930
1056
857
461
256
332
325
-67
-636
-974
-1028
-1126
-1447
-1870
-2192
-2293
-2260
-2238
-2343
-2525
-2549
-2267
-1857
-1649
-1651
-1553
-1102
-471
-43
102
239
645
1228
1668
1847
1916
2087
2386
2654
2765
2701
2568
2538
2616
2611
2402
2073
1820
1714
1574
1257
819
431
165
-100
-484
-936
-1311
-1575
-1807
-2083
-2352
-2500
-2518
-2489
-2468
-2404
-2240
-1970
-1617
-1264
-967
-694
-310
208
674
933
1069
1334
1753
2081
2146
2056
2050
2197
2334
2273
2012
1719
1594
1598
1496
1155
706
414
341
274
-8
-427
-731
-802
-771
-849
-1070
-1288
-1314
-1136
-957
-971
-1128
-1143
-884
-552
-436
-539
-577
-333
71
305
265
177
292
592
817
778
528
289
236
316
225
-227
-824
-1166
-1169
-1213
-1630
-2229
-2560
-2491
-2314
-2369
-2611
-2740
-2574
-2168
-1792
-1636
-1637
-1485
-979
-343
37
102
216
700
1379
1833
1947
2008
2287
2733
3084
3144
2980
2853
2915
3053
2959
2550
2113
1942
1948
1796
1367
881
602
509
366
-12
-554
-1021
-1255
-1368
-1636
-2126
-2570
-2684
-2518
-2398
-2482
-2587
-2403
-1897
-1350
-1024
-862
-609
-113
500
933
1083
1123
1325
1741
2097
2138
1944
1823
1970
2202
2180
1863
1504
1358
1395
1341
1011
505
109
-22
-33
-217
-635
-1040
-1198
-1126
-1068
-1179
-1392
-1509
-1382
-1114
-936
-965
-1040
-930
-624
-329
-208
-197
-132
73
384
646
708
618
595
752
907
799
453
110
-65
-175
-421
-843
-1335
-1715
-1875
-1938
-2117
-2458
-2745
-2732
-2467
-2271
-2285
-2316
-2092
-1614
-1162
-914
-749
-469
-28
453
833
1083
1287
1569
1969
2362
2595
2667
2724
2895
3082
3097
2912
2678
2522
2391
2148
1797
1444
1134
852
585
328
30
-333
-648
-821
-972
-1287
-1706
-1978
-2033
-2087
-2289
-2502
-2516
-2330
-2083
-1850
-1620
-1350
-982
-447
124
525
735
965
1385
1818
2015
1952
1874
1971
2123
2128
1957
1761
1643
1576
1520
1424
1191
823
540
477
416
76
-447
-763
-789
-842
-1113
-1425
-1575
-1556
-1449
-1342
-1294
-1311
-1238
-919
-527
-351
-404
-368
-65
289
401
308
285
449
649
723
684
587
484
447
463
388
61
-410
-718
-818
-992
-1438
-1966
-2251
-2293
-2351
-2504
-2625
-2628
-2521
-2310
-2007
-1725
-1566
-1403
-1032
-510
-106
65
231
611
1082
1447
1643
1826
2122
2436
2674
2834
2944
2992
2983
2982
2960
2745
2392
2124
1946
1656
1159
711
460
180
-221
-603
-900
-1185
-1525
-1762
-1886
-2138
-2460
-2594
-2500
-2395
-2473
-2475
-2167
-1760
-1393
-1087
-708
-188
252
652
1084
1444
1725
1885
2070
2349
2450
2368
2286
2314
2398
2258
1972
1800
1686
1502
1188
859
605
298
-77
-378
-611
-885
-1207
-1422
-1468
-1519
-1650
-1707
-1596
-1430
-1328
-1238
-1089
-894
-740
-602
-431
-316
-219
-111
27
235
342
409
535
631
781
832
735
631
452
306
100
-315
-717
-1094
-1419
-1674
-2030
-2301
-2472
-2614
-2561
-2477
-2382
-2255
-2167
-1838
-1414
-1168
-948
-720
-314
180
445
716
1040
1365
1752
2023
2284
2544
2647
2797
2958
3010
2986
2804
2668
2594
2358
2067
1688
1318
1045
680
314
-87
-521
-814
-1093
-1359
-1608
-1902
-2061
-2136
-2213
-2220
-2257
-2233
-2103
-1984
-1752
-1498
-1301
-1025
-712
-317
121
418
731
1060
1379
1756
1971
2107
2223
2248
2374
2408
2299
2181
1935
1799
1701
1464
1207
815
517
390
121
-148
-499
-821
-894
-1064
-1214
-1358
-1569
-1537
-1514
-1476
-1353
-1387
-1279
-1066
-848
-546
-439
-331
-40
196
428
546
590
746
785
779
799
681
517
312
134
18
-281
-652
-922
-1149
-1353
-1657
-1974
-2160
-2301
-2367
-2413
-2470
-2403
-2285
-2078
-1770
-1508
-1226
-948
-606
-102
287
532
800
1119
1529
1820
1986
2243
2396
2505
2714
2859
2929
2790
2628
2660
2563
2302
1997
1643
1325
973
650
368
-87
-566
-901
-1102
-1346
-1728
-2046
-2278
-2428
-2496
-2554
-2552
-2593
-2579
-2310
-1979
-1639
-1361
-1148
-695
-134
349
736
977
1315
1737
2059
2306
2401
2424
2460
2502
2585
2514
2225
1970
1895
1898
1677
1251
930
775
629
329
-42
-348
-647
-881
-1017
-1201
-1438
-1682
-1749
-1606
-1587
-1657
-1648
-1503
-1200
-1012
-923
-749
-554
-267
-9
115
269
378
504
717
777
760
678
578
611
504
240
-55
-347
-501
-751
-1136
-1434
-1710
-1879
-1997
-2164
-2245
-2352
-2361
-2131
-1965
-1844
-1728
-1511
-1063
-739
-478
-145
142
540
904
1247
1611
1764
1959
2292
2577
2749
2682
2647
2833
2896
2791
2560
2349
2272
2029
1720
1447
1080
682
269
-29
-301
-800
-1300
-1548
-1712
-1966
-2353
-2608
-2564
-2566
-2633
-2654
-2582
-2324
-2079
-1840
-1518
-1250
-916
-479
-40
387
639
856
1273
1698
2014
2107
2093
2285
2505
2589
2532
2343
2213
2138
2049
1954
1649
1241
969
816
727
407
-98
-415
-567
-649
-833
-1173
-1424
-1533
-1520
-1438
-1477
-1596
-1629
-1491
-1171
-940
-917
-884
-670
-261
65
137
187
338
535
684
721
670
510
314
252
214
-35
-491
-857
-945
-1028
-1343
-1705
-1870
-1887
-1938
-2004
-1992
-1944
-1920
-1793
-1510
-1241
-1118
-1021
-679
-202
153
352
560
957
1408
1734
1945
2135
2356
2561
2700
2782
2761
2658
2537
2445
2344
2114
1760
1448
1232
1042
753
345
-4
-243
-454
-746
-1125
-1445
-1658
-1885
-2147
-2371
-2506
-2617
-2712
-2684
-2538
-2374
-2233
-1996
-1596
-1169
-827
-492
-78
380
765
1054
1335
1610
1830
1996
2114
2208
2258
2245
2236
2224
2170
2052
1914
1795
1662
1473
1243
1009
775
507
232
-31
-284
-532
-775
-966
-1119
-1260
-1363
-1421
-1435
-1421
-1374
-1272
-1141
-1015
-882
-707
-493
-284
-110
23
166
321
466
535
526
483
448
404
283
100
-114
-347
-582
-794
-999
-1251
-1546
-1760
-1834
-1872
-1976
-2100
-2091
-1939
-1767
-1619
-1471
-1272
-1007
-707
-372
-53
200
433
751
1168
1515
1684
1825
2090
2423
2624
2643
2631
2673
2698
2644
2515
2296
1990
1680
1438
1207
834
323
-122
-387
-614
-972
-1417
-1755
-1935
-2072
-2241
-2435
-2584
-2647
-2612
-2486
-2359
-2289
-2174
-1889
-1464
-1067
-772
-462
-49
434
887
1242
1517
1763
2023
2285
2490
2559
2509
2475
2506
2502
2374
2151
1941
1788
1633
1416
1143
875
615
368
139
-103
-373
-640
-838
-971
-1100
-1254
-1372
-1411
-1403
-1383
-1360
-1281
-1151
-1037
-923
-747
-522
-336
-214
-62
146
311
368
391
442
442
326
181
55
-126
-413
-721
-932
-1113
-1387
-1701
-1900
-1954
-2008
-2123
-2181
-2129
-2019
-1898
-1741
-1531
-1349
-1183
-926
-572
-241
-16
201
539
967
1340
1608
1850
2133
2459
2755
2942
3010
3020
3048
3082
3016
2785
2472
2179
1925
1663
1324
895
445
85
-171
-444
-838
-1275
-1577
-1737
-1906
-2180
-2438
-2578
-2629
-2635
-2609
-2540
-2447
-2319
-2052
-1672
-1328
-1061
-785
-360
132
509
764
1015
1328
1640
1857
1999
2130
2207
2256
2314
2373
2354
2197
2032
1960
1886
1667
1332
1028
807
566
257
-62
-354
-622
-852
-1006
-1108
-1264
-1439
-1496
-1420
-1333
-1334
-1343
-1256
-1088
-921
-778
-635
-468
-305
-133
85
268
353
364
406
494
506
355
145
-9
-137
-335
-614
-894
-1132
-1344
-1508
-1630
-1758
-1900
-1989
-1933
-1760
-1634
-1607
-1534
-1280
-914
-623
-446
-251
58
434
773
1041
1280
1499
1733
2010
2292
2468
2490
2486
2590
2740
2737
2527
2266
2124
2052
1842
1463
1052
710
426
107
-257
-658
-1078
-1444
-1682
-1842
-2081
-2410
-2629
-2605
-2478
-2456
-2525
-2460
-2194
-1871
-1619
-1412
-1141
-789
-422
-64
279
568
830
1115
1437
1725
1877
1958
2114
2309
2395
2331
2240
2228
2176
1999
1771
1584
1405
1124
826
602
397
130
-188
-409
-538
-692
-895
-1049
-1101
-1150
-1246
-1264
-1174
-1107
-1151
-1170
-1005
-787
-711
-719
-635
-423
-250
-167
-57
69
139
171
262
379
308
96
-18
-12
-108
-437
-773
-924
-1030
-1227
-1466
-1617
-1686
-1759
-1738
-1603
-1499
-1482
-1422
-1133
-755
-576
-542
-401
-34
350
529
620
804
1096
1396
1632
1841
1993
2075
2213
2424
2598
2531
2296
2200
2234
2198
1853
1378
1116
991
778
370
-59
-338
-564
-798
-992
-1237
-1549
-1853
-1951
-1867
-1977
-2281
-2463
-2315
-2005
-1917
-1981
-1892
-1575
-1142
-796
-551
-316
-61
314
788
1142
1255
1283
1478
1841
2094
2061
1909
1897
2049
2133
2015
1777
1571
1460
1395
1269
986
614
331
222
139
-98
-471
-759
-842
-848
-946
-1152
-1317
-1353
-1280
-1196
-1179
-1200
-1164
-1008
-791
-638
-568
-488
-314
-78
99
166
170
211
310
370
327
182
15
-90
-164
-316
-556
-809
-977
-1064
-1166
-1296
-1419
-1488
-1471
-1388
-1297
-1238
-1195
-1053
-811
-572
-402
-279
-47
266
525
736
935
1163
1392
1575
1772
1953
2046
2085
2127
2206
2234
2130
1992
1885
1781
1613
1349
1084
861
610
307
-12
-314
-596
-891
-1175
-1411
-1631
-1853
-2045
-2146
-2187
-2245
-2273
-2214
-2083
-1937
-1786
-1570
-1292
-1015
-743
-425
-81
229
510
812
1125
1384
1554
1728
1922
2041
2085
2119
2142
2094
1962
1818
1720
1574
1331
1054
824
637
410
146
-79
-244
-406
-576
-730
-809
-872
-970
-1038
-1038
-1004
-1007
-1030
-995
-896
-813
-773
-723
-614
-484
-379
-271
-139
-23
56
132
226
293
272
201
142
99
19
-162
-363
-503
-642
-792
-953
-1105
-1190
-1271
-1322
-1305
-1303
-1247
-1175
-1083
-884
-736
-605
-429
-239
35
258
407
612
815
1055
1276
1375
1518
1662
1751
1835
1853
1852
1842
1755
1674
1585
1424
1254
1048
861
706
479
214
-20
-211
-389
-632
-890
-1061
-1218
-1413
-1589
-1709
-1771
-1842
-1922
-1911
-1821
-1724
-1609
-1432
-1173
-913
-672
-375
-25
306
570
813
1095
1361
1515
1621
1747
1862
1900
1846
1798
1788
1723
1586
1431
1291
1157
954
741
574
388
163
-73
-261
-406
-575
-767
-917
-1001
-1059
-1146
-1206
-1203
-1157
-1102
-1063
-989
-873
-757
-630
-502
-379
-273
-182
-59
79
159
169
162
197
251
243
182
107
20
-60
-169
-297
-414
-575
-739
-870
-995
-1088
-1204
-1289
-1272
-1247
-1205
-1155
-1054
-856
-668
-494
-303
-93
153
388
591
814
1026
1194
1362
1535
1695
1804
1852
1898
1968
2006
1996
1927
1830
1738
1593
1426
1246
1018
758
425
89
-189
-488
-784
-1088
-1377
-1623
-1888
-2060
-2137
-2187
-2210
-2227
-2186
-2070
-1923
-1737
-1494
-1236
-965
-685
-388
-55
270
590
906
1215
1508
1746
1926
2067
2167
2250
2286
2263
2197
2051
1860
1657
1444
1224
970
695
435
164
-111
-340
-525
-663
-797
-946
-1059
-1151
-1208
-1217
-1207
-1197
-1203
-1211
-1173
-1096
-1000
-895
-795
-649
-482
-323
-159
-3
161
318
432
514
563
553
505
428
334
213
49
-130
-323
-512
-688
-861
-1024
-1151
-1245
-1326
-1391
-1439
-1427
-1351
-1268
-1174
-1044
-882
-681
-475
-239
28
273
504
720
952
1173
1350
1499
1633
1764
1849
1865
1852
1838
1815
1755
1653
1526
1385
1196
1000
845
699
514
275
30
-185
-393
-609
-822
-1017
-1229
-1466
-1689
-1827
-1871
-1907
-1954
-1979
-1948
-1830
-1627
-1362
-1086
-822
-551
-226
167
556
865
1089
1302
1562
1787
1905
1939
1925
1912
1884
1812
1736
1629
1492
1322
1131
951
783
638
489
286
12
-289
-502
-588
-659
-825
-1096
-1322
-1349
-1239
-1129
-1125
-1180
-1187
-1091
-905
-714
-616
-616
-598
-504
-349
-229
-166
-78
44
165
240
298
412
541
585
500
355
263
223
133
-86
-404
-718
-929
-1032
-1077
-1175
-1402
-1633
-1687
-1513
-1246
-1083
-1055
-1032
-912
-672
-342
1
270
379
403
527
810
1163
1432
1564
1602
1608
1670
1829
2026
2142
2068
1871
1708
1622
1579
1493
1314
1051
721
408
185
31
-153
-415
-746
-1089
-1362
-1547
-1627
-1657
-1762
-1941
-2082
-2056
-1843
-1581
-1375
-1221
-1059
-822
-483
-106
249
534
770
1017
1279
1502
1646
1749
1862
1944
1939
1865
1759
1664
1550
1370
1146
918
725
547
318
9
-302
-512
-587
-626
-757
-1007
-1232
-1296
-1213
-1095
-1077
-1156
-1217
-1185
-1070
-960
-899
-864
-808
-688
-564
-474
-396
-276
-98
78
202
292
398
547
652
675
627
540
511
501
413
198
-109
-356
-466
-538
-661
-880
-1123
-1251
-1277
-1266
-1256
-1262
-1222
-1126
-1006
-858
-719
-565
-350
-120
82
242
382
563
794
1009
1169
1257
1343
1489
1632
1720
1722
1691
1714
1757
1751
1658
1509
1362
1218
1065
933
782
553
261
-49
-303
-537
-809
-1048
-1232
-1419
-1648
-1861
-1963
-1928
-1849
-1773
-1655
-1516
-1351
-1130
-841
-484
-173
62
310
571
794
966
1111
1259
1394
1434
1409
1413
1405
1353
1238
1115
1042
937
804
656
496
325
126
-32
-134
-241
-385
-561
-694
-788
-872
-891
-875
-853
-860
-924
-911
-809
-683
-576
-530
-476
-432
-362
-216
-47
101
163
189
275
406
536
642
697
699
624
497
403
352
289
131
-128
-424
-687
-876
-998
-1079
-1194
-1383
-1567
-1666
-1630
-1484
-1317
-1180
-1096
-1037
-929
-732
-430
-81
208
377
435
497
670
946
1242
1453
1529
1497
1418
1401
1541
1769
1900
1828
1597
1380
1290
1317
1385
1343
1105
727
371
149
16
-135
-370
-697
-1057
-1372
-1564
-1628
-1648
-1689
-1721
-1677
-1545
-1359
-1159
-953
-740
-493
-184
150
427
571
614
687
906
1224
1502
1595
1475
1270
1146
1208
1389
1488
1335
939
497
215
142
183
173
-25
-404
-795
-1012
-982
-824
-726
-763
-921
-1098
-1171
-1071
-882
-743
-724
-792
-839
-797
-683
-549
-418
-304
-182
-49
112
282
408
524
647
802
942
978
930
817
676
555
445
336
187
-60
-383
-697
-923
-1031
-1089
-1180
-1328
-1533
-1708
-1738
-1608
-1396
-1253
-1206
-1176
-1098
-911
-616
-300
-10
200
312
422
582
820
1110
1338
1460
1490
1461
1490
1617
1762
1882
1887
1802
1717
1619
1552
1507
1414
1282
1068
789
504
169
-120
-348
-588
-845
-1141
-1425
-1621
-1749
-1791
-1756
-1690
-1589
-1479
-1334
-1120
-887
-630
-366
-129
110
333
520
705
859
987
1127
1239
1340
1390
1353
1302
1245
1201
1186
1095
913
683
438
290
216
109
-79
-360
-640
-786
-797
-762
-784
-930
-1122
-1215
-1146
-941
-758
-733
-813
-902
-878
-666
-405
-227
-170
-241
-251
-102
143
440
604
619
620
616
717
874
902
847
683
452
305
133
-65
-279
-578
-801
-982
-1175
-1331
-1539
-1691
-1708
-1682
-1582
-1501
-1504
-1455
-1374
-1187
-885
-635
-424
-306
-243
-83
141
435
741
938
1086
1199
1307
1523
1748
1959
2139
2194
2217
2224
2179
2150
2086
1972
1849
1646
1372
1080
763
456
176
-72
-275
-501
-816
-1117
-1337
-1498
-1569
-1568
-1570
-1584
-1649
-1692
-1574
-1375
-1129
-883
-693
-494
-319
-138
131
388
614
790
878
979
1044
1052
1076
1066
1063
1070
1012
939
824
664
534
433
377
290
97
-131
-336
-496
-611
-718
-820
-972
-1159
-1269
-1255
-1172
-1124
-1106
-1073
-979
-822
-628
-410
-257
-172
-75
81
316
527
649
708
726
762
858
978
1041
1010
863
714
630
518
380
175
-98
-352
-632
-875
-1080
-1322
-1552
-1753
-1843
-1852
-1889
-1910
-1929
-1856
-1699
-1535
-1296
-1090
-953
-832
-686
-409
-95
183
430
642
853
1031
1258
1566
1863
2111
2232
2310
2387
2408
2465
2534
2570
2499
2278
2080
1882
1659
1449
1219
993
638
214
-110
-380
-612
-902
-1173
-1363
-1583
-1773
-1883
-1875
-1837
-1865
-1822
-1677
-1491
-1316
-1139
-877
-600
-386
-196
25
275
462
607
769
928
1006
995
1015
1097
1161
1138
1048
971
846
673
555
488
416
232
-22
-194
-329
-462
-558
-602
-626
-736
-867
-882
-819
-780
-764
-724
-638
-582
-557
-471
-330
-220
-172
-110
9
130
183
224
300
380
412
425
470
490
432
331
244
182
97
-45
-205
-380
-582
-788
-970
-1101
-1211
-1346
-1471
-1567
-1630
-1639
-1600
-1513
-1379
-1249
-1117
-967
-803
-604
-385
-138
128
349
536
720
918
1136
1354
1562
1724
1837
1933
1991
2061
2163
2227
2251
2195
2110
2041
1920
1802
1666
1478
1270
985
689
433
140
-150
-400
-659
-901
-1172
-1404
-1500
-1585
-1663
-1681
-1676
-1620
-1587
-1516
-1312
-1159
-1028
-883
-782
-598
-441
-313
-94
40
168
326
416
593
758
842
965
1005
1025
1040
932
889
819
652
519
327
162
12
-214
-340
-441
-532
-544
-581
-581
-596
-651
-617
-567
-491
-377
-328
-320
-367
-399
-313
-192
-82
9
22
8
15
95
243
357
411
410
370
337
315
312
290
174
19
-130
-283
-425
-588
-747
-893
-1051
-1164
-1252
-1341
-1413
-1499
-1549
-1495
-1392
-1301
-1224
-1164
-1044
-836
-580
-288
-37
134
289
495
803
1146
1407
1553
1627
1716
1876
2080
2258
2350
2317
2227
2188
2230
2305
2292
2131
1892
1637
1441
1286
1108
866
496
54
-312
-546
-729
-967
-1266
-1547
-1769
-1907
-1946
-1938
-1934
-1950
-1931
-1813
-1626
-1426
-1230
-1027
-824
-619
-411
-186
54
263
428
571
711
844
953
1040
1111
1138
1129
1090
1033
971
877
759
630
485
327
165
19
-96
-227
-373
-483
-557
-592
-609
-625
-627
-627
-620
-575
-499
-452
-445
-458
-444
-397
-383
-383
-383
-385
-374
-355
-293
-232
-224
-224
-198
-134
-76
-79
-130
-194
-269
-339
-407
-491
-620
-795
-932
-1001
-1016
-1018
-1049
-1074
-1051
-969
-832
-668
-520
-408
-325
-203
-1
221
387
493
587
722
901
1090
1270
1412
1498
1579
1689
1817
1927
1975
1966
1935
1895
1862
1830
1771
1667
1498
1317
1171
1019
842
624
386
149
-89
-323
-551
-759
-976
-1195
-1363
-1496
-1594
-1659
-1692
-1685
-1654
-1590
-1484
-1365
-1236
-1089
-931
-777
-643
-513
-373
-227
-89
31
137
234
333
435
537
619
675
710
730
732
725
703
657
597
524
440
360
290
230
172
121
66
24
-3
-26
-45
-81
-116
-144
-170
-196
-232
-262
-292
-313
-310
-315
-303
-292
-294
-287
-276
-256
-234
-229
-248
-298
-358
-405
-445
-491
-552
-631
-709
-780
-829
-852
-871
-891
-899
-904
-895
-866
-813
-745
-658
-564
-467
-364
-244
-98
58
220
388
546
687
821
949
1077
1204
1322
1414
1487
1549
1601
1640
1677
1723
1748
1754
1740
1709
1666
1605
1520
1417
1295
1150
982
776
550
307
64
-170
-402
-634
-864
-1081
-1273
-1423
-1539
-1608
-1648
-1666
-1650
-1621
-1563
-1470
-1361
-1236
-1104
-972
-837
-705
-570
-432
-292
-145
-8
111
222
312
401
492
568
636
686
711
725
729
722
705
665
615
563
504
437
364
292
210
135
67
4
-57
-115
-165
-214
-252
-277
-299
-313
-317
-317
-315
-312
-313
-308
-301
-307
-306
-307
-324
-339
-363
-381
-389
-420
-451
-479
-505
-517
-526
-540
-557
-574
-581
-582
-589
-579
-561
-543
-512
-483
-437
-366
-285
-190
-89
12
121
230
336
438
531
610
689
740
775
813
844
878
895
885
891
912
927
944
929
905
880
836
795
747
683
618
535
443
343
233
149
75
6
-68
-152
-238
-332
-405
-464
-494
-515
-562
-616
-676
-721
-720
-699
-664
-603
-546
-491
-440
-387
-302
-191
-82
1
44
57
57
68
99
145
191
222
236
241
272
325
381
442
481
483
443
372
300
241
175
109
23
-65
-140
-197
-217
-211
-188
-159
-143
-137
-127
-133
-143
-164
-204
-249
-317
-388
-445
-502
-538
-551
-544
-513
-478
-446
-393
-333
-269
-224
-194
-177
-187
-213
-251
-294
-345
-387
-412
-422
-422
-410
-373
-310
-223
-120
-10
96
186
255
310
360
416
460
485
498
508
529
568
625
693
767
846
904
945
985
1000
1011
990
930
856
759
676
598
511
422
333
260
200
161
129
96
54
-1
-59
-115
-177
-252
-339
-447
-555
-658
-733
-782
-829
-851
-853
-833
-784
-713
-623
-519
-422
-334
-259
-195
-133
-76
-29
12
56
87
123
170
221
277
323
358
389
403
411
415
395
362
307
238
159
74
-13
-98
-170
-234
-279
-309
-324
-331
-323
-303
-276
-250
-234
-238
-268
-313
-362
-407
-459
-492
-528
-578
-599
-610
-580
-513
-449
-377
-306
-238
-178
-121
-82
-64
-57
-77
-107
-150
-188
-207
-223
-223
-202
-162
-116
-69
-15
52
132
212
289
339
370
410
452
500
538
560
587
600
622
643
644
665
677
668
645
597
557
527
495
461
398
324
255
187
134
94
57
29
-6
-45
-76
-99
-105
-107
-105
-119
-144
-169
-204
-231
-251
-262
-259
-272
-305
-331
-344
-326
-281
-235
-195
-179
-168
-150
-109
-37
33
84
96
66
42
52
91
131
132
84
24
-22
-22
16
47
45
5
-47
-68
-39
6
36
32
-10
-74
-126
-136
-108
-81
-80
-112
-159
-188
-169
-111
-46
-18
-44
-96
-142
-145
-106
-72
-63
-112
-191
-232
-215
-143
-74
-46
-71
-127
-139
-97
-27
28
18
-53
-155
-226
-236
-211
-190
-209
-260
-307
-299
-214
-84
40
119
146
160
218
321
440
527
523
460
394
380
438
517
561
532
460
420
451
535
628
647
571
450
348
316
326
318
227
52
-116
-210
-202
-155
-161
-244
-355
-417
-391
-303
-228
-242
-320
-398
-413
-331
-219
-161
-184
-231
-235
-158
-15
115
182
179
159
181
260
359
419
393
310
233
188
209
233
199
101
-36
-138
-182
-171
-154
-187
-281
-398
-461
-444
-375
-324
-347
-433
-517
-533
-459
-356
-293
-314
-388
-421
-364
-229
-87
-28
-57
-116
-106
-5
142
250
244
154
71
78
169
264
266
150
-3
-103
-93
-28
-6
-85
-238
-367
-418
-367
-281
-275
-352
-463
-504
-436
-316
-188
-121
-127
-127
-72
49
219
364
422
424
420
450
531
613
652
646
602
543
517
515
519
517
485
428
348
286
255
227
203
158
83
9
-58
-116
-152
-172
-188
-208
-236
-271
-287
-273
-255
-226
-196
-170
-148
-123
-89
-45
8
54
98
126
146
167
186
221
253
274
271
251
214
173
150
136
117
61
-34
-132
-195
-212
-210
-234
-293
-371
-426
-436
-417
-386
-385
-411
-443
-460
-430
-372
-323
-288
-266
-240
-206
-164
-111
-69
-19
45
105
152
175
177
192
223
268
315
320
284
222
164
149
157
160
121
41
-42
-108
-142
-156
-174
-203
-231
-255
-275
-284
-285
-276
-250
-203
-155
-119
-96
-71
-9
80
176
251
292
319
359
425
504
556
570
557
546
548
547
530
485
433
389
345
299
238
177
127
88
60
20
-38
-99
-139
-155
-156
-164
-195
-232
-263
-262
-237
-206
-185
-185
-181
-161
-127
-88
-49
-19
3
27
43
64
81
99
125
150
161
152
124
102
99
109
127
103
35
-38
-98
-119
-117
-124
-174
-263
-344
-386
-382
-349
-328
-348
-389
-424
-414
-361
-290
-238
-218
-214
-207
-170
-105
-38
10
30
35
50
88
134
172
184
175
166
176
196
204
185
142
95
71
83
97
93
55
-17
-63
-57
-8
40
30
-40
-120
-160
-127
-46
8
-4
-84
-161
-169
-93
24
88
66
-10
-71
-47
52
155
197
149
61
16
48
138
220
220
148
62
28
72
150
194
153
62
-8
-20
43
109
114
54
-28
-67
-43
40
100
81
4
-72
-75
-2
91
132
97
18
-31
3
94
170
175
103
32
16
64
144
186
147
55
-10
-13
39
98
100
33
-66
-125
-104
-44
-3
-34
-126
-212
-236
-193
-128
-108
-156
-241
-298
-283
-219
-155
-135
-173
-235
-257
-219
-131
-54
-42
-82
-135
-139
-76
19
79
52
-25
-82
-68
21
113
143
78
-19
-58
-18
81
147
125
23
-66
-66
6
98
122
55
-44
-95
-62
32
103
88
8
-77
-88
-7
89
122
78
-8
-61
-33
59
140
155
97
19
-3
39
122
182
172
111
53
51
93
153
189
174
124
78
66
102
156
177
158
110
65
60
91
130
134
100
54
27
47
84
97
76
38
12
20
49
70
53
3
-26
-19
11
38
20
-40
-86
-87
-50
-21
-34
-86
-146
-159
-120
-74
-68
-120
-177
-200
-165
-104
-80
-113
-180
-225
-205
-148
-101
-100
-156
-218
-224
-179
-116
-73
-87
-141
-171
-152
-95
-30
-11
-41
-82
-97
-71
-13
34
45
21
-18
-27
4
52
84
84
57
25
18
46
87
111
107
68
32
25
52
95
119
109
70
43
40
70
100
103
90
58
41
43
66
86
83
62
40
26
20
40
44
42
34
17
7
7
10
21
32
29
22
11
8
4
4
21
36
39
31
25
13
19
39
46
46
34
16
5
8
15
22
25
20
8
-4
-12
-9
0
6
11
1
-17
-30
-28
-20
-14
-19
-26
-36
-41
-41
-45
-43
-40
-30
-21
-31
-41
-53
-59
-47
-24
-18
-28
-50
-68
-64
-41
-18
-13
-29
-54
-58
-46
-30
-21
-25
-43
-55
-46
-31
-20
-25
-32
-40
-33
-15
-6
-9
-28
-38
-32
-13
7
14
-6
-35
-37
-14
23
49
40
11
-6
-3
32
67
74
53
19
0
13
45
68
70
52
22
2
9
31
55
65
51
26
4
2
24
52
64
55
17
-12
-14
0
29
47
36
14
-2
1
28
53
59
56
38
33
50
63
71
67
47
36
46
58
62
59
44
43
44
53
60
43
16
-4
0
14
22
15
-15
-47
-52
-44
-20
0
-13
-55
-82
-74
-73
-34
-1
-32
-53
-59
-75
-67
-24
-27
-46
-26
-60
-73
-18
-25
-58
-40
-57
-74
-19
-11
-40
-33
-54
-89
-52
-22
-39
-32
-52
-96
-77
-37
-22
-10
-13
-40
-49
-23
-17
-11
3
-21
-44
-30
-18
-12
13
11
-7
-2
-2
8
38
50
42
32
25
28
35
46
40
29
25
16
30
39
34
34
37
23
29
42
36
46
38
21
23
30
30
30
33
21
15
15
13
18
30
29
22
19
15
19
24
28
30
19
13
6
1
13
12
7
7
-2
-8
-3
-2
-4
-2
-13
-15
-14
-13
-6
-16
-22
-22
-20
-17
-13
-12
-17
-19
-24
-23
-14
-6
-1
-10
-21
-21
-17
-5
4
6
-2
-9
-2
4
17
27
19
9
0
-4
0
5
5
1
-15
-24
-19
-12
-9
-9
-9
-16
-18
-16
-10
-3
-7
-16
-27
-31
-20
-10
-8
-15
-19
-20
-8
2
1
2
1
2
3
9
23
19
15
16
9
9
18
23
27
29
21
19
26
27
29
25
10
10
8
2
1
2
-5
-8
-8
-4
6
13
10
8
5
-4
-1
1
7
6
3
3
-1
-1
6
2
0
-1
-9
-7
8
14
14
11
0
2
8
3
3
1
-9
-10
-12
-12
-6
-3
-2
2
-1
-5
-2
0
2
-2
-8
-12
-15
-14
-10
-10
-10
-8
-10
-3
1
1
4
2
2
-1
0
4
1
4
-4
-9
-7
-8
-4
0
-2
-8
-5
-10
-15
-7
-6
-11
-17
-23
-20
-16
-18
-20
-17
-13
-18
-20
-15
-19
-14
-9
-6
1
3
-3
4
9
7
6
10
10
10
9
12
20
20
23
23
23
24
25
22
22
23
19
23
20
10
8
4
-3
-3
5
3
5
8
-2
-2
-4
1
6
0
-2
-6
-6
-1
3
7
3
-3
-11
-5
2
0
8
7
5
6
4
4
5
5
4
0
-3
-9
-6
-6
-10
-12
-16
-18
-20
-16
-16
-19
-17
-14
-13
-11
-8
-1
-1
-8
-6
-3
1
7
9
3
2
7
11
19
16
11
7
6
11
15
14
8
0
-1
6
9
9
6
4
0
-5
-10
-6
-10
-14
-16
-23
-20
-13
-14
-18
-22
-27
-29
-25
-19
-11
-16
-23
-18
-14
-7
4
3
2
-4
0
2
6
14
16
15
12
15
12
9
21
19
9
12
9
4
9
7
1
4
3
7
5
7
11
7
4
1
7
3
-2
-1
-2
1
5
9
12
10
7
10
11
9
13
9
11
12
4
4
4
4
3
-2
1
-2
4
12
4
-2
-8
-13
-7
-9
-11
-11
-12
-9
-12
-11
-11
-16
-19
-15
-9
-3
-3
-4
-2
-7
-3
2
3
1
0
0
-5
1
7
7
10
7
0
-8
-3
5
7
9
2
-5
-3
-6
-4
-2
-10
-20
-19
-16
-11
-2
-4
-12
-15
-11
-10
-8
-7
-9
-18
-17
-14
-6
5
1
2
-3
-3
2
5
12
10
2
2
4
11
16
15
15
9
12
6
6
13
7
0
3
7
14
15
7
4
0
1
3
7
3
2
6
4
5
16
22
15
11
3
4
3
9
10
11
10
-8
-9
-9
-10
-5
-2
-14
-18
-6
-11
-7
-6
-10
-12
-9
-2
2
-2
-8
-8
-11
-10
-6
-1
1
-5
1
4
1
4
0
-3
2
-3
0
0
3
4
-1
-1
-5
-6
-1
-3
-3
-2
-5
-2
-1
0
-1
-2
-2
-1
3
-2
-2
-4
-5
1
-1
-4
-5
-2
1
3
1
4
9
8
7
9
7
7
12
15
11
4
4
2
-3
0
-2
-4
-7
-7
-1
-2
-8
-10
-9
-9
-5
-1
-3
-4
-9
-11
-11
-9
-8
-8
-7
-9
-7
-7
3
7
2
4
6
3
3
2
2
-2
1
4
7
9
6
8
4
8
8
8
6
1
3
3
7
15
12
11
5
-2
3
0
0
-2
-4
3
-2
-3
2
-2
2
3
-5
-3
-7
-8
1
-2
-3
2
2
0
3
9
8
2
-3
-3
3
5
2
7
3
-3
-4
-1
1
6
5
0
3
5
7
12
10
6
1
-6
-3
2
5
5
-5
-11
-9
-13
-10
-8
-7
-10
-18
-17
-13
-7
-8
-13
-14
-16
-18
-13
-10
-13
-11
-16
-20
-16
-10
-10
-4
-3
-7
-3
-3
2
5
3
4
0
0
7
8
7
1
3
9
11
14
14
16
17
18
18
21
24
20
16
13
7
11
8
11
10
4
4
3
7
7
12
14
6
5
8
6
4
3
-2
-3
-2
-2
-1
1
-9
-18
-19
-20
-14
-10
-6
-7
-10
-9
-8
-5
-6
-10
-10
-10
-12
-10
-8
-8
-8
-8
-6
-2
-2
-2
2
5
10
10
8
3
5
4
-1
7
1
0
-1
-3
0
0
3
3
6
12
9
6
2
4
6
4
-3
-6
-3
1
-5
-5
3
-4
-2
-2
-2
1
-2
-4
-10
-7
-3
-6
-1
-1
-4
0
2
-3
-1
-3
-5
-7
-9
-11
-11
-12
-8
-9
-5
-3
-4
1
-1
-7
3
9
0
2
3
4
-9
-10
1
-5
-5
2
3
-3
6
12
10
14
12
7
3
13
12
13
12
11
14
21
22
12
18
14
9
14
11
13
10
7
9
5
4
3
3
0
-6
-5
-4
-8
-13
-9
-8
-15
-9
-8
-11
-12
-16
-20
-24
-23
-22
-19
-16
-17
-8
-8
-7
1
4
6
4
0
-1
6
7
-1
-3
-2
-2
-4
-1
1
-1
2
5
7
9
13
14
7
1
1
6
-1
-3
-4
-6
-1
4
6
6
7
3
0
-1
-2
2
4
3
2
1
-1
5
3
-4
-5
-13
-11
-4
0
3
5
2
-2
-2
2
-1
-4
-2
-4
-6
-7
-7
-2
-4
-7
-5
-3
4
9
4
2
0
0
6
9
3
0
1
-1
5
10
9
12
7
8
8
7
4
0
4
1
-5
-3
0
6
9
4
-1
-5
-7
-1
1
-2
-5
-9
-5
-1
-1
3
1
-4
-4
-5
-3
5
5
1
-5
-4
-2
1
3
5
6
2
5
5
8
14
10
-1
-5
1
-5
-4
4
-1
-4
0
-1
3
1
-12
-6
0
-8
2
5
-4
-9
-7
-10
-8
0
-5
-5
-2
-4
2
3
-2
-2
-5
-6
-8
-12
-6
-5
-13
-15
-15
-12
-11
-5
2
2
-2
0
7
7
10
3
-2
1
-3
-6
-2
4
2
7
12
12
14
13
14
17
12
12
16
9
4
2
-7
-6
-4
-5
3
8
4
1
0
-4
-1
2
1
-3
-8
-10
-12
-6
0
-1
-2
-2
-4
-1
-1
1
4
12
10
7
9
5
7
6
4
6
2
2
3
5
1
4
9
9
7
1
1
2
2
0
-6
-7
-4
-4
-1
1
-7
-3
1
2
8
2
1
3
-1
-1
-4
-6
-10
-10
-12
-18
-11
-5
-8
-9
-4
-7
-5
-1
-2
4
2
-4
-11
-14
-18
-16
-12
-12
-10
-10
-14
-12
-2
2
2
0
-1
1
0
-3
1
-3
-6
-3
-2
-3
-2
1
-3
-2
0
3
9
7
6
7
9
8
8
12
11
5
2
5
5
9
11
9
12
14
18
22
23
21
22
20
16
18
21
22
18
23
18
15
17
11
13
3
-5
-1
-8
-3
-1
6
3
-1
-1
-14
-20
-20
-20
-15
-12
-18
-12
-12
-17
-22
-28
-27
-22
-12
-14
-20
-23
-27
-34
-27
-27
-30
-19
-20
-18
-18
-21
-10
-2
2
3
4
4
2
3
2
-1
4
7
9
16
19
15
16
20
23
20
15
6
5
8
7
6
8
8
9
11
9
12
15
12
16
15
13
14
19
20
15
15
12
4
6
9
10
8
5
6
7
4
4
6
1
-3
-7
-13
-14
-13
-18
-21
-23
-23
-19
-15
-16
-12
-9
-14
-16
-17
-20
-14
-11
-12
-10
-8
-6
-10
-19
-19
-12
-4
7
7
10
8
3
6
8
9
7
4
3
6
8
5
4
9
13
12
12
10
8
0
-2
0
-6
-1
1
-1
1
-2
7
11
7
7
9
7
5
10
16
12
10
10
4
1
4
-1
3
1
-2
0
-5
-5
-1
4
1
-2
1
-1
1
6
4
1
3
-2
-9
-11
-13
-17
-18
-20
-14
-12
-17
-8
-9
-11
-7
-1
3
1
-2
-1
-1
-1
4
0
-3
6
8
8
6
3
3
1
1
-3
-4
-9
-9
-13
-12
-8
-9
-9
-1
6
1
-5
-11
-11
2
6
-1
3
7
7
9
9
1
6
1
-6
-3
-4
6
3
-2
5
4
8
16
19
14
8
10
9
10
21
17
13
9
9
13
7
11
9
8
2
-1
3
7
5
5
5
2
4
1
1
-1
-3
-2
-6
-3
-6
-8
-8
-16
-19
-14
-7
-9
-8
-6
-10
-9
-7
0
-1
-7
-10
-12
-13
-14
-16
-15
-16
-22
-20
-15
-12
-14
-6
1
1
8
7
8
7
-1
-7
-9
-9
-11
-6
-4
1
2
6
11
9
18
10
8
10
5
2
3
5
4
4
12
13
15
16
13
17
14
10
14
10
11
11
6
2
3
0
-2
-2
-5
0
-3
-3
-2
-5
-6
-13
-12
-12
-11
1
3
1
0
1
4
0
0
0
1
-4
-8
-8
-10
-5
-1
-3
2
14
14
9
13
11
10
10
6
5
5
3
-1
-2
-8
-13
-15
-16
-9
-8
-6
0
-2
-9
-5
-9
-11
-9
-9
0
-4
0
0
-10
-12
-7
-7
-3
-1
2
6
8
-2
-7
1
-4
-4
9
6
1
5
-2
-4
-3
-7
-2
0
-5
-3
-1
-3
5
7
13
13
8
9
6
6
3
4
11
3
1
8
5
10
8
7
5
3
7
8
5
7
13
12
12
4
8
10
-5
-9
-10
-13
-7
-8
-13
-6
-9
-8
-6
-17
-20
-20
-13
-9
-10
-14
-13
-11
-7
1
-6
-8
-4
-3
0
3
2
3
8
11
14
14
8
5
6
4
-1
3
5
7
7
9
14
14
18
16
10
13
16
20
12
5
2
-5
-10
-9
-7
-10
-12
-12
-8
-4
-7
-2
2
-3
-8
-7
-6
-3
-4
-10
-9
-3
-4
1
-3
-5
0
-8
-7
-3
0
0
-4
-3
-5
-8
-3
1
0
-2
-2
-1
-1
-4
-3
2
0
-1
0
4
6
9
10
7
3
-1
0
-1
0
-1
-8
-3
1
6
7
-2
-4
-3
0
11
12
9
7
0
-4
-2
2
6
7
5
11
10
7
9
4
0
-1
-2
-5
-1
-1
1
-1
-6
-3
-2
1
1
0
-4
-5
-6
-7
-4
-2
-5
-6
-6
-5
-1
-1
2
-3
-11
-9
-10
-8
-5
-7
-2
-2
1
5
2
4
-3
-3
2
5
16
15
14
10
7
10
10
4
-1
0
0
-3
-3
1
1
-4
-6
-3
-2
-3
-6
-7
-5
-7
-3
-6
-1
2
1
0
2
13
10
9
8
9
6
2
5
6
6
2
-4
-1
3
-3
-4
-7
-7
-1
1
3
2
-2
1
-1
-6
-2
-5
-3
-5
-12
-12
-6
-5
-3
-2
-3
-3
-5
1
4
0
3
4
-1
3
5
5
3
-2
-1
-4
-4
-4
-6
-6
-12
-3
-6
-6
3
-8
-9
-11
-18
-15
-6
-3
5
11
5
7
7
7
5
11
5
5
16
3
5
12
9
8
11
14
16
19
19
20
16
19
16
14
18
8
8
6
-1
-2
-4
-6
-4
-10
-11
-3
-1
-5
-4
-4
-14
-13
-11
-15
-16
-15
-13
-11
-14
-17
-17
-11
-12
-12
-9
-12
-12
-11
-11
-9
-4
-5
2
-5
0
2
-2
3
4
9
7
9
10
8
7
8
14
6
1
1
-1
9
13
8
7
6
3
3
1
2
8
5
6
-1
1
4
-3
2
1
-5
-4
-8
-14
-13
-4
-5
1
4
0
9
3
-3
1
-1
-5
11
14
9
12
5
4
7
6
5
4
-1
-4
-9
-10
-9
-7
-6
-10
-12
-12
-13
-11
-5
-5
-5
-1
-4
-3
-1
3
13
12
6
13
16
13
17
11
11
9
3
3
3
2
-4
-2
-1
1
0
3
7
5
6
10
2
0
0
-10
-10
-9
-13
-14
-13
-18
-14
-13
-13
-12
-12
-9
-4
-1
-5
-6
-5
-3
-5
-10
-9
-9
-3
8
5
5
8
9
11
10
10
10
7
7
6
3
3
0
-4
-9
-9
-4
-1
3
8
9
7
8
8
8
8
5
4
1
5
6
4
4
8
8
8
16
12
11
10
9
9
8
3
0
-1
-6
-10
-12
-13
-15
-11
-10
-14
-16
-12
-10
-12
-14
-10
-7
-15
-12
-17
-15
-8
-9
-6
-2
-4
-5
-3
2
-2
0
5
3
0
-2
4
4
10
11
5
4
5
9
10
9
8
10
14
13
5
4
4
7
6
7
10
11
5
6
8
3
2
1
3
6
1
9
8
7
10
3
8
7
1
5
7
3
-1
-5
-10
-14
-8
-10
-13
-13
-15
-9
-9
-12
-14
-11
-11
-15
-9
-4
-11
-16
-16
-10
-10
-15
-18
-20
-16
-17
-6
-3
-9
-7
-5
-1
4
0
0
11
4
-2
7
13
10
12
15
8
15
11
2
14
12
17
18
18
10
10
17
5
8
10
7
13
19
17
20
16
12
19
17
17
16
11
10
7
3
7
2
1
-2
-10
-14
-20
-21
-19
-25
-30
-30
-30
-25
-22
-19
-21
-20
-20
-13
-7
-10
-7
-5
-9
-8
-9
-11
-4
-2
0
3
3
3
11
14
17
12
-1
7
5
4
16
14
7
10
7
4
9
2
-4
10
13
10
12
6
-7
-10
-11
-16
-16
-9
-15
-11
-4
-5
4
7
9
15
13
14
13
10
11
5
5
8
5
10
10
12
6
7
3
0
1
0
-9
-10
-9
-10
-10
-11
-2
-5
-15
-8
-4
-9
-8
-6
-4
-9
-6
-7
-1
-5
-9
-4
-6
3
7
12
9
2
4
5
3
7
5
2
3
-1
-3
0
-1
-5
-4
-5
-2
-3
-7
-4
-3
-7
-4
2
6
4
3
5
5
1
1
0
-3
-4
-4
2
1
-1
1
2
3
9
9
1
5
8
15
13
7
4
3
5
2
4
8
3
0
-2
-2
2
0
-2
-2
0
-3
-3
-1
-6
-7
1
-3
5
7
-3
-5
-5
-7
-7
-5
-2
-5
-8
-5
-5
-6
-4
-4
-8
-8
-4
-1
-1
4
4
0
2
0
5
1
-4
0
-1
-6
-2
-4
-2
-2
-8
-6
-6
-8
-3
-2
-6
-4
-2
6
7
8
8
4
-1
-1
1
2
3
4
9
7
2
4
8
-1
4
9
9
11
13
12
14
11
2
6
6
4
6
7
6
3
-2
0
1
-3
-9
-3
-1
2
5
0
0
-8
-7
-3
-2
-6
-4
-5
-4
-5
-2
-1
-3
-9
-17
-9
-10
-11
-8
-7
-7
-2
2
3
-2
-7
-5
-4
-3
-4
2
1
-7
-8
-9
-7
-7
-8
-1
-1
4
6
4
4
3
6
8
5
0
5
7
9
8
4
9
4
2
5
4
3
6
5
6
7
7
5
3
-2
-5
1
-1
-6
-4
-5
-5
-8
-6
-2
1
2
4
5
3
3
2
7
6
-3
-2
5
0
2
4
3
8
4
2
7
-5
-4
3
-3
-6
-4
1
1
1
0
2
-3
-8
-9
-12
-14
-10
-6
-2
2
-3
0
1
-7
-8
-10
-6
0
-5
3
9
-2
1
2
3
7
5
-1
-3
-2
0
1
-4
-6
-3
-5
-5
-9
-8
0
3
1
7
8
3
3
5
2
1
0
4
4
-2
0
1
7
6
6
4
6
4
4
3
0
4
-2
2
0
-4
1
5
9
11
6
4
10
4
2
6
0
-5
0
-2
0
-6
-6
-3
-6
-7
-4
-1
2
4
-2
1
3
0
4
5
-3
-5
-10
-9
0
-3
3
-4
-9
-4
-8
-12
-9
-7
-3
1
-3
1
0
-8
-3
-3
-8
-3
-5
-7
-3
-5
-2
0
-1
5
11
4
1
-3
-5
9
7
-4
3
7
9
12
12
14
5
0
9
4
-2
6
2
0
5
2
4
4
2
3
6
3
1
3
1
4
3
3
1
-5
-1
0
-4
-1
-7
-6
2
-6
-5
-4
-5
-4
-4
-6
-2
1
-5
-4
-5
-5
-3
-3
-2
5
6
6
2
1
1
-4
2
2
-3
-4
-4
-3
5
8
6
6
1
-3
0
-3
1
4
0
0
-2
-5
-10
-16
-10
-6
-9
-3
1
2
2
9
7
7
3
0
0
-4
-4
-1
-5
-2
-1
-5
1
7
0
0
8
5
7
3
0
5
3
1
0
-2
0
-3
0
7
5
6
7
3
4
3
-6
-1
6
-1
1
0
-5
5
8
-3
0
-1
-5
-3
-7
-4
4
-5
-4
-2
1
8
4
1
0
-7
-7
1
-2
3
2
-3
2
2
-6
-5
-3
-5
-1
-1
-1
0
-4
-3
-1
-6
1
0
-4
-1
5
7
6
2
0
6
3
1
0
-4
-3
-3
-5
1
-2
-7
-9
-4
3
1
10
9
6
5
7
9
5
5
2
2
0
-5
-3
-2
-5
2
1
-1
0
0
3
-3
0
5
-3
-7
-4
-5
-4
-2
-7
-6
-7
-6
5
3
-4
0
4
4
3
-5
-3
-3
-8
-3
-7
-8
-1
-1
2
6
7
10
11
2
1
6
1
4
5
7
11
-1
-2
5
1
2
-1
-4
4
4
1
9
6
-2
2
1
4
7
3
0
-3
-10
-7
-1
-5
-2
-5
-3
-4
-6
-4
-1
-10
-5
3
-2
0
-5
-6
3
-5
-7
-4
-4
-3
-2
-4
0
-1
-3
2
1
-1
0
0
-5
1
5
4
3
-4
1
4
4
9
5
3
4
2
1
0
-5
-2
2
5
8
4
14
10
0
10
10
4
1
-3
0
-1
-8
-1
0
-9
-10
-4
-2
-4
-1
2
9
2
0
2
-9
-10
-6
-3
-5
-9
-11
0
1
-3
5
-2
0
3
0
3
3
-1
6
4
-1
0
-5
-3
0
-9
-7
0
1
0
6
3
4
3
1
5
-2
3
8
-2
-3
0
1
3
-6
-6
1
-1
-1
2
8
6
2
5
13
7
0
-2
-1
-6
-10
-4
0
4
3
2
3
-2
-1
2
-5
0
0
0
0
-3
-1
7
4
-1
4
-2
-2
0
-7
-7
-10
-9
-5
-4
-2
-2
1
-1
1
1
0
8
-2
-2
6
3
4
2
3
9
1
-3
0
2
2
1
-2
-9
-6
-11
-4
-3
-8
-1
1
0
0
7
6
-1
1
-3
-3
2
-2
-1
5
7
6
9
7
4
9
10
11
1
-3
3
-1
2
3
1
3
-3
-2
1
-1
-6
-8
-3
-3
-2
-2
0
-1
-12
-3
0
-6
-2
-8
-8
-10
-8
-4
-1
-1
-7
0
1
2
5
6
3
2
0
8
8
-4
1
3
3
3
0
7
7
0
5
9
10
5
3
-1
-2
2
-2
-2
-1
-4
4
-1
-4
2
0
0
-1
0
0
1
-4
0
-2
-6
-5
-7
2
5
-2
-4
-2
2
4
-2
1
-2
-9
-7
-2
-8
-11
-12
-13
-8
-2
6
5
7
9
11
14
10
5
5
7
2
1
5
-6
-6
4
1
1
-2
3
9
9
5
7
4
1
2
1
-1
1
-7
-5
-1
-7
-1
0
2
1
-5
-1
3
-5
-4
-3
-2
-4
-10
-7
-7
-5
-9
-8
-4
-6
-6
-3
-2
-3
2
8
4
1
-1
-2
1
2
1
0
-1
-8
-1
5
0
1
1
4
3
-4
2
4
-1
5
-2
0
6
4
16
15
4
14
19
13
8
6
8
7
0
-1
12
6
3
8
10
9
-2
4
13
-1
-1
6
-1
-4
-7
-14
-15
-16
-18
-11
-10
-14
-10
-8
-8
-9
-14
-10
-3
-13
-9
-6
-9
-9
-12
-10
-13
-17
-14
-6
-5
-9
-1
3
-3
4
11
9
7
2
2
5
1
0
2
7
9
10
15
12
11
16
18
12
5
4
7
7
1
2
5
6
2
5
10
6
10
10
8
5
1
4
3
-2
-5
-1
-1
-5
-6
-1
-2
-3
0
3
-1
-4
1
3
-1
-4
-1
0
-2
-5
-7
1
-2
-11
-1
0
-4
-8
-8
-2
-4
-6
-3
-2
-7
-8
-3
-1
-5
-4
2
-4
-12
-12
-5
-5
-7
-3
-2
0
-1
3
9
1
-1
4
4
0
0
2
0
2
-2
-1
0
-6
4
6
4
6
-2
7
9
-5
2
7
-3
3
-1
-7
-4
-8
-10
-2
-2
-2
5
2
8
4
6
11
4
8
8
10
10
7
5
4
3
2
6
7
1
6
3
3
5
-5
-3
-4
-7
-5
-9
-4
4
0
4
7
-4
-2
1
2
1
1
-3
-5
-6
-2
0
-1
-2
-2
-5
-7
-4
-5
-9
-8
-9
-7
-10
-8
1
-1
-4
-4
-4
-8
-3
-3
-3
0
-2
6
5
3
4
0
-6
-10
-10
-10
-9
-6
0
-3
-1
8
5
4
9
8
6
9
8
10
6
3
10
7
3
9
12
10
9
15
18
13
11
14
9
8
7
3
5
-3
-7
-1
-5
-4
3
2
0
1
-1
-2
-5
-10
-10
-9
-8
-11
-12
-11
-16
-13
-16
-15
-14
-16
-9
-13
-11
-5
-7
-6
-9
-11
-9
-9
-7
-1
-2
-2
-1
1
4
4
1
1
8
7
4
5
8
10
5
2
8
10
8
8
11
16
16
8
13
11
11
12
5
-1
1
-4
-7
2
6
8
6
5
10
7
8
12
11
9
3
4
2
-2
3
2
1
-3
-1
0
1
2
0
-2
-7
-5
-4
-9
-12
-11
-10
-6
-7
-5
-14
-15
-9
-16
-18
-16
-21
-19
-18
-15
-2
-2
-2
3
0
1
0
-5
-1
-1
-4
-8
-5
-4
-5
0
4
6
6
8
10
8
6
3
2
-1
5
11
10
16
12
18
17
7
12
4
0
-2
6
7
-4
5
-3
-6
0
-3
1
2
-2
-7
0
-7
-9
-5
-5
-1
2
5
0
14
10
1
10
4
-2
6
4
-1
7
7
3
0
10
10
9
8
4
1
2
-2
-8
-7
-11
-7
-5
-5
-10
-8
1
-1
1
-5
-12
-7
-11
-14
-8
-14
-11
-4
0
3
2
4
2
4
1
6
14
9
5
2
2
3
-4
-8
-4
-3
-10
-10
-12
-12
-16
-17
-14
-12
-8
-5
-5
-7
-5
-9
-8
-4
-6
-2
-3
-4
-3
-2
0
-4
1
10
12
8
18
20
14
16
14
23
19
13
17
23
19
18
18
15
10
3
8
10
2
1
2
-1
-1
-4
-2
-1
-3
-1
-4
0
-2
0
0
0
4
0
5
3
-3
-1
4
4
3
2
0
0
-1
-3
-3
-7
-12
-13
-15
-13
-16
-16
-6
-19
-20
-16
-21
-15
-14
-10
-12
-12
-6
-6
-8
-13
-14
-9
-13
-14
-11
-11
-11
-9
-9
-9
-2
3
0
2
-1
0
6
7
8
11
15
19
18
15
23
19
13
24
29
24
22
26
22
23
16
14
18
16
7
7
11
10
12
13
14
12
9
12
4
2
1
0
0
-1
-1
-5
-4
-9
-11
-13
-17
-16
-14
-17
-20
-17
-17
-14
-20
-22
-22
-23
-22
-26
-24
-20
-19
-14
-11
-13
-5
0
-7
-2
-2
-10
-7
-4
-7
-6
1
-1
0
6
5
0
6
11
8
9
7
7
10
10
9
8
5
7
9
5
7
15
13
10
14
13
9
10
7
4
1
8
14
5
3
7
8
7
2
5
5
5
3
0
3
4
6
3
1
-2
-3
-3
-4
-5
3
2
-1
-3
-2
-1
-5
-6
-1
-6
-10
-7
-5
-2
-4
-7
-4
-4
-7
-2
-2
-4
-2
-1
-4
-6
-5
-8
-8
-10
-11
-9
-10
-10
-8
-6
-5
0
0
-4
-7
-7
-5
-4
-4
-6
-1
3
4
4
3
7
8
5
8
7
2
2
6
3
7
8
3
6
5
2
3
1
5
5
0
2
3
3
8
4
-5
-5
-1
-3
-3
1
-1
-2
-8
-6
-2
-5
-2
2
1
-1
3
5
11
12
11
3
2
9
12
5
12
12
5
9
7
5
2
-3
-6
-3
-4
1
-1
1
6
7
8
6
6
3
4
1
-6
-1
-8
-7
-4
-11
-8
-10
-14
-10
-15
-15
-8
-6
-9
-13
-14
-12
-9
-13
-10
-3
-6
-5
-4
-4
-4
-3
2
-2
-7
-9
-6
1
1
-3
3
5
-2
-1
-3
-4
-7
-4
0
-2
-2
-5
1
6
7
9
8
5
1
9
14
15
15
19
23
22
15
13
13
17
16
3
3
8
13
13
14
17
13
14
14
11
15
8
6
4
-6
0
-2
-8
-7
-11
-13
-12
-11
-13
-13
-13
-14
-6
-9
-10
-10
-15
-16
-23
-24
-15
-19
-18
-11
-11
-9
-8
-12
-8
-4
-13
-11
-11
-16
-15
-4
-7
-11
-8
-10
-4
-4
1
2
6
4
0
7
8
7
7
7
10
17
19
13
12
18
19
19
15
23
25
22
26
23
19
16
12
6
11
4
-3
5
3
8
6
3
5
3
2
1
5
0
-6
-4
-7
-12
-5
-7
-12
-10
-17
-14
-11
-13
-8
-8
-1
-1
-3
3
-1
-6
-11
-15
-12
-14
-12
-7
-12
-9
-1
-4
-9
-3
3
2
1
0
0
-6
-7
-5
-8
-6
-7
-5
-2
-1
-3
0
2
0
-1
1
5
6
2
-3
0
1
2
1
0
4
4
5
6
10
6
7
5
3
4
0
4
7
6
8
6
6
8
11
10
10
8
4
6
4
9
4
2
1
1
5
1
0
-1
-1
-5
-6
-4
-1
-4
-8
-3
-9
-9
-4
-8
-2
-1
-5
-3
-1
2
0
4
7
0
3
3
1
3
2
7
6
2
1
-6
-7
-4
-12
-8
-6
-2
0
-1
-1
-3
-3
-6
-8
-6
-9
-10
-5
-6
-7
-1
1
2
1
1
2
1
1
6
5
1
6
1
0
-2
0
4
0
4
3
3
2
-5
-1
-2
-1
-2
-5
-4
-6
-8
-6
-7
-8
-3
-9
-7
-1
0
1
-2
1
-1
6
9
6
9
8
12
12
10
11
12
7
8
10
7
6
6
8
10
9
8
5
5
-3
-5
-5
-8
-3
0
1
0
-1
-1
2
1
1
3
3
0
4
3
2
0
2
5
-2
-5
-6
-3
2
3
5
4
4
-2
-2
-3
-6
-13
-16
-13
-11
-10
-13
-14
-6
-10
-15
-11
-14
-15
-7
-6
-10
-7
-3
-5
-7
-6
0
-2
-4
-6
-9
-3
2
3
7
10
