-3
0
-2
-4
3
0
-3
-1
-1
0
4
2
-2
0
-1
-2
-3
0
0
-1
-1
-4
-7
-8
-4
-7
-3
-5
-5
1
-1
2
0
4
1
1
3
-2
3
-3
-3
5
0
4
5
-1
1
2
1
5
0
-2
0
-1
7
5
-7
-4
1
-2
-3
-2
-2
-1
-1
-1
-2
-1
2
3
-2
-9
-6
-1
-4
-1
3
1
0
3
3
3
5
6
4
3
2
0
-2
-2
-2
-3
-1
1
-4
-4
-3
-4
-2
0
-2
0
1
1
-3
-11
-8
3
1
2
6
0
2
7
2
3
0
-6
0
-2
2
6
-3
-2
6
-1
-2
-3
-4
3
-3
-9
-5
-5
-3
-1
-4
-4
-2
1
4
-1
-2
-1
-2
-5
-5
-4
-1
0
3
5
3
0
3
6
7
1
-4
-3
-3
-7
-5
-2
-4
-1
2
1
0
0
3
0
-2
2
3
0
-4
-5
-5
-2
1
2
1
-1
4
1
3
-4
-2
-1
1
0
-3
-2
-1
2
6
6
5
2
1
4
4
2
4
4
1
-4
-1
3
5
7
7
2
2
3
5
-3
-7
0
2
-4
-8
-5
0
-5
0
-1
2
-3
-2
-1
3
2
1
0
1
-2
0
2
1
-2
-3
0
-1
-3
-3
4
0
3
1
3
-4
0
5
5
0
0
3
9
0
-1
-8
-11
5
5
-2
-35
-13
4
5
3
2
-6
-1
28
44
8
-12
-1
3
-2
-6
-9
-21
-18
2
6
-2
-7
-6
-9
-2
5
-4
-19
-29
-10
-8
-9
3
-12
-12
8
17
14
4
-8
-13
-6
3
1
-12
-14
-1
5
12
11
-3
-7
-2
7
8
-3
-8
-8
-2
0
1
-11
-7
6
9
9
0
2
10
7
8
1
-7
-5
-4
-1
-6
-14
-7
2
3
0
-5
-1
4
8
4
2
-1
-8
-2
1
-1
-2
2
9
6
12
16
1
4
10
1
3
12
9
1
2
3
1
2
2
-1
-10
-4
3
-2
0
7
2
4
10
5
2
5
1
-4
-4
-2
0
-2
2
3
6
6
-1
-5
-3
2
0
-3
-4
-5
-3
-2
1
3
2
1
-1
1
1
-1
-3
-3
0
0
-2
-2
1
3
1
-3
-6
-6
-3
-1
1
-2
-5
-1
4
2
-5
-7
-3
-1
-2
-2
1
1
-3
-2
0
-1
-4
-6
-1
1
-4
-7
-7
-5
-5
-6
-4
-3
-5
-5
-3
-1
-2
-2
-3
-4
-5
-4
-5
-4
-4
-3
1
4
6
4
2
1
2
2
1
-1
-2
-4
-4
-2
2
7
6
3
2
5
4
-5
-13
-9
6
12
6
-3
-2
9
13
8
-2
-3
-1
1
-2
-5
-4
0
5
6
5
4
3
-1
-1
4
5
-1
-2
3
6
5
6
3
2
3
3
-6
-9
-3
-1
-3
-7
3
5
6
12
8
4
7
3
-4
-5
-5
-3
-7
-3
4
0
6
3
1
5
4
5
-3
-2
4
4
1
-8
-10
-9
-8
-8
-6
-2
1
2
5
5
-2
-4
0
-5
-10
-5
1
0
-1
5
7
4
6
5
2
-1
-3
1
1
3
2
-3
-3
-5
-2
1
-4
-9
-14
-7
-1
3
7
3
-2
-2
1
1
-7
-9
-9
-6
-5
-7
-8
-6
-7
-9
-7
-6
-4
-3
0
5
4
7
6
9
7
-1
-5
-3
-2
-5
-7
-5
-6
-3
0
1
1
-1
4
-2
0
-5
-5
-9
-5
5
4
5
6
0
0
1
6
-2
-3
-1
-3
0
3
1
3
5
6
2
-1
-2
-11
-1
-4
5
4
10
10
5
11
2
1
0
-2
1
1
10
11
5
10
9
3
0
3
0
-5
-1
3
1
0
7
5
1
5
1
1
-1
3
2
1
3
6
7
7
7
4
1
-4
-2
-7
-5
-2
3
1
3
3
3
-1
0
-7
-10
-15
-9
-11
-7
-4
-4
0
4
6
2
-3
-4
-6
-3
-3
-4
-5
-2
3
5
2
-2
-3
0
-3
-8
-9
-2
1
1
0
5
5
1
-2
-2
0
2
1
-1
-1
-2
-2
-3
-2
0
1
-1
-2
-1
-1
-5
-7
-4
-3
-1
-2
-3
-3
1
3
2
1
0
-1
-1
-1
0
-1
1
1
-1
-4
-2
-2
-4
-10
-11
-7
-6
-9
-11
-8
-3
2
2
-1
0
5
4
-1
-4
-1
3
1
-2
-1
2
2
0
1
8
10
4
-1
-1
2
7
3
-1
-3
-2
1
2
3
5
7
5
0
-1
-1
2
1
-2
-3
-4
-2
1
3
4
3
-1
-2
-1
2
3
3
1
0
2
5
4
6
2
4
8
8
7
3
0
2
7
10
8
3
0
1
3
2
-1
-1
2
3
2
2
3
-1
-2
0
0
-3
-5
-4
2
6
0
-2
4
4
1
-5
-9
-7
-7
-11
-8
-5
-2
0
-4
-4
1
-1
-5
-9
-10
-3
-1
-4
-4
-1
5
5
-2
-3
-1
-2
-3
-4
-2
1
0
0
3
3
-2
-4
-2
1
-1
-1
1
0
-4
-3
-4
-5
-4
-4
-5
-3
-3
-2
1
0
-5
-5
-5
-9
-10
-11
-8
-5
-6
-6
-1
-3
-5
-2
1
-2
-2
1
2
5
0
-5
3
9
3
1
2
3
6
-2
-7
-3
0
-2
-3
-1
3
7
5
1
-1
1
5
7
1
1
3
4
7
6
3
3
4
0
-1
4
-1
-7
-3
4
1
0
4
0
-6
-1
5
5
4
2
2
-1
0
3
5
5
7
7
7
3
1
2
1
1
1
1
0
-2
-1
0
1
0
-2
-2
0
1
0
3
4
7
5
2
1
-3
-3
2
2
1
3
4
1
0
1
2
3
5
4
3
3
0
0
2
4
1
-2
-3
-4
-4
-4
-5
-5
-2
-1
-4
-5
-3
-1
-3
-2
-3
-8
-10
-5
-2
-3
-4
-5
-7
-4
-2
-1
-1
-4
-6
-6
-5
-6
-2
-1
-2
-4
-3
-2
-5
-5
-5
-4
-6
-11
-11
-7
-3
-5
-7
-7
-4
-3
-1
-1
-2
-4
-3
0
0
-5
-8
-5
-3
0
0
2
4
4
2
2
1
-2
-5
-6
-5
-3
-2
-1
3
5
5
3
2
5
7
9
5
4
5
9
7
4
4
6
8
9
7
6
6
6
6
6
7
7
7
7
10
9
10
11
11
13
14
12
11
10
7
6
2
0
0
-1
-1
0
-1
-2
-1
0
-2
-3
-5
-2
-4
-3
-2
0
2
2
2
2
3
2
1
1
0
0
0
-1
-4
-4
-7
-8
-3
-3
-6
-7
-11
-15
-13
-11
-11
-11
-10
-9
-2
1
0
0
-2
-2
0
-1
-5
-8
-11
-12
-9
-8
-7
-3
-5
-3
-2
-3
1
-1
-1
1
-2
-3
-2
-3
-2
-5
-5
-5
-5
-4
-4
-7
-7
-6
-7
-4
-3
-8
-6
-6
-9
-4
-2
-5
-2
-3
-6
-3
-3
-5
0
2
3
6
5
1
0
3
4
5
5
4
5
8
11
12
11
8
9
9
3
0
-3
-4
-2
-1
0
1
2
3
4
2
0
-1
1
2
3
2
1
1
2
4
4
3
-1
-2
0
2
2
0
-1
-1
2
9
12
9
6
3
5
8
7
3
3
6
8
6
4
5
8
9
6
4
3
3
3
3
4
3
1
-1
2
4
7
6
3
1
1
-1
-4
-4
-2
-1
-2
-6
-5
-4
-4
-5
-4
2
0
-5
-5
-3
-2
-4
-5
-2
0
-2
-7
-6
-5
-5
-8
-9
-6
-5
-6
-7
-7
-6
-5
-6
-9
-10
-12
-13
-14
-13
-13
-12
-9
-5
-2
-2
-6
-7
-8
-6
-8
-11
-11
-7
-5
-6
-7
-6
-4
-5
-6
-8
-7
-5
-4
-4
-4
-5
-1
2
0
-2
-2
2
4
1
-3
-1
2
3
2
2
2
2
3
4
3
3
7
8
7
4
4
7
4
0
-2
2
7
9
6
5
3
7
11
15
13
7
5
8
8
6
1
2
5
7
7
7
6
6
5
4
3
4
3
2
1
0
0
-2
0
0
2
3
4
5
8
9
9
7
5
2
-1
-2
0
1
-1
-3
-2
2
5
1
-1
0
2
2
-1
-1
2
1
0
-1
-3
0
4
5
6
5
2
-1
-3
-5
-5
-6
-7
-8
-7
-7
-4
-2
0
0
-2
-3
-6
-5
-5
-4
-5
-6
-5
-5
-6
-6
-7
-9
-8
-6
-4
-2
-4
-6
-7
-5
-5
-5
-7
-7
-3
1
-2
-5
-7
-6
-7
-8
-7
-6
-7
-8
-7
-3
-3
-4
-4
-1
2
2
2
2
2
0
0
1
-1
-5
-7
-4
-1
-1
-1
0
-1
-1
-2
-2
-1
-2
1
1
1
-1
-1
0
1
1
4
6
6
4
2
4
2
0
0
2
3
5
9
13
10
4
2
7
9
6
1
-1
-1
2
5
5
4
2
4
7
6
0
3
6
5
2
0
3
4
2
3
6
5
1
0
2
4
2
-1
0
4
4
5
4
2
0
1
4
2
-1
-4
-3
-2
1
0
0
0
1
2
5
1
-3
-6
-3
-3
-4
-6
-5
-5
-4
-3
-1
-2
-2
-1
0
-2
-5
-7
-5
-1
-1
-2
-3
-1
2
6
6
5
2
1
2
1
-4
-4
-1
-2
0
2
7
4
3
3
5
1
-5
-5
-2
1
-3
-6
-6
-5
-5
-5
-3
-2
-3
-5
-5
-6
-8
-9
-8
-5
-5
-5
-1
-1
-2
-4
-3
-2
-1
-1
0
3
4
1
-5
-7
-5
-1
-3
-5
-7
-5
-3
-3
-4
-2
-2
-5
-10
-8
-5
-3
-4
-1
2
5
2
3
2
-1
-3
0
3
4
0
1
3
4
1
0
5
9
11
10
9
8
6
7
8
10
8
7
6
3
2
4
4
1
-1
1
7
6
3
-2
-2
-1
0
-2
-2
0
2
6
8
6
2
2
4
6
4
1
2
3
2
4
5
5
3
0
-1
-4
-4
-4
-5
-4
-4
-3
0
2
2
1
-2
-6
-6
-3
-1
-5
-11
-11
-6
-1
-3
-2
-3
-3
-3
-4
-3
-4
-6
-6
-3
0
1
2
3
1
-1
2
1
0
-3
-2
1
-1
-3
0
5
6
-1
-3
-1
2
1
2
5
5
2
-3
-3
-3
-3
-4
-4
0
4
3
0
-1
2
3
0
-1
0
-1
-4
-9
-9
-8
-3
0
0
-3
-6
-7
-2
3
4
2
-1
-1
1
1
-1
0
2
5
5
6
5
5
5
3
2
0
-4
-9
-8
-7
-5
-4
-2
2
3
3
3
4
3
1
-1
-1
3
3
-2
-4
-1
0
1
3
4
2
-1
-1
0
0
-2
-6
-3
-3
0
0
2
1
2
2
2
1
2
2
1
0
2
5
7
5
0
-4
-4
-2
0
-3
-4
-3
1
3
3
4
4
2
1
1
5
4
1
-1
1
2
-1
-3
0
5
6
7
8
6
4
3
2
-2
-4
-2
-3
-4
-3
-2
-3
-1
-1
1
1
3
5
6
4
-2
-3
-1
1
1
3
2
-1
0
3
1
-2
-2
-1
-5
-4
-2
-3
-5
-5
-2
-3
-1
3
3
-2
-3
1
3
-1
-4
1
4
-2
-9
-9
-6
-9
-9
-7
-6
-7
-6
-8
-7
-4
-4
-5
-2
0
-3
-5
-1
-1
-2
-3
1
0
1
5
5
-2
-1
4
3
-3
-6
-5
-3
3
4
1
0
5
5
5
7
5
-1
0
0
-7
-12
-7
-1
-1
2
6
6
4
3
3
5
6
4
-2
-2
1
-1
-1
2
3
1
2
0
2
6
9
7
8
12
13
8
5
3
3
6
8
5
3
7
10
6
5
6
-2
-5
-4
-8
-13
-10
-6
-3
0
3
7
5
5
4
3
2
2
-2
-2
-3
-2
1
3
2
-1
-3
-4
-8
-13
-13
-13
-13
-8
1
3
-1
-4
-6
-12
-13
-14
-16
-14
0
13
22
29
30
15
0
-13
-25
-39
-39
-28
-15
1
22
38
39
33
18
-2
-22
-32
-35
-34
-20
-1
19
35
41
37
23
4
-15
-31
-39
-40
-29
-10
9
22
30
31
26
13
-2
-14
-23
-28
-26
-20
-8
7
23
29
25
21
14
2
-6
-5
-5
-3
6
15
20
25
31
25
17
10
0
-9
-10
-8
-7
-4
8
16
20
18
13
2
-8
-12
-12
-12
-10
-6
-1
5
8
9
8
4
-5
-13
-18
-22
-25
-21
-11
-2
3
5
7
5
0
-7
-11
-20
-32
-37
-34
-33
-29
-20
-18
-24
-28
-31
-39
-48
-51
-52
-46
-36
-24
-16
-7
1
3
-4
-16
-32
-49
-56
-50
-38
-27
-6
15
26
29
26
13
-13
-31
-42
-53
-53
-30
-2
20
41
58
58
52
51
46
34
28
33
45
63
89
108
116
119
114
97
78
63
50
44
48
59
71
86
99
103
95
85
75
54
39
42
58
69
90
109
115
115
114
100
71
47
21
-10
-30
-32
-27
-23
-15
-3
9
14
4
-17
-35
-45
-54
-64
-73
-75
-67
-60
-58
-64
-73
-93
-129
-165
-187
-202
-220
-236
-241
-239
-235
-227
-220
-228
-240
-244
-250
-257
-252
-233
-204
-160
-114
-95
-82
-45
-35
-60
-72
-78
-85
-81
-64
-28
10
39
71
93
96
89
62
22
-4
-20
-31
-23
11
56
89
123
158
174
167
160
158
142
132
133
146
166
195
221
237
254
264
257
242
236
232
226
226
234
248
260
269
271
269
261
247
232
218
208
201
198
201
200
192
176
154
136
110
78
50
21
8
-2
-12
-8
-9
-4
-10
-26
-36
-57
-82
-108
-142
-162
-174
-185
-194
-201
-212
-242
-271
-294
-322
-349
-364
-375
-380
-364
-342
-320
-298
-285
-290
-309
-326
-350
-379
-402
-411
-396
-364
-329
-297
-256
-238
-263
-307
-347
-375
-417
-426
-389
-321
-226
-126
-3
93
164
208
204
200
182
166
163
175
226
277
328
395
434
439
407
361
304
227
157
108
77
67
79
99
127
150
161
160
161
169
180
199
236
301
362
431
501
549
583
581
576
557
519
482
436
408
382
349
310
260
211
153
94
46
13
-14
-30
-34
-21
-4
5
10
12
13
8
-2
-5
-3
0
-9
-29
-52
-88
-142
-201
-266
-324
-368
-415
-441
-450
-473
-488
-506
-527
-527
-525
-520
-500
-486
-461
-409
-365
-336
-329
-334
-337
-354
-391
-426
-438
-417
-372
-323
-279
-242
-223
-240
-284
-339
-401
-463
-497
-483
-426
-345
-237
-126
-45
11
25
-38
-142
-212
-211
-146
-20
205
488
732
962
1127
1161
1093
937
731
483
289
176
106
115
187
290
346
358
350
264
146
50
-23
-43
18
145
317
505
671
794
847
839
776
663
557
468
410
391
405
446
472
492
465
378
273
155
37
-74
-136
-149
-140
-101
-46
-9
-7
-31
-83
-156
-218
-251
-263
-248
-194
-128
-77
-45
-42
-90
-183
-287
-395
-500
-585
-633
-649
-633
-590
-555
-538
-534
-547
-588
-638
-671
-686
-682
-646
-580
-509
-435
-352
-295
-253
-216
-195
-198
-221
-227
-235
-271
-277
-280
-297
-320
-345
-363
-412
-440
-439
-437
-400
-358
-295
-235
-176
-119
-115
-111
-110
-109
-80
-21
88
199
325
456
536
584
592
576
548
510
495
492
534
621
697
778
853
902
905
866
820
754
685
648
619
610
629
666
694
701
709
691
646
601
547
481
419
391
369
344
348
356
335
302
279
228
144
78
30
-27
-75
-89
-99
-124
-141
-158
-189
-227
-260
-293
-324
-349
-373
-390
-402
-417
-429
-440
-456
-478
-505
-537
-571
-604
-635
-655
-657
-647
-629
-607
-588
-581
-584
-601
-623
-640
-649
-650
-626
-579
-546
-517
-463
-414
-391
-376
-351
-347
-372
-373
-355
-365
-351
-279
-222
-175
-130
-70
-38
-94
-154
-326
-632
-900
-1087
-1148
-1065
-901
-733
-545
-315
-118
28
126
244
380
464
614
833
1077
1341
1572
1775
1875
1867
1793
1631
1470
1314
1138
965
843
812
775
753
765
718
621
498
383
256
141
118
122
172
291
419
515
587
675
661
538
407
172
-116
-315
-434
-478
-451
-334
-157
-52
45
119
50
-46
-151
-244
-322
-341
-249
-183
-88
36
97
92
55
5
-132
-264
-336
-408
-444
-384
-280
-214
-124
-33
-39
-117
-181
-268
-412
-500
-511
-542
-580
-536
-480
-498
-527
-535
-571
-604
-588
-594
-598
-508
-392
-360
-347
-292
-285
-358
-422
-467
-542
-602
-608
-599
-568
-481
-391
-349
-284
-205
-220
-293
-332
-408
-642
-983
-1315
-1572
-1752
-1880
-1977
-1957
-1704
-1341
-963
-498
94
660
1020
1321
1623
1857
2026
2132
2241
2346
2423
2417
2347
2313
2227
1967
1604
1294
1021
714
412
221
154
130
124
167
265
347
366
365
404
469
497
515
606
754
850
872
895
913
825
606
343
128
-34
-179
-303
-338
-285
-237
-225
-190
-161
-230
-378
-510
-592
-644
-670
-634
-499
-310
-176
-101
-1
91
78
-6
-69
-125
-211
-263
-232
-186
-185
-218
-271
-337
-402
-503
-656
-788
-855
-895
-912
-859
-783
-751
-738
-702
-684
-701
-685
-661
-629
-570
-482
-367
-292
-218
-197
-246
-291
-367
-471
-592
-640
-611
-601
-556
-461
-339
-251
-249
-265
-285
-335
-406
-479
-546
-721
-1027
-1359
-1653
-1825
-1970
-2095
-2028
-1756
-1327
-840
-311
313
926
1381
1690
1959
2198
2328
2361
2410
2512
2576
2557
2507
2469
2368
2120
1780
1445
1113
751
415
190
78
26
26
109
250
363
412
452
513
548
539
557
661
804
924
1036
1161
1207
1066
805
566
347
75
-189
-330
-367
-391
-417
-414
-394
-407
-475
-562
-602
-592
-585
-562
-451
-272
-137
-48
67
176
187
120
42
-52
-166
-265
-319
-333
-330
-335
-369
-410
-463
-564
-698
-817
-906
-988
-1053
-1064
-1041
-1014
-980
-922
-859
-814
-792
-779
-754
-700
-628
-550
-473
-399
-336
-292
-266
-282
-365
-493
-602
-679
-749
-800
-798
-756
-731
-729
-699
-629
-569
-543
-538
-584
-767
-1090
-1466
-1792
-2019
-2161
-2229
-2133
-1776
-1277
-734
-140
524
1126
1540
1864
2129
2331
2456
2528
2642
2779
2906
2943
2908
2862
2735
2452
2059
1650
1243
820
440
206
75
40
84
160
285
395
496
552
589
665
706
752
866
1046
1204
1321
1430
1508
1449
1210
879
474
104
-203
-466
-608
-653
-616
-544
-481
-393
-379
-438
-506
-612
-705
-752
-703
-568
-405
-181
11
116
175
172
108
-39
-198
-339
-482
-552
-550
-516
-486
-456
-441
-507
-632
-784
-948
-1109
-1210
-1236
-1220
-1150
-1056
-958
-865
-803
-753
-763
-772
-774
-802
-783
-719
-627
-520
-403
-279
-258
-296
-372
-510
-658
-802
-911
-1005
-1021
-933
-822
-685
-592
-520
-463
-495
-538
-620
-792
-1058
-1439
-1810
-2060
-2174
-2227
-2174
-1872
-1384
-850
-336
245
913
1464
1866
2162
2414
2665
2796
2880
3012
3145
3193
3123
3052
2967
2759
2392
1958
1576
1175
757
421
216
149
130
155
242
356
485
564
649
744
793
844
922
1054
1172
1265
1389
1451
1451
1366
1170
840
382
-16
-321
-577
-746
-786
-688
-608
-546
-455
-424
-485
-619
-748
-845
-891
-854
-775
-598
-323
-83
59
142
183
106
-66
-229
-367
-518
-615
-606
-543
-494
-475
-501
-583
-700
-873
-1110
-1307
-1398
-1440
-1463
-1391
-1227
-1090
-999
-893
-787
-743
-744
-756
-789
-775
-718
-644
-573
-478
-367
-350
-358
-379
-480
-638
-809
-914
-1016
-1075
-1013
-899
-754
-614
-497
-451
-479
-500
-562
-695
-908
-1226
-1559
-1824
-1960
-2048
-2090
-1903
-1499
-999
-488
85
766
1357
1789
2132
2425
2692
2840
2929
3054
3203
3334
3321
3235
3190
3055
2756
2330
1916
1523
1075
693
433
293
242
225
303
431
553
625
666
730
761
772
837
977
1120
1234
1337
1439
1509
1479
1388
1218
978
629
157
-274
-604
-844
-1041
-1156
-1140
-1117
-1109
-1088
-1054
-1002
-990
-955
-891
-785
-627
-493
-333
-151
-9
41
18
12
-70
-247
-418
-562
-685
-821
-885
-882
-892
-903
-930
-966
-1029
-1119
-1209
-1274
-1283
-1276
-1258
-1178
-1044
-943
-868
-772
-685
-643
-616
-590
-573
-556
-535
-503
-442
-386
-387
-406
-404
-430
-489
-533
-567
-619
-663
-680
-687
-661
-588
-492
-401
-311
-237
-194
-147
-105
-122
-256
-518
-886
-1288
-1644
-1920
-2129
-2249
-2086
-1655
-1105
-499
174
952
1577
1998
2300
2507
2703
2797
2860
2975
3149
3336
3355
3351
3344
3175
2832
2348
1903
1446
974
609
354
279
286
332
444
601
744
774
755
760
744
674
652
754
909
1051
1200
1364
1437
1324
1046
695
343
-7
-354
-602
-677
-661
-650
-595
-474
-418
-512
-664
-804
-959
-1126
-1243
-1253
-1153
-996
-830
-643
-454
-366
-408
-485
-555
-684
-857
-958
-959
-925
-872
-782
-692
-651
-677
-799
-985
-1155
-1308
-1473
-1585
-1567
-1468
-1356
-1218
-1063
-959
-914
-885
-879
-905
-914
-892
-858
-774
-624
-462
-317
-177
-89
-99
-164
-247
-359
-475
-521
-514
-501
-432
-288
-135
-23
52
52
-8
-64
-116
-200
-287
-265
-299
-512
-785
-1034
-1213
-1474
-1726
-1798
-1619
-1197
-755
-208
538
1326
1950
2320
2683
3004
3084
3043
2988
3028
3087
3055
3060
3078
3100
2995
2639
2280
1905
1442
962
573
367
194
95
184
358
519
650
781
886
907
831
718
665
695
741
801
933
1044
1005
888
770
577
254
-82
-337
-551
-726
-808
-837
-873
-906
-947
-1029
-1119
-1173
-1228
-1278
-1262
-1193
-1105
-971
-813
-709
-666
-611
-580
-645
-749
-804
-846
-916
-957
-968
-951
-948
-965
-1003
-1069
-1126
-1241
-1359
-1411
-1452
-1482
-1467
-1357
-1232
-1137
-1008
-883
-817
-799
-771
-742
-702
-619
-514
-412
-296
-178
-109
-73
-32
-29
-68
-109
-159
-241
-291
-275
-229
-162
-70
33
73
76
88
56
17
0
21
64
68
68
-10
-221
-510
-848
-1169
-1497
-1812
-1940
-1797
-1385
-858
-253
523
1310
1929
2349
2673
2940
3019
2993
2993
3037
3150
3243
3313
3394
3388
3219
2870
2426
1967
1414
865
465
191
58
34
131
305
465
619
687
660
605
519
430
375
372
422
528
647
680
644
627
570
368
118
-52
-176
-325
-450
-489
-491
-511
-567
-669
-788
-922
-1112
-1327
-1486
-1548
-1580
-1597
-1487
-1294
-1174
-1076
-946
-871
-871
-902
-931
-940
-936
-927
-914
-880
-821
-811
-873
-948
-1031
-1167
-1323
-1438
-1514
-1571
-1578
-1513
-1392
-1233
-1077
-924
-766
-643
-585
-570
-531
-429
-340
-268
-166
-65
32
74
62
57
18
-49
-38
-28
-44
18
111
213
238
246
311
273
167
49
-6
-25
-87
-94
-98
-135
-257
-519
-824
-1091
-1341
-1716
-1996
-1872
-1497
-1041
-477
324
1225
1876
2349
2724
3028
3217
3162
3084
3063
3100
3113
3045
3182
3310
3203
2919
2525
2147
1591
983
560
239
75
-15
7
171
342
517
589
610
623
522
414
290
204
169
161
267
384
529
650
672
649
472
222
-60
-348
-562
-778
-884
-903
-890
-850
-887
-877
-908
-1034
-1193
-1358
-1425
-1478
-1475
-1416
-1314
-1119
-986
-895
-808
-716
-697
-778
-788
-817
-887
-917
-921
-900
-917
-916
-915
-978
-1035
-1137
-1228
-1291
-1347
-1327
-1284
-1181
-1050
-911
-740
-624
-522
-470
-466
-435
-436
-406
-346
-266
-174
-93
38
133
197
242
199
159
118
90
-5
-60
10
9
31
82
140
181
117
120
87
16
-61
-264
-415
-631
-960
-1248
-1471
-1542
-1711
-1839
-1582
-1149
-630
-155
496
1311
1834
2243
2554
2851
3085
3082
3134
3187
3284
3357
3255
3248
3223
3026
2675
2252
1894
1413
902
561
321
202
119
140
266
364
471
475
487
500
390
254
100
48
26
-6
89
194
334
433
489
557
523
460
319
181
83
-112
-264
-397
-493
-605
-792
-894
-1021
-1177
-1310
-1446
-1513
-1578
-1621
-1582
-1509
-1348
-1210
-1107
-949
-824
-731
-720
-697
-651
-691
-721
-794
-839
-906
-969
-1000
-1100
-1140
-1214
-1279
-1320
-1343
-1314
-1307
-1222
-1129
-1053
-941
-814
-708
-653
-592
-533
-486
-443
-382
-303
-208
-116
-46
43
151
239
266
279
292
263
205
189
196
170
138
129
151
134
119
155
114
27
-110
-278
-473
-788
-1103
-1414
-1662
-1870
-2126
-2081
-1737
-1248
-699
-85
763
1474
2003
2460
2788
3123
3225
3208
3248
3297
3431
3412
3392
3433
3302
3059
2665
2280
1844
1307
880
536
317
180
134
225
328
422
467
466
468
398
304
224
138
119
139
243
368
465
595
657
669
600
469
308
64
-153
-322
-447
-524
-561
-579
-646
-746
-863
-1019
-1208
-1370
-1505
-1623
-1657
-1592
-1477
-1326
-1127
-943
-828
-744
-676
-669
-707
-736
-766
-825
-860
-850
-843
-863
-888
-945
-1058
-1183
-1292
-1408
-1513
-1554
-1547
-1507
-1398
-1228
-1081
-959
-816
-699
-655
-609
-531
-492
-463
-372
-256
-170
-68
56
140
189
237
268
274
266
230
170
114
57
42
30
21
4
-16
7
6
15
-34
-137
-274
-603
-1073
-1588
-1984
-2294
-2619
-2642
-2333
-1770
-1051
-315
619
1537
2213
2736
3048
3313
3444
3426
3464
3513
3684
3806
3865
3970
3898
3701
3298
2767
2234
1576
1014
545
228
135
61
125
269
404
498
435
362
254
134
55
16
138
304
472
655
796
920
923
798
609
402
210
-48
-259
-361
-444
-505
-596
-672
-786
-954
-1118
-1350
-1544
-1690
-1796
-1816
-1782
-1656
-1503
-1324
-1133
-1001
-922
-869
-848
-872
-876
-845
-809
-779
-730
-698
-729
-798
-888
-1020
-1189
-1331
-1480
-1586
-1644
-1672
-1614
-1547
-1427
-1304
-1190
-1059
-974
-871
-786
-696
-567
-442
-294
-126
33
132
197
238
229
198
187
204
211
230
275
289
277
253
211
182
188
177
177
166
127
117
52
26
15
-121
-222
-438
-745
-1117
-1602
-1843
-2112
-2411
-2324
-1984
-1369
-747
-66
909
1676
2291
2736
3002
3338
3415
3410
3465
3580
3811
3822
3864
3962
3876
3633
3184
2761
2260
1641
1152
720
429
270
185
232
284
353
375
308
256
177
67
1
56
146
260
453
650
841
940
922
726
310
-26
-365
-796
-1088
-1259
-1250
-1273
-1278
-1134
-1189
-1278
-1426
-1603
-1744
-1921
-1916
-1939
-1854
-1632
-1433
-1218
-1023
-764
-677
-727
-741
-787
-891
-980
-959
-937
-919
-860
-804
-822
-876
-950
-1091
-1258
-1404
-1539
-1653
-1631
-1544
-1415
-1240
-1045
-851
-773
-664
-569
-536
-464
-360
-207
-75
92
297
443
561
653
685
629
534
437
327
240
215
239
274
335
400
437
432
381
297
199
116
51
27
64
133
216
302
345
306
204
-27
-467
-1001
-1487
-1882
-2279
-2467
-2227
-1737
-1142
-476
343
1178
1814
2286
2572
2803
2955
2958
2962
3072
3341
3573
3696
3883
3980
3862
3542
3088
2614
2007
1377
851
414
178
38
-20
30
65
56
-44
-168
-310
-529
-695
-739
-693
-569
-343
-30
252
411
445
371
190
-61
-362
-627
-765
-839
-863
-846
-742
-613
-653
-759
-916
-1152
-1421
-1717
-1881
-1952
-1955
-1811
-1631
-1371
-1117
-978
-888
-862
-905
-1023
-1118
-1110
-1099
-1064
-922
-719
-562
-464
-409
-441
-578
-773
-977
-1169
-1283
-1297
-1241
-1106
-891
-674
-513
-383
-287
-274
-318
-339
-306
-225
-89
112
353
575
724
805
820
746
591
416
276
195
178
208
273
370
465
508
497
450
354
207
56
-52
-120
-135
-58
69
176
240
260
143
-206
-720
-1222
-1713
-2211
-2484
-2394
-1960
-1357
-653
219
1047
1725
2186
2409
2566
2595
2539
2501
2578
2875
3158
3393
3680
3854
3818
3533
3111
2572
1858
1173
561
74
-204
-333
-291
-187
-79
-36
-143
-284
-501
-773
-974
-1062
-1005
-846
-559
-160
217
535
716
686
547
326
6
-390
-695
-791
-860
-898
-792
-642
-582
-655
-738
-867
-1132
-1386
-1590
-1729
-1749
-1674
-1499
-1274
-1006
-765
-651
-577
-558
-643
-765
-824
-786
-761
-687
-509
-340
-249
-224
-218
-286
-440
-607
-769
-908
-992
-998
-927
-786
-617
-483
-390
-320
-295
-324
-330
-271
-186
-86
56
231
385
498
558
567
537
477
381
269
181
133
108
120
174
224
265
271
235
183
102
30
-56
-120
-117
-115
-100
-92
-97
-97
-206
-475
-877
-1297
-1678
-2101
-2404
-2377
-2044
-1545
-967
-226
597
1274
1753
2071
2323
2470
2469
2487
2597
2813
3045
3216
3423
3576
3569
3337
2950
2528
1956
1316
762
345
61
-128
-151
-92
-46
-25
-93
-210
-358
-549
-717
-804
-760
-622
-415
-83
269
555
719
751
673
419
84
-241
-488
-640
-744
-722
-610
-492
-422
-418
-452
-602
-837
-1063
-1289
-1453
-1520
-1480
-1343
-1168
-936
-733
-596
-482
-480
-580
-691
-749
-768
-779
-674
-494
-366
-268
-165
-140
-234
-371
-527
-719
-887
-982
-1024
-997
-874
-721
-592
-471
-360
-329
-328
-326
-324
-323
-296
-180
-47
110
287
399
455
456
418
323
197
98
7
-58
-60
-17
18
81
164
171
113
28
-72
-202
-339
-373
-351
-343
-306
-293
-276
-339
-591
-937
-1296
-1611
-1978
-2296
-2268
-1974
-1514
-964
-279
565
1258
1765
2157
2419
2604
2635
2619
2675
2807
3027
3200
3392
3591
3603
3430
3082
2650
2120
1480
943
480
130
-48
-163
-154
-112
-81
-70
-173
-289
-444
-596
-673
-691
-578
-397
-129
220
534
778
906
910
716
407
86
-284
-548
-703
-739
-678
-631
-501
-454
-532
-620
-815
-1079
-1352
-1535
-1633
-1671
-1505
-1286
-1075
-832
-595
-416
-393
-425
-488
-603
-700
-750
-723
-609
-428
-279
-208
-197
-243
-384
-590
-788
-969
-1124
-1195
-1149
-1073
-922
-736
-559
-417
-346
-263
-286
-338
-330
-312
-227
-127
17
172
317
444
450
375
293
203
66
-60
-117
-121
-117
-94
-40
-2
16
21
7
-39
-108
-170
-212
-263
-324
-393
-484
-597
-832
-1130
-1408
-1658
-1844
-2036
-2063
-1811
-1391
-843
-289
376
1096
1640
2065
2359
2654
2884
2958
3064
3177
3366
3522
3586
3662
3635
3502
3191
2734
2280
1752
1218
731
334
74
-138
-269
-329
-369
-398
-460
-549
-646
-721
-761
-728
-607
-391
-123
169
463
724
895
947
889
699
477
215
-66
-307
-506
-621
-785
-936
-1017
-1122
-1240
-1406
-1538
-1644
-1729
-1749
-1715
-1596
-1405
-1204
-1027
-834
-637
-512
-467
-433
-378
-359
-362
-335
-281
-237
-210
-201
-222
-276
-372
-502
-637
-763
-878
-968
-1011
-1009
-970
-902
-820
-742
-672
-608
-546
-479
-403
-312
-200
-69
75
222
352
450
508
521
484
409
315
216
126
60
35
54
94
135
172
198
195
145
51
-55
-142
-232
-337
-444
-519
-599
-779
-1073
-1413
-1696
-1906
-2097
-2193
-2042
-1669
-1167
-577
41
764
1443
1939
2300
2542
2772
2923
3019
3126
3259
3451
3566
3619
3612
3501
3250
2823
2302
1748
1202
689
257
-53
-252
-372
-449
-493
-529
-582
-650
-729
-791
-823
-792
-671
-453
-192
88
403
679
883
965
953
896
763
589
310
47
-131
-317
-549
-863
-1067
-1212
-1418
-1589
-1746
-1784
-1797
-1873
-1817
-1688
-1539
-1379
-1227
-1010
-827
-663
-510
-384
-223
-117
-47
15
90
176
162
127
110
36
-98
-243
-327
-436
-567
-646
-700
-745
-807
-855
-884
-915
-902
-891
-841
-725
-591
-438
-279
-81
103
231
373
494
561
586
591
588
542
473
393
314
246
154
66
9
-20
-74
-151
-194
-226
-262
-296
-322
-317
-314
-304
-308
-364
-431
-553
-761
-1005
-1259
-1449
-1555
-1579
-1489
-1299
-946
-482
-30
418
871
1308
1638
1838
2008
2174
2330
2463
2575
2701
2832
2924
2902
2800
2648
2402
2039
1602
1187
807
455
183
-21
-163
-249
-326
-385
-459
-525
-568
-626
-644
-627
-563
-407
-201
29
240
451
646
762
807
800
750
637
452
238
50
-112
-288
-490
-658
-773
-934
-1146
-1321
-1439
-1527
-1600
-1625
-1567
-1439
-1270
-1065
-840
-609
-401
-251
-138
-34
41
82
120
168
197
199
212
231
184
72
-39
-154
-318
-493
-624
-707
-776
-848
-887
-866
-817
-782
-750
-681
-587
-521
-468
-379
-272
-170
-58
46
143
222
272
311
342
344
315
272
232
189
112
45
30
4
-75
-145
-166
-194
-251
-297
-339
-400
-468
-541
-651
-791
-941
-1131
-1369
-1588
-1726
-1774
-1730
-1604
-1411
-1115
-696
-231
183
590
1035
1428
1689
1900
2138
2370
2535
2648
2756
2866
2924
2880
2745
2583
2380
2054
1651
1292
976
676
415
214
64
-77
-199
-288
-357
-410
-435
-452
-443
-387
-281
-134
60
267
443
606
774
869
873
870
866
792
662
541
433
300
88
-199
-488
-755
-1087
-1474
-1746
-1835
-1869
-1890
-1749
-1490
-1242
-1032
-797
-556
-432
-331
-234
-161
-63
48
166
265
385
466
423
350
295
146
-127
-363
-529
-722
-904
-949
-912
-899
-882
-838
-814
-831
-835
-860
-867
-831
-781
-681
-540
-332
-149
-3
169
288
349
368
373
342
268
209
152
97
64
37
-12
-55
-94
-189
-314
-410
-495
-593
-660
-663
-625
-613
-572
-501
-491
-552
-720
-926
-1162
-1417
-1563
-1615
-1543
-1355
-1113
-762
-337
116
544
912
1287
1582
1767
1929
2095
2287
2454
2606
2742
2819
2868
2836
2705
2508
2258
1950
1559
1203
923
677
485
350
237
127
45
-32
-133
-206
-242
-287
-319
-270
-152
-4
171
367
540
672
761
796
788
776
725
618
519
417
274
63
-167
-388
-724
-1074
-1298
-1480
-1660
-1787
-1740
-1624
-1562
-1402
-1189
-1013
-851
-704
-581
-493
-374
-252
-181
-73
75
153
159
181
185
83
-88
-232
-375
-563
-726
-815
-869
-908
-917
-906
-900
-892
-900
-925
-934
-906
-869
-805
-682
-528
-376
-195
-1
139
230
309
354
352
347
339
322
313
292
230
163
123
54
-61
-137
-174
-237
-311
-325
-299
-285
-274
-242
-208
-195
-167
-182
-246
-325
-481
-694
-928
-1106
-1204
-1262
-1202
-1060
-886
-604
-228
156
509
849
1204
1474
1662
1865
2034
2209
2379
2486
2574
2660
2710
2640
2502
2365
2152
1822
1465
1154
869
610
396
242
127
27
-58
-123
-166
-216
-270
-309
-295
-269
-208
-61
101
258
392
544
653
665
674
661
589
469
346
222
69
-103
-355
-672
-960
-1245
-1611
-1909
-1992
-1986
-1987
-1852
-1559
-1301
-1115
-865
-618
-502
-438
-332
-276
-256
-166
-76
-20
73
189
192
103
77
-36
-294
-510
-631
-770
-949
-978
-907
-894
-872
-786
-738
-763
-774
-782
-819
-804
-720
-642
-527
-305
-76
87
252
418
489
483
481
458
394
354
344
307
273
278
258
197
149
87
-22
-106
-160
-242
-317
-319
-317
-361
-373
-342
-364
-455
-561
-697
-883
-1060
-1165
-1185
-1129
-992
-833
-608
-250
124
447
766
1149
1490
1710
1927
2142
2328
2449
2507
2544
2543
2541
2469
2307
2170
1990
1720
1387
1099
851
548
296
123
-26
-163
-253
-290
-319
-330
-321
-305
-279
-218
-140
-52
81
221
324
425
539
605
630
623
601
530
410
282
91
-116
-347
-678
-1030
-1375
-1666
-1891
-2050
-2058
-1998
-1860
-1620
-1370
-1129
-896
-679
-537
-448
-326
-221
-166
-74
78
202
282
362
408
368
271
140
-58
-279
-444
-589
-742
-827
-828
-824
-818
-779
-754
-767
-763
-745
-757
-742
-646
-512
-378
-208
-7
177
320
420
474
489
478
438
373
334
312
251
183
153
117
56
-29
-86
-163
-270
-318
-363
-397
-384
-356
-310
-281
-226
-181
-221
-258
-336
-527
-736
-924
-1087
-1207
-1233
-1114
-982
-811
-501
-149
187
495
828
1163
1407
1613
1787
1959
2153
2291
2380
2444
2524
2532
2398
2246
2080
1831
1497
1186
928
660
422
245
111
-3
-93
-178
-238
-261
-276
-288
-262
-210
-152
-60
80
220
346
489
629
711
740
739
693
586
423
199
-50
-287
-543
-825
-1025
-1125
-1259
-1423
-1465
-1419
-1437
-1474
-1390
-1249
-1154
-1020
-793
-583
-401
-200
-45
57
169
241
216
180
196
156
25
-40
-48
-154
-300
-357
-399
-547
-688
-741
-818
-938
-988
-992
-995
-957
-890
-812
-717
-593
-477
-401
-299
-168
-81
5
124
203
240
290
332
318
284
260
219
160
108
51
-5
-48
-102
-172
-232
-267
-307
-377
-413
-380
-366
-393
-369
-316
-326
-374
-422
-503
-630
-773
-915
-1024
-1061
-1041
-1003
-904
-668
-342
-30
286
649
1014
1314
1555
1768
1960
2123
2248
2328
2385
2430
2430
2357
2245
2109
1923
1675
1395
1118
866
634
417
236
115
48
-2
-37
-39
0
23
22
40
93
149
205
303
427
536
628
701
730
736
722
644
517
362
182
-119
-524
-862
-1176
-1491
-1718
-1771
-1659
-1535
-1331
-1018
-765
-596
-485
-420
-428
-486
-485
-475
-437
-302
-158
-67
23
128
122
-8
-127
-244
-459
-685
-797
-858
-921
-916
-838
-784
-765
-740
-767
-866
-949
-1014
-1082
-1094
-1008
-875
-715
-510
-304
-138
12
136
199
206
198
181
147
125
134
167
192
192
167
120
53
-43
-150
-235
-286
-333
-368
-338
-267
-231
-217
-168
-132
-166
-217
-245
-293
-395
-511
-624
-717
-783
-824
-822
-750
-644
-520
-304
2
340
646
971
1323
1603
1821
1992
2155
2285
2332
2340
2323
2331
2298
2192
2080
1977
1801
1526
1258
1028
783
516
331
201
97
13
7
35
62
70
95
134
165
184
209
272
355
419
470
538
593
564
458
326
170
-67
-370
-649
-852
-1005
-1123
-1154
-1088
-992
-929
-873
-796
-752
-784
-847
-882
-888
-881
-837
-735
-590
-456
-358
-290
-234
-238
-312
-406
-488
-576
-677
-724
-720
-684
-666
-635
-623
-634
-698
-779
-867
-944
-1014
-1053
-1031
-944
-810
-653
-479
-301
-161
-73
-12
37
44
32
38
61
72
89
122
140
123
78
19
-70
-141
-198
-235
-250
-207
-137
-80
-22
48
85
70
41
11
-48
-115
-179
-212
-263
-311
-358
-404
-439
-460
-502
-541
-560
-540
-432
-233
36
373
764
1168
1526
1819
2051
2206
2276
2278
2241
2195
2152
2115
2075
2014
1942
1841
1660
1428
1172
886
597
335
120
-31
-128
-178
-159
-93
-28
19
64
101
113
92
91
131
182
241
322
402
452
452
362
165
-77
-320
-600
-894
-1080
-1139
-1162
-1136
-1000
-829
-729
-662
-606
-622
-696
-760
-807
-841
-813
-721
-608
-474
-312
-203
-188
-194
-222
-332
-481
-586
-641
-695
-720
-656
-571
-541
-522
-521
-586
-689
-795
-895
-964
-965
-911
-827
-682
-491
-333
-209
-90
-12
-8
-28
-32
-52
-79
-58
-10
20
61
101
113
109
84
20
-67
-128
-174
-233
-272
-252
-215
-191
-157
-128
-102
-89
-92
-123
-165
-194
-248
-313
-384
-430
-450
-488
-488
-464
-439
-378
-238
-30
230
523
837
1176
1464
1698
1882
2020
2114
2140
2126
2094
2066
2015
1930
1851
1758
1621
1437
1216
987
752
502
283
114
-24
-107
-133
-113
-56
0
50
97
131
147
137
147
176
206
249
303
360
351
251
118
-25
-179
-363
-549
-677
-755
-799
-813
-783
-724
-691
-694
-702
-707
-737
-790
-832
-835
-812
-768
-689
-573
-452
-361
-293
-251
-242
-279
-334
-368
-393
-414
-437
-435
-419
-424
-452
-498
-536
-607
-712
-782
-817
-841
-840
-789
-701
-598
-500
-405
-320
-252
-203
-184
-177
-155
-124
-90
-38
39
95
110
108
92
31
-46
-100
-141
-181
-197
-184
-162
-135
-103
-82
-79
-87
-118
-170
-213
-235
-243
-256
-249
-229
-233
-249
-288
-330
-409
-504
-568
-589
-516
-347
-96
223
591
994
1351
1631
1859
2001
2058
2052
2020
1981
1935
1911
1893
1870
1840
1765
1636
1451
1210
937
647
382
163
0
-79
-95
-56
23
108
190
227
239
234
194
161
151
180
239
296
377
446
472
419
246
-6
-307
-624
-919
-1138
-1228
-1207
-1102
-918
-692
-493
-360
-319
-350
-458
-602
-730
-830
-832
-764
-647
-496
-319
-153
-87
-78
-118
-234
-379
-510
-603
-650
-647
-600
-529
-457
-416
-432
-494
-587
-726
-871
-966
-1010
-1001
-916
-764
-579
-394
-234
-115
-44
-29
-69
-126
-156
-160
-162
-145
-89
-19
26
44
43
8
-64
-162
-258
-324
-356
-360
-320
-239
-166
-122
-84
-63
-98
-170
-236
-288
-333
-357
-355
-336
-308
-283
-277
-283
-305
-353
-419
-456
-410
-274
-68
213
569
955
1307
1601
1835
1987
2047
2040
1990
1926
1872
1835
1824
1826
1832
1804
1703
1552
1353
1096
827
567
333
163
47
-3
32
103
186
264
316
339
317
257
214
186
167
186
247
334
424
477
477
432
284
-15
-359
-641
-883
-1098
-1215
-1218
-1160
-1079
-971
-846
-768
-747
-756
-790
-818
-805
-763
-698
-584
-441
-318
-223
-135
-87
-121
-196
-263
-368
-505
-594
-633
-665
-672
-649
-637
-657
-684
-727
-805
-874
-915
-952
-959
-896
-796
-678
-535
-392
-278
-201
-149
-107
-94
-102
-93
-73
-60
-33
-1
16
21
4
-37
-83
-138
-208
-261
-281
-291
-292
-257
-198
-144
-95
-43
-9
0
-11
-40
-71
-98
-119
-142
-153
-153
-151
-159
-191
-233
-287
-366
-397
-328
-195
-3
269
595
927
1224
1485
1708
1872
1964
1973
1947
1934
1908
1874
1874
1873
1847
1775
1655
1508
1333
1124
898
680
485
321
199
150
161
195
243
298
345
357
345
330
303
266
232
217
230
255
282
286
263
169
-22
-244
-462
-686
-899
-1087
-1193
-1251
-1284
-1228
-1127
-1021
-927
-872
-835
-830
-822
-802
-788
-736
-665
-593
-502
-395
-297
-242
-244
-266
-351
-472
-557
-632
-689
-735
-747
-745
-753
-749
-761
-773
-791
-821
-847
-861
-827
-779
-703
-590
-466
-346
-238
-145
-78
-21
18
31
30
46
64
66
73
92
88
53
32
19
-8
-43
-57
-58
-73
-76
-78
-64
-49
-40
-39
-60
-68
-70
-66
-34
11
59
68
66
58
27
-16
-94
-156
-214
-307
-346
-303
-162
27
251
538
846
1122
1336
1509
1654
1732
1722
1696
1704
1714
1721
1722
1730
1727
1664
1536
1368
1183
974
740
540
397
266
166
143
167
205
238
261
283
280
252
225
213
204
181
165
184
202
192
171
144
83
-25
-171
-325
-496
-732
-1045
-1341
-1543
-1681
-1763
-1696
-1479
-1229
-998
-743
-503
-373
-342
-347
-388
-463
-526
-543
-509
-411
-291
-214
-164
-117
-155
-283
-398
-502
-638
-773
-843
-830
-801
-755
-649
-539
-464
-410
-387
-379
-378
-397
-400
-364
-294
-209
-104
47
195
280
320
328
303
223
119
49
7
-56
-111
-143
-158
-160
-169
-184
-175
-167
-187
-207
-185
-152
-144
-123
-71
-17
20
48
81
110
116
92
55
10
-66
-170
-261
-342
-450
-564
-592
-510
-376
-209
37
354
651
887
1097
1291
1430
1487
1488
1480
1484
1484
1462
1464
1498
1495
1424
1323
1216
1069
869
687
544
401
275
208
198
228
276
306
343
375
368
338
319
310
302
283
282
300
305
298
282
235
152
11
-215
-458
-658
-832
-983
-1064
-1054
-1007
-987
-959
-909
-899
-920
-923
-896
-851
-774
-665
-524
-366
-228
-145
-91
-47
-52
-117
-189
-231
-278
-349
-414
-439
-449
-471
-497
-506
-520
-568
-620
-644
-650
-650
-628
-552
-437
-332
-237
-136
-40
29
52
57
67
59
41
41
47
55
67
69
81
69
18
-56
-120
-173
-253
-301
-287
-250
-224
-207
-143
-79
-43
-22
-6
7
-2
-31
-54
-55
-41
-34
-42
-38
-45
-110
-206
-296
-384
-502
-595
-579
-485
-333
-112
180
492
737
929
1090
1202
1250
1232
1207
1198
1180
1158
1166
1212
1239
1211
1150
1078
974
838
702
578
471
379
310
290
331
391
436
472
496
485
442
396
355
327
315
299
283
294
308
296
268
220
156
55
-65
-175
-306
-446
-670
-949
-1165
-1293
-1348
-1336
-1182
-933
-731
-554
-359
-223
-164
-133
-140
-192
-248
-249
-236
-201
-106
-40
-49
-70
-86
-172
-322
-424
-510
-654
-764
-777
-755
-709
-606
-483
-393
-339
-310
-321
-343
-340
-343
-348
-297
-199
-110
-28
72
142
128
65
-13
-110
-207
-289
-337
-335
-311
-291
-256
-200
-164
-177
-210
-225
-251
-306
-322
-274
-220
-158
-67
19
96
153
153
95
-1
-138
-309
-465
-563
-638
-699
-665
-523
-345
-163
65
332
553
717
864
973
1045
1104
1144
1191
1251
1291
1313
1337
1354
1328
1239
1127
1000
848
698
579
493
437
411
412
440
486
522
533
534
531
506
467
441
434
435
447
478
504
504
491
463
401
301
187
69
-53
-169
-274
-380
-499
-620
-724
-814
-894
-954
-960
-924
-881
-831
-754
-678
-637
-612
-579
-550
-516
-457
-390
-326
-251
-183
-159
-160
-172
-222
-313
-403
-484
-571
-645
-687
-697
-688
-662
-617
-563
-507
-466
-444
-422
-394
-377
-358
-300
-217
-137
-51
48
131
184
206
190
148
93
19
-69
-131
-164
-191
-204
-185
-156
-142
-137
-126
-118
-115
-114
-114
-107
-76
-31
17
74
135
176
200
220
226
207
172
125
49
-41
-122
-191
-237
-246
-224
-189
-140
-68
16
102
198
309
416
520
614
692
761
831
887
915
935
951
947
927
912
887
840
789
742
682
610
553
510
461
424
394
355
334
342
355
367
384
407
423
416
406
394
362
319
285
253
221
197
169
129
81
22
-58
-148
-234
-322
-413
-492
-543
-576
-594
-599
-592
-574
-559
-558
-564
-563
-559
-555
-546
-526
-498
-480
-467
-456
-449
-460
-485
-512
-541
-576
-617
-652
-669
-668
-660
-647
-615
-569
-538
-521
-504
-494
-500
-504
-495
-476
-444
-398
-339
-276
-216
-172
-144
-127
-124
-138
-162
-187
-209
-224
-233
-228
-213
-197
-186
-178
-174
-181
-199
-226
-257
-276
-281
-278
-242
-160
-61
42
163
307
449
567
684
813
925
1017
1093
1149
1206
1248
1257
1264
1269
1244
1196
1145
1087
1014
925
844
775
710
650
603
568
536
496
459
439
424
396
367
362
363
349
332
320
305
273
224
170
118
53
-38
-141
-222
-285
-347
-382
-374
-359
-366
-371
-366
-379
-414
-450
-481
-510
-532
-545
-541
-509
-462
-440
-428
-400
-378
-385
-397
-392
-396
-421
-435
-435
-437
-432
-410
-396
-389
-379
-381
-404
-425
-447
-483
-517
-527
-518
-502
-470
-426
-388
-355
-322
-303
-299
-295
-290
-292
-287
-267
-253
-241
-220
-206
-203
-196
-193
-198
-204
-209
-216
-221
-218
-221
-230
-227
-229
-238
-250
-263
-271
-260
-237
-190
-110
-23
71
182
284
381
469
539
609
685
741
788
842
893
934
971
1005
1022
1017
998
972
935
895
861
835
814
796
779
768
764
749
722
695
667
630
591
557
520
475
431
385
340
298
253
201
148
96
43
-10
-61
-113
-169
-225
-274
-315
-349
-376
-398
-408
-415
-423
-428
-431
-437
-442
-449
-456
-462
-461
-463
-465
-463
-456
-461
-478
-494
-511
-529
-544
-553
-558
-556
-543
-521
-494
-470
-456
-449
-447
-445
-455
-465
-471
-471
-467
-451
-429
-403
-377
-365
-363
-370
-387
-411
-437
-454
-464
-468
-463
-452
-435
-413
-392
-371
-352
-333
-300
-258
-205
-146
-79
-4
69
146
231
313
381
435
476
495
495
490
490
495
504
524
558
600
641
673
697
708
710
707
699
690
686
691
710
735
751
760
762
769
779
772
755
746
720
687
652
610
588
557
509
479
451
416
380
327
275
226
160
103
56
7
-29
-58
-83
-97
-115
-140
-165
-193
-236
-280
-311
-338
-371
-394
-404
-418
-434
-453
-462
-476
-494
-505
-522
-522
-528
-536
-538
-539
-535
-538
-547
-558
-569
-580
-588
-594
-597
-590
-587
-575
-574
-573
-577
-588
-589
-596
-595
-586
-571
-546
-523
-500
-477
-457
-437
-419
-404
-387
-365
-341
-314
-280
-242
-199
-157
-113
-71
-24
29
88
146
200
247
291
330
362
388
412
440
474
517
565
617
668
714
753
785
804
811
807
795
779
760
741
722
704
690
681
673
662
644
622
595
562
523
485
453
428
409
393
380
367
351
328
298
263
226
190
164
145
133
127
127
127
120
99
69
31
-7
-43
-80
-114
-143
-165
-183
-197
-208
-212
-218
-227
-243
-262
-289
-316
-339
-361
-377
-394
-414
-438
-471
-513
-563
-614
-665
-711
-748
-773
-785
-787
-781
-767
-750
-731
-715
-699
-680
-659
-632
-608
-584
-562
-540
-519
-504
-492
-480
-463
-444
-428
-415
-401
-381
-358
-332
-295
-249
-198
-143
-84
-21
40
100
163
229
293
356
417
475
521
552
569
576
575
569
564
569
577
589
605
625
639
649
656
656
645
633
624
613
602
600
602
608
619
638
657
672
679
677
659
634
600
561
525
492
456
421
391
361
323
288
252
209
162
118
72
23
-18
-48
-70
-87
-105
-118
-130
-138
-142
-145
-150
-162
-183
-208
-238
-273
-308
-342
-373
-405
-427
-446
-466
-482
-492
-503
-510
-513
-517
-526
-532
-538
-544
-546
-545
-548
-550
-548
-543
-533
-521
-512
-509
-507
-505
-504
-503
-507
-514
-516
-508
-497
-481
-458
-433
-407
-376
-347
-321
-299
-273
-242
-208
-167
-118
-66
-14
37
85
123
150
178
203
225
242
266
289
308
325
340
352
362
377
398
420
445
464
476
480
481
482
485
491
498
505
514
523
533
542
549
555
556
554
547
536
521
502
479
450
422
395
375
360
352
342
333
321
310
294
273
252
228
202
176
150
126
104
83
65
44
20
-4
-27
-55
-89
-129
-174
-219
-263
-301
-340
-371
-396
-411
-418
-419
-418
-417
-413
-406
-400
-392
-384
-375
-371
-365
-363
-363
-364
-364
-365
-367
-370
-368
-361
-356
-353
-354
-359
-368
-376
-384
-392
-399
-399
-392
-376
-357
-335
-315
-294
-273
-252
-234
-214
-193
-168
-138
-108
-77
-46
-16
11
41
62
77
93
105
110
114
127
137
144
157
172
188
199
210
217
225
239
253
269
288
308
329
351
371
391
404
409
407
400
391
382
376
373
370
369
367
372
376
372
362
348
335
323
309
297
288
282
276
269
257
239
214
185
157
131
112
94
77
64
56
40
26
16
2
-15
-30
-49
-75
-98
-116
-137
-159
-175
-184
-195
-207
-219
-228
-237
-246
-261
-278
-289
-299
-317
-334
-346
-360
-379
-388
-387
-381
-368
-349
-334
-320
-306
-296
-297
-302
-300
-296
-290
-283
-267
-247
-226
-209
-194
-181
-167
-158
-150
-144
-135
-125
-115
-101
-84
-65
-46
-31
-15
4
21
32
44
52
62
74
85
96
103
107
109
111
116
124
130
137
143
150
158
171
188
203
219
233
247
259
272
281
289
293
296
293
284
273
259
246
236
232
229
226
227
225
220
212
199
182
167
149
135
122
112
107
105
103
101
98
94
92
91
87
82
70
59
43
23
3
-15
-31
-44
-56
-71
-86
-102
-114
-125
-132
-139
-145
-149
-151
-150
-144
-139
-133
-126
-121
-113
-107
-102
-99
-99
-99
-103
-111
-127
-147
-169
-192
-215
-240
-260
-278
-284
-282
-274
-261
-250
-236
-218
-197
-176
-156
-138
-124
-111
-102
-95
-94
-92
-91
-89
-78
-67
-48
-31
-15
-3
1
6
3
1
-2
-7
-6
-6
2
11
25
42
58
75
85
95
102
101
112
113
122
130
136
145
147
152
153
154
157
156
158
157
156
156
153
149
145
144
141
139
140
137
140
141
142
141
137
136
131
128
123
120
116
108
96
82
65
47
29
14
3
-1
-1
4
14
23
35
43
49
48
42
34
19
6
-6
-16
-20
-19
-18
-14
-13
-20
-27
-46
-62
-85
-106
-124
-140
-146
-145
-139
-128
-117
-103
-97
-90
-94
-101
-110
-126
-133
-141
-140
-132
-123
-102
-88
-73
-62
-61
-61
-70
-79
-95
-112
-119
-127
-127
-132
-132
-124
-117
-119
-125
-126
-122
-119
-119
-110
-90
-73
-53
-29
2
26
44
63
83
93
92
90
93
94
90
87
89
92
92
91
91
88
82
75
67
56
45
35
29
25
28
32
39
48
54
58
58
52
44
38
37
38
41
53
70
87
102
114
122
125
124
119
113
107
100
95
93
90
89
88
90
90
87
82
73
64
51
43
39
40
46
52
57
59
54
44
31
17
2
-14
-28
-39
-50
-57
-63
-61
-56
-56
-57
-55
-55
-64
-77
-87
-95
-105
-116
-125
-125
-124
-124
-127
-126
-120
-118
-119
-117
-114
-108
-99
-90
-83
-75
-60
-49
-47
-46
-41
-42
-48
-50
-51
-62
-73
-75
-74
-76
-76
-76
-78
-77
-71
-66
-60
-48
-32
-17
5
28
45
52
59
68
70
72
80
88
92
98
106
106
100
98
99
92
80
71
59
42
28
21
19
22
32
39
45
51
54
50
51
54
52
48
47
48
45
39
34
23
10
1
0
-7
-9
-8
-7
-6
5
19
25
28
33
33
26
14
8
8
7
8
7
10
9
11
6
-3
-14
-27
-42
-52
-56
-51
-42
-30
-14
4
17
24
26
28
29
32
34
35
35
33
31
29
25
23
19
11
2
-8
-17
-22
-28
-33
-42
-52
-62
-70
-73
-72
-70
-70
-68
-65
-57
-44
-32
-19
-11
-8
-7
-6
-5
0
3
5
3
4
4
7
8
6
3
-4
-11
-21
-30
-39
-46
-48
-47
-42
-37
-32
-23
-14
-9
-6
-7
-9
-11
-12
-11
-9
-5
0
3
9
13
16
17
15
14
13
12
14
14
18
23
31
36
43
48
54
60
64
67
65
61
54
46
36
26
16
7
-1
-5
-9
-12
-16
-19
-21
-23
-24
-24
-23
-18
-14
-8
-6
-5
-4
-5
-4
0
1
3
4
4
5
7
7
7
8
8
8
8
7
3
-1
-4
-6
-3
-2
-3
-4
-1
4
9
13
11
7
1
-3
-9
-14
-17
-15
-11
-5
0
4
7
11
14
15
10
4
-3
-5
-4
0
7
15
25
33
39
43
46
45
40
28
17
6
-1
-4
-4
-7
-10
-12
-16
-19
-25
-34
-44
-58
-68
-77
-83
-84
-81
-72
-61
-48
-37
-28
-22
-22
-23
-24
-24
-23
-17
-13
-5
3
14
26
35
40
42
39
36
27
15
3
-7
-9
-9
-5
1
8
11
13
14
12
5
-2
-7
-7
-6
-4
0
6
13
21
28
31
33
31
29
25
19
10
10
13
16
21
28
34
36
32
29
27
25
22
22
21
18
15
16
21
26
24
24
21
16
7
-2
-7
-12
-19
-26
-31
-34
-32
-31
-26
-21
-16
-14
-15
-19
-20
-19
-14
-9
-6
-1
5
8
9
8
8
6
4
-2
-6
-5
-2
-1
-2
-1
-3
-7
-14
-19
-20
-23
-26
-23
-15
-5
0
1
0
0
-2
-9
-16
-21
-24
-30
-31
-30
-24
-18
-15
-13
-16
-19
-25
-29
-33
-39
-42
-42
-38
-32
-25
-15
-5
1
4
7
10
10
4
-2
-3
-2
3
9
15
19
21
22
22
23
24
25
27
29
30
32
36
49
61
67
68
66
64
63
57
53
48
46
38
29
22
20
15
11
3
0
-5
-9
-12
-10
-4
1
1
2
0
0
-1
-1
-2
-1
-2
-3
-5
-8
-11
-15
-23
-32
-44
-53
-61
-64
-64
-62
-57
-50
-41
-32
-25
-21
-13
-7
-1
3
4
4
6
7
9
11
13
15
16
13
6
0
-4
-7
-13
-19
-23
-22
-22
-22
-23
-21
-17
-15
-12
-9
-9
-10
-9
-5
-3
-9
-16
-16
-10
-8
-10
-9
-2
2
-1
-4
-5
-2
-2
-3
-6
-7
-9
-6
-1
6
10
11
10
8
6
6
7
5
4
3
4
10
13
16
17
14
11
9
10
11
11
11
10
14
18
25
32
38
45
49
52
50
46
41
35
31
27
23
17
13
13
15
16
17
15
9
2
-5
-6
-7
-3
1
0
1
2
3
9
14
17
20
19
14
9
2
-2
-2
-2
1
2
5
8
10
8
4
-2
-8
-14
-21
-24
-27
-26
-25
-25
-27
-31
-34
-34
-33
-35
-35
-37
-37
-35
-32
-32
-31
-30
-31
-30
-29
-27
-27
-25
-22
-20
-20
-22
-29
-33
-38
-38
-38
-34
-34
-30
-25
-19
-14
-9
-6
-2
1
4
6
6
8
9
9
7
3
-1
-3
-3
-6
-11
-18
-25
-27
-25
-21
-16
-14
-10
-2
9
20
29
32
34
37
43
50
56
60
62
64
66
65
59
50
41
34
27
23
17
10
3
2
3
8
9
9
8
8
10
14
21
25
28
30
30
31
29
29
26
23
22
20
19
16
15
13
13
13
11
11
8
5
4
4
5
6
7
7
7
6
3
-1
-4
-7
-12
-17
-25
-32
-38
-40
-43
-45
-49
-51
-53
-54
-52
-50
-49
-47
-42
-35
-28
-18
-14
-10
-8
-7
-5
-2
-3
-5
-9
-14
-16
-17
-18
-23
-26
-29
-29
-31
-34
-39
-38
-36
-29
-20
-15
-14
-10
-4
3
12
21
26
29
34
35
32
30
30
25
21
17
11
8
6
5
0
-4
-7
-7
-7
-6
-9
-11
-11
-8
-6
-1
1
3
4
6
9
12
15
15
14
11
10
12
14
13
16
16
11
11
12
10
15
22
22
22
23
23
21
27
34
35
33
33
32
29
30
28
24
19
17
17
17
16
12
10
10
11
10
7
1
-4
-4
-4
-7
-15
-19
-22
-22
-23
-20
-21
-25
-29
-26
-29
-35
-42
-42
-45
-47
-45
-43
-44
-46
-42
-40
-38
-34
-29
-26
-25
-21
-16
-14
-14
-12
-6
-2
-2
-1
2
6
3
-2
-4
-1
-1
-4
-9
-6
-2
2
2
1
1
2
4
8
12
18
23
24
25
26
27
29
32
33
33
33
33
32
27
27
26
25
23
21
21
19
17
16
16
16
16
17
13
9
5
6
10
12
10
6
7
7
7
5
7
7
4
3
3
2
1
1
2
3
0
-5
-10
-11
-14
-17
-18
-16
-14
-16
-19
-21
-22
-18
-17
-23
-27
-26
-20
-15
-12
-9
-6
-2
-4
-6
-5
-3
-5
-6
-7
-6
-5
-5
-5
-6
-7
-13
-19
-20
-21
-26
-26
-21
-21
-23
-20
-15
-10
-2
0
-3
-2
-1
-7
-6
-1
-3
-8
-7
-7
-8
-3
5
4
1
-2
-4
-5
-4
-2
2
8
7
6
11
9
-1
0
6
8
9
10
11
10
12
10
11
10
7
3
5
12
13
13
12
13
15
14
12
14
17
19
22
23
20
20
25
28
28
28
25
23
22
19
13
9
9
11
13
12
8
5
6
3
0
2
5
7
12
16
10
7
7
7
3
1
-3
-8
-12
-12
-16
-17
-21
-26
-27
-26
-28
-34
-40
-37
-32
-34
-36
-30
-21
-18
-21
-20
-16
-17
-18
-20
-22
-20
-14
-14
-19
-18
-11
-12
-16
-19
-12
-11
-11
-10
-7
-5
-3
-2
0
3
6
7
10
12
12
11
14
13
12
13
16
15
12
11
11
9
9
12
14
14
12
11
11
8
9
11
11
12
14
11
6
6
5
4
3
2
4
6
5
5
8
8
5
5
6
-1
-6
-2
0
-7
-5
0
0
-3
-3
-1
0
2
2
-1
1
0
-2
-3
-5
-4
0
1
-3
-4
-2
-6
-7
-8
-11
-11
-6
-5
-12
-10
-5
-3
-6
-7
-4
-2
0
-1
-1
-3
0
3
3
-2
-3
2
5
2
2
4
3
2
4
5
3
3
4
5
3
6
7
3
3
3
1
2
5
5
2
1
0
-3
-5
-2
-3
-5
-2
0
2
4
3
-2
-7
-11
-10
-8
-11
-15
-16
-17
-16
-10
-6
-6
-5
-2
-5
-8
-9
-11
-12
-9
-7
-7
-7
-5
-6
-3
2
1
-2
-1
1
-2
-3
0
-4
-7
-3
3
3
4
5
4
0
3
8
6
3
5
7
9
12
14
13
12
10
10
13
16
17
17
15
16
12
9
9
10
7
5
5
5
4
8
12
13
7
4
5
6
4
1
0
-1
-1
3
2
-7
-12
-7
-4
-9
-9
-4
-5
-12
-12
-9
-13
-15
-8
-3
-7
-7
0
3
-1
-3
-2
-2
-5
-9
-10
-13
-12
-13
-11
-6
-1
-3
-8
-8
-4
-2
-3
-3
-2
-2
-3
-4
-3
-1
0
-2
-4
-4
-3
-3
-3
-3
-5
-5
-5
-2
1
-1
0
0
1
3
7
9
5
3
3
4
6
9
10
6
5
6
7
7
6
5
7
8
7
2
-3
-3
0
2
2
0
0
3
5
3
-1
0
1
-2
-6
-8
-6
-4
-1
1
2
0
-2
-5
-7
-5
-1
1
-3
-2
1
0
-1
3
6
6
5
4
4
3
3
2
0
1
1
2
8
6
-4
-4
3
3
-4
-3
0
-1
0
5
5
0
-1
2
3
-2
-8
-8
-3
0
0
-3
-2
1
2
0
-2
-5
-3
-3
-4
-6
-3
1
-2
-2
0
-2
-3
-3
-1
-1
-1
1
1
-2
-3
-2
-3
-3
-1
-3
-5
-8
-7
-3
-2
-4
-5
-4
-2
-3
-7
-5
-2
-3
-4
-3
-1
-1
1
3
1
2
4
7
5
8
13
12
7
4
4
5
4
-1
-10
-8
-2
-6
-10
-2
4
2
0
0
-2
-4
0
4
3
2
5
4
-1
0
1
-1
-2
-2
0
1
3
2
0
3
4
6
9
8
-1
-4
0
0
-2
0
1
-4
-5
-3
-3
-4
1
6
6
5
4
-1
-2
-1
3
3
1
-3
-5
-4
-2
1
5
7
5
3
4
4
3
7
8
6
3
1
-2
-3
-4
-4
-3
-2
-3
-4
-2
2
-1
0
0
0
0
-1
2
3
1
0
0
-5
-9
-9
-5
-5
-6
-1
-2
-4
-3
1
-1
-3
-4
-6
-5
1
3
-2
-2
1
-1
-2
0
-2
-9
-10
-5
-2
-2
-1
-1
-2
-3
2
7
4
-1
-2
-2
-1
0
2
2
0
-1
2
3
5
5
3
0
2
5
3
-3
0
7
5
3
3
1
-3
0
5
2
-4
-2
1
0
1
2
0
-4
0
3
3
3
3
5
5
2
2
4
5
2
2
5
5
3
4
9
10
5
5
6
2
-1
0
2
0
1
5
5
0
-5
-1
2
4
5
3
-1
-6
-7
-7
-9
-12
-12
-10
-6
-6
-6
-5
-4
-4
-5
-5
-3
-2
-2
-1
2
3
0
-3
-6
-7
-5
-5
-5
-5
-4
-3
-5
-6
-6
-5
-5
0
4
3
0
2
4
3
3
3
4
4
3
2
2
2
1
1
1
3
1
0
4
8
6
1
-1
-4
-3
1
7
6
1
0
4
6
4
2
0
2
1
3
4
5
5
0
-3
-4
-1
-1
-6
-5
-4
-2
2
3
1
2
2
0
0
3
3
1
-3
-4
-1
1
-2
-6
-3
1
-2
-4
-5
-6
-2
2
0
-2
2
3
2
7
7
-1
-5
-1
1
1
2
0
-1
2
3
0
-2
-3
-3
-3
0
-1
-2
1
4
4
2
0
-1
0
1
-1
-4
1
5
0
1
1
-2
-5
-3
-2
-2
0
3
-1
1
3
1
-5
-6
-3
0
0
-4
-3
2
5
4
1
0
2
4
6
5
4
0
-2
0
5
7
3
-1
-6
-5
-2
0
0
-3
-5
-6
-5
-3
-1
-2
-2
-1
4
4
3
4
6
7
4
-2
-2
0
1
-2
-3
-1
2
3
1
-1
-4
-3
-2
-1
1
0
0
0
2
4
3
1
1
3
3
1
-6
-7
-6
-3
-4
-6
-6
-4
-1
-1
-3
-2
-1
2
2
-1
-5
-6
-5
-6
-5
-5
-7
-9
-8
-4
1
4
5
6
3
0
-1
1
1
-1
-5
-4
-3
-5
-8
-8
-4
3
3
0
-3
-3
-1
4
6
4
0
1
4
9
7
6
6
5
4
2
1
1
-2
0
3
5
5
8
9
8
4
2
0
2
1
0
0
0
-1
-2
-1
-3
-4
-2
1
2
0
-2
-1
0
0
0
0
-4
-5
-1
2
2
-1
-2
3
0
-4
-3
4
9
7
2
-1
-3
-4
-2
0
0
-3
-5
-2
1
1
0
0
0
-1
-3
-3
-2
-1
-2
-3
-6
-8
-8
-5
-4
-5
-5
-4
-2
-1
-4
-2
-1
0
-1
-3
-1
3
7
7
4
1
-2
-2
-3
-4
-8
-8
-10
-8
0
3
3
0
-1
-2
-3
-5
-7
-7
-7
-8
-5
-1
2
2
3
3
4
-1
-4
-3
0
1
3
3
6
9
9
3
0
3
4
2
-3
-5
-1
1
0
-6
-6
-1
2
3
4
4
3
0
-1
1
0
-4
-4
-1
-1
-3
-4
-2
-3
-6
-5
-1
2
-1
-3
1
3
4
3
