-6
-4
-9
-9
-5
-2
-6
0
-5
-8
-6
-6
-9
-12
-7
-10
-12
-7
-5
-5
-5
-5
-5
-7
-9
-9
-14
-11
-10
-11
-9
-12
-8
-9
-13
-11
-13
-16
-11
-10
-15
-14
-12
-9
-10
-5
-3
-11
-5
-1
-3
1
2
4
2
1
5
5
8
16
13
8
11
10
6
12
18
7
5
11
13
15
13
17
14
17
17
11
15
12
8
9
2
1
3
0
-1
1
4
9
8
7
10
12
14
12
1
-7
-5
-14
-17
-3
3
-7
0
-1
-20
-8
0
-3
-7
-11
-13
0
2
-12
-5
-4
-12
-7
-4
-3
-2
-7
-5
-6
-5
0
-2
-4
-4
-8
-19
-21
-15
-11
-10
-9
-3
-6
-8
-4
-3
6
6
5
8
7
4
-3
-3
-7
-7
0
-2
3
1
2
5
3
2
2
4
5
2
4
5
3
11
4
6
8
0
6
7
10
14
12
10
14
12
12
14
5
0
2
4
2
0
6
4
0
3
1
0
1
4
3
-3
-3
3
-1
2
1
-1
-1
-2
0
-3
-3
-5
-5
-3
-2
-2
-3
-3
-4
-6
-10
-5
-2
-5
-2
-2
-11
-13
-13
-12
-7
-8
-9
-14
-14
-8
-9
-10
-14
-10
-8
-17
-13
-10
-5
-5
-1
2
6
9
5
9
5
2
6
3
3
5
10
8
8
10
13
17
17
19
24
22
13
12
13
12
8
6
11
8
7
9
6
0
0
-2
-4
-5
-6
-3
-6
-9
-10
-8
-10
-16
-15
-10
-12
-11
-6
-2
0
2
-1
-3
-3
-5
-7
-6
-1
-5
-2
1
0
5
6
2
4
10
4
3
4
6
5
2
-5
-3
1
-7
-3
-6
-9
-7
-13
-9
-3
-7
-8
-5
-6
-3
-2
1
4
-2
-2
1
4
7
-3
-1
0
-3
5
5
6
12
13
11
11
12
6
7
4
-1
2
3
1
-1
1
7
5
2
6
6
2
3
8
6
1
-4
-7
1
-3
-7
-1
-1
-3
-3
-1
-2
-1
-3
0
6
4
2
-1
-2
-5
-9
-7
-7
-8
-11
-9
-9
-8
-5
-8
-4
-3
-11
-8
-8
-10
-9
-9
-6
-8
-1
-3
-3
7
2
7
9
4
10
10
7
2
4
8
13
10
9
14
8
12
7
5
5
-1
8
11
12
13
10
7
5
0
-4
-3
-9
-5
4
3
6
3
2
4
3
-5
-9
-9
-14
-19
-17
-11
-10
-6
-1
-1
-6
-6
-6
-12
-10
-8
-3
1
2
1
-5
-4
-1
-3
-4
-3
-4
-3
-3
-4
-2
0
0
3
5
6
3
-4
-3
-1
-1
-2
-2
0
-2
2
9
8
8
9
10
14
13
6
-1
1
3
8
7
8
10
9
13
8
3
7
6
6
5
0
0
0
1
0
-4
-2
-2
0
2
3
1
-3
-4
-6
-6
-4
-1
-8
-10
-2
-4
-7
-3
2
1
0
0
3
1
-8
-7
-10
-11
-5
-4
-7
-6
-3
-2
0
-4
-4
-1
-5
-3
-3
-6
-3
-5
-11
-8
-11
-14
-8
-3
-8
-5
-4
-4
-1
-2
2
2
1
4
-2
-3
-2
2
1
-3
1
4
2
9
18
17
20
17
15
21
23
24
18
13
17
10
11
16
13
9
10
14
10
8
6
7
11
6
5
3
3
-1
-4
-4
-6
-10
-11
-12
-12
-11
-15
-15
-9
-10
-10
-12
-17
-19
-16
-11
-17
-17
-21
-20
-12
-14
-9
-12
-9
-3
-4
1
1
-4
-1
1
-3
-2
-4
-7
-2
-2
-4
-4
-4
-1
-2
3
8
7
12
7
5
1
5
8
-1
5
2
-1
2
1
4
9
7
8
10
13
15
19
22
15
16
16
12
8
10
7
2
-1
2
12
14
10
8
10
9
7
10
5
4
2
-8
-8
-3
-9
-8
-5
-4
-2
-7
-9
-6
-6
-4
-8
-7
-11
-13
-8
-8
-7
-6
-6
-9
-10
-9
-12
-9
-6
-7
-4
-7
-9
-6
-13
-14
-13
-13
-8
-12
-13
-12
-14
-9
-12
-10
-9
-11
-7
-6
-1
1
7
2
0
7
8
13
13
8
11
11
15
22
20
22
20
21
21
18
18
15
18
15
12
10
11
13
7
8
7
5
15
14
8
12
7
1
-1
-7
-4
-6
-4
-5
-5
-2
-6
-3
-4
-6
-4
-4
-12
-11
-7
-7
-4
-8
-14
-9
-8
-11
-12
-14
-13
-15
-13
-11
-14
-9
-8
-12
-11
-11
-11
-12
-7
-9
-9
-11
-10
-7
-9
-4
-3
-3
-2
-1
1
6
7
6
6
4
8
6
7
8
0
1
10
9
7
11
11
7
2
4
6
10
7
6
7
9
11
11
12
12
11
10
12
9
6
8
13
12
11
12
9
11
14
11
6
6
2
0
4
1
0
6
7
1
0
-1
-7
-1
-2
-12
-8
-8
-10
-8
-12
-17
-18
-17
-10
-15
-17
-10
-15
-15
-13
-14
-16
-15
-13
-15
-16
-14
-12
-17
-12
-7
-12
-9
-11
-10
-6
-5
-5
-2
-2
-1
1
2
3
1
1
3
2
3
6
4
2
8
13
12
14
22
24
23
25
21
16
23
24
18
20
16
13
13
10
11
12
12
12
17
17
14
17
10
8
2
-1
-2
-8
-9
-12
-11
-6
-11
-10
-10
-12
-6
-14
-14
-7
-11
-14
-12
-19
-18
-14
-15
-17
-17
-10
-9
-11
-4
4
3
-2
-9
-3
-5
-9
-1
0
-6
-8
-8
-11
-10
-4
-4
-7
-6
0
1
0
3
4
4
3
3
0
2
4
4
5
1
3
4
7
13
7
10
12
12
11
10
12
14
11
3
2
-1
0
0
2
5
4
8
6
13
12
9
15
8
3
4
1
2
2
3
5
2
3
10
12
7
4
0
-1
-2
-3
-5
-7
-10
-13
-14
-14
-13
-9
-4
-8
-8
-13
-17
-8
-9
-16
-16
-8
-10
-10
-15
-17
-9
-15
-7
-9
-12
-3
-7
-4
-2
-4
-2
-3
-5
0
-1
1
4
5
4
6
5
7
13
14
16
19
14
15
20
6
11
16
12
11
8
9
8
5
6
7
3
8
16
10
6
11
7
6
5
2
0
-5
-5
-9
-10
-5
-2
-7
-1
2
1
7
4
-1
4
-1
-3
-6
-9
-9
-10
-7
-9
-8
-4
-3
-4
-10
-13
-5
-4
-8
-6
-9
-10
-6
-8
-12
-16
-19
-14
-15
-14
-14
-12
-6
-2
2
-1
4
2
4
2
2
7
7
6
2
4
2
3
7
6
7
9
9
12
11
10
8
5
6
4
4
5
3
3
5
3
3
7
6
4
3
5
7
3
4
7
6
8
4
2
9
10
6
10
15
10
5
6
7
0
-2
1
5
3
1
2
4
4
-1
-3
-6
-8
-5
-9
-13
-21
-20
-17
-22
-19
-21
-21
-18
-15
-9
-14
-16
-12
-7
-5
-8
-9
-8
-9
-8
-6
-4
-1
2
5
4
4
5
6
11
7
6
2
3
3
1
1
1
4
4
3
4
7
11
14
14
9
12
14
7
3
5
4
3
5
6
3
2
7
3
5
13
11
8
11
11
4
9
2
-2
8
-1
-6
-4
-5
0
-1
-3
-5
-6
-4
-9
-8
-7
-5
-5
-8
-4
-4
-8
-3
-7
-20
-33
-23
-14
-25
-14
19
44
49
37
32
31
2
-30
-36
-25
-30
-31
-16
-15
-3
15
22
21
15
13
7
-6
-10
-15
-16
-16
-13
-7
-1
8
12
20
20
20
17
14
8
-6
-3
-7
-9
-6
-13
-11
-10
-10
-10
-11
-2
5
1
3
1
4
5
-1
6
11
10
11
8
1
-6
-12
-22
-23
-16
-10
2
10
13
17
17
13
12
3
-7
-6
-10
-9
-3
-3
3
8
14
17
16
10
5
2
-1
0
1
-1
1
1
2
5
-4
5
3
-3
2
0
3
2
5
5
-1
-6
0
0
-8
-4
-6
-4
-3
-4
-4
-6
-7
-4
-2
-3
-1
0
-1
-3
-2
-6
-6
-9
-10
-6
-9
-7
-1
-1
2
3
-4
-10
-6
-6
-3
2
3
5
5
2
2
-3
-1
-2
0
4
1
3
3
6
8
10
4
0
3
1
0
-5
-7
-5
-5
-3
0
4
3
10
9
3
9
12
10
9
8
3
-3
0
-1
-3
-3
0
1
-3
-1
1
3
1
1
3
5
4
2
0
-1
0
0
4
-1
-4
-2
-2
-4
-3
2
2
-5
-3
-2
-3
-6
-9
-3
-5
-7
1
3
0
-2
-3
-4
-2
-4
-3
4
4
2
3
2
-3
-4
-1
1
2
3
4
3
1
-1
-3
-5
-9
-7
0
5
3
4
6
4
3
1
3
8
0
3
-2
-7
-7
-4
-2
-7
-6
-2
5
5
6
3
9
12
6
10
5
-6
-8
-2
-5
-7
-3
0
4
-2
0
3
-3
0
-2
-2
3
0
1
-2
-1
7
6
-9
-11
-14
-11
-8
-9
-4
-4
-2
0
4
7
8
10
8
5
4
0
-2
2
-2
-3
-4
0
4
4
6
11
3
6
10
2
4
4
0
1
1
5
2
-1
2
3
-2
-2
1
0
5
6
1
2
2
0
3
-1
-1
-3
-8
-9
-11
-10
-9
-7
0
1
-3
1
-5
-7
-8
-13
-9
-10
-8
-8
-6
2
4
2
2
3
-2
-1
-6
-2
4
-1
0
-2
0
1
-3
0
1
4
6
5
7
10
15
10
13
11
8
8
4
1
-6
-10
-5
-2
-10
-10
-3
-1
2
2
6
6
9
5
2
3
-1
-5
-5
-3
-8
-8
-5
-1
1
2
8
8
5
8
2
-5
-2
0
-4
-7
-1
2
4
5
-2
1
5
4
2
3
13
11
8
3
1
1
-2
-4
-7
-7
-5
-8
-8
-7
-10
-7
-7
-3
-2
-5
-5
-7
-7
-8
-7
-4
-1
-1
2
1
1
5
2
6
13
9
5
6
6
-1
-2
-3
-1
-1
-3
-1
-1
1
-2
-3
1
-1
6
10
6
8
5
-4
-2
-2
-5
-5
-3
-6
-4
2
0
-4
1
6
5
5
3
-5
-7
-8
-7
-3
-5
-1
3
2
-4
-5
5
8
4
4
6
2
4
-1
-5
-5
-5
-3
1
8
9
8
-9
-29
-35
-25
-7
12
30
35
30
12
-6
-4
12
25
24
16
14
14
11
6
6
-2
-6
0
3
6
-2
-21
-33
-36
-28
-20
-9
4
0
-7
-12
-8
0
0
1
3
3
2
3
3
0
-3
-12
-21
-23
-22
-14
-8
-4
-5
-10
-12
-10
-9
-4
12
14
17
23
26
24
16
9
8
10
14
18
14
7
2
7
4
0
8
1
-8
-8
-4
0
3
5
11
15
14
12
7
4
-1
-8
-8
-7
-2
0
-1
3
-3
0
3
-6
-6
-6
-8
-8
-15
-19
-16
-12
-16
-10
-7
-7
0
-3
-4
-3
-5
-3
3
1
2
8
1
3
0
-6
-2
1
-4
-4
-7
-15
-9
-4
8
6
4
6
7
8
7
6
4
6
1
6
12
5
7
7
6
15
7
1
7
6
3
3
4
-1
2
-4
-7
-3
0
4
0
5
6
1
-1
0
1
-2
-1
1
5
2
2
0
-1
-1
-2
0
1
-1
-1
2
-2
-3
0
-2
-6
-7
-11
-14
-9
-11
-2
1
1
9
8
4
-4
-3
-1
-3
-5
-4
-1
-4
-2
-6
-9
-8
-10
-14
-16
-10
-9
-9
-8
-4
4
8
1
3
6
1
3
4
4
3
7
4
8
11
8
10
3
1
0
2
8
3
1
5
1
0
5
3
3
5
3
2
7
6
9
11
8
9
7
6
7
4
2
-1
5
9
12
8
-1
2
4
-1
-2
0
-9
-10
-10
-9
-1
-5
-6
-8
-15
-16
-15
-10
-3
-5
-6
-7
-2
-2
-2
-5
-4
-7
-9
-9
-12
-10
-10
-5
-1
4
-1
-6
-3
-2
3
8
7
9
14
8
1
0
-3
-4
2
4
11
7
5
11
2
6
9
3
3
0
0
-4
-4
-3
-3
-2
0
3
0
1
4
6
0
4
6
3
6
-2
5
5
1
-2
-3
3
4
4
1
0
-3
-8
-2
5
2
10
10
7
11
5
-4
-3
-6
-7
-1
-1
-3
-2
-4
-5
-7
-9
-8
-6
-1
-2
-5
-9
-10
-6
-2
5
5
10
2
-1
1
-3
-2
-2
-4
-6
-3
-4
2
3
2
0
-6
-2
-2
-3
-9
-7
0
-1
-1
-8
-6
1
-2
1
6
3
6
0
-4
0
1
6
4
5
11
6
2
1
-7
-1
-6
-5
9
7
7
7
11
10
5
8
4
5
5
6
7
5
6
5
4
-1
-3
2
-1
1
3
1
2
3
1
1
-2
-6
-8
-8
-2
-8
-6
0
-1
-2
-3
-2
2
1
-3
-5
-6
-2
-4
-1
2
-2
-2
-2
-1
1
0
-1
-1
2
-2
-1
-3
-6
-4
-11
-13
-12
-13
-11
-8
-9
-5
-3
-5
1
1
-4
-9
-5
-3
-2
4
6
16
9
4
8
7
7
10
13
11
12
13
12
8
12
13
7
8
8
0
-10
-11
-5
3
8
7
9
8
5
4
3
7
5
5
1
-5
-1
1
-5
-3
0
-2
-2
-2
-1
0
0
2
3
2
1
2
-3
-17
-20
-12
-16
-13
-13
-17
-13
-13
-10
-5
-6
-7
-5
3
4
3
-1
-7
-12
-12
-9
-8
-6
2
4
2
11
6
5
7
0
2
7
4
5
4
6
7
10
17
14
20
21
18
12
10
13
13
9
5
3
1
2
0
-2
-2
3
0
-4
-10
-6
-5
-6
-3
-3
-1
-3
-2
-5
-5
-5
-5
1
-2
-3
-3
-6
-8
-10
-6
-2
-5
-8
-6
-8
-3
-9
-6
-3
-11
-6
-10
-8
1
-2
1
0
-2
0
2
0
0
0
-1
3
-5
-7
-1
-2
2
8
9
5
8
11
10
16
10
7
6
0
1
6
6
4
1
3
7
10
11
10
6
12
10
5
3
0
5
3
0
-2
-2
-2
-11
-14
-10
-15
-16
-9
0
3
0
-4
-6
-4
-2
-1
-4
-6
-5
-2
-8
-13
-7
2
3
10
11
10
3
-4
-2
-6
-1
1
-7
-9
-5
-6
-2
2
-1
-3
2
0
-1
-7
-5
-5
-3
-4
-8
-6
-6
-3
2
4
0
1
1
3
3
5
12
8
8
10
6
6
10
9
14
17
14
16
16
9
4
7
9
5
-3
3
4
1
1
-8
-8
-8
-8
-10
-9
-6
-7
-9
-13
-8
-8
-9
-9
-6
-10
-12
-13
-8
3
3
4
8
3
7
6
2
0
-2
-2
-10
-12
-9
-7
-8
-8
-3
-3
-4
0
-1
4
6
1
4
2
-2
-3
-5
-1
3
1
-2
-2
2
6
8
6
11
16
19
17
17
13
13
15
12
14
8
10
6
1
4
5
6
3
-3
-5
-1
-9
-7
-10
-11
-12
-12
-8
-12
-12
-15
-22
-14
-10
-10
-9
-5
-6
-5
-4
-6
-4
-2
-7
-5
1
-3
5
6
6
9
6
7
5
1
2
0
-1
5
3
-3
-4
-7
0
-1
-7
-4
-3
0
3
3
6
14
18
14
8
9
9
5
6
3
8
9
1
0
5
6
-2
3
2
4
11
7
3
2
1
3
-4
-3
1
-7
-4
0
-3
-4
-3
-9
-11
-10
-11
-8
-10
-11
-11
-17
-20
-12
-7
-8
-3
0
3
5
-2
2
1
-2
4
5
2
0
0
4
10
13
12
6
4
-3
-7
-7
-6
1
0
7
9
12
12
9
5
-2
-4
-3
1
1
4
13
9
4
8
7
5
0
0
-1
1
1
-1
2
2
2
5
8
4
0
-6
-11
-8
-9
-8
1
-1
-3
-4
-7
-14
-11
-5
-11
-8
-7
-7
-5
-5
-6
-2
5
2
-5
-10
-9
-5
-7
-7
-5
-3
3
4
4
4
8
7
3
3
1
5
3
8
9
8
10
8
6
5
2
2
10
9
4
4
11
8
6
7
4
8
9
4
8
5
2
0
-7
1
4
4
4
-2
-4
-6
-11
-9
-11
-17
-11
-12
-15
-10
-11
-8
-8
-11
-4
-7
-5
-4
-13
-11
-6
-7
-5
-3
0
4
0
6
4
4
2
-1
3
0
5
10
3
0
4
3
4
8
9
14
9
7
16
10
9
11
9
9
-1
4
5
-1
3
-3
5
6
0
3
4
2
2
-3
-5
1
-2
-5
-3
-7
1
0
-5
0
-5
-6
-8
-4
-5
-7
-2
-8
-9
-11
-15
-15
-14
-15
-15
-11
-7
-3
0
-2
2
1
2
6
4
1
5
5
-3
4
-1
-1
3
3
5
2
2
3
7
6
6
9
8
11
10
8
13
12
7
0
-1
-4
-4
4
3
7
4
4
6
2
-1
3
4
0
-1
-4
-3
-7
-8
-5
0
4
-4
-1
8
4
5
5
-3
0
2
-1
1
-1
-6
-2
-4
-2
0
-1
-3
-9
-8
-8
-9
-8
-5
-5
-8
-7
-10
-12
-16
-10
-7
-7
1
-1
-1
2
-1
-2
4
3
-1
2
3
3
4
6
5
3
-1
-1
3
5
9
15
10
18
14
10
12
8
9
3
0
0
6
5
5
1
0
2
5
3
-2
2
-2
-6
-5
-8
-7
-9
-7
-2
0
0
-3
2
5
2
4
6
5
4
2
1
-2
-12
-9
-7
-4
-3
-3
-2
-4
-8
-7
-5
-10
-10
-14
-9
-5
-8
-4
-7
-5
-3
-6
-3
1
-1
-6
-5
0
2
2
6
4
2
1
-3
1
1
1
2
8
15
13
18
18
16
17
13
8
9
10
12
12
10
9
6
1
-5
-4
-3
-6
-6
-3
-2
2
1
-2
4
-1
-7
-3
-6
-4
-7
-10
-2
-2
1
7
1
-2
2
0
-4
-5
-4
-7
-5
-4
-6
-4
-10
-8
-6
-11
-6
-7
-10
-8
-14
-9
-6
-11
-7
-2
-1
-5
0
4
3
-2
-2
-5
-2
4
2
2
2
7
8
9
8
5
6
9
10
5
7
9
0
3
7
0
3
4
5
7
3
1
1
1
3
1
3
2
1
7
7
8
3
2
6
7
8
4
3
2
2
0
3
11
7
8
12
5
2
5
2
4
-4
-8
-7
-12
-12
-12
-21
-16
-11
-14
-14
-15
-11
-10
-5
-8
-4
-5
-7
-4
-7
-6
-8
-3
0
0
1
-5
3
5
0
5
5
8
11
4
-1
-4
-5
-5
-10
-3
-1
0
-1
-3
3
2
4
6
5
11
9
9
11
6
3
4
6
8
3
2
4
2
3
4
4
2
-4
2
7
0
2
-1
-5
-2
-2
0
3
5
6
8
5
0
1
0
-2
1
-1
-5
1
1
-1
2
0
-2
0
3
6
1
2
5
5
1
-1
-2
-2
-5
-7
-6
-9
-3
-4
-4
-3
-9
-3
-8
-14
-12
-15
-10
-7
-6
-8
-10
-7
-2
-7
-11
-4
-6
2
-1
-1
7
6
9
3
8
13
8
8
9
10
9
4
6
7
3
5
3
4
7
10
9
7
9
5
4
6
2
1
-5
-6
-2
-8
-9
-4
-4
0
5
3
1
5
9
5
3
1
1
-3
-5
-6
-10
-7
-5
-7
-6
-2
-1
6
8
9
11
9
6
1
-3
-7
-5
-8
-11
-4
-6
-12
-10
-8
-7
-7
-5
-2
-1
5
-4
-1
1
-5
-3
-2
-5
-8
-5
3
1
-1
2
2
7
3
4
2
1
2
-2
-1
-4
-6
-7
-8
-5
-7
-7
0
0
3
13
14
12
11
12
9
2
5
7
7
7
7
12
12
9
9
9
8
5
6
10
3
6
3
0
1
3
5
5
-1
-1
0
0
-2
-7
-10
-7
-13
-16
-11
-14
-13
-13
-15
-9
-12
-8
-9
-8
-3
-9
-7
-9
-2
-2
-2
0
-9
-5
-5
0
7
1
-2
0
1
1
6
0
2
4
-1
7
1
-3
3
-4
2
4
3
5
6
4
2
1
9
10
9
3
0
9
6
4
1
-3
2
2
3
9
4
8
10
5
11
8
4
2
-1
2
0
-1
-2
1
5
9
5
4
7
2
-2
-8
-8
-13
-10
-7
-9
-5
-1
-1
5
3
0
-1
-4
-4
-3
-7
-13
-11
-6
-6
-11
-9
-7
-6
-8
-7
-7
-6
-4
-5
-6
-5
-8
-6
-7
-7
-3
-8
-4
-4
-4
-1
0
3
7
9
5
10
13
13
13
10
8
10
7
7
10
8
4
1
8
10
8
9
12
15
13
12
15
15
12
6
10
4
-1
0
-3
-5
-2
-4
-8
-1
-3
0
4
-3
-3
-4
-5
-8
-9
-9
-11
-10
-11
-12
-13
-9
-5
-1
-5
-10
-8
-3
-3
-9
-1
-5
-12
-8
-12
-17
-10
-5
-8
-11
-7
-3
-6
-7
-1
0
-7
-6
-2
-1
-4
-2
-2
1
2
3
8
8
7
13
13
11
20
18
20
21
17
20
13
10
11
2
4
5
0
6
6
10
15
11
9
10
11
5
2
0
1
4
-7
-7
-12
-13
-8
-11
-14
-9
-6
-4
-3
-5
-13
-10
-5
-11
-10
-6
-8
-12
-9
-6
-3
1
-2
-2
2
2
2
0
-6
-1
0
-2
2
5
4
2
-2
-2
-1
0
1
-5
-3
-1
-1
2
0
-2
-2
-3
3
3
2
-2
-4
-6
-4
3
6
7
2
5
6
6
3
2
3
-1
-5
-9
-4
-2
-4
0
-1
-3
0
2
7
7
5
9
5
-4
0
-1
1
4
4
9
7
11
9
10
14
6
7
5
1
3
1
5
6
5
4
6
1
3
1
-5
-4
-9
-7
-2
-5
-4
-9
-11
-8
-11
-8
-8
-10
-5
-8
-15
-11
-6
-13
-8
-5
-4
-5
-8
-8
-10
-14
-12
-8
-5
0
-3
1
5
1
2
5
2
0
2
1
4
0
3
7
4
12
21
17
15
14
12
15
8
8
9
9
12
13
19
15
15
11
7
11
8
10
11
6
7
7
1
-2
-5
-7
-8
-12
-13
-11
-9
-8
-10
-9
-8
-12
-12
-5
-9
-10
-11
-15
-12
-14
-10
-6
-5
-3
-7
-9
-8
-5
-1
-2
-1
-4
-8
-3
-5
-9
-10
-6
-8
-8
-2
-6
-4
-5
-5
0
-1
-1
1
1
-1
3
3
0
5
4
2
1
5
7
12
15
16
24
22
19
23
21
13
13
12
11
16
10
7
6
7
8
8
6
7
9
10
11
7
3
4
-5
-5
-1
-6
-8
-4
-4
-5
1
-8
-9
-4
-10
-11
-13
-14
-9
-14
-13
-12
-17
-16
-12
-14
-18
-16
-14
-8
-6
-6
-5
-6
-7
-11
-12
-11
-10
-10
-11
-11
-10
-6
-3
-4
2
5
9
12
9
9
11
10
1
-4
0
4
4
3
8
11
8
19
17
16
21
20
20
17
15
12
8
5
3
1
1
2
5
7
5
8
6
3
4
4
2
2
1
1
1
0
-3
-5
-5
-4
-2
-3
-4
-2
-5
-6
-2
-8
-16
-12
-9
-14
-15
-13
-4
-2
-11
-6
-9
-6
-11
-15
-9
-10
-7
-4
2
-3
-6
-7
-2
5
7
3
2
2
-3
-2
-7
-5
1
-1
0
2
3
-2
2
9
11
7
4
11
8
8
14
10
6
2
11
17
10
13
10
7
11
8
7
7
8
9
8
3
5
6
3
-6
-4
5
2
-1
-2
3
-2
-12
-14
-14
-16
-13
-9
-8
-9
-13
-5
-4
-13
-6
-6
-14
-10
-13
-11
-2
-6
-10
-6
-3
-6
-5
0
4
0
0
3
8
15
10
12
9
2
1
1
3
2
1
-1
-4
-1
2
4
6
7
8
8
4
0
0
0
-7
-10
-6
-3
-7
-5
6
8
8
9
9
12
11
8
7
6
3
-2
-2
4
7
8
3
1
10
9
5
3
3
-5
-4
1
0
-6
-8
-4
-3
-3
-7
-11
-3
2
1
1
-5
-4
-6
-10
-5
-10
-12
-7
0
4
5
5
5
6
1
-2
-10
-8
-11
-14
-9
-12
-1
7
4
3
-4
-4
-8
-6
-3
-3
-2
-3
-6
-5
-8
-10
-5
-6
-4
-3
3
2
-4
-2
1
8
1
0
0
-1
5
2
0
2
4
6
6
10
12
15
19
16
16
17
11
14
16
9
9
9
7
3
6
8
5
0
2
6
5
10
9
7
5
-2
-2
-4
-1
-6
-12
-13
-13
-6
-9
-13
-6
5
0
-7
-8
-6
-5
-10
-9
-6
-5
-7
-10
-8
-11
-15
-10
-13
-6
-1
1
-4
-6
-2
-6
-4
-5
-5
-12
-10
-4
-10
-8
-9
-8
-1
-5
-3
-2
-1
1
-5
-3
-1
-5
0
3
5
8
14
12
10
10
11
17
15
14
15
18
17
17
19
12
7
10
8
6
4
7
9
4
2
11
9
5
6
9
6
3
6
8
7
-2
-6
-8
-7
-3
-8
-9
-8
-6
-10
-11
-6
0
-4
-13
-12
-9
-9
-14
-19
-15
-16
-17
-12
-15
-11
-8
-14
-6
-2
-1
1
-7
-5
-5
-7
-8
-10
-4
-1
-1
-7
-4
2
5
2
3
12
11
13
12
8
7
5
11
9
3
6
10
12
13
10
13
20
18
18
15
17
15
7
7
4
2
0
1
3
0
-1
2
1
1
2
1
3
4
0
-8
-5
-12
-18
-10
-18
-11
-10
-13
-10
-11
-14
-10
-5
-4
-12
-13
-13
-15
-8
-6
-5
1
0
-4
-4
-6
-2
-1
-6
1
2
1
3
0
-2
1
0
2
2
-2
-2
2
0
-2
4
4
8
10
6
8
1
0
6
-3
-1
5
6
8
12
15
8
7
9
4
6
6
3
6
3
3
11
10
7
8
12
11
7
9
10
8
3
-5
-5
-8
-5
-5
-7
-2
-2
-5
-5
-3
-1
1
-1
-2
7
2
-4
-5
-13
-11
-18
-16
-8
-7
-4
-2
-2
-3
0
-4
-6
-1
-5
-6
-15
-18
-15
-9
-5
-11
-4
-5
-6
-7
-4
-1
-7
-5
0
-5
-3
-2
-1
-4
-6
-3
-2
0
-3
3
7
8
16
15
13
20
14
9
14
14
12
13
9
11
11
6
7
11
10
10
16
14
15
15
4
3
1
-3
-2
-6
-8
-3
-4
-10
-8
-3
0
2
1
-2
1
-1
-7
-6
-2
-1
-3
-4
-2
6
3
-7
-6
-1
-9
-7
-7
-15
-15
-10
-10
-15
-11
-7
-8
-13
-14
-12
-11
-8
-4
-2
-3
0
3
3
6
10
4
2
3
4
3
-1
3
3
2
4
0
3
12
9
5
9
1
6
10
-2
6
6
3
5
2
-2
-4
2
1
1
3
6
-1
5
6
1
11
9
5
-2
-5
-3
-7
-9
-5
2
5
4
7
11
13
10
11
10
6
0
-5
-3
-6
-10
-12
-13
-7
-4
-2
-4
-5
-1
-7
-12
-14
-8
-10
-14
-11
-9
-10
-10
-11
-9
-3
-2
-3
2
2
1
6
7
8
5
6
6
8
9
5
7
7
4
5
3
4
4
8
10
8
6
3
5
6
5
-3
-6
-2
-1
-3
2
4
4
3
2
5
4
1
0
2
0
-4
-3
-2
-4
-5
-1
0
-5
-4
-2
-4
2
-5
-2
7
-1
-1
7
-1
-7
0
0
-4
-8
-6
-3
1
3
2
2
0
-5
-12
-9
-11
-12
-11
-10
-1
-3
-2
3
3
11
8
9
9
7
7
2
5
10
8
5
6
3
5
3
1
4
3
-4
4
4
-3
-1
-4
-5
-11
-15
-10
-14
-17
-11
-13
-19
-15
-14
-5
-5
-6
1
1
1
5
2
2
0
1
3
3
9
11
11
13
9
8
13
14
13
13
12
10
7
11
15
17
11
6
7
6
8
4
4
6
2
2
2
-6
-7
-4
-3
-5
0
-3
0
-1
-5
-4
-10
-11
-9
-5
-7
-3
-1
-4
-1
-3
-8
-7
-12
-18
-14
-12
-15
-21
-16
-11
-12
-14
-15
-12
-11
-8
-7
-8
-6
-2
-3
-7
-3
3
2
1
5
12
7
8
11
12
12
9
3
5
11
8
13
8
12
20
19
25
23
20
16
14
14
9
5
3
8
8
2
3
5
4
5
9
5
9
9
4
-3
-13
-11
-8
-12
-6
-8
-15
-9
-7
-7
-5
-4
-6
-9
-8
-11
-15
-12
-11
-14
-13
-13
-16
-14
-13
-12
-14
-12
-9
-11
-11
-14
-15
-13
-12
-9
-3
-5
-3
-5
1
4
2
10
11
12
12
7
9
9
8
3
9
8
3
8
8
14
22
19
23
21
19
25
23
20
15
18
19
10
16
15
8
6
1
5
4
-3
2
3
1
1
1
0
2
2
2
1
-6
-9
-14
-20
-16
-16
-17
-16
-20
-15
-14
-17
-10
-8
-7
-9
-12
-11
-15
-17
-18
-18
-20
-20
-17
-13
-12
-8
-7
-8
-6
-8
-8
-7
-5
-5
-5
-7
-6
0
-2
5
3
4
5
1
4
6
4
4
14
15
16
22
26
22
22
21
20
20
15
18
12
18
21
14
20
19
17
16
12
7
2
6
7
0
1
0
-1
-6
-4
-7
-3
1
-3
-1
1
-3
-8
-4
-6
-9
-9
-10
-14
-15
-7
-7
-8
-7
-9
-6
-10
-11
-13
-12
-8
-6
-10
-10
-6
-3
-1
-6
-5
-7
-7
-3
-7
-1
1
4
2
3
1
-6
-5
-6
-5
-5
-2
-4
-7
-2
-2
-2
1
-1
-1
6
-2
-7
-6
-2
-2
-2
-3
-5
0
-4
-3
3
5
7
11
15
11
8
9
8
8
11
11
12
11
13
21
14
5
7
11
9
5
7
3
6
6
5
5
3
1
3
4
5
8
4
10
4
0
-1
-6
-14
-14
-2
-4
-3
-1
-3
-1
-5
-4
-1
-4
-10
-10
-14
-13
-13
-15
-14
-14
-11
-16
-13
-6
-3
-6
-11
-4
-3
-4
-1
-2
-4
-3
0
-5
-1
-1
-11
-8
-4
-2
1
6
5
7
8
2
3
1
2
-1
-5
2
-5
-1
1
-3
5
2
4
11
10
12
14
11
6
6
5
6
9
7
10
9
3
7
15
16
17
18
20
19
11
11
9
9
8
4
0
5
8
3
4
3
0
-3
-6
-5
-3
-4
-10
-14
-12
-11
-12
-16
-16
-17
-18
-13
-16
-16
-13
-10
-10
-9
-10
-9
-5
-11
-12
-11
-13
-14
-13
-20
-20
-12
-15
-11
-8
-10
-5
-5
-7
-3
-2
-3
-1
2
1
-1
-5
-4
-1
7
2
8
17
20
29
29
27
25
20
20
21
20
22
20
18
17
12
16
15
14
13
18
20
18
14
14
17
12
12
6
-3
-2
-2
-2
-3
-5
-5
-4
-9
-4
-3
-4
-9
-10
-7
-14
-11
-10
-10
-7
-11
-15
-16
-15
-19
-18
-13
-15
-7
-6
-12
-13
-18
-17
-18
-22
-19
-20
-19
-20
-17
-17
-19
-16
-14
-7
-6
-7
-5
-6
-7
-2
1
-1
2
4
4
5
6
9
12
11
18
24
18
20
18
16
15
10
17
19
17
18
15
14
17
13
16
15
20
20
14
19
18
14
12
4
2
6
6
3
1
6
5
5
5
0
4
5
0
4
2
-8
-9
-9
-11
-10
-5
-8
-8
-10
-14
-6
-12
-14
-12
-13
-9
-12
-9
-10
-13
-14
-17
-19
-24
-22
-19
-25
-20
-10
-8
-7
-2
-6
-6
-3
-9
-9
-5
-7
-9
-10
-9
-5
-3
0
-4
-1
5
3
4
3
3
6
10
12
15
8
12
17
13
18
15
17
18
18
24
17
17
16
18
14
5
10
7
3
9
12
12
10
12
8
4
1
0
-1
-5
-2
-1
2
1
-3
8
10
4
4
2
-7
-8
-8
-6
-9
-15
-10
-15
-14
-12
-17
-16
-17
-12
-9
-8
-12
-11
-7
-15
-14
-7
-12
-15
-10
-7
-6
-9
-10
-7
-7
-3
-3
-2
1
1
6
4
2
1
0
1
5
6
8
11
11
11
11
9
11
18
10
8
7
7
2
-3
2
-1
0
-7
-5
1
0
-2
-1
3
4
5
4
1
3
2
0
2
2
4
9
6
6
8
8
7
2
-1
1
-1
-5
-1
-1
-4
-2
2
4
-3
-5
-6
-7
-5
-6
3
4
0
6
5
-3
-4
-2
0
3
3
-2
-7
-3
-8
-6
-1
-2
-2
-4
-5
-4
-4
-6
0
-3
-3
2
-4
-5
-1
-3
-6
-7
-13
-13
-9
-8
-8
-6
0
-1
1
0
1
3
1
2
-1
2
8
4
4
10
10
10
10
10
12
13
10
6
7
2
7
4
-2
9
2
-1
3
3
5
1
-2
2
1
-2
-4
0
0
-2
1
-6
-6
-7
-12
-2
-2
-1
2
-1
2
3
-2
-5
-4
-3
0
1
-2
-2
4
4
2
2
7
5
-3
2
2
-1
1
2
3
0
-1
-4
-3
-6
-6
-2
-3
2
0
-3
-1
3
-1
-4
-2
-6
-5
-5
-5
-8
-7
-7
-9
-7
-1
-2
-3
-2
-5
2
5
3
4
4
7
2
0
-1
-5
-8
-4
4
4
7
8
7
10
7
3
8
5
2
2
-3
-2
-8
-2
3
-2
3
11
12
2
2
3
2
3
-1
1
2
0
-3
-2
-5
2
5
-1
3
4
1
7
11
10
6
5
9
7
6
-1
-5
-5
-5
-6
-7
-4
-1
-5
-1
-2
-5
-3
-8
-6
-4
-7
-9
-4
-6
-9
-7
-4
-1
-8
-7
-7
-11
-7
-6
-5
-1
0
0
-3
-9
-4
-2
-3
-5
0
5
4
7
7
6
9
15
11
7
7
4
2
3
1
3
1
5
10
4
2
3
1
-3
-9
-4
0
-1
-1
-1
0
-2
0
0
-1
1
3
4
4
-2
0
4
0
2
0
4
6
5
4
5
3
-3
0
1
3
0
-3
-1
-3
-7
-7
-8
-5
-1
-2
0
10
12
6
6
12
13
10
3
3
-1
-1
-4
-1
-1
-7
4
-8
-8
-2
-8
-2
-3
-2
-3
-6
-6
-11
-12
-6
-13
-14
-12
-12
-8
-7
-4
-8
-5
-3
-1
-7
-6
2
-1
-2
0
3
1
-4
5
11
4
7
6
12
13
11
9
4
11
11
9
5
1
4
-1
0
3
1
0
5
4
-2
5
2
-2
0
1
2
2
1
-1
1
-6
-5
-3
0
4
3
7
6
3
2
5
5
1
2
5
3
0
-2
-12
-6
-8
-10
1
0
0
2
5
4
3
6
1
-1
-4
-3
-3
-5
-7
-8
-9
-10
-2
-2
-6
-4
0
-2
0
0
-1
3
-2
-5
-4
-2
0
-6
-8
-7
-3
-1
2
6
3
4
7
2
-5
-7
0
0
-5
-6
0
0
-2
1
2
6
7
3
2
7
9
1
0
2
1
1
-1
2
6
5
12
11
9
9
6
6
7
7
2
-1
1
-5
-3
-3
-3
-4
-1
0
-7
-5
-4
-4
-4
-6
-2
-2
-1
-1
-5
-9
-10
-10
-7
-9
-9
-2
3
4
1
7
12
7
6
4
4
3
2
6
5
1
3
4
7
10
7
10
9
4
2
9
7
2
8
0
-7
-6
-11
-14
-4
-4
-3
-5
-11
-4
-6
-11
-10
-12
-8
-4
-9
-8
-4
-7
-9
-8
-11
-12
-8
-2
-4
-1
8
7
4
2
-2
-5
-5
-2
-1
-2
2
4
3
10
10
3
8
10
5
5
8
7
9
16
15
15
11
8
11
14
10
6
9
7
7
10
13
12
5
1
3
7
8
10
7
7
3
1
-1
-4
-8
-11
-12
-12
-12
-10
-16
-18
-19
-17
-17
-24
-17
-14
-17
-14
-13
-14
-12
-13
-12
-15
-16
-10
-12
-14
-6
-3
-3
0
-5
-5
3
-2
5
5
-1
3
0
1
-2
-2
-5
-2
7
9
11
13
19
20
24
24
14
14
17
16
12
11
20
18
16
18
21
19
16
13
14
17
11
15
12
9
10
8
9
3
3
2
-1
-4
-5
-6
-7
-10
-11
-17
-17
-13
-19
-20
-22
-25
-24
-20
-21
-22
-15
-18
-20
-18
-15
-11
-12
-8
-8
-7
-8
-9
-5
-5
-9
-6
-1
0
0
2
0
-2
2
2
-1
-5
-4
2
-1
0
-3
0
7
7
3
7
10
5
10
7
14
14
8
16
15
16
15
15
14
10
14
12
7
9
9
9
10
11
10
8
9
9
7
10
7
4
3
-1
-4
-11
-8
-6
-11
-11
-12
-8
-4
-6
-7
0
1
-5
-5
-6
-10
-9
-8
-6
-6
-6
-5
-6
-3
1
-1
-6
-4
-3
-5
-1
0
-5
-5
4
-1
-6
-5
-6
-7
-5
-5
-8
-5
-4
-4
-1
0
0
-2
2
4
4
7
3
4
-1
0
3
2
3
9
10
11
10
3
5
3
1
3
2
0
7
3
4
9
2
-1
2
-2
-1
0
-6
-7
-6
-3
-4
-11
-9
-10
-10
-7
-4
-2
-6
-2
6
7
5
3
7
6
3
-1
2
9
9
5
10
9
4
7
7
11
14
11
15
20
12
3
4
-3
-5
-7
-6
0
-12
-15
-4
-7
-3
-2
-3
1
-2
-3
-11
-9
-5
-15
-9
-12
-9
-13
-14
-10
-17
-10
-12
-11
-4
1
-4
-1
1
-5
-2
0
-1
-1
3
9
9
7
10
5
9
14
8
3
5
8
6
3
6
6
3
6
8
10
11
10
14
7
5
1
0
0
-1
6
6
3
2
6
5
3
5
-1
-3
-5
-5
-4
-3
-4
-6
-5
-8
-9
-7
-6
-9
-5
-2
-2
2
-2
-4
-5
-8
-9
-6
-10
-9
-2
-6
-10
-14
-14
-10
-10
-3
-3
-5
-4
-4
-5
-5
-6
-6
-5
-5
-2
-5
-4
-1
4
8
11
13
13
19
20
18
14
10
10
7
6
13
10
6
11
13
16
15
10
12
14
12
15
9
5
8
5
4
4
0
-2
-1
0
-2
-2
-3
-4
-5
-6
-2
-3
-7
-7
-4
-5
-6
-13
-14
-13
-14
-11
-9
-16
-16
-10
-8
-7
-11
-15
-15
-15
-15
-14
-18
-16
-9
-11
-7
-8
-9
-9
-9
-7
-6
-1
0
0
4
4
7
4
3
2
1
8
6
10
13
15
21
17
21
16
16
21
14
16
17
12
10
7
8
7
4
6
3
4
3
7
11
10
15
16
11
13
4
-3
0
-6
-7
-7
-9
-7
-6
-3
0
5
0
-2
5
-4
-7
-5
-10
-14
-18
-9
-8
-10
-11
-10
-8
-13
-8
-4
-4
-8
-10
-9
-11
-12
-14
-16
-12
-4
-6
-10
-11
-12
-8
-2
-2
-1
1
3
7
3
0
5
6
4
4
5
3
2
4
5
1
4
8
10
19
15
15
13
6
7
7
4
3
1
4
5
0
6
8
9
10
15
13
11
12
6
3
0
1
-3
-2
1
-2
0
-1
-1
-2
-5
-3
-1
0
-5
-7
-10
-8
-7
-9
-5
-2
-2
-4
0
-1
-5
-2
-7
-12
-3
-2
-11
-6
-2
-1
-3
-10
-10
-8
-10
-10
-13
-7
-3
-4
-2
2
6
3
1
1
4
5
1
1
-1
-2
-1
-1
6
13
12
6
1
1
0
-1
-3
0
7
8
11
11
8
10
10
10
8
5
3
2
3
1
7
4
-5
2
4
5
9
4
6
3
5
6
2
-1
-3
-1
-6
-5
-6
-11
-11
-6
-8
-12
-8
-8
-9
-11
-11
-6
-6
-10
-11
-5
-2
-4
-7
-8
-3
-2
-3
-4
-4
0
-5
-7
-4
-6
-10
-2
2
-2
3
0
2
-1
-2
0
2
8
8
8
9
8
11
8
9
7
6
14
3
4
6
4
10
12
11
12
14
16
17
13
10
6
3
4
-1
2
3
-1
-6
-10
-5
-3
1
7
3
4
0
-5
-1
-8
-8
-7
-10
-11
-16
-13
-5
-7
-9
-4
-8
-7
-5
-4
-3
-8
-7
-3
-3
-5
-6
-5
-7
-8
-11
-12
-5
1
1
2
0
-3
-4
1
-1
-15
-8
3
-1
-4
-1
3
4
2
3
9
11
6
9
11
9
10
11
6
-1
-3
4
4
0
3
4
9
8
9
9
11
13
8
10
7
5
10
8
7
1
4
3
-4
4
3
3
3
5
3
2
6
0
-3
-9
-9
-11
-10
-13
-15
-6
-14
-9
3
-4
-9
-8
-2
-1
-3
-4
-4
-4
-8
-10
-8
-8
-10
-4
-9
-9
-3
-4
-2
0
0
3
0
0
-5
-10
-5
-4
0
-5
-4
-2
-6
0
1
-1
2
7
8
8
10
12
12
9
11
13
14
17
16
15
10
8
11
18
19
16
16
11
13
11
2
2
1
-4
-6
-6
-8
-3
-1
-1
-1
-1
-1
-1
-2
2
3
-3
-12
-12
-15
-19
-17
-15
-19
-13
-9
-13
-8
-8
-7
-9
-15
-11
-12
-8
-7
-15
-12
-12
-8
-8
-8
-5
-6
-5
-6
-2
-9
-6
2
-1
2
1
-2
-1
6
9
6
10
17
19
17
20
19
12
15
13
15
12
9
16
15
14
7
13
13
13
17
11
8
10
11
5
5
6
2
2
1
4
4
0
-2
-2
3
0
-3
-3
0
-2
-5
-6
-13
-7
-6
-11
-10
-5
-3
-9
-5
-4
-8
-8
-6
-4
-6
-7
-9
-9
-11
-12
-10
-13
-7
-5
-13
-7
-10
-14
-10
-12
-6
-4
-7
-4
-4
-10
-9
-12
-11
-4
-9
-5
-3
-6
-4
-6
1
3
1
-1
1
8
2
-1
-1
2
2
4
11
9
8
9
12
15
16
15
14
13
9
8
6
9
13
15
13
20
24
22
21
17
16
12
9
9
1
4
1
2
6
2
4
9
7
2
2
2
5
1
6
8
-2
0
-6
-6
-6
-2
-5
-14
-10
-16
-16
-16
-15
-14
-17
-17
-12
-14
-18
-15
-14
-14
-13
-8
-6
-8
-10
-8
-10
-9
0
4
0
-2
0
-1
-2
0
0
-1
-6
-12
-1
-3
-8
0
0
-6
-9
-8
-2
-8
-7
1
0
-6
-7
-1
-13
-11
-4
-3
-2
-1
7
8
7
7
15
17
10
18
23
20
20
21
11
6
7
6
11
8
5
13
11
12
13
10
12
8
5
3
-6
-4
-2
-2
-1
3
2
5
9
8
10
12
9
6
7
6
5
5
5
3
7
6
2
3
4
7
-1
-4
-4
-8
-2
-6
-10
-12
-18
-17
-19
-19
-13
-11
-13
-20
-15
-11
-18
-19
-16
-10
-14
-13
-3
3
-3
-9
-5
0
5
6
10
10
9
5
8
16
13
15
11
3
2
2
-5
-11
-13
-19
-28
-28
-25
-25
-26
-29
-24
-21
-21
-13
-9
-9
0
1
1
4
8
11
12
4
5
10
6
3
1
-1
-1
-1
-6
-10
-7
-9
-6
-5
0
13
19
20
25
30
34
40
41
45
46
48
46
47
48
44
46
41
40
43
36
33
28
21
17
9
1
-2
-6
-12
-12
-17
-21
-19
-26
-29
-33
-34
-27
-23
-34
-36
-28
-30
-29
-27
-27
-34
-37
-36
-33
-29
-31
-25
-21
-19
-20
-15
-4
2
-2
1
8
7
6
10
17
12
7
7
9
10
2
-7
-8
3
10
11
4
-8
-13
-27
-42
-58
-64
-63
-76
-97
-94
-81
-83
-71
-56
-37
-14
-3
6
19
44
52
53
60
70
79
80
89
108
119
128
128
124
120
104
80
54
32
0
-24
-47
-59
-63
-73
-62
-51
-26
-2
16
28
46
61
56
60
65
62
64
61
60
57
57
55
48
41
35
38
5
-31
-76
-111
-228
-330
-350
-406
-412
-480
-558
-505
-465
-392
-320
-303
-236
-160
-94
-56
-48
-40
-40
-45
-51
-51
-41
-12
30
89
160
259
329
374
430
448
482
471
440
410
299
219
222
199
88
-11
-7
-1
-113
-271
-352
-418
-633
-934
-1142
-1255
-1322
-1529
-1764
-1685
-1462
-1273
-1176
-985
-509
-92
115
338
780
1223
1373
1441
1650
2033
2251
2158
2230
2432
2488
2426
2327
2396
2345
2003
1706
1639
1500
1052
618
449
278
-146
-523
-567
-536
-717
-858
-671
-373
-281
-242
-15
284
396
346
359
457
455
266
78
45
55
-83
-302
-369
-344
-481
-785
-1005
-1129
-1404
-1849
-2234
-2468
-2703
-3026
-3255
-3269
-3183
-3114
-2972
-2654
-2238
-1829
-1454
-1026
-553
-113
225
504
817
1096
1264
1343
1443
1555
1561
1494
1474
1513
1489
1400
1377
1437
1457
1399
1379
1442
1469
1387
1300
1306
1322
1217
1086
1072
1123
1051
875
810
841
746
415
125
-1
-200
-670
-1191
-1414
-1539
-1847
-2286
-2418
-2226
-2152
-2269
-2252
-1837
-1444
-1359
-1310
-983
-517
-326
-292
-102
366
710
764
908
1269
1640
1704
1684
1818
1999
2007
1707
1496
1516
1429
981
605
675
546
88
-216
-153
-109
-336
-472
-412
-177
-157
-361
-318
-3
152
-119
-150
121
167
-50
-195
-27
56
-67
-248
-221
-95
-263
-504
-598
-591
-811
-1203
-1469
-1648
-1883
-2251
-2461
-2498
-2520
-2517
-2438
-2180
-1815
-1394
-1036
-631
-61
394
690
979
1346
1602
1677
1752
1822
1898
1849
1733
1736
1780
1735
1572
1584
1670
1598
1479
1461
1535
1457
1313
1214
1205
1217
1095
970
969
1083
1017
785
682
701
570
92
-376
-612
-920
-1600
-2331
-2636
-2814
-3287
-3822
-3916
-3683
-3631
-3734
-3591
-3089
-2635
-2486
-2289
-1771
-1166
-817
-628
-183
492
988
1234
1560
2137
2599
2703
2733
2907
3059
2916
2590
2374
2243
2001
1579
1201
995
847
610
285
118
157
148
-62
-213
-56
83
-61
-222
-93
91
-28
-175
-64
153
215
199
350
604
808
866
871
951
973
819
457
130
-120
-525
-1090
-1609
-1910
-2228
-2649
-2955
-3037
-3012
-3037
-2976
-2750
-2431
-2097
-1774
-1401
-968
-502
-101
237
619
1032
1353
1514
1671
1892
2025
1976
1897
1911
1885
1697
1493
1396
1310
1140
927
835
766
678
527
405
402
307
214
95
118
124
56
97
136
265
223
273
294
165
0
-287
-498
-968
-1414
-1834
-2209
-2584
-3021
-3150
-3238
-3200
-3195
-3051
-2719
-2416
-2082
-1856
-1427
-971
-573
-246
152
755
1232
1647
2030
2543
2974
3187
3329
3415
3496
3360
3150
2911
2701
2515
2236
1982
1724
1593
1407
1112
829
616
463
115
-233
-448
-529
-673
-915
-937
-848
-762
-814
-791
-572
-453
-441
-485
-361
-222
-252
-338
-392
-320
-427
-674
-874
-998
-1164
-1558
-1904
-2105
-2281
-2559
-2852
-2911
-2857
-2827
-2806
-2623
-2236
-1885
-1574
-1199
-713
-191
220
624
1051
1468
1821
2071
2317
2480
2636
2705
2687
2647
2537
2480
2329
2163
1974
1798
1669
1443
1254
1011
820
597
341
104
-174
-325
-478
-569
-693
-716
-546
-403
-306
-297
-45
162
122
-64
-205
-145
-452
-947
-1363
-1533
-1757
-2326
-2695
-2796
-2726
-2880
-3066
-2867
-2513
-2202
-2141
-1876
-1339
-838
-557
-387
161
752
1107
1263
1612
2228
2501
2576
2703
3005
3161
2994
2920
2839
2753
2540
2221
1943
1603
1415
1053
580
276
74
-113
-569
-787
-754
-829
-1003
-1151
-965
-911
-991
-992
-897
-703
-697
-591
-452
-233
39
159
328
463
673
681
492
348
171
-114
-666
-1089
-1401
-1798
-2217
-2532
-2591
-2677
-2734
-2640
-2446
-2194
-1956
-1638
-1315
-959
-552
-168
198
575
1028
1398
1678
1989
2334
2582
2695
2827
2948
2962
2818
2677
2503
2238
1904
1548
1238
873
568
251
-36
-281
-469
-630
-863
-948
-977
-976
-1014
-929
-646
-444
-270
-82
261
440
396
331
283
158
-332
-806
-1189
-1557
-2098
-2686
-2940
-3128
-3302
-3535
-3488
-3214
-3013
-2781
-2531
-2017
-1554
-1165
-781
-362
205
598
956
1278
1706
2113
2312
2556
2779
3031
3154
3227
3319
3283
3287
3189
3005
2686
2372
2195
1746
1211
777
577
258
-308
-535
-562
-610
-881
-960
-757
-705
-690
-701
-513
-351
-228
-106
-35
236
466
597
575
691
895
773
515
302
189
-212
-777
-1202
-1563
-1996
-2555
-2885
-3107
-3276
-3425
-3447
-3271
-3083
-2770
-2472
-2070
-1596
-1076
-594
-230
305
823
1233
1480
1834
2272
2436
2503
2595
2769
2727
2532
2392
2247
2014
1640
1317
1005
707
356
-31
-341
-560
-770
-1085
-1297
-1334
-1328
-1398
-1343
-1052
-729
-428
-56
489
949
1298
1610
1833
1874
1685
1445
1025
431
-226
-825
-1393
-2039
-2515
-2801
-2947
-3087
-3141
-3029
-2893
-2756
-2677
-2496
-2287
-2096
-1905
-1662
-1220
-730
-203
358
1043
1785
2423
2988
3501
3985
4253
4343
4328
4243
4028
3677
3344
2960
2512
2041
1701
1376
958
621
413
216
-140
-409
-516
-650
-935
-1207
-1270
-1367
-1540
-1669
-1596
-1441
-1351
-1225
-966
-582
-285
-74
121
323
437
340
138
-71
-319
-743
-1268
-1715
-2057
-2418
-2835
-3104
-3164
-3176
-3218
-3124
-2836
-2504
-2233
-1941
-1520
-1046
-634
-260
169
672
1148
1535
1935
2369
2772
3052
3211
3359
3465
3444
3250
3022
2811
2512
2088
1650
1331
1035
672
265
-18
-214
-509
-881
-1169
-1263
-1420
-1619
-1664
-1481
-1157
-870
-469
98
725
1169
1417
1624
1691
1538
1054
442
-163
-825
-1591
-2409
-2973
-3305
-3586
-3867
-3947
-3732
-3476
-3305
-3111
-2687
-2204
-1863
-1540
-1066
-396
233
778
1423
2217
3011
3580
4046
4531
4961
5139
5021
4880
4732
4419
3858
3252
2794
2322
1745
1129
684
387
21
-399
-732
-877
-1048
-1371
-1694
-1907
-2022
-2274
-2566
-2667
-2582
-2483
-2454
-2223
-1746
-1236
-862
-501
-13
390
549
517
477
402
75
-450
-948
-1344
-1785
-2308
-2746
-2966
-3050
-3176
-3242
-3102
-2809
-2537
-2326
-2002
-1555
-1135
-808
-430
88
618
1088
1557
2121
2739
3275
3736
4149
4530
4800
4852
4775
4613
4385
4003
3459
2913
2408
1880
1271
735
314
-76
-515
-959
-1309
-1587
-1845
-2107
-2266
-2303
-2179
-2048
-1805
-1356
-779
-171
258
771
1189
1408
1348
1126
919
366
-294
-1094
-1716
-2350
-3048
-3431
-3713
-3711
-3836
-3743
-3508
-3248
-2921
-2791
-2410
-2141
-1771
-1509
-1195
-575
2
668
1183
1980
2761
3312
3723
4078
4512
4549
4355
4089
3884
3539
2970
2452
2073
1782
1375
938
614
469
249
-86
-429
-564
-691
-1075
-1420
-1613
-1600
-1790
-1959
-1890
-1668
-1432
-1359
-1020
-618
-197
48
224
512
656
680
430
279
142
-111
-524
-955
-1095
-1318
-1595
-1878
-1919
-1852
-1945
-1986
-1927
-1705
-1613
-1549
-1355
-1052
-672
-410
-34
463
1014
1530
1946
2459
2947
3328
3493
3574
3670
3558
3266
2835
2465
2075
1540
1026
589
284
-67
-396
-621
-789
-937
-1184
-1376
-1546
-1728
-1936
-2124
-2139
-2103
-1986
-1779
-1382
-870
-406
75
536
963
1158
1131
984
710
250
-428
-1111
-1738
-2318
-2895
-3335
-3495
-3495
-3407
-3240
-2881
-2400
-1978
-1600
-1199
-730
-331
-17
325
759
1265
1718
2193
2736
3331
3851
4217
4512
4728
4817
4656
4342
4003
3605
3100
2511
2017
1627
1236
845
531
343
157
-82
-323
-536
-733
-999
-1313
-1598
-1805
-1990
-2178
-2281
-2256
-2111
-1961
-1769
-1479
-1141
-844
-648
-459
-309
-273
-377
-550
-720
-954
-1254
-1559
-1780
-1949
-2106
-2212
-2214
-2124
-2027
-1927
-1782
-1590
-1414
-1262
-1091
-860
-603
-341
-20
388
864
1319
1778
2274
2760
3131
3357
3546
3649
3598
3375
3108
2844
2455
2018
1601
1265
916
513
223
-27
-229
-495
-730
-846
-1028
-1189
-1393
-1432
-1458
-1520
-1468
-1346
-1000
-758
-421
-32
429
859
1034
1249
1260
1214
813
299
-199
-827
-1414
-2170
-2570
-2922
-3083
-3163
-3129
-2776
-2573
-2213
-2010
-1626
-1308
-1128
-859
-676
-234
44
468
957
1517
2164
2620
3204
3613
4009
4194
4194
4139
3858
3582
3089
2590
2053
1531
1098
596
229
-92
-291
-504
-752
-872
-978
-1064
-1280
-1509
-1655
-1826
-2010
-2215
-2261
-2225
-2186
-2084
-1894
-1512
-1176
-904
-621
-345
-81
-26
-12
-25
-69
-206
-463
-576
-659
-726
-874
-956
-888
-867
-858
-883
-791
-701
-716
-718
-653
-486
-368
-267
-77
205
513
801
1136
1567
1980
2324
2595
2855
3102
3204
3208
3081
2935
2705
2351
1997
1622
1333
947
603
344
158
36
-212
-341
-448
-548
-730
-959
-1016
-1090
-1165
-1292
-1257
-1025
-868
-753
-631
-348
-157
-277
-475
-670
-847
-1341
-1997
-2482
-2842
-3183
-3681
-3864
-3724
-3468
-3290
-3082
-2512
-1942
-1498
-1254
-844
-318
10
214
434
991
1458
1805
2164
2691
3301
3562
3741
3876
4023
3861
3418
3046
2639
2225
1584
1102
807
593
417
212
283
314
377
286
242
259
125
-41
-403
-535
-717
-850
-998
-1056
-859
-786
-587
-461
-104
168
283
369
340
417
167
-54
-352
-591
-870
-1292
-1490
-1693
-1733
-1912
-1984
-1936
-1918
-1870
-1946
-1811
-1731
-1677
-1653
-1567
-1284
-1087
-804
-514
-89
390
778
1240
1641
2120
2442
2625
2793
2868
2949
2735
2483
2235
1996
1677
1173
921
690
483
142
-89
-38
-133
-307
-567
-549
-567
-807
-1039
-1126
-949
-1011
-1067
-917
-500
-124
-41
199
568
866
694
402
269
68
-461
-1240
-1690
-1995
-2381
-2915
-3122
-2913
-2723
-2636
-2486
-1959
-1449
-1139
-960
-609
-137
100
232
419
889
1291
1539
1848
2324
2837
3060
3187
3331
3412
3215
2773
2340
1912
1382
787
306
13
-197
-353
-350
-256
-91
22
133
205
195
158
31
-109
-365
-534
-628
-692
-756
-760
-545
-377
-220
-146
52
205
153
25
-157
-274
-588
-916
-1273
-1510
-1718
-1954
-2052
-2111
-1961
-1885
-1736
-1595
-1390
-1155
-1078
-943
-888
-719
-654
-545
-368
-131
244
564
1022
1446
1970
2428
2772
3055
3228
3356
3242
3038
2755
2484
2104
1638
1282
958
710
411
224
76
-44
-129
-289
-420
-608
-711
-921
-1185
-1419
-1561
-1591
-1713
-1691
-1592
-1266
-944
-678
-363
-80
300
296
131
-128
-334
-678
-1384
-1891
-2269
-2450
-2809
-2966
-2723
-2427
-2074
-1876
-1387
-968
-618
-380
-294
-61
16
175
157
334
724
1029
1362
1634
2224
2563
2764
2921
2981
2954
2544
2264
1805
1376
931
536
335
23
81
119
318
486
716
1092
1164
1344
1342
1428
1265
974
777
417
197
-219
-363
-530
-659
-660
-720
-573
-609
-514
-604
-711
-839
-1107
-1333
-1779
-1992
-2266
-2481
-2609
-2655
-2480
-2390
-2128
-1866
-1522
-1205
-966
-668
-488
-261
-141
12
212
418
694
913
1271
1620
1955
2273
2547
2855
2971
3013
2952
2831
2614
2241
1912
1506
1128
728
400
156
-123
-292
-466
-501
-602
-732
-815
-963
-1033
-1296
-1459
-1549
-1568
-1542
-1564
-1270
-954
-636
-436
-150
245
316
175
-102
-242
-608
-1268
-1881
-2256
-2453
-2852
-3136
-3057
-2681
-2417
-2274
-1861
-1241
-746
-595
-420
-21
367
462
452
738
1222
1557
1715
2077
2686
3169
3317
3426
3677
3784
3488
2986
2634
2287
1730
1055
648
487
295
80
82
434
723
820
872
1102
1271
1099
819
623
500
72
-432
-691
-742
-868
-1160
-1225
-1115
-1021
-1126
-1217
-1143
-1197
-1452
-1833
-2023
-2144
-2408
-2757
-2960
-2899
-2846
-2815
-2684
-2321
-1939
-1696
-1446
-1065
-620
-365
-204
7
316
559
696
927
1263
1618
1832
2064
2422
2774
2999
3043
3128
3210
3134
2880
2557
2322
1987
1509
1005
628
365
2
-373
-620
-711
-817
-1033
-1173
-1194
-1241
-1374
-1483
-1422
-1319
-1268
-1151
-872
-473
-226
13
330
611
642
399
265
37
-416
-1135
-1724
-2036
-2464
-2936
-3317
-3201
-2994
-2909
-2752
-2350
-1689
-1348
-1124
-842
-287
136
230
438
824
1394
1630
1872
2338
2917
3319
3390
3609
3782
3814
3485
3087
2766
2311
1812
1225
852
534
334
206
136
240
395
658
766
829
877
922
794
399
63
-175
-431
-938
-1358
-1457
-1434
-1564
-1719
-1556
-1293
-1227
-1391
-1405
-1324
-1464
-1829
-2150
-2263
-2425
-2673
-2859
-2761
-2532
-2356
-2136
-1765
-1247
-830
-530
-231
139
456
595
709
880
1079
1229
1334
1548
1835
2122
2360
2564
2826
3021
3109
3047
2948
2819
2528
2129
1665
1278
868
393
-50
-382
-580
-801
-992
-1058
-1026
-961
-1021
-1039
-976
-891
-839
-906
-790
-635
-417
-342
-302
-32
149
265
29
-93
-189
-505
-1049
-1758
-2040
-2449
-2934
-3520
-3706
-3481
-3459
-3345
-3153
-2409
-1824
-1465
-1033
-454
303
557
826
1178
1743
2119
2218
2583
3001
3456
3515
3627
3864
3942
3764
3295
3047
2679
2132
1427
883
595
177
-184
-422
-287
-155
-118
33
315
651
630
596
568
523
250
-186
-414
-637
-848
-1174
-1245
-1137
-1077
-1033
-1014
-798
-754
-855
-1071
-1267
-1468
-1887
-2283
-2645
-2792
-2936
-3050
-2977
-2740
-2346
-2046
-1655
-1184
-698
-323
-75
262
550
790
916
1077
1342
1556
1768
1956
2253
2544
2726
2864
2989
3107
3038
2848
2632
2378
2017
1516
1067
693
271
-185
-536
-705
-855
-1032
-1099
-1055
-963
-963
-949
-876
-802
-767
-829
-783
-696
-569
-518
-496
-303
-119
-5
-130
-174
-175
-355
-813
-1369
-1603
-1941
-2458
-3047
-3219
-3081
-3144
-3184
-2986
-2320
-1799
-1504
-1112
-456
259
520
762
1180
1747
2050
2136
2451
2891
3231
3239
3337
3558
3641
3420
3085
2913
2616
2126
1552
1183
900
500
139
-30
10
-9
-73
-33
145
291
230
146
142
147
-41
-398
-579
-641
-766
-1051
-1222
-1130
-1075
-1140
-1241
-1116
-998
-1098
-1287
-1408
-1417
-1617
-1917
-2152
-2201
-2243
-2405
-2449
-2297
-2010
-1868
-1699
-1344
-914
-579
-381
-39
353
678
872
1106
1434
1722
1938
2098
2360
2592
2748
2783
2821
2865
2774
2589
2310
2117
1827
1455
1043
682
393
-3
-310
-597
-768
-954
-1127
-1153
-1185
-1136
-1158
-1046
-877
-796
-692
-554
-262
-133
-111
-25
172
308
103
-82
-182
-315
-757
-1385
-1743
-2033
-2439
-3038
-3414
-3417
-3400
-3460
-3465
-3055
-2498
-2087
-1761
-1251
-474
120
529
961
1612
2236
2577
2891
3314
3777
3959
3971
4046
4102
3957
3541
3155
2831
2401
1790
1198
837
521
131
-226
-291
-183
-179
-212
-97
196
323
229
148
187
152
-161
-495
-640
-693
-890
-1140
-1162
-1017
-935
-1011
-1009
-877
-833
-1027
-1318
-1483
-1663
-2016
-2428
-2670
-2747
-2848
-2953
-2890
-2620
-2316
-2066
-1750
-1325
-925
-616
-338
-3
322
560
813
1118
1476
1772
2043
2401
2759
3049
3207
3353
3492
3517
3361
3097
2885
2585
2140
1602
1129
761
306
-189
-596
-798
-942
-1177
-1339
-1349
-1201
-1170
-1250
-1168
-919
-749
-829
-813
-541
-276
-319
-398
-136
160
92
-211
-234
-150
-459
-1126
-1612
-1781
-2199
-2922
-3475
-3504
-3456
-3652
-3716
-3292
-2564
-2127
-1784
-1152
-247
427
726
1162
1813
2393
2552
2686
3073
3486
3623
3533
3669
3849
3853
3545
3257
3127
2829
2353
1749
1376
1044
610
175
-135
-142
-214
-297
-322
-171
21
-12
-56
-90
-61
-238
-551
-765
-919
-1071
-1362
-1492
-1488
-1459
-1485
-1533
-1394
-1330
-1349
-1479
-1552
-1601
-1812
-2017
-2224
-2276
-2360
-2429
-2388
-2248
-1974
-1793
-1511
-1179
-777
-432
-194
150
471
791
996
1246
1573
1863
2105
2273
2550
2791
2949
2994
3022
3081
2987
2764
2472
2261
1984
1557
1093
735
422
21
-372
-648
-773
-943
-1075
-1144
-1076
-1000
-995
-918
-844
-702
-723
-696
-627
-551
-515
-598
-464
-396
-351
-493
-558
-512
-726
-1044
-1453
-1595
-1892
-2346
-2738
-2910
-2841
-2990
-2989
-2793
-2287
-1862
-1582
-1072
-435
278
603
1003
1560
2135
2481
2588
3011
3394
3651
3590
3648
3854
3774
3521
3126
2985
2643
2111
1553
1103
803
290
-112
-441
-531
-602
-737
-716
-615
-385
-342
-295
-215
-161
-213
-427
-572
-784
-975
-1237
-1451
-1569
-1672
-1663
-1692
-1633
-1547
-1433
-1387
-1450
-1420
-1464
-1566
-1757
-1883
-1911
-1987
-1979
-1925
-1724
-1458
-1175
-832
-504
-95
269
558
807
1052
1316
1480
1628
1789
1965
2142
2296
2441
2554
2668
2754
2764
2680
2546
2424
2223
1913
1556
1214
905
519
96
-275
-518
-739
-1005
-1189
-1261
-1194
-1210
-1221
-1147
-1010
-916
-967
-905
-886
-839
-902
-916
-859
-904
-826
-832
-725
-800
-838
-816
-931
-1082
-1461
-1553
-1746
-1998
-2320
-2475
-2268
-2258
-2133
-1986
-1389
-811
-447
1
501
1256
1574
1824
2069
2459
2766
2680
2789
2900
3151
3080
2964
3040
3029
2962
2554
2354
2117
1773
1296
766
532
173
-141
-509
-616
-593
-711
-752
-795
-603
-605
-705
-790
-820
-824
-1108
-1296
-1460
-1511
-1666
-1867
-1854
-1837
-1723
-1743
-1641
-1481
-1365
-1267
-1273
-1135
-1103
-1061
-1063
-1023
-884
-854
-723
-616
-393
-210
-81
124
285
531
638
791
939
1093
1269
1350
1516
1607
1758
1841
1924
1989
1987
2021
1969
1943
1801
1687
1546
1351
1143
881
678
426
181
-72
-262
-420
-571
-694
-754
-769
-829
-857
-894
-892
-946
-997
-1060
-1129
-1162
-1203
-1170
-1228
-1205
-1129
-1028
-1019
-1102
-1035
-1018
-1094
-1368
-1490
-1477
-1616
-1826
-1965
-1715
-1510
-1431
-1283
-842
-236
29
248
610
1175
1477
1456
1598
1919
2210
2124
2101
2339
2602
2626
2455
2557
2681
2591
2235
1932
1816
1502
1019
517
265
65
-288
-594
-689
-573
-580
-642
-554
-313
-151
-219
-269
-195
-175
-403
-715
-874
-953
-1172
-1494
-1653
-1604
-1558
-1635
-1646
-1475
-1249
-1185
-1193
-1093
-942
-895
-989
-994
-897
-817
-821
-773
-564
-333
-170
-1
285
577
773
906
1077
1265
1329
1305
1299
1346
1345
1269
1222
1277
1349
1345
1346
1401
1490
1470
1376
1282
1190
1024
735
454
205
-31
-314
-577
-733
-820
-878
-950
-947
-869
-795
-808
-842
-821
-801
-849
-1002
-1092
-1075
-1066
-1130
-1196
-1112
-941
-845
-882
-854
-701
-633
-758
-959
-996
-976
-1118
-1333
-1384
-1189
-1018
-954
-802
-398
84
375
581
918
1362
1614
1647
1707
1908
2072
2010
1916
1992
2171
2185
2068
2042
2124
2136
1903
1641
1473
1295
956
515
209
20
-184
-475
-633
-580
-503
-514
-537
-398
-267
-296
-441
-531
-579
-792
-1118
-1391
-1517
-1673
-1897
-2018
-1957
-1809
-1745
-1631
-1395
-1111
-943
-869
-711
-563
-509
-563
-571
-489
-438
-422
-361
-142
98
268
432
669
926
1033
1060
1116
1190
1159
1029
972
1010
1029
976
993
1152
1288
1327
1345
1446
1535
1436
1246
1087
954
700
331
35
-169
-378
-647
-830
-877
-892
-930
-956
-902
-846
-840
-869
-902
-961
-1048
-1102
-1182
-1255
-1276
-1204
-1079
-989
-833
-572
-282
-121
-38
128
270
231
24
-120
-159
-300
-589
-793
-728
-603
-614
-608
-349
45
240
281
462
798
943
813
754
924
1069
965
857
1042
1329
1387
1323
1448
1711
1777
1574
1438
1450
1333
967
565
375
233
-78
-410
-524
-463
-477
-570
-536
-332
-203
-255
-308
-259
-253
-454
-712
-868
-988
-1202
-1451
-1543
-1512
-1483
-1475
-1367
-1119
-891
-723
-565
-370
-192
-130
-129
-113
-94
-136
-210
-224
-169
-108
-39
85
256
418
559
697
811
877
887
868
836
788
737
698
683
686
718
774
847
942
1009
1040
1041
1023
968
827
640
446
256
41
-192
-385
-514
-611
-712
-787
-792
-762
-748
-762
-765
-729
-729
-797
-859
-857
-843
-876
-914
-865
-754
-678
-627
-514
-348
-228
-179
-131
-48
-1
-39
-88
-89
-69
-95
-151
-139
-59
13
42
109
242
365
422
465
552
631
638
595
591
608
588
552
542
566
592
600
626
682
712
723
729
724
700
636
560
482
373
252
142
44
-65
-168
-223
-264
-333
-412
-450
-478
-552
-650
-724
-759
-817
-911
-958
-928
-894
-881
-850
-732
-575
-476
-393
-262
-101
-2
37
101
206
276
277
283
337
383
365
332
340
365
342
282
255
266
258
202
168
209
247
228
217
267
346
368
345
368
419
435
397
352
341
319
246
162
106
65
3
-83
-160
-195
-221
-281
-350
-377
-387
-406
-457
-501
-491
-496
-526
-551
-560
-542
-541
-544
-518
-472
-418
-385
-345
-256
-167
-115
-76
1
80
114
131
166
225
244
227
239
286
313
306
307
332
345
323
293
281
273
245
199
175
180
178
156
143
177
219
217
218
257
306
318
293
297
331
321
270
231
214
174
86
8
-30
-76
-153
-227
-256
-268
-305
-351
-366
-355
-379
-428
-435
-417
-414
-434
-441
-396
-347
-320
-281
-215
-134
-73
-26
32
101
145
166
194
214
227
229
221
220
213
203
192
185
177
166
168
164
165
157
148
151
144
129
115
109
99
83
72
59
57
49
36
28
15
2
-11
-22
-44
-67
-84
-107
-133
-156
-178
-193
-205
-223
-235
-239
-243
-254
-257
-253
-243
-239
-246
-240
-227
-218
-217
-213
-198
-176
-151
-129
-103
-65
-20
24
62
97
139
188
219
235
251
277
295
278
254
251
266
250
211
189
193
190
155
130
135
141
117
85
84
107
118
98
93
119
139
139
128
129
133
123
98
72
54
34
-1
-55
-94
-116
-162
-220
-260
-276
-295
-337
-359
-352
-332
-330
-327
-291
-252
-219
-199
-170
-112
-65
-36
-3
36
80
115
126
152
185
204
217
223
233
239
237
230
217
204
185
163
133
106
87
66
59
43
30
22
16
11
-5
-13
-15
-22
-36
-57
-68
-77
-90
-105
-120
-128
-137
-142
-139
-137
-125
-116
-103
-93
-86
-70
-68
-75
-78
-90
-102
-114
-115
-115
-118
-119
-122
-111
-102
-95
-87
-76
-51
-30
-4
32
69
111
144
172
203
224
234
234
223
205
183
164
140
104
81
63
38
18
1
-6
-12
-25
-31
-34
-28
-28
-26
-13
-7
11
21
27
39
55
70
69
72
74
71
62
36
17
3
-13
-40
-62
-71
-78
-97
-113
-121
-120
-125
-134
-127
-120
-112
-106
-99
-79
-62
-51
-32
-6
15
34
53
66
85
96
95
100
111
107
100
101
101
102
94
90
96
90
80
63
46
24
-1
-23
-45
-60
-65
-73
-78
-67
-56
-60
-53
-48
-43
-38
-47
-48
-35
-30
-32
-32
-43
-48
-55
-70
-74
-72
-60
-57
-55
-40
-31
-25
-24
-27
-25
-32
-44
-50
-48
-50
-56
-60
-58
-45
-41
-31
-12
8
29
47
66
89
106
110
120
131
130
122
126
128
126
122
110
107
90
70
50
33
20
1
-12
-22
-30
-39
-49
-58
-64
-61
-61
-59
-45
-31
-15
-4
1
15
18
8
9
6
-5
-12
-17
-18
-23
-30
-40
-39
-38
-49
-54
-57
-55
-49
-37
-24
-13
-3
6
8
10
14
15
17
18
21
23
17
19
18
19
25
21
31
44
55
63
67
76
78
73
66
61
45
27
6
-16
-34
-50
-63
-68
-71
-74
-67
-62
-59
-51
-48
-46
-39
-38
-44
-53
-61
-69
-81
-86
-91
-90
-83
-74
-60
-38
-17
2
21
35
44
51
48
43
31
15
9
0
-9
-15
-15
-13
-15
-6
4
13
24
32
47
58
67
79
84
84
90
93
91
79
73
64
52
47
42
37
27
13
7
-8
-16
-29
-38
-40
-53
-51
-59
-63
-57
-57
-54
-52
-53
-51
-41
-43
-40
-28
-28
-27
-21
-14
-7
-4
1
9
17
26
37
39
39
40
44
45
46
44
42
35
29
27
16
9
5
5
3
6
11
17
20
24
31
31
33
26
25
28
25
17
18
15
6
1
-1
-5
-10
-15
-28
-40
-48
-52
-61
-69
-70
-78
-82
-80
-85
-81
-72
-67
-56
-47
-42
-39
-32
-22
-17
-11
-2
3
2
1
5
7
8
12
15
15
18
25
21
22
22
20
18
17
20
21
20
16
17
20
20
24
28
33
41
47
57
69
77
84
88
84
90
87
75
70
57
46
29
10
0
-14
-27
-35
-43
-46
-46
-50
-53
-52
-50
-57
-67
-71
-73
-82
-77
-73
-68
-60
-58
-45
-38
-32
-14
-7
3
12
15
25
30
36
37
39
49
53
47
44
47
45
40
32
31
33
25
19
19
16
11
16
16
15
22
25
24
33
31
30
34
32
33
31
25
17
2
-6
-16
-28
-36
-49
-64
-73
-89
-99
-106
-115
-123
-126
-125
-127
-119
-121
-114
-100
-89
-79
-63
-51
-34
-15
-5
1
18
27
32
44
51
64
71
74
71
69
76
75
81
79
74
72
74
82
81
82
82
85
86
93
102
97
103
113
117
117
113
110
102
88
69
53
39
19
1
-16
-37
-53
-69
-84
-96
-113
-124
-126
-136
-144
-145
-150
-152
-158
-157
-150
-145
-139
-128
-116
-102
-89
-69
-53
-38
-21
-8
5
20
36
46
54
61
67
71
77
82
87
90
85
88
92
94
94
85
81
77
69
65
60
61
58
52
51
51
56
63
66
70
75
79
80
81
82
76
65
52
36
22
1
-25
-45
-70
-90
-115
-137
-152
-164
-177
-188
-196
-197
-195
-192
-179
-166
-156
-144
-125
-108
-88
-68
-49
-24
-7
10
27
40
50
54
55
57
57
54
52
51
49
48
47
49
50
55
58
67
72
81
94
96
107
119
123
133
132
128
131
127
123
118
113
105
92
72
55
41
23
6
-16
-33
-53
-74
-96
-113
-128
-144
-149
-154
-152
-152
-150
-139
-129
-118
-105
-100
-86
-76
-62
-48
-43
-34
-17
-3
13
32
43
56
69
76
81
92
94
98
102
95
96
93
87
83
75
68
64
61
53
49
47
42
34
31
28
22
17
16
15
14
5
2
3
-2
-6
-8
-18
-31
-34
-46
-57
-69
-79
-86
-98
-111
-117
-120
-124
-127
-127
-124
-125
-124
-112
-96
-88
-72
-62
-56
-39
-31
-20
-5
0
12
29
34
45
55
62
70
75
81
83
80
86
90
84
84
82
77
80
81
83
85
88
92
92
93
89
83
80
72
66
55
46
45
33
21
19
11
1
4
-1
-16
-22
-32
-45
-57
-66
-73
-86
-95
-102
-114
-122
-130
-130
-125
-120
-114
-111
-99
-96
-92
-77
-63
-51
-39
-35
-23
-16
-6
6
14
31
42
54
63
70
78
78
84
90
95
101
102
96
94
88
84
83
68
63
61
48
42
35
27
22
8
-1
-10
-20
-22
-27
-35
-39
-38
-39
-46
-47
-49
-51
-49
-47
-54
-53
-51
-52
-55
-54
-49
-45
-41
-37
-28
-19
-21
-10
-3
-10
-5
-3
-1
-1
1
5
4
5
3
6
10
12
10
16
20
21
19
20
27
24
28
30
27
25
28
28
26
31
28
29
29
26
30
26
27
28
19
18
12
7
3
0
-7
-15
-16
-18
-17
-14
-12
-15
-17
-21
-22
-28
-32
-42
-52
-55
-57
-49
-50
-52
-51
-43
-43
-41
-29
-24
-17
-9
-5
0
6
10
13
16
17
22
25
33
41
35
41
48
49
48
50
54
47
51
47
47
41
34
36
32
30
27
22
17
15
11
4
7
-4
-17
-8
-11
-16
-12
-21
-19
-17
-22
-21
-29
-38
-41
-50
-49
-45
-50
-57
-59
-48
-36
-38
-35
-30
-33
-30
-30
-27
-32
-31
-22
-23
-17
-8
-11
-1
15
17
22
27
30
34
35
38
42
35
26
27
28
25
30
36
39
52
56
54
58
60
51
39
34
31
26
20
13
7
0
-8
-9
-14
-7
-8
-4
-7
-15
-11
-15
-19
-23
-29
-36
-39
-40
-41
-43
-42
-40
-41
-36
-23
-25
-29
-23
-21
-18
-19
-17
-15
-11
-5
-6
-12
-12
-4
6
9
6
16
22
20
19
17
16
16
17
18
26
30
38
43
34
38
39
38
35
28
29
25
15
11
14
7
4
2
2
1
-1
-1
-3
0
-2
-6
-15
-16
-11
-16
-27
-38
-43
-41
-49
-41
-28
-34
-33
-26
-20
-22
-23
-14
-17
-22
-27
-30
-20
-16
-12
-3
5
8
11
10
9
24
23
19
23
20
20
23
20
16
19
15
17
31
36
43
40
38
39
32
30
27
29
23
9
12
16
9
3
-1
-5
-4
-6
-8
-9
-12
-14
-19
-19
-17
-22
-26
-30
-31
-31
-36
-34
-28
-34
-26
-23
-27
-22
-22
-21
-24
-24
-19
-17
-13
-15
-15
-11
-8
-9
-2
2
7
8
10
16
16
20
25
29
37
31
29
38
35
35
34
30
32
36
38
39
31
23
31
25
13
15
13
6
3
1
-3
-3
-8
-9
-10
-10
-6
-9
-15
-14
-12
-19
-22
-31
-32
-41
-40
-35
-34
-29
-31
-30
-26
-24
-21
-17
-20
-22
-24
-18
-18
-18
-17
-9
3
-3
0
5
12
17
15
21
26
34
36
38
34
30
26
29
28
21
23
22
15
17
23
25
26
24
18
15
10
3
1
-6
-9
-12
-15
-11
-10
-11
-10
-8
-12
-13
-8
-9
-17
-16
-18
-21
-21
-23
-22
-30
-27
-22
-24
-26
-28
-22
-15
-12
-12
-11
-12
-15
-8
-6
-8
-8
-6
-1
4
9
12
20
18
15
23
21
26
33
36
34
34
36
32
34
33
24
26
29
31
27
28
29
25
24
24
25
15
8
6
1
-10
-19
-16
-23
-25
-17
-23
-24
-18
-16
-22
-28
-26
-20
-24
-28
-25
-28
-30
-30
-37
-37
-27
-21
-25
-22
-17
-14
-11
-10
-9
-9
-9
-11
-11
-14
-20
-12
-4
1
7
10
16
20
20
20
21
19
18
26
24
20
26
30
32
33
33
27
22
24
25
24
23
18
15
13
5
-1
-4
-4
-5
-4
-3
-2
0
-3
-5
-4
-11
-18
-14
-15
-18
-15
-18
-21
-16
-13
-16
-16
-9
-17
-20
-18
-19
-15
-18
-13
-4
-3
-5
-6
0
0
-1
4
1
-1
7
15
19
22
22
21
22
18
29
34
26
18
23
21
13
14
8
5
8
7
11
10
4
7
3
2
-6
-13
-10
-13
-18
-22
-18
-18
-21
-19
-21
-22
-26
-23
-22
-26
-23
-16
-14
-17
-11
-11
-16
-14
-13
-14
-8
-4
-3
0
2
-1
2
4
7
12
9
8
13
15
11
11
17
15
12
17
19
22
23
18
18
12
13
17
13
15
16
19
18
16
11
2
1
-5
-7
-5
-6
-5
-3
-8
-4
-3
-7
-2
-2
0
1
-2
3
3
2
0
0
-4
-9
-9
-15
-15
-20
-23
-15
-17
-18
-15
-18
-15
-18
-22
-20
-21
-20
-18
-18
-21
-19
-16
-12
-3
-1
9
7
11
21
20
24
23
22
26
26
16
20
22
17
19
20
28
24
27
26
19
23
19
14
6
5
5
3
-1
0
1
-1
-6
-10
-13
-16
-12
-12
-13
-11
-9
-11
-8
-8
-10
-9
-10
-12
-17
-13
-12
-16
-13
-15
-16
-8
-3
2
0
-6
-5
-11
-13
-6
-7
-5
-5
-4
0
-6
-13
-10
-9
-5
-2
-3
8
11
13
12
7
14
14
10
9
8
8
14
14
8
7
11
8
5
8
9
11
6
6
8
6
3
-2
0
-3
-9
-3
-6
-11
-8
-8
-2
-3
-6
5
2
-1
2
-2
-2
-2
-1
2
-4
-12
-9
-5
-8
-3
-1
-5
3
10
10
15
12
13
15
11
14
13
10
13
7
1
4
3
2
2
1
4
8
3
4
2
-1
-7
-15
-16
-19
-19
-14
-16
-17
-16
-14
-10
-8
-8
-5
-1
0
-4
-8
-7
-12
-11
-11
-8
-6
-6
-6
-7
-9
-5
2
0
-2
0
4
2
-1
6
3
3
8
10
6
6
8
6
8
7
10
8
6
3
9
9
2
8
6
5
10
12
6
5
14
10
5
8
9
12
7
8
9
5
1
-7
-2
-2
-4
-1
6
4
-3
2
6
5
2
-2
-4
-13
-15
-14
-19
-14
-12
-15
-12
-7
-8
-5
-3
-9
-10
-6
-6
-3
-1
-6
-6
-4
-8
-1
4
-4
-5
3
5
9
12
16
16
14
16
12
7
3
3
7
9
5
0
0
3
-3
-8
-5
-4
-9
0
0
-6
-5
-5
-11
-11
-9
-11
-9
-6
-11
-3
2
0
0
-5
-6
-7
-2
1
2
4
3
3
4
3
6
11
7
6
7
3
4
7
7
4
-1
10
9
6
8
2
6
2
1
4
3
2
-1
-3
-2
-3
1
4
5
9
1
0
2
4
5
-3
0
2
1
1
1
-2
-6
-13
-12
-12
-11
-7
-8
-6
-10
-7
-5
-6
-4
-9
-8
-10
-15
-12
-10
-11
-11
-9
-10
-10
-6
-4
-6
2
4
9
15
11
15
9
15
15
10
13
16
17
15
9
6
7
12
17
13
15
13
9
18
15
11
12
6
3
5
5
-2
-2
-4
-4
1
1
0
2
3
-5
-8
-13
-7
-12
-20
-16
-20
-19
-19
-16
-8
-10
-11
-11
-13
-11
-14
-14
-5
-7
-9
-5
-8
-8
-3
-7
-4
-6
-10
-2
-4
-4
-2
1
8
4
6
4
3
8
5
6
5
6
7
10
11
10
7
5
9
10
11
9
12
13
9
11
10
6
3
-1
-1
2
1
5
8
5
13
13
11
10
5
10
9
2
-2
-7
-5
-2
1
-5
-7
1
0
-5
0
-1
0
-2
-7
-8
-12
-14
-17
-19
-17
-14
-15
-16
-15
-11
-16
-16
-10
-7
1
1
0
3
2
-1
-2
2
2
2
2
5
12
8
8
13
15
15
11
14
15
19
13
10
11
9
8
6
10
8
1
3
3
2
-3
-8
-9
-11
-11
-14
-18
-17
-19
-21
-21
-19
-16
-18
-16
-10
-6
-3
-1
-4
-3
-1
-7
-2
-4
-6
-3
-2
0
2
3
7
11
11
17
15
13
15
13
8
4
9
4
5
5
7
8
4
14
15
3
3
7
9
7
3
-1
2
3
1
3
4
2
3
5
3
4
7
8
8
11
6
5
0
-6
-2
-2
-5
-11
-8
-1
-8
-6
0
-8
-9
-4
-12
-12
-13
-17
-10
-10
-14
-11
-9
-11
-9
-6
-2
-1
-3
1
0
-4
-1
-3
-3
-1
-2
-7
-12
-11
-12
-10
-7
-9
-7
-1
1
0
-4
-1
-6
-12
-3
-3
-4
1
9
8
4
10
15
17
17
19
19
16
13
12
11
13
16
14
18
21
18
19
16
14
12
12
14
10
7
8
12
6
-1
7
4
-1
-2
-5
-2
-4
-10
-10
-11
-8
-12
-17
-17
-16
-15
-19
-16
-14
-14
-19
-19
-13
-15
-17
-13
-11
-11
-8
-11
-11
-11
-12
-8
-4
-6
-3
-7
-10
-7
-5
-2
1
5
4
0
7
7
6
7
8
12
9
9
10
11
6
5
6
6
9
12
9
12
12
11
9
10
14
6
11
14
14
16
13
14
15
14
10
9
10
4
0
5
0
-3
-3
1
7
-4
-10
-12
-12
-15
-15
-16
-17
-15
-15
-14
-15
-12
-10
-13
-14
-20
-25
-18
-18
-16
-13
-11
-8
-7
0
3
6
8
7
17
9
5
10
11
11
8
16
8
16
18
7
20
21
11
12
3
0
7
2
-6
-4
-9
-12
-2
-6
-3
-1
-7
-8
-10
-6
1
4
-3
-7
-2
-7
-13
-13
-13
-13
-6
1
4
3
-1
-1
-1
5
11
13
8
6
6
0
-2
-8
-6
-3
1
1
1
-1
1
-2
-13
-3
1
-2
4
4
-2
1
0
4
7
4
4
9
12
11
17
23
24
18
13
15
13
12
8
9
12
11
7
10
8
-1
0
2
3
-1
0
-2
-9
-8
-15
-21
-28
-30
-31
-34
-34
-30
-26
-25
-23
-18
-11
-8
-5
-8
-8
-4
-8
-9
-8
-4
1
1
2
-1
3
10
12
13
15
16
17
17
7
5
4
6
2
-1
-5
-4
-1
-4
1
-5
2
7
8
15
8
4
6
4
1
3
7
8
4
6
13
12
15
16
15
17
15
13
16
18
14
10
7
9
8
11
10
3
3
3
1
5
4
-3
-6
-7
-9
-9
-17
-24
-19
-18
-22
-17
-17
-23
-16
-12
-14
-15
-11
-2
-5
-11
-8
-9
-8
-4
-1
4
2
-1
1
-4
-9
-8
0
-3
-5
-4
-5
0
-1
-3
-4
-8
-5
2
2
2
-1
-1
-3
-10
-7
-8
-9
-5
0
3
8
8
12
21
18
17
17
18
16
13
16
13
13
12
14
15
12
12
11
15
15
16
13
13
11
16
15
6
5
6
2
-4
0
-6
-7
-6
-7
-6
-15
-11
-9
-8
-5
-11
-11
-10
-7
-5
-3
-12
-14
-12
-12
-13
-6
-4
-5
-5
-3
-4
-10
-12
-12
-16
-19
-11
-10
-12
-12
-15
-11
-7
-5
-9
-9
-3
1
-2
-4
-3
-4
-6
-2
-2
2
8
-1
-1
0
2
13
14
15
16
17
18
16
16
18
18
14
16
13
12
13
16
19
17
14
18
15
7
6
9
17
11
8
10
8
1
0
0
-9
-10
-10
-8
-9
-9
-8
-9
-8
-7
-3
-7
-11
-11
-16
-15
-11
-14
-15
-15
-13
-9
-9
-9
-10
-11
-10
-7
-8
-7
-7
-4
-2
-7
-3
-6
-6
-1
-6
0
-2
-3
2
9
7
1
5
7
9
13
5
6
3
0
10
9
6
9
7
4
-3
-5
2
-3
3
9
2
0
2
0
2
1
0
5
-1
3
6
3
5
4
7
7
3
4
7
3
-4
-4
-3
-2
-3
-3
-6
-10
-3
-2
2
2
6
16
12
9
11
11
6
-3
-3
-8
-16
-10
-5
-8
-1
4
2
9
4
0
0
-3
0
-2
-3
0
-2
-2
1
2
6
4
5
9
6
3
1
-4
-6
0
-7
-9
-3
-9
-12
-9
-8
-9
-11
-13
-11
-10
-11
-10
-11
-7
-10
-11
-4
-6
-7
-9
-10
-9
-11
-6
-4
1
1
3
4
-2
4
7
10
12
13
16
17
17
18
19
20
22
16
18
18
19
21
20
18
14
17
12
9
8
5
0
0
4
-4
0
0
-11
-8
-10
-15
-13
-10
-9
-12
-11
-13
-11
-10
-14
-11
-14
-14
-13
-12
-9
-16
-17
-15
-12
-6
-4
-4
-6
-8
-7
-8
-8
-1
-1
-7
-3
-4
-4
-2
4
8
4
1
2
4
4
7
7
7
6
5
3
12
11
10
8
0
6
8
2
2
6
9
16
19
20
21
19
18
13
12
12
10
9
10
10
5
-2
-7
-4
-4
-6
-6
-4
-2
5
3
-6
-4
-3
-8
-7
-6
-6
-7
-9
-8
-11
-13
-9
-10
-8
-9
-11
-11
-16
-15
-16
-17
-9
-9
-7
-9
-8
-4
-7
-7
-10
-2
-3
-2
4
1
0
-6
-1
4
5
3
4
2
0
2
3
10
5
6
15
11
10
12
16
6
5
4
6
9
6
6
6
6
5
9
6
9
9
3
8
4
-1
4
1
-3
-3
-8
-2
-4
-7
-6
-6
0
-2
2
6
8
9
5
8
4
4
-4
-8
-2
-1
-2
-7
-1
2
1
3
1
4
1
-1
0
1
-2
-10
-7
-3
0
-3
-5
-2
0
-1
-7
-5
-1
-5
3
1
-4
-3
-7
-5
-6
-5
-5
-8
-9
-11
-4
-7
-14
-11
-9
-11
-11
-6
-11
-9
-6
-2
-1
0
-2
2
6
3
6
5
1
2
5
7
7
12
12
9
13
13
7
12
14
15
13
9
10
9
5
2
4
11
7
4
5
-1
-1
-1
0
0
0
-5
-2
-3
-1
4
6
8
5
1
-2
0
0
-3
-3
-3
1
4
4
4
4
7
-3
-5
-5
-6
-2
-2
-9
-7
-6
-9
-6
-7
-5
-5
-15
-10
-11
-10
-5
-9
-12
-12
-7
-5
-11
-13
-12
-16
-13
-12
-10
-2
-5
-5
-5
0
10
8
6
5
4
3
2
8
10
8
7
8
10
15
17
13
10
14
13
3
9
12
10
11
8
7
5
6
4
5
11
9
14
12
10
11
8
8
3
-2
0
1
-3
-4
-3
-2
-1
-3
-4
-8
-10
-7
-8
-10
-13
-15
-18
-19
-15
-13
-16
-19
-14
-7
-7
-8
-9
-8
-6
-7
-14
-8
-7
-5
-3
-2
3
1
0
-1
4
4
3
-1
-1
1
-3
0
3
6
2
-6
-4
-2
0
3
2
3
9
15
17
20
18
20
16
10
7
11
14
12
7
4
4
2
9
10
14
13
10
13
14
17
12
4
3
-2
-2
1
-4
-5
2
-3
-7
-1
-5
-3
-9
-5
-3
-12
-7
-8
-10
-13
-13
-15
-15
-13
-13
-13
-7
-4
-9
-8
-10
-10
-14
-14
-13
-16
-13
-7
-10
-10
-9
-8
-8
-7
-4
-2
-5
-9
-5
-2
6
5
3
7
6
4
6
12
6
6
11
12
7
12
20
19
19
18
19
19
21
14
7
9
4
6
3
0
7
5
7
9
10
10
6
7
3
2
0
-2
4
-5
-9
-2
-5
-3
-1
1
0
-6
-3
-2
-6
-8
-5
-8
-13
-10
-8
-7
-6
-8
-7
-6
-6
-7
-5
-7
-8
-7
-7
-8
-9
-12
-13
-8
-8
-9
-9
-7
-5
-7
-4
-3
-4
0
4
2
0
4
3
2
3
0
8
8
5
6
6
7
8
10
14
16
17
15
13
10
9
7
8
9
1
0
1
1
-2
-4
-1
4
4
2
7
8
-2
-3
0
-3
-9
-12
-4
-4
-3
3
-4
-3
1
-3
1
4
-1
-6
-12
-11
-9
-9
-5
-2
0
0
-1
-3
-3
2
2
2
5
2
2
4
0
1
-1
-6
-2
-6
-6
-2
-1
-1
-2
3
4
4
5
5
8
3
2
5
5
6
5
5
2
-5
-3
2
-4
-4
-4
-1
3
2
-2
-8
-11
-9
-8
-6
-5
-10
-6
-3
-8
-8
-9
-7
-8
-8
-2
4
2
-3
-4
2
4
7
6
8
16
13
15
14
9
13
15
11
13
19
18
14
14
18
15
9
8
9
3
2
2
-2
-4
-7
-7
-14
-10
-6
-10
-7
-5
-3
-8
-10
-5
-8
-10
-9
-9
-9
-10
-7
-10
-15
-11
-12
-14
-11
-11
-10
-6
-8
-12
-6
-5
-13
-14
-11
-12
-12
-9
-4
-4
-9
-2
-3
1
9
6
10
13
9
10
9
10
11
15
11
7
9
12
17
15
13
15
18
16
16
19
16
19
20
18
17
14
6
7
16
12
6
11
10
6
4
0
-1
5
1
-10
-10
-13
-13
-11
-11
-13
-18
-15
-8
-9
-10
-10
-8
-4
-4
-5
-6
-7
-8
-9
-12
-14
-14
-18
-16
-18
-17
-14
-16
-15
-13
-10
-10
-11
-13
-9
-14
-13
-9
-9
-9
-10
-10
-1
-4
-7
2
3
8
11
11
19
18
11
18
17
18
17
10
14
14
14
20
20
21
24
25
25
26
24
24
20
17
14
11
6
1
1
-2
-6
-7
-6
-4
-6
-10
-4
-1
-2
-6
-4
-4
-8
-10
-14
-12
-13
-11
-8
-8
-7
-10
-9
-6
-5
-1
0
-1
-3
-6
-6
-8
-14
-14
-13
-9
-7
-10
-13
-13
-11
-9
-6
-8
-8
-8
-8
-8
-7
-7
-5
-1
-1
3
4
5
7
1
6
5
6
10
11
12
13
10
9
9
14
14
13
13
11
11
12
17
15
12
17
14
13
11
9
7
-1
-2
-3
-9
-9
-4
1
6
7
4
5
8
3
-3
-4
-14
-15
-12
-11
-11
-13
-6
-14
-15
-12
-12
-9
-10
-6
-16
-4
-5
-8
0
-8
-9
-7
-11
-18
-9
-13
-19
-11
-17
-12
2
5
12
20
9
7
16
12
16
14
-1
-3
3
6
11
9
5
10
12
9
15
15
12
13
8
9
4
0
3
4
1
0
2
-3
-2
1
0
5
8
4
5
4
4
5
5
0
-4
1
-1
2
3
5
1
-2
0
-7
-8
-3
-7
-9
-9
-7
-9
-10
-8
-13
-11
-16
-18
-14
-15
-15
-20
-15
-14
-10
-4
-9
-3
-1
1
-1
-3
-3
-6
-8
-8
-7
-5
-4
0
6
4
8
13
14
18
18
15
22
22
16
20
16
13
9
5
11
2
3
6
2
4
-1
3
5
6
11
12
6
4
2
-1
-5
-9
-8
-9
-9
-7
-2
-1
-4
1
7
5
6
6
6
5
0
-1
-3
-6
-10
-8
-5
-7
-8
-7
-3
0
-3
2
0
-2
-4
-10
-5
-10
-14
-5
-7
-12
-11
-9
-5
-6
-5
-3
-5
2
2
-1
4
1
-2
5
2
-1
-1
-9
-9
-7
2
4
-1
2
5
2
6
6
1
-1
-4
-2
-2
-5
-3
-2
1
1
-1
3
8
11
10
5
8
6
4
13
7
2
1
1
0
3
7
4
7
0
3
8
5
9
9
10
13
11
14
8
4
-2
-6
-2
-4
-4
-2
-2
-3
-1
-2
-2
1
0
1
1
-5
-6
-6
-4
-3
-6
-7
-2
-4
-3
-3
-3
-4
-4
-3
-6
-8
-8
-8
-5
-14
-17
-8
-9
-12
-10
-8
-9
-11
-6
-6
-6
-5
-3
-1
6
3
-1
3
-1
3
1
-1
3
0
3
3
5
1
-2
6
10
5
1
4
6
6
7
7
10
14
9
14
18
9
7
11
13
14
11
7
6
1
3
3
-3
3
7
6
4
6
8
7
6
1
2
1
-5
-4
-2
-7
-10
-10
-6
-4
-5
2
1
-1
-3
-11
-10
-13
-16
-14
-10
-10
-8
-11
-17
-16
-16
-16
-17
-10
-7
-4
0
-2
-2
-1
3
0
-2
1
-1
-1
-5
-5
1
0
1
6
6
5
4
0
-2
2
-1
0
7
7
8
8
10
6
5
9
9
7
4
9
14
14
11
6
8
9
7
3
7
9
10
11
8
16
11
8
12
9
3
-2
1
-2
-4
-7
-2
1
-4
3
5
4
6
3
-4
-7
-15
-19
-16
-19
-14
-11
-9
-10
-17
-17
-12
-10
-14
-14
-10
-13
-13
-9
-13
-15
-10
-10
-7
-2
-1
-3
-2
0
-7
-6
-2
0
1
3
2
3
-7
-4
-1
-2
2
1
7
10
6
8
10
8
16
15
15
12
13
10
1
4
9
10
7
7
12
17
18
18
15
14
15
12
10
7
5
6
4
1
4
5
2
5
9
9
13
8
5
2
-1
-4
-3
-4
-12
-11
-14
-14
-14
-14
-10
-9
-12
-16
-13
-11
-12
-13
-14
-18
-18
-11
-14
-17
-14
-18
-18
-12
-13
-10
-7
-5
-7
-6
-4
-4
-2
-3
-3
0
-2
-1
1
1
2
6
4
6
8
7
12
11
9
11
13
15
15
7
9
9
8
7
5
7
8
10
12
18
14
12
17
19
23
19
17
15
8
2
-7
-3
-2
-1
3
1
4
2
4
4
0
-3
-7
-3
-7
-10
-12
-11
-12
-13
-11
-9
-9
-13
-14
-18
-16
-13
-16
-11
-8
-8
-8
-5
-10
-13
-10
-10
-3
-1
-8
-1
3
1
2
-2
-3
-2
-3
3
3
4
8
4
5
7
10
10
8
6
2
4
6
9
9
8
5
7
8
0
2
1
1
2
-1
3
-1
0
6
8
11
7
9
8
4
3
-4
-2
-1
-5
-1
5
7
7
3
4
3
3
3
-3
-9
-10
-3
0
1
-7
-8
0
-2
-4
-5
-4
0
-9
-10
-3
-3
0
-2
-5
-7
-13
-13
-6
-12
-10
-3
-7
-6
-3
-4
2
6
2
4
4
1
-2
-5
-7
-6
-7
-9
-6
-2
0
0
1
1
3
6
7
6
1
1
5
2
4
6
2
6
14
12
14
16
16
18
6
6
6
5
6
4
6
6
0
2
10
3
2
8
4
4
2
-3
0
0
-1
2
-2
2
2
0
2
-1
-3
-7
-6
-6
-9
-9
-6
-9
-9
-6
-7
-7
-12
-10
-10
-15
-12
-11
-14
-8
-7
-9
-7
-10
-10
-6
-10
-16
-12
-8
-4
0
-1
-1
0
1
7
5
4
3
2
2
2
0
4
6
7
8
12
13
13
14
9
16
18
15
11
9
13
11
11
13
8
6
6
3
4
5
7
6
7
9
6
8
6
3
5
5
4
0
-3
-4
-2
-2
-7
-7
-9
-13
-12
-4
-9
-14
-12
-14
-15
-14
-11
-15
-13
-8
-16
-14
-14
-14
-10
-7
-5
-2
-3
-8
0
-2
-8
-1
-1
1
-4
-9
-4
1
0
-1
1
-2
-2
3
8
7
7
9
9
8
11
12
8
13
9
8
8
7
8
14
14
13
14
10
15
15
12
6
5
0
2
2
-4
0
0
1
0
0
-1
4
3
2
6
2
4
4
-7
-8
-5
-9
-7
-8
-9
-5
-10
-9
-10
-8
-4
-7
-6
-7
-9
-8
-9
-9
-12
-12
-10
-3
-4
-6
-4
-4
-5
-1
-1
-3
-2
-1
-1
-6
-4
-5
-6
-2
-1
2
-1
1
4
2
1
3
5
8
10
6
5
6
6
6
8
8
7
6
6
7
9
3
3
4
2
8
5
7
3
0
2
-7
1
3
4
1
2
3
1
0
1
5
2
-2
1
6
-1
-2
2
2
2
-1
3
3
2
4
7
8
2
0
-5
-4
-1
-1
-4
-4
0
-1
-5
-9
-10
-7
-4
-8
-7
-5
-9
-2
-4
-6
-7
-7
-12
-12
-6
-5
-2
-7
-6
-3
-4
-2
2
3
-1
-2
-5
-7
-2
-4
-7
-8
-4
-1
-4
-1
1
1
0
2
2
-1
-3
-2
-3
2
2
-1
8
10
11
12
12
13
15
13
8
13
14
17
15
13
13
10
10
11
14
14
12
8
11
11
8
4
3
4
-1
0
-3
-4
-3
-2
-2
-5
-5
-9
-9
-7
-11
-13
-16
-15
-13
-18
-15
-14
-14
-9
-14
-14
-9
-12
-11
-8
-9
-9
-10
-11
-8
-7
-11
-10
-6
-7
-7
-4
0
-6
-4
4
1
4
3
-1
1
2
5
2
2
5
4
2
6
7
12
20
19
13
17
18
19
16
13
15
6
8
5
0
-1
6
12
6
6
6
9
17
14
8
10
7
2
0
0
-4
-2
-1
-5
-2
-2
-2
-3
-4
-1
-1
1
-1
-3
-4
-5
-10
-16
-18
-16
-14
-13
-12
-18
-12
-4
-5
-2
0
0
-11
-11
-9
-10
-9
-12
-9
-10
-9
-2
-5
-2
-3
-7
-6
-8
-8
-7
-5
-3
-4
-5
-2
-5
-5
-2
4
7
5
11
12
11
11
10
13
13
11
10
12
