-2
1
-2
-2
4
0
-3
-5
-8
-9
-6
-6
-6
-7
-4
1
0
5
4
1
5
5
2
0
6
6
-1
-2
2
-4
-3
4
3
-1
-6
-4
7
10
10
5
-1
-2
-2
1
-6
-10
-4
4
3
-4
-5
0
7
5
-5
-8
-9
-1
5
-4
-13
-8
0
4
-1
-11
-15
-10
-1
-3
-6
-8
-5
5
5
-1
-9
-2
5
7
5
-3
2
12
21
17
6
5
10
15
15
6
1
5
10
11
1
-5
-4
2
5
1
-5
-4
5
8
1
-3
-5
1
4
0
-5
-7
-8
-7
-6
-4
-7
-5
3
0
-8
-8
-9
-4
5
0
-4
-3
-4
-6
-2
-1
-2
-2
0
1
-1
-5
-8
0
2
6
2
-5
-3
-10
-5
-5
-3
2
1
7
6
5
7
5
-1
1
2
-2
-3
-2
5
8
6
1
1
7
10
7
7
4
4
11
8
3
3
7
8
7
2
-5
-7
-6
-6
-3
0
-1
-5
-5
0
-3
-3
-4
-3
-1
-4
-3
-3
-9
-8
-6
-11
-17
-15
-7
-3
2
5
8
11
7
5
0
-1
-4
-8
-12
-15
-10
-7
-7
-3
-9
-9
4
9
5
11
15
18
19
18
17
11
9
12
8
4
4
-1
1
3
3
0
6
15
14
7
4
5
3
7
1
-11
-8
-3
-6
-7
-13
-12
-4
-2
-6
-5
-3
-5
-3
-2
-5
-5
-6
-16
-15
-14
-14
-10
-8
-4
0
6
0
-5
-3
-1
-2
-4
-7
-11
-5
0
0
-1
2
6
7
6
5
5
7
6
5
2
7
11
6
3
-3
-3
0
0
9
16
15
16
20
14
12
7
0
-1
-5
-3
-7
-15
-10
-3
0
-6
-4
0
1
3
3
2
2
4
1
2
-5
-12
-6
-2
0
0
-5
-1
6
5
3
1
-5
-4
-4
-14
-11
-12
-15
-4
-5
-10
-9
-1
10
13
3
2
8
10
7
-5
-7
-6
-5
-2
-7
-1
0
9
8
7
10
3
13
9
2
-1
-6
0
3
6
0
-6
1
2
6
2
-5
-3
3
7
10
6
2
-4
-6
-5
-10
-13
-8
-2
-1
-5
-2
-4
-3
1
-3
-5
0
3
1
1
-6
-4
-1
4
0
-6
0
-3
-3
1
-2
-4
-2
0
-1
0
4
8
9
7
6
6
2
1
4
5
0
-3
-3
-2
0
0
-5
-1
2
1
5
2
2
1
4
1
-2
1
0
2
-2
2
3
1
5
2
1
7
5
8
5
4
10
4
1
1
-1
6
-1
-7
-6
-6
-4
-6
-5
-7
-7
0
0
-4
-6
-6
0
-3
-12
-10
-3
1
0
-1
-5
-8
-7
-5
-4
-7
-9
-7
-7
-8
-4
-8
-7
-1
-3
1
-1
0
6
11
7
3
8
12
14
8
0
3
8
7
3
3
-2
3
10
7
5
6
17
17
5
0
-1
4
0
-2
0
4
12
11
7
5
0
5
0
-2
4
-1
1
-3
-6
-3
-9
-9
-8
-8
-9
-9
-7
-5
-2
0
-10
-8
-4
-9
-11
-10
-14
-17
-14
-13
-8
1
-2
-3
3
1
-1
-4
-4
-2
-7
-4
2
1
3
6
7
9
12
7
6
7
7
11
13
12
11
9
5
7
8
7
7
6
10
6
8
10
5
7
4
2
2
0
-2
-3
-4
-4
0
-8
-9
-9
-12
-6
-5
-7
-4
-5
-3
1
-5
-9
-9
-5
-8
-12
-13
-9
-4
-2
5
2
8
16
5
-1
0
-2
3
0
-8
-9
-5
2
7
6
-2
3
6
7
5
0
2
3
4
-2
-5
-8
-5
-3
-8
-12
-8
-5
2
7
-1
-2
1
5
4
0
2
2
7
8
6
5
6
7
4
-2
-9
-6
3
3
-1
-4
-2
5
7
2
-6
-11
-4
1
2
-3
-8
1
3
0
0
-5
-1
9
11
10
4
7
12
7
4
5
4
2
7
5
5
0
3
7
5
3
-10
-6
-4
-7
-2
-8
-4
-4
-5
-9
-12
-7
-9
-7
-5
-7
-16
-14
-8
-7
-1
-5
-2
5
3
0
-3
-3
-4
0
5
6
7
6
3
0
3
9
3
1
3
0
-3
-2
-4
-6
-1
0
-2
0
3
4
3
3
1
-4
1
4
1
-1
1
1
5
4
1
-2
-2
2
1
0
-3
2
3
4
3
4
4
13
16
7
7
3
-5
-9
-6
-4
-7
-1
4
9
9
4
5
8
3
0
3
9
9
9
4
1
-2
-6
-6
-9
-7
-6
-3
-1
-5
-2
-4
-2
5
0
-6
-9
-5
-3
-5
-10
-6
-2
-8
-5
-2
-8
-5
-6
-7
-8
-9
-1
0
0
2
-4
-3
3
-1
6
2
-5
-4
-2
-1
-6
0
3
3
9
10
6
11
15
8
1
-6
-4
-5
-5
-3
-3
-1
0
0
3
2
3
3
5
3
4
9
15
15
10
6
0
1
0
-4
-9
-6
0
2
11
10
5
7
3
6
4
-6
0
2
4
5
-3
-1
0
-2
-4
-8
-5
-3
2
3
-2
-4
-5
-8
-4
-3
-10
-10
-8
-6
-6
-10
-8
-1
-1
1
6
5
6
8
5
6
-1
-5
-1
-6
-9
-4
-1
-2
-3
-2
-1
0
-1
1
3
0
2
3
2
0
-4
-4
-2
-1
-6
-4
-1
-2
4
5
10
13
5
-5
-4
-6
-5
-2
-7
-6
-6
3
6
4
1
4
8
6
5
4
5
-2
-4
2
-2
-6
-6
-2
2
3
2
10
12
12
12
8
5
-1
3
0
-5
0
-6
-2
-2
-1
5
1
2
4
5
3
0
0
-1
-3
-5
-4
-5
-1
0
3
2
-1
-2
-2
-5
-10
2
-4
-9
-2
-9
-5
1
3
-1
-4
-2
-3
-6
-1
-1
-6
1
7
6
5
0
-3
4
4
1
0
2
3
4
3
-2
-1
-4
-7
-7
-8
-3
1
2
1
1
0
-3
4
3
0
1
1
-3
-7
-6
-6
-6
-1
0
1
-1
-6
-5
-5
-5
-1
0
6
10
4
4
-1
-1
2
-2
-3
0
2
1
-1
2
5
2
5
7
9
11
5
9
4
7
6
5
8
7
4
0
5
9
7
7
9
10
10
5
-3
-6
-5
-7
-8
-8
-9
-11
-7
-4
-4
-8
-14
-9
-8
-8
-10
-5
4
-2
2
2
-1
3
0
2
-1
-5
-1
-1
-6
-11
-12
-12
-11
-4
-2
0
5
7
4
0
0
2
-1
2
2
-6
-11
-9
-10
-8
-2
-1
3
6
7
4
2
9
10
6
6
7
0
-3
1
-2
4
7
5
16
17
17
17
12
4
5
7
2
-1
2
3
-5
-1
-3
-3
2
-1
3
6
3
-1
-1
-2
0
4
-3
-8
-11
-11
-13
-11
-10
-11
-7
-6
2
2
-4
-2
0
3
3
-5
-3
-1
-7
-9
-10
-6
-8
-6
1
0
4
2
7
8
-1
3
-6
-7
-1
-1
-1
-2
3
4
6
6
8
9
8
15
15
10
6
5
12
6
7
5
1
2
-2
2
1
0
-3
2
5
1
5
5
2
0
-7
-7
-9
-11
-9
-12
-8
-1
-3
-1
0
0
-2
-1
-3
1
-6
-15
-11
-9
-3
-10
-13
-8
-3
-3
-2
0
-2
0
-1
0
7
4
3
1
-5
-1
-8
1
9
7
8
9
7
6
10
9
-1
-4
-3
-4
1
5
4
6
3
2
3
6
12
13
8
6
2
-4
-4
-3
0
-10
-12
-4
0
6
7
-1
-3
6
8
9
5
3
3
3
-2
-8
-7
-11
-9
-6
-8
-6
-5
-1
5
5
1
9
14
14
10
-3
-5
-3
-4
-6
-10
-11
-3
-1
5
2
-5
-1
2
-1
-6
-3
-4
0
5
-6
-11
-17
-10
-3
-2
-2
-5
-2
-3
-1
3
2
-1
3
3
1
2
-3
-2
-1
-5
-5
-2
1
1
4
3
2
7
13
6
1
6
-4
-5
-2
-7
-8
-4
2
3
1
6
5
7
6
5
4
4
12
10
10
8
2
2
-1
3
2
-1
5
1
0
5
3
2
4
4
6
8
4
2
6
9
-1
-5
-5
-8
-11
-11
-9
-5
-3
-3
-6
2
6
-4
0
-7
-9
-9
-8
-6
-6
-6
-7
-7
-5
-7
-4
-4
-3
1
0
-1
-1
-2
-7
-6
-5
-7
-7
-5
1
7
8
1
0
3
4
4
2
-1
-2
-2
2
0
1
1
-1
5
10
17
13
9
14
12
7
4
5
4
1
-2
-2
-8
-13
-7
-1
-3
-1
1
3
8
5
5
12
8
7
11
5
-4
-3
-5
-8
-9
-8
-8
-12
-5
-1
2
1
-2
2
2
0
-8
-1
5
7
5
-2
2
3
-3
-8
-3
3
7
10
11
12
11
5
1
1
-3
-7
-9
-11
-10
-13
-13
-3
1
2
-2
-4
-3
-4
-1
1
0
-1
-3
-7
-12
-6
-4
-2
-5
-11
-8
-7
3
6
7
7
2
2
6
6
1
2
-1
3
5
7
11
11
12
8
13
8
0
-3
-5
-6
-9
-3
-2
0
4
3
4
6
4
8
13
5
3
2
2
-3
-8
-5
-4
-5
0
-1
-5
1
6
4
1
3
-3
-10
-4
-7
-8
-3
-3
-1
2
4
3
1
3
2
-2
-2
6
5
1
-5
-2
1
-5
-2
-2
-6
-5
-6
-7
-3
-3
-2
-2
0
2
-3
0
-1
-4
-2
-1
3
2
0
-6
-6
-1
-2
4
4
4
6
7
10
6
0
-1
-5
-1
-3
-2
7
1
5
7
4
6
6
4
-3
-4
-5
-4
-2
5
8
5
8
2
5
8
6
12
10
9
8
1
-6
-9
0
0
-4
0
-4
-5
-1
-1
-3
-2
-8
-10
-9
-13
-6
-6
-13
-19
-16
-9
-7
-4
-3
-2
-5
-8
-7
-6
-3
-2
-5
-5
-1
1
7
1
-4
7
12
7
13
16
14
17
17
16
15
14
9
6
0
3
2
-2
0
-2
-1
-1
3
7
1
-6
-4
-4
-7
3
1
-3
2
-2
1
2
3
3
-2
-2
-5
-8
-11
-8
-7
1
1
0
9
5
8
2
-9
-6
-4
-2
-5
-10
-7
-7
-9
-8
-6
3
-4
-9
2
4
-1
0
8
4
-1
2
-7
-7
2
-2
-3
-1
5
10
7
7
3
4
2
-2
1
-1
-4
6
4
0
2
-8
-8
-6
2
7
1
7
8
11
12
13
12
-1
-2
2
-5
-11
-10
-11
-6
-3
-6
1
10
12
11
9
14
5
-1
1
-1
-3
-11
-13
-7
-9
-2
2
-1
11
12
10
7
-2
-4
0
-7
-13
-9
-5
1
-7
-6
-3
-10
-6
-2
-3
-1
2
0
-3
-4
-7
-12
-9
-2
-3
-6
0
0
-8
-6
1
-1
-1
5
8
11
13
15
8
5
7
-1
-6
-4
4
5
0
6
14
17
14
15
8
9
7
-9
-8
-4
-5
-4
-5
-1
-8
-12
-9
-3
1
-3
4
6
-2
5
4
-2
-15
-11
0
-2
-1
-1
4
0
2
6
5
6
5
-1
2
9
-2
-3
-4
-3
-3
-10
-4
0
0
-2
3
0
-5
-2
-3
0
-2
-1
-1
-9
-15
-11
-8
-5
-5
1
1
0
7
3
2
6
5
9
5
4
2
-3
0
-3
-1
3
6
4
6
11
3
12
15
17
12
3
9
1
2
1
-7
-6
-10
-5
-2
-1
7
2
-5
-7
-11
-11
-9
-7
-13
-13
-8
-2
8
4
3
4
-3
-4
-4
7
4
-5
-7
-10
-8
-7
-2
-4
-3
2
2
8
14
13
4
2
1
5
7
4
5
1
-3
4
3
1
4
0
-1
-9
-5
3
5
8
5
6
7
9
8
11
6
3
0
3
11
8
7
-2
-6
-3
-14
-12
-2
-10
-9
-11
-18
-12
-9
-13
-9
-9
-9
-11
-16
-7
-5
-7
-8
-9
-1
1
0
1
0
-3
1
-2
-3
6
5
1
-2
5
10
15
22
17
7
13
14
10
9
5
9
5
-3
-4
-3
0
-4
0
-1
-5
3
3
6
1
-7
-1
-5
-5
1
2
-1
-7
-9
6
5
8
13
4
1
5
13
11
18
13
9
9
4
6
-1
-3
-4
-16
-17
-12
-9
-7
-1
4
0
-1
8
11
6
2
-7
-10
-18
-26
-18
-10
-14
-15
-14
-16
-12
-5
-1
-3
-9
-11
-6
-9
-13
-3
0
-4
-10
-9
0
8
6
6
7
8
9
10
9
2
4
6
3
0
1
10
7
2
0
2
5
9
12
15
20
17
6
7
13
7
4
3
2
0
1
3
1
5
5
-3
0
0
5
5
-4
-3
3
4
-13
-16
-7
-8
-7
-4
-2
4
11
9
10
12
7
0
-10
-15
-13
-12
-9
-8
-4
-6
-3
4
6
7
6
5
2
2
1
-2
-13
-9
5
5
3
-3
-6
-5
-6
-2
0
-4
-7
-13
-19
-17
-4
-3
-3
-2
-4
0
-1
-2
-5
-2
-2
-12
-10
-8
-3
-1
-5
5
9
5
6
5
5
8
9
7
5
1
6
10
10
10
2
0
0
3
5
4
3
4
1
0
4
0
3
6
1
3
9
15
11
6
3
-1
-2
0
-2
2
4
3
5
9
10
13
15
7
5
8
2
-1
7
3
-7
-7
-7
-4
-8
-8
-13
-19
-13
-10
-1
5
-1
-10
-10
-7
-5
-8
-14
-9
-8
-7
-1
6
11
8
1
-3
-9
-10
-2
3
-3
-5
-9
-11
-13
-9
-10
-16
-15
-19
-13
-7
-7
-3
-2
-3
-4
0
5
9
4
-1
-2
0
2
8
12
6
5
3
7
16
20
19
19
17
15
18
17
17
19
15
14
11
19
27
20
16
11
8
3
3
2
-1
-2
-3
-2
-7
-17
-18
-19
-18
-16
-17
-13
-9
-2
-5
-12
-9
-8
-8
-1
-2
-5
-10
-10
-4
-1
1
-8
-17
-11
-6
-6
-3
-2
-2
-1
-14
-16
-10
-1
0
-4
-3
-12
-10
-1
1
8
13
5
0
-4
0
1
-1
-4
-4
-1
-6
3
12
17
14
12
12
12
10
11
15
12
15
13
6
1
-2
2
12
13
10
6
-4
-5
0
7
12
8
7
1
-5
-2
-2
5
5
-3
-6
-13
-5
5
9
11
10
4
-8
-8
-5
-6
-12
-11
-14
-19
-20
-16
-8
-2
-1
-9
-21
-22
-13
-4
-3
-7
-3
-1
-5
1
4
-1
-2
-1
1
2
-1
3
8
6
11
14
6
2
-2
-4
2
3
9
11
12
8
2
6
7
10
10
4
1
2
-2
-3
4
1
1
-4
-11
-11
-8
-3
5
14
4
-6
-4
0
5
2
2
0
-5
-10
-9
0
-1
1
-1
-9
-8
3
8
9
4
6
5
0
4
0
2
2
6
5
2
6
4
1
2
-4
-7
-2
-4
-4
5
7
3
0
-2
-2
-4
-4
-4
-4
-5
-9
-10
-8
-4
-1
-4
-2
-1
4
1
-9
-7
-10
-6
1
0
3
-1
-2
5
10
11
9
6
3
4
10
11
6
0
-6
-13
-5
4
8
2
-1
-3
-6
-8
-6
-5
-4
-3
-4
-6
-12
-3
5
1
0
3
3
1
-5
-5
7
1
3
4
3
7
11
15
14
13
2
-7
-3
1
4
2
-9
-9
-2
3
9
5
1
-2
-2
6
5
-1
-1
-4
-4
-1
3
5
1
-1
-2
0
8
6
9
8
1
2
-2
0
3
2
-5
-9
-9
-15
-17
-13
-16
-11
-5
-4
-4
-4
1
-1
-4
-9
-11
-11
-12
-7
-8
-3
-2
-2
-1
-3
4
5
11
9
4
-1
-4
8
7
1
0
-1
5
12
14
13
10
14
10
10
13
7
4
6
0
1
3
-3
-2
-4
2
4
-6
-9
-10
-6
-2
-2
4
-3
-5
0
-4
2
5
7
4
2
6
7
13
11
7
2
7
14
7
5
2
-4
3
1
2
1
-5
-1
6
5
8
1
-3
-4
-5
-2
-8
-12
-19
-18
-20
-23
-16
-14
-12
-18
-22
-17
-17
-11
-8
-8
-10
-16
-15
-12
-10
-5
-1
-4
1
2
3
7
15
18
14
13
6
2
-2
3
12
7
6
5
5
15
12
6
6
5
2
3
5
0
2
9
3
7
12
7
5
-4
-1
4
9
18
12
14
16
14
12
10
14
12
7
4
-1
1
5
4
9
15
15
15
21
23
26
23
10
4
-2
-4
-7
-1
-7
-15
-16
-20
-13
-14
-16
-14
-19
-26
-34
-38
-38
-41
-41
-39
-39
-41
-40
-31
-16
-7
-4
-7
-5
-1
-4
-6
-6
-6
-12
-12
0
7
10
14
12
6
-4
-3
0
-6
-4
0
-2
-3
-2
-2
-6
-8
-5
-1
9
14
14
20
25
26
31
34
35
37
30
24
27
29
34
36
30
29
32
32
32
32
31
36
25
18
21
14
11
7
4
6
3
2
-2
-5
-2
-1
4
4
-8
-12
-9
-6
-4
-6
-16
-23
-23
-24
-12
-7
-13
-14
-18
-22
-25
-26
-27
-29
-31
-32
-32
-36
-37
-39
-47
-46
-50
-59
-65
-68
-67
-63
-64
-68
-61
-56
-55
-56
-46
-32
-27
-14
-3
13
22
24
28
41
55
65
65
67
71
73
87
100
110
113
107
85
70
57
53
63
53
34
13
-9
-21
-25
-17
-15
-16
-35
-45
-30
-19
-1
25
34
26
16
22
39
46
53
56
40
23
14
16
28
27
19
10
-6
-14
-15
-12
-15
-22
-34
-45
-54
-49
-42
-50
-59
-65
-65
-72
-71
-57
-40
-37
-38
-30
-22
-15
-4
4
8
-5
-6
-3
-2
2
-1
-10
-14
-23
-29
-27
-37
-43
-48
-55
-69
-75
-76
-87
-92
-88
-86
-89
-84
-71
-48
-32
-6
21
44
61
81
108
131
146
159
165
159
154
153
150
156
152
146
127
120
174
169
146
131
104
116
80
2
-35
-51
-110
-191
-209
-239
-288
-319
-320
-285
-301
-266
-198
-209
-195
-114
-53
-46
-50
-25
-29
-54
-61
-70
-99
-134
-157
-172
-193
-252
-276
-250
-244
-252
-273
-296
-327
-353
-331
-324
-375
-394
-400
-418
-405
-371
-301
-221
-148
-74
5
116
246
371
468
528
569
575
605
647
669
729
737
671
623
595
634
665
633
569
428
260
117
-2
-118
-270
-460
-675
-876
-1020
-1083
-1066
-1003
-947
-897
-808
-654
-444
-180
93
297
444
544
647
793
941
1058
1122
1121
1077
1036
1058
1110
1151
1161
1110
1004
890
803
724
606
427
193
-90
-382
-628
-814
-986
-1162
-1332
-1473
-1542
-1538
-1456
-1340
-1239
-1148
-1046
-916
-762
-599
-453
-335
-259
-193
-109
-17
83
162
222
262
278
300
325
356
379
361
314
244
175
115
64
10
-61
-136
-212
-267
-283
-261
-212
-158
-102
-37
39
139
271
406
544
667
771
864
939
1009
1094
1167
1206
1226
1215
1220
1234
1211
1190
1128
1023
884
690
468
222
-49
-359
-718
-1083
-1445
-1751
-2011
-2237
-2374
-2473
-2510
-2479
-2410
-2215
-1950
-1667
-1368
-1082
-758
-423
-106
199
486
739
955
1151
1321
1480
1645
1751
1815
1856
1856
1843
1777
1655
1497
1291
1055
796
505
196
-117
-428
-733
-1015
-1272
-1488
-1644
-1783
-1861
-1851
-1795
-1691
-1575
-1411
-1183
-937
-664
-389
-122
122
357
578
793
998
1164
1277
1339
1361
1353
1338
1293
1218
1099
936
760
574
402
243
86
-66
-228
-372
-486
-563
-596
-608
-595
-563
-497
-407
-287
-131
29
189
356
524
691
853
992
1107
1205
1267
1303
1314
1293
1243
1162
1063
948
800
630
429
187
-61
-335
-631
-940
-1268
-1582
-1892
-2189
-2449
-2674
-2854
-2990
-3072
-3094
-3052
-2945
-2777
-2550
-2262
-1913
-1532
-1114
-686
-254
176
581
963
1304
1592
1826
2016
2162
2268
2324
2337
2320
2260
2176
2079
1958
1829
1677
1494
1298
1085
857
602
333
60
-221
-491
-732
-938
-1087
-1194
-1240
-1217
-1152
-1026
-860
-674
-465
-253
-45
148
311
449
548
622
686
715
716
709
692
665
631
594
538
466
383
279
179
65
-69
-209
-367
-506
-621
-718
-794
-852
-892
-883
-817
-714
-581
-432
-290
-144
20
183
352
487
571
629
667
687
700
699
671
627
571
516
472
428
365
273
165
32
-134
-331
-541
-784
-1049
-1306
-1569
-1805
-2009
-2195
-2327
-2395
-2395
-2328
-2218
-2051
-1826
-1548
-1206
-855
-508
-149
202
537
857
1146
1397
1613
1770
1894
2005
2084
2155
2211
2228
2256
2273
2279
2275
2246
2193
2106
1975
1789
1560
1280
974
629
264
-103
-470
-820
-1130
-1402
-1638
-1788
-1873
-1914
-1914
-1862
-1742
-1597
-1455
-1292
-1121
-949
-789
-643
-501
-356
-226
-95
26
138
249
344
436
503
544
571
568
544
486
402
301
177
67
-60
-193
-297
-379
-436
-474
-491
-469
-434
-380
-295
-211
-107
-5
95
202
297
390
477
568
633
681
731
769
792
792
791
802
800
777
751
718
681
610
493
382
246
57
-148
-358
-581
-827
-1078
-1303
-1492
-1666
-1808
-1883
-1903
-1899
-1855
-1739
-1565
-1381
-1206
-981
-707
-454
-233
-1
271
527
737
936
1178
1423
1607
1761
1937
2112
2218
2251
2295
2316
2247
2100
1942
1782
1536
1214
912
636
308
-78
-418
-686
-965
-1298
-1581
-1759
-1915
-2088
-2219
-2235
-2203
-2201
-2156
-2009
-1803
-1625
-1452
-1195
-905
-664
-445
-184
104
331
480
649
846
971
1024
1075
1154
1188
1134
1077
1060
1026
914
776
676
568
406
238
138
68
-43
-169
-209
-170
-141
-123
-49
78
186
279
409
565
664
693
717
796
864
857
815
779
759
725
727
787
814
732
607
567
587
511
292
-8
-343
-692
-1016
-1312
-1644
-2083
-2534
-2819
-2886
-2852
-2848
-2837
-2741
-2520
-2173
-1758
-1346
-1048
-861
-639
-288
123
433
583
680
860
1137
1458
1758
1966
2065
2150
2338
2605
2804
2797
2637
2482
2380
2235
1975
1605
1150
649
172
-192
-523
-957
-1463
-1870
-2088
-2204
-2339
-2487
-2595
-2651
-2642
-2512
-2282
-2077
-1968
-1845
-1547
-1115
-691
-331
-14
307
640
1007
1393
1698
1850
1880
1954
2107
2223
2198
2028
1844
1725
1645
1543
1345
1030
684
414
271
161
-66
-375
-618
-680
-581
-449
-370
-345
-314
-179
81
340
422
342
248
250
340
418
434
378
306
325
507
767
920
890
773
693
653
572
349
-49
-571
-1112
-1552
-1869
-2184
-2592
-3031
-3336
-3408
-3305
-3169
-3066
-2977
-2832
-2542
-2122
-1691
-1377
-1192
-988
-641
-170
276
603
845
1108
1477
1944
2410
2743
2891
2970
3121
3353
3516
3456
3189
2843
2557
2347
2119
1760
1236
661
192
-111
-346
-691
-1174
-1658
-2024
-2221
-2337
-2494
-2720
-2938
-3034
-2941
-2699
-2434
-2233
-2016
-1686
-1225
-692
-187
245
594
919
1279
1653
1962
2120
2149
2178
2242
2296
2281
2175
2002
1805
1644
1532
1407
1172
837
501
266
114
-55
-273
-532
-775
-918
-909
-782
-678
-687
-727
-635
-382
-95
108
189
199
214
319
533
729
744
617
551
654
824
892
821
647
415
196
28
-163
-530
-1094
-1693
-2151
-2495
-2861
-3284
-3683
-3963
-4109
-4099
-3925
-3679
-3451
-3191
-2764
-2174
-1582
-1118
-723
-278
196
648
1067
1451
1757
1976
2240
2653
3078
3334
3445
3581
3824
4055
4186
4193
4054
3751
3386
3122
2851
2359
1612
820
213
-300
-827
-1334
-1835
-2362
-2830
-3049
-2992
-2930
-3038
-3155
-3090
-2844
-2538
-2201
-1836
-1556
-1363
-1056
-521
105
562
845
1148
1499
1851
2185
2465
2635
2592
2424
2345
2338
2226
1902
1498
1156
826
476
165
-119
-468
-871
-1171
-1267
-1303
-1416
-1524
-1490
-1312
-1097
-887
-653
-439
-289
-155
52
263
326
256
226
330
469
555
611
697
801
871
946
1039
1048
865
537
230
-51
-437
-958
-1510
-2021
-2524
-2992
-3309
-3469
-3587
-3722
-3750
-3565
-3240
-2885
-2509
-2096
-1687
-1309
-893
-377
147
556
878
1221
1639
2089
2525
2948
3316
3598
3818
4067
4322
4443
4385
4231
4033
3771
3416
2991
2537
2005
1422
858
358
-139
-692
-1224
-1653
-2013
-2359
-2695
-2984
-3210
-3391
-3482
-3463
-3408
-3356
-3252
-3007
-2619
-2176
-1729
-1273
-790
-287
225
742
1205
1550
1784
1974
2156
2276
2291
2239
2146
2034
1882
1694
1530
1342
1102
842
600
388
151
-116
-343
-524
-671
-811
-932
-968
-949
-905
-807
-649
-474
-348
-232
-56
162
346
449
496
531
580
665
763
818
794
716
663
676
688
590
357
47
-264
-560
-884
-1282
-1752
-2241
-2673
-2990
-3196
-3360
-3494
-3549
-3453
-3183
-2819
-2427
-2036
-1622
-1135
-612
-97
360
736
1073
1414
1783
2154
2450
2682
2923
3191
3474
3702
3833
3864
3809
3719
3591
3382
3035
2547
2002
1487
1008
522
-9
-578
-1139
-1604
-1940
-2194
-2453
-2747
-3017
-3171
-3195
-3145
-3076
-3017
-2937
-2765
-2459
-2058
-1648
-1278
-905
-485
0
507
958
1338
1650
1931
2199
2421
2564
2581
2499
2388
2252
2075
1839
1522
1165
830
537
280
20
-270
-555
-759
-871
-903
-941
-1000
-1043
-1029
-914
-740
-568
-442
-358
-253
-86
135
338
456
508
558
661
813
960
1045
1044
996
947
933
898
771
516
162
-228
-606
-975
-1373
-1831
-2320
-2773
-3098
-3269
-3350
-3396
-3401
-3314
-3097
-2763
-2371
-1990
-1652
-1321
-953
-533
-99
298
654
996
1375
1800
2227
2612
2933
3212
3473
3695
3859
3922
3873
3738
3524
3246
2906
2502
2034
1521
1012
529
48
-414
-856
-1270
-1642
-1982
-2267
-2497
-2700
-2889
-3026
-3088
-3093
-3049
-2944
-2781
-2568
-2267
-1884
-1440
-961
-490
-19
468
969
1437
1832
2131
2334
2482
2570
2589
2541
2418
2220
1984
1749
1536
1316
1062
802
560
340
130
-65
-250
-444
-629
-788
-908
-988
-1054
-1089
-1070
-1017
-934
-830
-706
-550
-380
-206
-28
146
303
442
592
755
882
954
974
955
920
836
696
481
192
-153
-530
-910
-1290
-1687
-2103
-2493
-2822
-3053
-3203
-3283
-3284
-3217
-3081
-2860
-2550
-2184
-1801
-1411
-1008
-581
-134
311
745
1153
1527
1889
2249
2595
2911
3172
3387
3559
3691
3782
3817
3770
3635
3425
3176
2871
2491
2059
1565
1050
538
20
-499
-1001
-1473
-1911
-2289
-2599
-2852
-3061
-3206
-3272
-3256
-3169
-3029
-2839
-2594
-2292
-1928
-1519
-1091
-649
-212
230
677
1098
1471
1772
2003
2167
2282
2340
2330
2240
2070
1864
1652
1434
1205
954
683
416
175
-22
-198
-364
-537
-681
-758
-781
-765
-736
-700
-655
-588
-472
-332
-198
-90
-8
77
195
344
488
596
662
719
786
859
906
863
751
583
381
150
-141
-510
-949
-1405
-1844
-2234
-2592
-2935
-3238
-3449
-3533
-3490
-3346
-3151
-2913
-2608
-2205
-1726
-1228
-751
-329
71
494
929
1361
1747
2069
2365
2666
2994
3333
3621
3835
3960
4035
4076
4061
3955
3717
3367
2944
2487
2003
1487
940
362
-223
-754
-1218
-1634
-2023
-2399
-2732
-3002
-3218
-3365
-3453
-3504
-3509
-3441
-3276
-3044
-2753
-2401
-2008
-1560
-1074
-572
-73
385
817
1228
1588
1893
2102
2212
2266
2304
2330
2297
2188
2006
1782
1562
1364
1178
970
700
390
112
-95
-225
-327
-445
-579
-684
-703
-631
-521
-440
-403
-370
-300
-178
-29
84
149
189
255
370
517
651
742
786
818
854
876
838
701
476
180
-156
-521
-927
-1370
-1835
-2277
-2663
-2966
-3179
-3314
-3372
-3341
-3204
-2953
-2632
-2288
-1935
-1574
-1192
-775
-342
67
435
773
1128
1520
1926
2316
2640
2906
3145
3395
3633
3792
3831
3755
3611
3445
3238
2951
2568
2094
1580
1068
596
130
-393
-950
-1465
-1891
-2248
-2598
-2922
-3195
-3408
-3524
-3540
-3476
-3372
-3257
-3056
-2738
-2350
-1935
-1534
-1113
-670
-224
242
700
1103
1446
1738
2010
2265
2467
2596
2652
2652
2608
2517
2387
2205
1966
1672
1351
1045
750
446
149
-113
-341
-503
-602
-635
-636
-626
-593
-522
-417
-310
-231
-181
-160
-147
-126
-98
-67
-30
6
78
187
327
477
595
673
706
703
638
486
243
-81
-471
-909
-1357
-1791
-2209
-2591
-2899
-3122
-3229
-3233
-3154
-3004
-2803
-2547
-2254
-1937
-1607
-1297
-995
-689
-372
-27
331
704
1098
1505
1923
2339
2719
3056
3332
3533
3648
3676
3618
3464
3229
2939
2603
2229
1840
1441
1042
648
257
-109
-459
-822
-1176
-1516
-1849
-2151
-2425
-2661
-2852
-2996
-3062
-3042
-2936
-2760
-2511
-2190
-1826
-1420
-985
-541
-109
303
695
1049
1386
1684
1931
2134
2283
2392
2451
2461
2424
2332
2191
2008
1797
1552
1288
1012
735
464
209
-17
-223
-391
-523
-622
-681
-709
-712
-693
-662
-633
-586
-535
-500
-466
-430
-379
-317
-243
-154
-39
100
238
380
518
619
674
684
623
493
288
18
-304
-684
-1092
-1513
-1930
-2313
-2662
-2957
-3177
-3324
-3384
-3364
-3258
-3073
-2824
-2522
-2169
-1780
-1362
-927
-488
-38
398
822
1240
1649
2037
2404
2740
3038
3300
3512
3665
3765
3808
3791
3697
3544
3335
3062
2741
2361
1942
1500
1023
528
38
-449
-907
-1340
-1741
-2086
-2386
-2638
-2832
-2966
-3044
-3071
-3035
-2925
-2757
-2532
-2240
-1890
-1495
-1075
-632
-180
255
685
1068
1401
1694
1927
2109
2234
2298
2309
2266
2170
2036
1868
1672
1449
1220
980
725
475
234
16
-184
-371
-525
-635
-719
-776
-794
-779
-737
-690
-624
-537
-471
-404
-337
-276
-224
-192
-141
-65
5
65
146
255
357
410
433
446
407
257
30
-225
-538
-936
-1384
-1806
-2178
-2539
-2877
-3098
-3179
-3186
-3159
-3030
-2765
-2439
-2130
-1812
-1415
-986
-626
-315
56
473
843
1138
1460
1882
2284
2578
2843
3185
3513
3679
3733
3821
3920
3837
3591
3371
3221
2936
2474
2059
1780
1421
878
378
39
-327
-874
-1391
-1709
-1994
-2426
-2849
-3032
-3113
-3274
-3405
-3320
-3079
-2924
-2787
-2450
-1978
-1580
-1269
-879
-372
60
368
713
1110
1430
1613
1767
1979
2133
2126
2071
2062
2017
1850
1635
1477
1319
1053
758
553
386
137
-140
-304
-383
-502
-648
-695
-655
-661
-722
-704
-609
-578
-654
-686
-613
-544
-558
-559
-430
-259
-152
-15
251
539
698
743
830
932
859
595
299
45
-307
-778
-1193
-1485
-1790
-2171
-2469
-2571
-2596
-2693
-2751
-2639
-2433
-2254
-2047
-1717
-1345
-1043
-752
-367
78
456
742
1069
1460
1827
2128
2441
2783
3049
3202
3336
3515
3615
3553
3413
3298
3167
2907
2590
2322
2026
1614
1142
749
408
-39
-577
-1037
-1406
-1799
-2241
-2603
-2841
-3075
-3326
-3458
-3419
-3330
-3271
-3120
-2807
-2444
-2111
-1743
-1300
-844
-442
-64
357
761
1079
1331
1590
1836
1993
2078
2132
2152
2113
2005
1880
1748
1550
1310
1077
874
664
421
202
39
-106
-257
-363
-398
-419
-465
-489
-458
-428
-441
-471
-470
-468
-492
-489
-434
-343
-261
-149
43
258
453
619
776
898
930
886
782
597
325
-37
-420
-781
-1165
-1549
-1879
-2148
-2362
-2519
-2605
-2603
-2563
-2489
-2368
-2182
-1952
-1730
-1486
-1211
-930
-640
-335
-9
340
685
1032
1406
1782
2143
2471
2750
2989
3170
3281
3328
3294
3196
3027
2808
2565
2284
1983
1670
1348
1038
731
435
130
-187
-504
-830
-1168
-1521
-1869
-2205
-2521
-2797
-3016
-3170
-3234
-3204
-3085
-2872
-2575
-2197
-1764
-1307
-833
-370
64
467
826
1126
1358
1536
1675
1779
1845
1880
1895
1892
1863
1819
1754
1662
1555
1419
1251
1070
869
653
439
217
4
-196
-377
-540
-673
-783
-869
-922
-960
-965
-940
-896
-834
-752
-636
-502
-363
-207
-35
140
296
439
564
650
693
698
655
559
402
190
-56
-337
-652
-978
-1305
-1619
-1909
-2161
-2345
-2477
-2542
-2538
-2474
-2333
-2135
-1886
-1591
-1270
-937
-604
-262
76
398
705
998
1280
1552
1812
2053
2284
2489
2662
2806
2904
2970
2990
2963
2896
2779
2615
2412
2172
1896
1590
1253
902
526
128
-272
-677
-1078
-1473
-1848
-2188
-2491
-2737
-2920
-3035
-3073
-3049
-2950
-2773
-2542
-2250
-1915
-1549
-1164
-781
-394
-28
311
624
894
1123
1316
1463
1573
1650
1694
1713
1696
1659
1604
1534
1446
1339
1229
1100
957
804
642
479
316
147
-12
-154
-284
-397
-489
-558
-601
-621
-621
-611
-576
-526
-475
-404
-322
-231
-127
-28
84
197
293
377
443
479
476
437
355
222
48
-162
-410
-688
-978
-1270
-1546
-1803
-2024
-2192
-2308
-2361
-2362
-2301
-2177
-2015
-1811
-1576
-1313
-1037
-753
-449
-137
172
481
800
1111
1408
1703
1974
2214
2430
2611
2753
2854
2914
2926
2894
2825
2714
2564
2375
2151
1900
1616
1313
982
631
262
-132
-522
-919
-1306
-1670
-2015
-2320
-2580
-2791
-2937
-3011
-3020
-2975
-2859
-2679
-2448
-2159
-1841
-1499
-1131
-772
-415
-53
287
596
878
1123
1334
1515
1656
1757
1832
1883
1898
1886
1850
1788
1708
1604
1478
1351
1193
1019
839
645
445
241
48
-140
-315
-463
-587
-676
-732
-758
-747
-706
-635
-536
-421
-294
-153
-10
121
236
329
399
433
435
399
325
217
67
-107
-313
-542
-785
-1038
-1291
-1542
-1782
-2000
-2190
-2336
-2433
-2481
-2470
-2399
-2272
-2099
-1868
-1596
-1295
-974
-643
-312
16
338
641
942
1227
1504
1763
2007
2239
2453
2643
2798
2923
3005
3047
3039
2981
2878
2716
2512
2252
1953
1621
1257
863
454
41
-387
-807
-1212
-1592
-1948
-2281
-2561
-2787
-2954
-3048
-3079
-3039
-2928
-2755
-2506
-2205
-1872
-1494
-1104
-712
-321
46
401
713
988
1245
1457
1629
1770
1876
1953
1999
2019
2014
1980
1927
1842
1730
1591
1427
1239
1019
783
542
294
46
-190
-415
-603
-755
-873
-943
-977
-979
-945
-882
-802
-698
-592
-490
-383
-276
-170
-65
36
131
212
282
329
347
343
283
184
44
-146
-356
-604
-878
-1149
-1419
-1670
-1890
-2079
-2209
-2301
-2340
-2313
-2237
-2115
-1955
-1745
-1496
-1234
-958
-664
-353
-38
278
601
924
1238
1546
1833
2106
2360
2583
2772
2926
3038
3108
3135
3108
3027
2893
2702
2470
2193
1877
1540
1173
777
377
-25
-425
-822
-1211
-1581
-1924
-2245
-2524
-2742
-2900
-3004
-3046
-3009
-2907
-2731
-2503
-2224
-1897
-1547
-1176
-802
-428
-66
272
594
887
1150
1384
1591
1769
1919
2031
2110
2158
2168
2140
2073
1970
1830
1650
1439
1203
953
687
408
143
-115
-352
-569
-753
-893
-998
-1066
-1103
-1112
-1080
-1026
-955
-865
-776
-671
-566
-464
-351
-238
-120
1
123
236
335
410
457
466
431
340
209
36
-186
-429
-696
-959
-1218
-1461
-1664
-1823
-1934
-1996
-1999
-1963
-1881
-1762
-1610
-1430
-1240
-1027
-810
-585
-342
-95
166
436
716
1011
1315
1625
1931
2210
2474
2697
2871
2999
3067
3079
3027
2914
2743
2521
2244
1945
1612
1248
877
490
101
-289
-668
-1043
-1409
-1748
-2059
-2325
-2551
-2730
-2842
-2896
-2893
-2821
-2688
-2501
-2266
-1996
-1691
-1362
-1023
-684
-343
-10
321
634
937
1222
1477
1718
1921
2097
2243
2335
2379
2370
2313
2202
2040
1852
1615
1347
1070
778
479
189
-83
-337
-559
-749
-909
-1026
-1106
-1147
-1153
-1128
-1079
-1014
-935
-843
-747
-649
-555
-454
-349
-245
-131
-22
88
187
270
335
369
363
319
231
103
-62
-269
-504
-752
-1000
-1230
-1444
-1619
-1736
-1816
-1854
-1842
-1785
-1688
-1566
-1420
-1248
-1055
-856
-641
-408
-158
104
383
667
963
1261
1551
1829
2079
2308
2495
2644
2753
2808
2815
2776
2690
2552
2374
2157
1900
1614
1298
967
616
253
-116
-485
-855
-1210
-1544
-1856
-2134
-2387
-2584
-2722
-2811
-2847
-2821
-2729
-2584
-2392
-2138
-1848
-1536
-1191
-827
-458
-90
273
624
955
1258
1538
1789
2000
2188
2329
2424
2485
2489
2440
2348
2213
2027
1798
1535
1249
942
627
314
9
-261
-515
-738
-918
-1067
-1174
-1247
-1283
-1288
-1269
-1224
-1161
-1073
-979
-882
-764
-640
-506
-372
-236
-107
8
115
209
275
312
319
294
241
148
16
-134
-305
-506
-713
-929
-1140
-1341
-1527
-1676
-1796
-1879
-1921
-1916
-1863
-1768
-1632
-1451
-1229
-978
-698
-394
-73
267
607
943
1272
1590
1884
2151
2386
2583
2745
2856
2917
2949
2934
2870
2764
2616
2433
2205
1940
1647
1327
979
606
222
-165
-548
-932
-1295
-1630
-1937
-2210
-2438
-2608
-2734
-2810
-2825
-2790
-2702
-2565
-2391
-2170
-1910
-1618
-1294
-949
-588
-217
159
527
884
1226
1534
1808
2040
2223
2353
2422
2441
2402
2306
2154
1958
1727
1457
1162
851
538
231
-64
-337
-582
-793
-962
-1090
-1180
-1233
-1252
-1252
-1216
-1148
-1063
-964
-856
-742
-621
-492
-353
-207
-58
85
213
335
449
536
601
636
636
612
551
451
314
137
-62
-283
-523
-760
-986
-1196
-1375
-1527
-1630
-1689
-1711
-1689
-1628
-1522
-1385
-1218
-1024
-810
-578
-338
-87
173
427
685
944
1186
1430
1652
1849
2027
2178
2298
2380
2414
2410
2357
2255
2114
1926
1705
1451
1165
856
537
206
-127
-444
-768
-1075
-1364
-1628
-1850
-2058
-2240
-2377
-2479
-2547
-2566
-2542
-2469
-2354
-2187
-1959
-1692
-1390
-1057
-698
-318
69
458
839
1193
1528
1818
2061
2269
2429
2537
2598
2610
2577
2508
2387
2232
2041
1815
1558
1287
1007
714
421
130
-135
-383
-612
-804
-968
-1099
-1193
-1254
-1281
-1284
-1262
-1222
-1164
-1092
-1008
-922
-827
-723
-621
-508
-400
-284
-172
-71
25
104
162
194
210
193
134
39
-90
-247
-433
-634
-832
-1032
-1224
-1388
-1518
-1611
-1655
-1665
-1623
-1538
-1414
-1253
-1069
-861
-635
-395
-155
76
310
545
765
981
1181
1371
1558
1716
1856
1980
2076
2151
2189
2195
2179
2122
2027
1905
1748
1566
1359
1125
882
628
357
75
-213
-488
-768
-1050
-1310
-1547
-1752
-1946
-2096
-2201
-2273
-2300
-2282
-2212
-2082
-1914
-1706
-1443
-1154
-838
-497
-142
225
583
924
1254
1550
1812
2030
2196
2311
2364
2370
2326
2232
2098
1923
1714
1482
1226
959
682
400
133
-125
-369
-582
-771
-918
-1043
-1142
-1200
-1232
-1233
-1218
-1186
-1136
-1083
-1021
-954
-879
-800
-718
-631
-529
-416
-307
-189
-72
35
130
210
275
311
310
282
207
106
-19
-163
-325
-505
-676
-852
-1014
-1151
-1263
-1332
-1366
-1372
-1336
-1261
-1151
-1020
-872
-700
-510
-317
-111
104
315
528
736
932
1111
1280
1432
1557
1662
1736
1788
1819
1816
1787
1732
1658
1560
1442
1315
1169
1005
845
673
490
298
103
-87
-299
-503
-706
-907
-1093
-1277
-1437
-1575
-1682
-1749
-1768
-1751
-1692
-1580
-1417
-1219
-988
-724
-442
-153
131
409
667
902
1100
1258
1386
1483
1548
1571
1558
1527
1479
1404
1317
1204
1083
953
809
661
496
327
154
-18
-195
-366
-524
-669
-803
-921
-1018
-1096
-1150
-1188
-1194
-1180
-1143
-1087
-1018
-929
-833
-733
-625
-521
-422
-315
-222
-133
-49
18
84
140
179
205
216
202
170
123
57
-28
-123
-235
-347
-451
-562
-662
-741
-802
-839
-852
-833
-775
-691
-586
-454
-293
-118
61
238
418
590
738
869
982
1070
1138
1191
1231
1261
1281
1299
1310
1321
1324
1320
1305
1272
1218
1133
1017
867
691
481
247
-8
-272
-540
-796
-1025
-1239
-1412
-1538
-1631
-1684
-1692
-1662
-1581
-1466
-1339
-1182
-1013
-824
-619
-415
-208
-2
209
409
595
783
948
1105
1237
1327
1407
1454
1479
1472
1408
1337
1242
1119
982
813
637
458
267
81
-98
-262
-417
-559
-677
-776
-853
-918
-961
-990
-1012
-1000
-974
-951
-912
-866
-800
-718
-637
-541
-444
-338
-222
-110
2
109
213
308
386
446
498
518
509
477
423
354
261
143
12
-117
-250
-382
-501
-598
-674
-727
-760
-766
-741
-702
-637
-555
-469
-379
-274
-166
-64
37
134
228
311
389
462
541
613
681
762
828
889
951
994
1028
1037
1019
988
920
835
732
596
449
291
128
-29
-195
-352
-494
-623
-737
-834
-895
-938
-956
-949
-928
-880
-812
-735
-634
-521
-398
-258
-115
34
197
345
489
634
755
875
966
1034
1086
1109
1107
1075
1018
939
833
711
578
428
267
96
-73
-232
-367
-496
-612
-704
-786
-840
-868
-877
-864
-838
-796
-741
-681
-621
-556
-489
-417
-342
-264
-181
-104
-14
78
169
254
328
396
449
490
511
502
474
421
343
241
126
3
-131
-265
-391
-509
-609
-701
-773
-820
-858
-873
-875
-859
-828
-773
-701
-620
-521
-418
-299
-170
-48
79
208
332
456
577
686
791
888
970
1052
1116
1161
1194
1208
1205
1179
1127
1049
950
821
669
500
315
120
-81
-272
-442
-594
-726
-820
-888
-929
-933
-925
-884
-829
-768
-688
-602
-509
-411
-304
-186
-65
60
197
340
477
622
755
868
969
1031
1066
1076
1041
979
876
748
615
464
304
150
5
-128
-250
-355
-441
-505
-559
-600
-634
-663
-682
-706
-721
-729
-729
-713
-690
-659
-612
-545
-469
-378
-272
-161
-41
72
181
283
367
436
477
500
494
463
420
351
268
175
70
-36
-138
-244
-341
-426
-508
-577
-629
-669
-696
-711
-719
-710
-690
-647
-597
-545
-468
-389
-286
-183
-76
40
153
260
355
452
544
628
708
780
839
888
929
965
991
989
973
947
897
830
741
631
519
382
239
99
-53
-205
-353
-481
-585
-678
-749
-786
-804
-794
-760
-708
-640
-556
-459
-353
-244
-135
-26
87
201
312
415
510
594
674
739
783
809
816
800
751
694
626
529
422
309
181
48
-77
-190
-298
-399
-485
-559
-619
-673
-712
-738
-757
-762
-757
-744
-709
-666
-609
-540
-463
-370
-272
-167
-59
56
165
262
359
446
506
551
580
582
562
521
467
400
317
224
127
29
-69
-172
-270
-354
-441
-523
-589
-656
-710
-757
-790
-793
-786
-756
-706
-646
-552
-449
-332
-196
-69
58
179
289
389
464
531
583
624
667
700
732
756
784
805
820
828
812
785
728
642
538
419
279
130
-16
-164
-300
-421
-510
-572
-605
-617
-599
-553
-504
-438
-363
-287
-216
-149
-94
-45
0
40
88
136
196
271
348
428
511
581
631
672
676
654
606
535
439
322
197
72
-38
-149
-244
-314
-369
-409
-437
-448
-448
-454
-460
-468
-477
-472
-475
-471
-454
-419
-368
-310
-244
-165
-83
-9
64
134
185
229
268
290
293
295
294
283
260
234
207
166
119
63
9
-55
-120
-184
-253
-311
-368
-415
-452
-487
-497
-497
-501
-480
-449
-414
-362
-307
-243
-180
-110
-40
22
88
142
196
249
293
334
370
401
428
454
479
492
501
512
497
471
453
416
368
308
238
165
90
19
-55
-123
-173
-225
-262
-287
-301
-304
-307
-300
-279
-258
-227
-190
-158
-117
-68
-14
38
91
144
194
233
271
311
336
362
373
366
360
337
312
282
240
197
150
98
47
-2
-51
-95
-142
-186
-217
-250
-273
-288
-300
-304
-299
-288
-279
-261
-238
-212
-178
-142
-106
-70
-31
3
40
70
93
122
143
159
171
174
170
167
152
126
103
63
28
-9
-52
-89
-126
-164
-202
-226
-256
-282
-301
-317
-322
-327
-323
-315
-297
-276
-254
-221
-193
-165
-132
-95
-55
-15
19
58
101
137
161
190
220
236
255
268
280
284
282
278
268
257
248
226
199
179
154
122
93
63
29
-6
-37
-61
-86
-106
-117
-123
-124
-117
-103
-83
-57
-35
-3
32
54
79
113
143
164
187
204
223
236
240
241
233
225
216
197
180
162
133
105
68
40
6
-40
-73
-104
-137
-165
-186
-211
-228
-232
-234
-241
-242
-228
-213
-191
-173
-151
-127
-103
-71
-45
-21
0
19
35
55
70
78
88
89
84
84
76
62
43
16
-10
-42
-72
-98
-128
-155
-177
-201
-221
-230
-242
-246
-241
-238
-232
-220
-202
-189
-167
-144
-125
-100
-73
-43
-13
12
40
67
91
114
139
162
180
200
220
231
241
252
251
246
238
232
237
227
210
201
183
175
155
128
105
78
52
26
4
-17
-37
-55
-73
-86
-94
-94
-88
-87
-78
-66
-51
-26
0
23
43
69
83
98
118
123
133
142
132
132
130
119
108
94
80
62
43
20
-8
-38
-72
-106
-141
-175
-203
-237
-259
-276
-291
-293
-295
-290
-280
-259
-224
-191
-163
-129
-87
-56
-30
1
28
57
82
97
115
128
136
137
135
130
113
101
79
50
21
-16
-51
-84
-118
-152
-178
-201
-216
-225
-231
-229
-220
-215
-203
-194
-186
-166
-155
-143
-131
-119
-93
-71
-47
-17
12
37
67
103
128
155
178
197
212
227
241
252
262
257
257
257
251
245
222
205
189
164
148
126
92
62
37
15
-11
-34
-51
-65
-83
-86
-76
-74
-68
-59
-49
-30
-22
-8
9
20
24
35
44
48
63
64
65
66
60
59
59
54
47
43
31
26
15
-1
-11
-26
-39
-51
-67
-81
-95
-103
-109
-114
-115
-106
-101
-96
-89
-79
-73
-62
-53
-42
-24
-12
-2
4
18
36
48
54
62
65
63
61
52
41
32
18
6
-6
-27
-44
-60
-76
-95
-105
-114
-126
-135
-141
-142
-139
-133
-134
-129
-127
-126
-112
-101
-94
-84
-67
-52
-36
-19
-6
11
38
55
65
77
96
110
111
120
129
132
136
143
145
138
142
138
139
137
123
122
122
113
97
91
87
81
71
63
61
44
43
36
22
23
15
8
5
7
11
10
13
10
6
6
4
-1
-3
-7
-7
-9
-17
-22
-35
-38
-44
-45
-48
-51
-47
-43
-39
-33
-24
-20
-26
-30
-30
-32
-33
-31
-31
-24
-20
-22
-13
-10
-8
0
-1
2
5
9
12
6
5
2
-3
-12
-26
-31
-39
-45
-51
-66
-82
-96
-103
-115
-122
-118
-123
-128
-124
-115
-105
-101
-97
-92
-93
-93
-96
-101
-101
-99
-102
-104
-105
-101
-100
-95
-77
-72
-62
-44
-31
-21
-5
9
21
30
38
50
60
63
73
90
101
112
121
138
161
171
180
191
202
206
203
200
201
197
196
189
172
155
144
135
131
121
101
88
73
59
49
33
19
7
-11
-28
-42
-50
-66
-75
-79
-88
-90
-90
-88
-85
-83
-76
-71
-62
-59
-56
-49
-51
-41
-32
-29
-18
-20
-16
-14
-14
-13
-20
-24
-26
-26
-22
-28
-32
-29
-37
-39
-42
-44
-45
-43
-43
-47
-52
-54
-51
-53
-52
-52
-52
-47
-44
-40
-34
-33
-23
-18
-6
-3
-6
6
2
-2
-2
1
-3
-13
-15
-18
-18
-23
-28
-34
-36
-33
-36
-39
-44
-41
-38
-38
-31
-24
-19
-4
11
17
34
47
61
74
90
104
115
129
142
159
167
175
184
188
192
189
187
186
184
180
167
156
146
131
113
101
88
70
52
32
16
2
-17
-33
-50
-57
-61
-75
-76
-84
-94
-101
-105
-107
-113
-114
-112
-112
-108
-103
-101
-99
-90
-82
-70
-62
-51
-40
-33
-20
-17
-16
-12
-8
-11
-7
-2
0
7
3
2
9
14
16
18
19
16
19
23
24
24
20
23
22
21
23
18
16
14
9
4
0
-5
-5
-4
-8
-18
-21
-32
-39
-39
-51
-56
-70
-81
-81
-79
-84
-84
-83
-88
-79
-77
-80
-77
-73
-59
-50
-41
-26
-15
-4
5
10
20
33
45
54
61
75
86
93
103
106
113
117
122
122
115
114
108
105
96
88
81
72
71
60
46
43
37
25
20
15
8
3
-6
-10
-12
-25
-29
-27
-31
-37
-37
-34
-39
-37
-32
-34
-31
-31
-33
-32
-35
-33
-34
-36
-35
-29
-25
-24
-25
-23
-23
-25
-24
-27
-27
-26
-26
-27
-26
-27
-24
-18
-21
-15
-7
0
6
11
11
16
22
20
22
19
23
26
27
38
38
41
49
45
40
40
35
34
32
30
21
10
1
-9
-24
-31
-42
-53
-56
-65
-72
-71
-70
-71
-66
-67
-69
-71
-67
-64
-59
-59
-50
-45
-35
-21
-14
5
16
28
42
45
55
66
69
69
71
79
76
71
74
67
68
71
65
62
61
63
63
59
55
48
41
37
30
22
20
12
5
2
-4
-9
-12
-16
-22
-25
-20
-22
-21
-18
-15
-19
-22
-18
-19
-22
-19
-16
-18
-18
-18
-16
-9
2
-2
1
-3
-13
-9
-11
-7
-5
-7
-12
-7
-3
-4
-3
-2
0
-1
9
9
4
4
8
11
9
10
10
7
4
7
9
7
8
6
4
-2
-6
-8
-14
-20
-30
-31
-29
-33
-44
-38
-31
-42
-46
-47
-51
-49
-51
-52
-51
-51
-48
-43
-41
-38
-27
-30
-22
-11
-12
3
3
5
13
17
26
32
33
38
44
47
48
50
47
48
51
53
53
57
59
56
54
51
53
53
49
41
38
26
28
31
21
21
21
20
17
18
16
13
16
14
8
5
6
0
-4
-5
-10
-15
-12
-11
-10
-10
-13
-18
-21
-24
-32
-29
-31
-32
-28
-37
-36
-33
-35
-33
-32
-36
-33
-35
-35
-28
-32
-28
-28
-31
-26
-22
-13
-4
-4
0
2
2
3
6
10
15
17
13
13
9
6
9
6
2
-4
-7
-5
-12
-5
-8
-8
-5
-7
-4
-5
-10
-15
-14
-16
-23
-22
-19
-23
-17
-10
-12
-7
-8
-7
-2
-3
0
5
12
19
18
20
21
24
29
29
34
35
40
38
37
42
40
40
31
28
27
23
21
21
18
18
22
16
15
12
10
9
4
1
3
4
8
14
8
5
1
4
5
2
6
3
-3
-4
-1
-6
-8
-4
-10
-10
-12
-6
-4
-6
-12
-15
-16
-21
-24
-23
-26
-26
-28
-32
-29
-25
-22
-21
-16
-22
-20
-15
-14
-11
-11
-10
-10
-9
2
0
-3
3
6
9
7
8
11
14
13
15
16
10
7
1
0
-3
-9
-6
-7
-8
-10
-7
-7
-7
-5
-10
-8
-8
-8
-12
-20
-16
-13
-9
-6
-9
-8
-5
6
10
15
18
19
21
19
20
18
20
18
16
22
24
20
13
15
8
8
9
9
10
8
14
18
14
6
-2
-6
-10
-10
-11
-15
-7
-8
-5
-1
-2
3
4
7
2
1
4
-4
-3
-7
-7
-7
-4
2
-3
-4
-7
-5
-8
-11
-6
-4
1
-2
-4
-7
-12
-19
-22
-16
-17
-12
-10
-4
1
-1
-3
1
2
2
7
4
8
11
7
9
16
21
24
20
16
21
19
17
12
15
16
14
8
6
-1
-7
-6
-11
-12
-22
-26
-29
-35
-33
-33
-27
-25
-23
-15
-16
-23
-21
-27
-28
-26
-26
-16
-13
-10
0
6
15
15
17
19
17
15
17
15
16
14
14
15
16
21
19
14
10
9
13
11
7
8
3
5
2
0
4
3
8
12
7
3
7
13
9
7
13
20
23
22
18
19
13
9
14
9
1
-6
-7
-4
-5
-4
-4
-8
-6
-11
-14
-14
-14
-12
-11
-11
-17
-21
-20
-25
-25
-22
-23
-17
-16
-15
-7
-10
-14
-7
-7
-3
-3
-4
1
6
7
10
14
14
11
15
20
16
11
10
8
7
5
6
5
4
-1
2
2
-10
-10
-14
-21
-21
-21
-14
-12
-13
-16
-16
-12
-10
-13
-15
-14
-10
-7
-7
-6
4
3
10
12
11
22
22
22
24
22
23
26
23
23
24
19
18
14
4
4
6
0
3
0
-5
-4
-2
0
-4
-5
-4
-8
-8
-5
-8
-3
-2
-1
5
1
4
0
-6
-1
-4
-7
-6
-8
-10
-9
-9
-7
1
3
-1
3
10
8
8
10
9
9
0
-8
-6
-10
-10
-14
-15
-14
-17
-12
-10
-12
-5
0
1
-1
0
5
6
6
5
9
5
3
8
8
2
2
7
7
8
9
12
14
12
13
8
7
5
0
-2
-9
-11
-17
-19
-20
-20
-21
-19
-14
-10
-11
-13
-11
-13
-8
-7
-7
-9
-8
-1
-5
-1
1
3
9
6
6
9
10
13
14
6
9
12
7
10
8
3
9
16
17
15
17
15
10
7
4
-4
-5
-3
-5
-4
-3
-2
-4
-2
-5
-6
0
0
5
8
6
7
4
-2
0
-4
-5
0
-3
-5
0
5
3
8
9
5
0
-9
-2
-4
-6
-7
-10
-7
-6
-6
-8
-10
-14
-16
-11
-11
-13
-12
-7
-4
-4
-3
-1
-2
-3
-2
-4
-2
2
6
10
11
14
19
18
12
16
20
13
10
10
10
8
4
-2
0
-1
4
6
-4
-4
-2
-4
-9
-13
-9
-9
-14
-14
-15
-16
-18
-13
-10
-11
-7
-7
-2
-3
-9
0
0
1
3
2
5
9
14
14
13
21
24
22
16
7
3
3
-3
-9
-6
0
2
-4
0
-2
0
1
-8
-7
-8
-11
-11
-9
-10
-8
-5
-7
-10
-10
-11
-8
-6
-6
1
3
5
6
6
11
6
9
14
10
17
21
13
15
12
10
15
10
15
9
4
5
0
-2
-3
-11
-11
-11
-11
-8
-7
-4
-6
-8
-10
-11
-6
-3
-2
9
7
4
7
10
10
8
9
8
6
4
2
0
1
-2
1
0
-3
2
0
-4
-7
-11
-14
-14
-14
-18
-17
-16
-16
-18
-21
-21
-19
-19
-21
-16
-17
-19
-12
-9
-3
-2
-3
8
9
9
10
11
15
16
16
22
22
22
21
18
18
18
16
14
18
16
17
18
14
14
2
-8
-4
-4
-7
-7
-6
-7
-6
-8
-5
-1
-1
0
-3
0
-2
-5
2
-5
-1
-1
-3
2
1
3
9
11
6
11
11
9
4
-3
1
-4
-7
-5
-5
-10
-10
-8
-13
-11
-5
-7
-13
-16
-13
-7
-7
-10
-11
-13
-16
-10
-12
-10
-7
-6
-2
3
5
10
11
13
14
13
17
13
12
8
2
7
11
10
11
9
3
1
4
0
3
3
0
-3
-9
-9
-12
-14
-11
-12
-9
-9
-8
-4
-2
-4
0
-1
0
0
-4
4
2
10
11
7
15
8
7
7
5
8
9
7
3
8
7
0
0
-5
-4
-8
-4
-6
-5
3
-1
-2
-6
-8
-15
-20
-17
-17
-12
-8
-7
-6
2
2
2
8
8
6
6
3
3
9
14
18
9
1
5
3
7
9
6
9
9
10
9
5
7
1
0
1
-5
-3
-1
-7
-10
-11
-13
-11
-7
0
6
2
3
5
2
0
6
4
0
0
1
0
0
-6
-4
0
1
6
0
5
7
3
1
-2
0
-4
-9
-13
-13
-12
-13
-13
-14
-14
-14
-12
-11
-16
-13
-11
-8
-3
-4
4
11
9
9
10
11
6
4
2
1
4
5
11
13
17
20
21
21
21
16
11
8
1
-2
-7
-9
-7
-8
-14
-9
-9
-6
-3
-9
-4
-4
-3
1
-2
-4
4
4
2
1
2
5
6
8
3
3
3
2
9
8
5
9
14
16
17
18
14
10
11
9
0
-8
-9
-8
-9
-13
-8
-10
-11
-15
-20
-16
-18
-21
-18
-18
-14
-13
-9
-7
-5
3
2
-8
-8
-4
0
3
-7
-11
6
6
5
11
12
14
15
10
7
3
-1
1
4
4
-3
-1
-1
-2
-8
-2
-3
-13
7
10
7
5
6
16
-1
2
3
-1
-1
-5
4
-5
-3
2
1
-1
5
8
5
11
13
8
7
10
0
5
7
-1
5
-3
-7
-8
-10
-3
-4
-4
-6
-7
-7
-3
-2
-5
-4
-3
-6
-5
-3
-3
-3
-1
-4
-3
2
4
8
3
4
4
6
5
4
12
6
3
4
2
-1
-4
1
-5
-6
-3
-7
-7
-7
-3
-2
-1
2
0
-1
-2
-7
-10
-5
-2
-6
-6
-9
-7
-4
-5
0
6
10
4
1
4
7
5
7
7
5
10
13
13
13
13
5
2
0
-1
0
-7
-8
-2
-2
-1
-3
-9
-10
-8
-2
-9
-12
-17
-17
-10
-10
-12
-12
-1
-4
-1
11
11
13
13
12
13
9
4
8
11
11
10
9
17
14
5
7
5
-3
2
4
-2
5
2
-4
-3
-6
-9
-7
-13
-18
-13
-15
-18
-15
-11
-4
-6
-8
-3
-3
1
-4
-3
2
1
4
1
5
5
1
4
6
7
7
11
13
9
5
8
5
7
3
-4
-6
-9
-9
-11
-5
-4
-12
-7
0
0
-2
-2
0
2
-1
-2
0
5
4
1
6
5
5
8
7
6
11
9
6
5
1
4
0
-1
1
-1
5
8
4
2
-1
2
3
-11
-7
-10
-10
-3
-4
-6
-17
-9
-8
-10
-7
-7
-2
-7
-4
0
-7
-4
3
1
1
1
-1
9
12
9
11
12
6
6
6
3
3
0
4
0
1
-1
-9
-11
-11
-9
-14
-16
-15
-9
-5
-11
-9
-7
-3
-1
-1
2
1
-3
0
-1
3
10
4
6
13
6
4
5
6
13
8
11
10
13
19
16
18
15
12
11
11
8
12
11
6
3
-7
-6
-8
-11
-7
-6
-12
-11
-9
-8
-4
-2
-4
-4
-6
-5
4
3
-2
1
6
6
4
4
4
5
-2
-2
-1
-5
-6
-2
-2
-1
-9
-14
-6
-12
-5
-6
-17
-13
-9
-5
-12
-9
-10
-9
-8
-11
-14
-12
-13
-16
-11
-5
-5
-5
-5
0
5
9
10
8
10
11
15
11
10
12
11
10
8
9
7
14
10
9
9
4
5
8
11
6
9
9
6
11
6
6
11
12
9
5
5
6
-1
-5
-2
1
-1
0
0
1
-3
-4
0
-6
-3
-6
-6
-1
-1
-4
-5
-8
-6
-8
-11
-12
-15
-12
-15
-15
-8
-5
-3
-3
7
12
7
5
-3
-2
-2
-7
-6
2
0
2
3
5
5
1
7
6
3
9
11
8
7
3
-1
-3
-2
1
-2
-5
-8
-5
-5
-6
-7
-10
-9
-8
-9
-8
-6
-12
-11
-7
-6
-11
-11
-9
-6
-3
-4
-5
-4
0
2
4
6
7
10
6
6
7
12
13
11
8
2
7
3
6
13
12
16
10
9
8
7
6
5
10
0
1
10
9
9
8
5
10
6
4
7
3
0
1
1
-7
-11
-4
2
-5
-9
1
-3
-11
-9
-12
-13
-11
-5
-5
-11
-13
-10
-8
-8
-5
-3
-4
-11
-4
-4
-9
-4
-2
-1
3
10
5
5
3
3
8
0
0
5
4
2
2
0
-3
-1
2
0
0
8
7
0
1
1
1
-7
-13
-16
-20
-18
-11
-3
-11
-1
3
-4
1
1
7
2
-5
2
4
-2
0
4
8
6
2
6
7
8
11
11
10
11
8
11
9
6
12
20
18
7
4
5
5
1
-4
-3
-5
-10
-14
-15
-15
-10
-4
-5
-5
-4
-3
-4
-6
-11
-13
-8
-4
0
2
4
7
4
0
5
4
4
3
4
9
8
10
11
9
4
1
5
8
6
3
4
7
5
3
2
1
0
-3
-5
-2
0
-1
-4
-4
-3
-8
-7
-8
-11
-14
-18
-19
-18
-13
-11
-14
-15
-9
-10
-9
-2
0
0
2
5
7
10
8
7
7
10
7
5
7
2
4
0
3
2
-2
6
3
5
9
3
4
1
5
-6
-11
2
-3
-9
-3
5
2
2
1
0
6
4
4
3
5
3
5
5
4
5
-5
-6
-6
-4
-1
-3
-1
-5
-3
2
2
4
7
6
3
-1
-3
-8
-8
-4
-1
1
0
0
4
5
8
7
1
5
5
2
6
7
7
11
4
4
11
6
4
-1
-2
-2
-8
-10
-9
-5
-9
-14
-17
-12
-13
-10
-6
-1
4
-1
-2
-3
-4
-1
-1
-2
-2
-3
-3
1
2
0
7
5
3
10
6
2
-1
-5
-3
-2
3
0
5
2
-3
7
3
-2
5
4
1
2
-3
1
1
-4
-3
-4
-3
-3
-5
-11
-9
-8
-14
-5
-3
-6
1
1
-1
-3
-5
-5
-8
-5
-1
4
6
6
9
6
15
3
1
11
12
22
13
10
8
7
18
13
11
13
10
11
14
11
12
16
13
9
4
3
2
-2
-6
-3
4
-2
-3
-1
-2
-3
-7
-9
-8
-11
-16
-16
-15
-17
-14
-13
-16
-13
-9
-8
-13
-13
-15
-15
-19
-22
-19
-22
-19
-13
-11
-16
-15
-13
-12
-14
-11
2
-2
-1
7
11
16
17
19
16
14
18
22
21
22
21
20
20
23
20
23
25
20
23
20
16
15
7
4
6
-1
-4
-3
0
-2
-1
-2
-8
-6
-4
-3
-1
-3
-6
-7
-5
-3
-3
-5
-7
-7
-9
-8
-7
-8
-4
-5
-6
-7
-3
-6
-9
-7
-14
-13
-12
-17
-15
-11
-13
-16
-14
-16
-13
-9
-10
-3
2
0
-2
-2
0
0
1
1
3
3
-1
-3
5
10
2
4
16
13
13
20
21
21
23
21
21
16
16
15
10
13
9
13
6
0
2
1
1
-2
-1
6
11
2
1
-1
-4
-7
-11
-11
-10
-3
-3
-4
-2
-3
-4
-6
-6
-9
-14
-10
-3
-8
-4
0
5
1
-3
-8
-15
-10
-18
-18
-10
-9
-7
-5
-5
-8
-10
-16
-17
-16
-18
-18
-19
-12
-3
-1
2
3
2
6
9
10
7
13
7
3
3
5
17
18
21
25
21
18
17
16
18
21
14
9
7
3
3
4
1
2
1
-5
-5
2
4
2
3
6
9
5
0
0
-2
-2
-1
-4
-2
3
2
0
-1
4
2
-1
1
0
-2
2
-1
-8
-5
-8
-16
-13
-15
-12
-8
-15
-14
-15
-16
-18
-15
-13
-13
-12
-11
-7
-10
-10
-3
-8
-10
-1
-2
-7
-4
4
6
5
9
3
7
6
5
6
5
8
5
2
6
10
8
8
12
14
20
20
9
12
16
4
-1
-1
-4
-5
-1
-1
3
1
1
4
5
4
0
-1
0
3
0
-2
0
-1
-4
1
3
-6
2
3
5
2
0
6
9
4
-3
0
-1
-5
-10
-7
-4
-5
-3
1
2
5
4
-1
1
4
2
-2
3
2
-1
-3
-5
1
1
-7
-10
-8
-13
-12
-9
-9
-8
-3
3
-1
-3
-1
2
-1
-8
-11
-13
-14
-13
-17
-15
-8
-7
0
-4
-2
4
1
2
0
0
2
7
7
3
10
15
11
11
14
15
9
6
12
12
8
10
15
16
13
17
14
13
15
10
6
7
5
1
-2
1
1
-9
-9
-7
-5
-5
-4
-6
-8
-8
-9
-11
-12
-9
-10
-13
-17
-18
-11
-7
-10
-10
-5
-2
-3
-4
-1
5
1
-8
-6
3
5
0
2
3
7
7
1
1
2
6
0
-4
1
3
2
5
14
14
16
9
5
7
2
-3
-4
-8
-8
-8
-9
-6
-1
1
-2
-4
-5
0
1
0
0
1
4
2
1
2
2
0
-4
-6
0
0
-2
-2
-4
-5
-2
-1
2
-2
-2
5
-1
-1
-4
-3
8
3
0
6
9
9
5
5
5
12
12
7
11
14
10
5
3
1
-1
-3
-5
-5
-7
-4
-2
-2
-3
2
0
-3
-6
-9
-7
-11
-14
-15
-8
-4
-8
-7
-6
-8
-14
-8
-9
-5
2
-2
-1
2
2
1
4
6
4
8
7
4
3
8
5
4
6
2
4
-1
0
5
2
1
-3
-5
0
2
6
4
6
13
10
1
-3
0
-3
-7
1
-4
-6
-1
0
0
2
2
2
7
6
2
1
3
3
5
1
-3
-1
-2
1
-1
-1
-4
-10
-7
-9
-11
-6
-5
0
-4
1
8
6
4
-1
-1
-3
0
4
-1
3
7
4
4
7
3
-6
-7
2
2
-4
0
4
0
2
3
1
3
2
1
0
0
4
3
1
-2
-4
-3
-7
-8
-6
-5
-4
-8
-5
-1
-1
0
0
0
-3
-3
-3
-1
4
2
1
8
11
11
8
0
2
-4
-5
-10
-9
0
-9
-4
3
1
7
2
-4
3
-2
-3
0
-3
-5
-2
-1
-9
-4
-1
-3
-3
-9
-8
0
3
2
2
1
3
7
9
9
6
5
7
11
14
18
15
5
3
9
8
3
5
7
11
14
7
2
-4
-4
-7
-10
-10
-16
-9
-7
-14
-12
-10
-11
-15
-13
-8
0
2
1
8
5
5
5
2
8
5
1
2
0
2
-2
-5
1
3
2
5
3
3
5
3
6
3
0
3
-3
-8
-14
-22
-25
-26
-24
-18
-11
-13
-10
-2
-3
-3
-5
-5
-1
-4
-6
-5
-8
-8
-6
-1
4
9
14
15
18
20
21
19
16
11
9
11
10
5
4
7
9
9
7
11
18
16
14
14
14
14
11
11
13
8
4
4
6
3
-1
-3
-8
-5
-1
1
0
-3
-3
-1
-3
-9
-11
-11
-17
-19
-20
-20
-18
-19
-17
-18
-15
-12
-13
-15
-21
-23
-22
-20
-21
-16
-10
-7
-3
-5
-5
1
-1
-1
3
7
4
9
16
16
20
15
16
17
10
11
10
6
6
6
8
11
11
8
8
6
4
3
4
5
8
7
0
-1
5
8
10
9
11
15
10
11
7
1
-3
1
1
2
5
7
9
4
1
-5
-12
-12
-8
-5
-1
-2
-5
0
-5
-10
-8
-8
-11
-16
-18
-18
-16
-8
-2
-2
-1
0
4
-4
-3
5
1
-2
-3
-4
-5
-3
-1
4
0
-3
-2
-3
1
1
-5
1
4
-2
-3
-10
-8
-6
-9
-5
-5
-1
0
0
4
7
8
7
8
3
-6
-2
-2
-4
-5
-6
3
10
11
14
18
21
23
18
16
10
7
8
6
-2
-8
-3
-4
-9
-6
-1
2
4
7
5
0
1
5
10
4
-7
-6
-6
-9
-4
0
-7
-7
-3
-2
2
0
2
4
4
1
-5
-2
3
0
-2
-6
-9
-10
-9
-12
-10
-6
-9
2
6
3
7
2
-2
0
-4
-6
-7
-10
-16
-14
-5
-9
-13
-11
-7
-2
1
1
6
7
2
3
4
5
9
8
6
8
6
6
2
0
2
0
-4
-4
-3
2
9
7
7
11
12
11
9
5
4
8
5
3
0
-3
-5
-5
-2
2
8
10
7
7
13
8
4
7
1
-7
0
2
-1
5
2
6
7
3
-2
-4
-6
-13
-12
-8
0
-6
-8
-4
-7
-10
-7
-4
-15
-14
-14
-10
-4
-8
-10
-8
-2
-6
-7
-4
3
2
-2
6
6
3
5
0
-1
-4
-4
-10
-13
-13
-16
-15
-11
-9
-4
-2
0
5
7
9
9
14
10
9
11
13
12
3
4
7
12
12
12
15
13
14
13
11
16
14
10
12
11
8
5
3
1
1
4
2
1
0
1
7
3
7
4
-2
-1
-7
-9
-14
-12
-11
-14
-14
-14
-16
-23
-16
-16
-19
-8
-8
-7
-2
3
-2
-8
-2
-2
-1
-2
-10
-13
-13
-9
-9
-13
-2
2
3
4
-2
-3
3
8
5
5
2
2
3
7
12
10
11
15
12
10
13
13
4
-2
0
6
3
-1
0
0
2
3
5
4
8
7
9
3
-4
1
-6
-8
-4
-2
2
2
7
7
2
9
8
3
3
-4
-5
-6
-8
-7
-6
-11
-11
-6
-10
-11
-9
-13
-6
-4
0
-1
-4
1
3
-4
-11
-9
-9
-6
-7
-1
4
1
6
4
6
8
11
17
11
11
11
9
13
10
8
6
4
4
3
4
6
11
11
5
6
7
-1
-4
-14
-11
-6
-14
-11
-5
-1
-1
-3
-3
3
7
-5
-11
-8
-8
-12
-13
-6
-7
-6
-3
-9
-6
-5
-10
-3
-6
-8
-3
-1
2
2
0
2
0
-2
-1
-2
1
6
3
-4
2
2
0
1
-9
-1
0
-3
1
4
4
6
8
6
9
12
15
13
11
11
10
11
13
8
15
13
10
9
3
0
-2
3
0
-1
-3
1
2
3
2
1
-2
-11
-9
-7
-12
-12
-7
-8
-4
-2
-4
-4
-6
-5
-5
-3
-2
-5
-7
0
-3
-9
-5
0
-3
-6
-12
-19
-13
-14
-9
-5
-4
1
10
9
0
11
11
6
9
11
2
-2
-3
-10
-3
1
8
15
20
16
10
8
9
9
13
15
1
-6
-5
-5
-9
-6
-4
-7
-3
-6
-8
-4
4
7
4
0
-3
-4
-7
-5
-8
-9
-11
-11
-10
-7
0
0
-1
2
7
12
12
14
19
13
9
2
0
-5
-5
-2
-6
-1
-3
-2
4
8
6
5
1
-4
-2
-3
-8
-11
-3
-2
-3
-3
-6
0
2
-1
3
2
2
4
3
4
5
