9
9
7
6
4
0
-3
-5
-5
-4
-3
-2
2
6
9
6
0
-4
-4
-3
-5
-7
-5
0
1
1
5
8
4
1
-2
2
1
-6
-10
-10
-7
-5
-4
-2
0
1
-1
-1
2
3
3
-1
-2
-1
-1
-2
-2
-1
3
4
4
4
5
6
5
3
-1
-4
2
3
1
-2
-2
2
3
2
2
3
2
-1
-1
2
2
0
0
2
1
-3
-6
-5
-2
-1
-2
-2
-5
-7
-5
-1
0
-1
0
1
-2
-6
-6
-3
-4
-5
-4
1
3
1
-2
0
2
1
-1
-2
-4
-8
-9
-5
-1
2
4
4
2
0
-4
-4
-4
-4
-4
-4
-3
1
4
3
3
6
12
10
3
-4
-3
1
4
1
-3
-3
-2
-2
-3
-3
1
0
-5
-7
-6
-5
-4
-3
0
5
3
-1
-3
-3
-5
-9
-8
-3
-1
0
1
4
5
6
5
5
4
2
1
-2
-3
-6
-3
1
3
1
-1
3
6
5
3
3
1
-2
-2
0
1
2
3
6
11
10
10
4
-2
-5
-4
-4
-6
-9
-8
-4
2
3
5
5
6
5
3
1
-2
-8
-12
-12
-11
-10
-10
-6
-1
2
1
-1
0
3
3
0
-5
-7
-7
-9
-9
-9
-7
-5
-4
-1
1
4
4
5
6
5
3
0
-1
-6
-6
-6
-8
-8
-6
-2
7
10
7
3
2
-1
-4
-8
-9
-5
1
1
0
3
5
9
12
14
9
2
-5
-6
-5
-2
-2
0
4
8
8
5
1
2
4
7
7
3
-5
-7
-6
-2
0
0
-3
-3
-4
-7
-9
-8
-2
5
7
5
8
10
10
6
2
1
-3
-6
-11
-11
-6
-1
3
7
8
6
3
2
3
0
-4
-7
-6
-2
2
4
5
6
7
6
1
-5
-12
-15
-14
-12
-9
-4
1
6
10
10
4
0
-3
-4
-4
-4
-4
-2
0
3
5
9
10
8
1
-4
-7
-8
-10
-13
-13
-7
-2
-2
-4
-3
1
4
2
-1
-3
-4
-3
-2
2
5
4
2
2
2
0
-4
-9
-8
-10
-13
-12
-6
0
1
-1
-2
1
2
-2
-3
-2
5
7
8
8
9
10
9
7
5
2
-1
0
2
3
2
0
-2
-3
-1
2
5
4
0
1
3
3
0
2
7
5
-2
-5
-2
0
-2
-3
-2
-1
0
2
6
11
9
4
1
2
3
0
-2
-3
-4
-5
-7
-10
-12
-12
-10
-6
0
5
5
4
1
2
0
0
-4
-10
-12
-10
-6
-1
1
3
5
6
2
-4
-7
-4
-6
-9
-15
-11
0
9
11
10
10
11
9
6
0
-4
-6
-6
-5
-2
0
0
1
6
9
6
2
0
1
-1
-5
-10
-10
-5
-2
0
-1
-2
0
6
7
5
0
-1
1
4
6
7
6
3
0
1
2
-1
-3
-2
0
0
-4
-4
-1
1
-1
-7
-12
-12
-9
-5
-1
4
7
7
6
2
-2
-6
-8
-9
-10
-10
-7
0
6
10
9
10
8
3
-8
-14
-18
-16
-13
-12
-9
-5
0
3
5
7
6
5
-1
-3
-3
-2
-1
4
11
14
11
10
11
9
1
-7
-9
-7
-4
-7
-5
0
8
9
5
1
0
1
2
-3
-5
-4
-2
-1
0
-1
1
6
11
14
13
8
2
-3
-6
-8
-6
-4
-2
-2
-3
-1
4
8
8
5
1
-2
-6
-10
-12
-9
-3
2
5
6
7
12
15
10
2
-7
-12
-13
-12
-12
-9
-6
-1
5
10
7
3
1
-2
-6
-9
-5
0
-1
-5
-6
1
3
-1
-7
-7
-3
-3
-8
-7
-4
0
-1
-1
1
2
1
-2
-2
2
4
3
-1
-3
-3
-4
-8
-7
-5
0
2
4
5
9
10
8
4
0
-2
-5
-5
-3
-1
1
6
12
15
14
11
9
6
4
1
1
0
-1
2
6
9
10
13
13
9
4
-2
-4
-4
-5
-3
0
1
4
12
16
14
6
1
1
-1
-8
-14
-14
-9
-4
-1
2
5
5
4
1
-5
-9
-14
-15
-15
-14
-12
-8
-2
3
3
2
1
-1
-5
-10
-11
-11
-13
-13
-10
-2
6
9
10
8
5
-1
-9
-14
-16
-17
-17
-13
-3
6
11
10
7
7
6
5
-1
-5
-6
-5
-4
-5
-4
-2
2
7
9
8
2
-1
-1
-2
-4
-4
-1
4
5
3
6
8
9
6
5
5
2
-2
2
8
10
5
4
6
5
4
1
3
3
1
-1
0
4
5
2
-2
-3
1
3
3
-1
-5
-6
-3
-1
-1
-1
-1
-2
-3
-2
-3
-1
-1
-4
-5
-7
-7
-7
-5
-1
0
-2
-5
-4
-2
-2
-1
-1
1
4
3
1
-2
-6
-7
-3
3
1
-2
-2
3
3
1
0
4
6
2
-2
0
-1
-4
-6
-1
4
5
2
0
1
2
1
0
-1
0
0
0
3
7
9
9
11
10
5
-4
-10
-8
-4
-1
0
0
0
0
2
-1
-7
-9
-10
-8
-7
-6
-4
4
7
6
6
6
1
-7
-11
-11
-10
-5
0
3
5
11
17
18
13
4
-4
-10
-15
-19
-17
-12
-7
-1
6
13
16
16
12
7
-1
-11
-14
-11
-12
-11
-6
5
16
15
14
13
2
-6
-8
-16
-21
-18
-13
-10
3
14
16
13
14
5
0
-6
-10
-15
-15
-12
-3
7
14
17
19
12
6
-1
-6
-8
-9
-10
-10
-6
4
10
12
16
17
7
-1
-10
-12
-12
-15
-10
-3
4
15
17
16
26
23
12
3
-1
-7
-16
-17
-15
-10
3
5
2
11
9
1
2
-5
-7
-6
-12
-12
-7
-2
6
11
10
11
9
2
-7
-10
-10
-10
-8
-3
4
10
12
13
13
8
0
-5
-9
-12
-18
-18
-14
-4
2
6
9
8
4
0
-4
-6
-9
-11
-14
-14
-12
-11
-6
1
8
14
16
15
11
2
-6
-10
-12
-12
-11
-6
0
5
5
8
13
15
12
4
-2
-7
-10
-10
-9
-6
-1
4
6
7
11
16
13
4
-8
-15
-12
-12
-9
-8
1
9
11
11
10
5
-1
-7
-10
-9
-9
-10
-6
-1
6
11
11
9
4
1
-2
-3
-4
-3
-1
4
9
10
11
5
1
-4
-8
-13
-16
-12
-3
4
7
11
14
13
9
-3
-15
-21
-22
-23
-17
-5
4
10
18
24
18
8
-3
-12
-17
-19
-15
-9
2
9
16
22
23
14
5
-2
-14
-25
-27
-20
-15
-6
7
17
18
21
24
17
6
1
-9
-21
-23
-16
-13
-3
15
21
18
18
11
-2
-11
-14
-18
-21
-16
-7
2
12
20
23
20
8
-2
-10
-17
-22
-20
-14
-8
1
9
16
17
13
1
-7
-13
-21
-20
-12
-2
3
12
21
20
16
10
1
-13
-22
-24
-27
-23
-14
-3
6
15
19
12
8
2
-12
-27
-30
-30
-26
-15
1
12
18
25
26
16
2
-11
-19
-25
-25
-22
-13
-3
11
23
30
29
22
11
1
-11
-20
-27
-29
-22
-3
14
24
28
33
32
23
5
-8
-15
-19
-21
-16
-3
8
17
23
28
24
16
6
3
-3
-9
-11
-6
-2
2
12
24
30
25
15
4
-6
-14
-19
-19
-14
-8
3
15
24
31
29
23
13
1
-9
-15
-19
-17
-13
-3
12
26
31
28
18
9
-2
-11
-17
-20
-21
-19
-14
-4
5
11
16
11
1
-10
-18
-21
-26
-32
-30
-20
-11
-4
-5
-5
-6
-11
-22
-33
-40
-42
-43
-39
-30
-18
-12
-12
-16
-20
-25
-33
-40
-40
-37
-29
-16
-8
-4
-3
-8
-11
-19
-34
-40
-41
-37
-28
-19
-5
10
17
24
25
20
9
-1
-10
-10
-4
5
23
36
46
55
64
65
62
53
42
37
30
29
38
45
55
69
76
78
80
78
70
63
54
45
42
39
35
43
52
57
59
63
61
56
51
45
35
29
19
10
13
13
6
7
9
5
6
9
6
4
-4
-13
-15
-18
-27
-33
-35
-32
-32
-33
-34
-32
-30
-33
-47
-57
-65
-79
-86
-91
-95
-94
-95
-96
-89
-85
-84
-90
-103
-114
-121
-128
-132
-133
-132
-127
-120
-114
-112
-113
-119
-129
-138
-146
-151
-153
-149
-138
-124
-104
-82
-64
-46
-28
-11
4
13
20
23
32
41
54
68
85
99
114
124
131
131
128
122
116
108
98
93
89
89
97
109
128
146
167
188
207
223
238
248
254
258
262
264
266
267
268
267
263
254
241
222
201
176
149
122
98
77
63
53
49
47
46
45
46
47
40
28
11
-11
-31
-48
-61
-74
-83
-97
-109
-125
-143
-166
-194
-224
-256
-286
-313
-333
-342
-340
-327
-308
-284
-263
-243
-231
-230
-239
-255
-275
-288
-295
-292
-280
-259
-236
-213
-197
-192
-200
-219
-247
-278
-308
-328
-338
-333
-313
-280
-242
-202
-164
-121
-71
-21
28
79
133
177
203
215
207
160
88
18
-38
-79
-85
-38
50
165
299
430
538
616
655
650
619
576
531
496
489
507
538
569
596
601
570
502
406
294
187
103
51
46
80
146
229
319
388
415
408
368
292
194
102
27
-30
-64
-72
-64
-49
-36
-48
-89
-138
-185
-238
-286
-305
-302
-289
-263
-228
-210
-218
-240
-279
-342
-415
-482
-531
-556
-551
-516
-454
-386
-321
-273
-251
-255
-280
-322
-368
-404
-415
-400
-372
-334
-287
-239
-206
-190
-193
-209
-243
-279
-309
-340
-361
-372
-371
-365
-361
-337
-295
-243
-179
-117
-53
0
18
7
-58
-192
-326
-413
-441
-390
-263
-37
275
583
868
1129
1321
1401
1355
1222
1067
910
768
678
661
707
761
787
797
779
686
515
321
144
-20
-142
-170
-109
-7
95
163
172
137
69
-32
-139
-187
-170
-122
-21
166
367
500
568
591
532
382
197
17
-150
-278
-351
-380
-369
-321
-278
-274
-292
-329
-406
-497
-546
-546
-523
-454
-335
-199
-76
28
98
107
67
-2
-111
-229
-304
-350
-369
-336
-274
-220
-183
-168
-197
-273
-368
-461
-548
-603
-602
-552
-469
-356
-238
-145
-85
-52
-62
-105
-149
-181
-196
-183
-140
-96
-70
-61
-88
-159
-249
-340
-447
-554
-631
-676
-696
-682
-646
-603
-564
-549
-586
-634
-608
-498
-343
-123
211
621
987
1281
1543
1754
1818
1727
1570
1401
1216
1027
885
830
837
827
780
743
709
597
396
196
40
-104
-215
-217
-95
91
287
479
667
793
812
723
517
243
0
-192
-327
-360
-265
-96
47
164
284
311
204
46
-119
-292
-440
-507
-475
-386
-248
-101
-21
15
22
-69
-232
-366
-462
-565
-608
-521
-366
-226
-91
26
72
36
-57
-206
-374
-503
-595
-665
-655
-565
-481
-412
-328
-261
-265
-319
-368
-420
-491
-530
-509
-463
-390
-284
-179
-97
-34
-2
-21
-65
-121
-197
-262
-277
-256
-234
-193
-133
-100
-106
-130
-181
-267
-346
-397
-449
-478
-435
-354
-296
-244
-190
-187
-255
-342
-417
-500
-595
-686
-742
-700
-529
-278
8
357
751
1081
1302
1488
1649
1695
1624
1537
1454
1342
1247
1201
1183
1167
1130
1015
849
697
544
338
137
33
-49
-105
-75
42
212
345
455
451
335
220
91
-40
-140
-134
-51
42
202
417
578
634
627
552
391
192
25
-114
-222
-258
-252
-248
-221
-171
-171
-244
-331
-428
-560
-664
-663
-614
-558
-443
-285
-163
-82
-25
-32
-115
-221
-346
-487
-581
-605
-613
-605
-542
-467
-445
-454
-456
-494
-582
-662
-705
-729
-728
-673
-574
-460
-350
-269
-220
-193
-199
-242
-290
-304
-290
-263
-223
-183
-159
-150
-159
-193
-245
-296
-350
-411
-457
-474
-464
-430
-389
-369
-374
-395
-467
-597
-725
-815
-911
-1043
-1121
-1038
-810
-511
-142
350
894
1342
1649
1903
2129
2227
2159
2032
1942
1847
1693
1554
1521
1534
1457
1279
1103
951
741
450
192
28
-93
-199
-216
-88
122
318
491
648
727
656
482
319
197
77
-8
33
189
354
483
603
679
631
457
230
4
-207
-395
-522
-553
-498
-432
-377
-305
-244
-266
-365
-469
-556
-644
-717
-700
-587
-446
-316
-175
-36
23
-23
-130
-258
-408
-566
-697
-760
-744
-702
-665
-598
-512
-499
-566
-635
-692
-774
-859
-888
-835
-726
-607
-495
-365
-234
-177
-206
-254
-295
-351
-423
-460
-428
-355
-278
-195
-107
-39
-26
-65
-135
-223
-301
-375
-446
-504
-531
-533
-490
-408
-337
-302
-294
-300
-425
-630
-808
-955
-1131
-1373
-1455
-1286
-956
-536
-31
623
1280
1776
2113
2370
2566
2583
2412
2207
2091
2009
1885
1798
1831
1872
1754
1517
1282
1039
693
285
-30
-196
-295
-341
-230
44
338
542
667
759
809
724
482
260
198
165
79
126
374
594
671
719
751
652
425
163
-97
-328
-499
-608
-636
-553
-433
-393
-406
-389
-415
-571
-741
-798
-814
-850
-802
-622
-431
-287
-155
-63
-76
-176
-320
-493
-658
-782
-879
-930
-891
-812
-775
-750
-690
-682
-785
-893
-937
-980
-1032
-1016
-925
-798
-644
-489
-368
-264
-199
-232
-316
-363
-402
-472
-504
-451
-376
-295
-166
-18
65
74
45
-15
-101
-187
-255
-299
-302
-287
-289
-279
-218
-171
-207
-255
-250
-277
-423
-630
-800
-963
-1212
-1514
-1679
-1563
-1246
-869
-363
368
1159
1759
2204
2633
2962
3016
2849
2664
2534
2382
2195
2073
2089
2131
2022
1787
1583
1385
1020
530
136
-120
-345
-505
-457
-197
114
361
573
789
910
825
629
484
376
225
117
194
394
557
667
786
862
775
534
254
-6
-271
-537
-724
-757
-690
-641
-616
-562
-511
-567
-706
-809
-865
-942
-1002
-956
-809
-643
-479
-314
-181
-135
-198
-341
-507
-682
-878
-1054
-1125
-1100
-1065
-1030
-947
-861
-859
-917
-971
-1022
-1092
-1142
-1124
-1050
-942
-814
-670
-525
-403
-334
-316
-326
-372
-462
-540
-544
-493
-427
-334
-201
-89
-30
-1
5
-23
-63
-97
-131
-149
-115
-63
-40
-27
6
18
-27
-95
-139
-154
-183
-293
-492
-693
-867
-1146
-1548
-1808
-1737
-1480
-1170
-646
209
1163
1935
2535
3072
3468
3540
3312
3027
2838
2662
2410
2235
2276
2371
2309
2154
2040
1854
1435
880
377
-29
-390
-643
-653
-418
-100
183
469
769
953
914
731
534
341
134
-12
3
179
411
615
800
959
991
807
469
114
-241
-624
-944
-1095
-1102
-1056
-994
-912
-834
-801
-863
-1003
-1144
-1231
-1294
-1319
-1208
-957
-709
-509
-307
-140
-126
-252
-434
-651
-908
-1137
-1273
-1317
-1294
-1222
-1136
-1050
-973
-953
-1005
-1075
-1142
-1236
-1309
-1273
-1154
-1015
-836
-599
-390
-266
-194
-156
-185
-255
-318
-360
-372
-313
-192
-53
97
241
323
321
272
200
109
18
-49
-83
-87
-79
-70
-48
-4
33
37
30
19
-86
-348
-661
-903
-1160
-1542
-1873
-1876
-1580
-1205
-734
22
982
1819
2409
2897
3328
3524
3402
3154
2976
2851
2671
2510
2534
2675
2675
2476
2251
2026
1603
984
430
42
-297
-573
-634
-439
-138
148
439
707
870
883
744
555
399
182
-71
-140
0
162
289
467
663
705
581
389
135
-197
-536
-812
-1002
-1079
-1061
-1013
-944
-857
-843
-944
-1049
-1111
-1225
-1356
-1357
-1253
-1150
-1006
-764
-541
-431
-386
-386
-469
-609
-764
-939
-1092
-1158
-1193
-1236
-1208
-1100
-1036
-1050
-1037
-1005
-1047
-1121
-1136
-1104
-1050
-945
-805
-665
-497
-329
-257
-256
-223
-215
-304
-357
-295
-221
-134
12
173
307
385
408
358
233
91
-38
-147
-176
-141
-120
-101
-29
48
74
48
26
9
-86
-281
-550
-832
-1037
-1279
-1673
-1921
-1759
-1393
-1037
-516
344
1282
1969
2480
3000
3435
3588
3453
3258
3170
3080
2860
2678
2729
2830
2681
2386
2185
1943
1444
832
356
-5
-339
-568
-555
-309
9
264
483
723
870
801
629
494
307
34
-128
-78
32
143
334
545
631
605
493
262
-42
-346
-672
-972
-1105
-1104
-1107
-1069
-931
-835
-888
-977
-1047
-1190
-1370
-1442
-1421
-1373
-1236
-982
-718
-505
-333
-268
-346
-479
-637
-874
-1117
-1229
-1273
-1330
-1302
-1157
-1045
-1019
-984
-950
-997
-1072
-1099
-1100
-1077
-995
-888
-778
-620
-450
-362
-321
-250
-199
-218
-216
-160
-123
-90
6
112
171
232
288
280
226
183
124
53
44
75
46
-8
25
100
102
55
38
32
-65
-310
-651
-952
-1167
-1456
-1872
-2121
-1938
-1507
-1081
-510
397
1391
2122
2639
3144
3554
3656
3489
3300
3219
3151
2990
2854
2901
2998
2868
2539
2245
1944
1415
759
236
-147
-497
-741
-723
-447
-129
140
390
634
800
727
530
394
301
163
-78
-175
-18
129
169
233
420
499
298
67
-90
-316
-647
-925
-1024
-1041
-1062
-1061
-992
-890
-858
-964
-1095
-1130
-1179
-1334
-1422
-1302
-1131
-1041
-907
-656
-458
-411
-412
-417
-489
-646
-809
-927
-991
-1034
-1072
-1072
-1010
-940
-979
-1029
-1012
-1005
-1043
-1079
-979
-849
-766
-654
-513
-369
-301
-274
-237
-216
-217
-230
-211
-136
-32
71
178
290
368
385
352
305
238
141
47
6
-3
-32
-53
-16
54
96
98
77
38
-75
-356
-764
-1115
-1368
-1715
-2160
-2376
-2191
-1804
-1367
-722
213
1187
1940
2515
3045
3454
3579
3459
3299
3217
3136
3018
2971
3059
3119
2976
2687
2400
2065
1525
849
285
-130
-535
-836
-836
-598
-325
-38
283
568
757
794
676
542
418
143
-194
-259
-84
3
40
270
546
576
451
367
212
-136
-529
-838
-1070
-1208
-1251
-1247
-1161
-987
-896
-955
-978
-929
-1013
-1219
-1303
-1242
-1209
-1159
-939
-639
-430
-287
-156
-116
-206
-362
-551
-749
-901
-1007
-1101
-1131
-1063
-1003
-1007
-971
-878
-871
-962
-999
-951
-935
-945
-864
-687
-513
-381
-266
-154
-66
-60
-126
-163
-142
-139
-142
-56
89
176
238
322
354
294
202
108
-3
-94
-133
-153
-152
-73
35
93
159
216
196
14
-330
-727
-1157
-1545
-1974
-2473
-2705
-2483
-2001
-1486
-803
232
1255
1934
2473
2987
3334
3394
3270
3190
3146
3101
3065
3093
3260
3326
3122
2819
2538
2132
1474
764
224
-189
-566
-790
-732
-453
-144
97
315
545
677
626
506
391
276
148
98
167
203
268
413
514
479
383
333
168
-115
-335
-514
-721
-870
-903
-954
-1034
-1024
-988
-1054
-1122
-1110
-1146
-1222
-1174
-1071
-1058
-989
-753
-559
-488
-372
-238
-253
-339
-385
-489
-656
-744
-783
-881
-962
-960
-999
-1110
-1176
-1209
-1299
-1350
-1280
-1199
-1147
-1013
-820
-683
-573
-439
-359
-362
-358
-330
-328
-324
-265
-195
-135
-54
58
144
208
267
298
291
260
209
153
133
128
90
32
12
-1
-64
-114
-142
-158
-194
-222
-253
-464
-806
-1137
-1427
-1802
-2290
-2561
-2461
-2119
-1683
-1055
-88
1012
1917
2583
3164
3617
3739
3543
3334
3227
3127
2997
2941
3088
3240
3197
2997
2780
2474
1858
1097
474
-8
-440
-739
-731
-483
-171
134
436
702
847
821
699
589
443
223
90
164
282
255
280
466
571
487
330
225
11
-318
-580
-785
-945
-1044
-1063
-1049
-1017
-952
-946
-1013
-1055
-1089
-1197
-1276
-1203
-1098
-1057
-930
-669
-488
-430
-340
-261
-334
-469
-587
-749
-928
-1031
-1113
-1208
-1224
-1184
-1217
-1266
-1236
-1231
-1326
-1369
-1309
-1280
-1283
-1168
-970
-820
-689
-522
-385
-307
-254
-238
-249
-223
-171
-150
-114
-16
74
114
161
238
252
209
191
188
132
66
53
59
45
19
24
22
5
-34
-101
-124
-225
-526
-956
-1333
-1664
-2181
-2693
-2783
-2454
-2038
-1520
-593
601
1626
2391
3086
3681
3970
3929
3732
3587
3515
3402
3260
3299
3514
3593
3413
3176
2931
2427
1639
885
329
-157
-583
-753
-602
-290
10
292
603
844
875
748
614
498
358
246
271
360
470
562
609
642
589
425
114
-230
-487
-769
-1053
-1224
-1234
-1194
-1183
-1130
-1042
-1026
-1113
-1206
-1316
-1439
-1490
-1483
-1419
-1231
-978
-772
-574
-363
-260
-311
-398
-465
-621
-844
-964
-1018
-1108
-1154
-1154
-1189
-1218
-1242
-1330
-1435
-1487
-1523
-1566
-1547
-1428
-1277
-1116
-900
-662
-490
-366
-244
-166
-170
-185
-165
-155
-143
-77
11
85
187
283
292
274
294
273
166
71
26
-11
-27
3
21
26
43
55
46
24
2
-12
-46
-201
-515
-866
-1151
-1527
-2037
-2351
-2272
-1938
-1567
-1003
-13
1047
1876
2558
3184
3681
3847
3744
3606
3516
3425
3261
3149
3281
3445
3392
3211
3042
2799
2217
1471
885
399
-89
-465
-528
-346
-114
92
348
615
753
716
556
466
359
176
32
17
98
107
171
319
407
346
194
48
-172
-447
-705
-909
-1052
-1150
-1214
-1252
-1218
-1155
-1168
-1246
-1286
-1306
-1391
-1470
-1437
-1347
-1289
-1199
-1013
-823
-703
-609
-522
-509
-583
-692
-809
-927
-1030
-1121
-1187
-1209
-1217
-1264
-1306
-1298
-1308
-1370
-1399
-1350
-1289
-1242
-1154
-987
-780
-593
-452
-323
-192
-104
-88
-100
-82
-33
11
57
126
225
328
398
433
465
488
454
353
248
177
84
-44
-142
-175
-181
-178
-141
-76
-17
-1
-65
-274
-614
-971
-1348
-1831
-2278
-2371
-2090
-1667
-1101
-219
879
1869
2603
3178
3644
3894
3828
3572
3391
3323
3208
3072
3132
3359
3435
3265
3053
2827
2349
1608
896
352
-124
-526
-682
-555
-284
-1
251
475
660
687
500
305
188
32
-207
-294
-121
-13
10
154
372
396
199
48
-115
-425
-755
-994
-1155
-1250
-1249
-1221
-1193
-1102
-1027
-1109
-1244
-1276
-1326
-1474
-1531
-1412
-1289
-1204
-1021
-785
-631
-540
-463
-461
-533
-623
-743
-891
-991
-1045
-1105
-1134
-1072
-1013
-1032
-1055
-1038
-1064
-1141
-1155
-1085
-1017
-948
-817
-634
-473
-343
-225
-116
-27
1
-30
-32
21
43
41
120
270
368
430
514
571
551
478
369
234
128
57
-39
-122
-114
-60
-55
-65
-32
0
-33
-170
-443
-803
-1143
-1521
-2026
-2438
-2450
-2151
-1787
-1245
-315
781
1660
2321
2943
3458
3666
3568
3394
3312
3252
3113
2977
3034
3219
3193
2942
2748
2543
2041
1321
696
239
-213
-616
-738
-580
-352
-132
110
353
527
547
412
267
213
137
-11
-10
181
245
107
94
234
162
-134
-296
-316
-475
-717
-796
-777
-834
-915
-951
-990
-1034
-1084
-1216
-1367
-1373
-1344
-1435
-1420
-1137
-900
-868
-738
-473
-410
-502
-458
-376
-447
-537
-540
-550
-593
-628
-678
-753
-802
-867
-1008
-1132
-1143
-1125
-1157
-1150
-1000
-806
-707
-590
-408
-322
-316
-272
-239
-225
-166
-107
-68
17
121
147
149
236
307
293
310
366
345
291
258
200
119
63
3
-65
-106
-148
-224
-311
-317
-337
-542
-858
-1154
-1407
-1801
-2338
-2625
-2538
-2244
-1871
-1294
-328
734
1580
2267
2916
3455
3654
3529
3374
3308
3188
2973
2885
3003
3123
3071
2932
2812
2548
1976
1258
642
126
-391
-771
-813
-598
-339
-79
241
569
755
761
662
549
447
264
62
58
172
191
199
354
543
515
331
223
79
-260
-613
-832
-971
-1073
-1132
-1137
-1087
-1017
-1000
-1071
-1121
-1085
-1111
-1229
-1234
-1087
-990
-940
-746
-479
-343
-257
-118
-61
-133
-206
-276
-413
-564
-684
-816
-927
-968
-1001
-1062
-1066
-1013
-1003
-1037
-1019
-960
-928
-884
-771
-639
-543
-441
-321
-230
-179
-141
-116
-87
-29
24
42
84
176
246
263
286
327
315
264
222
164
52
-65
-159
-254
-348
-417
-438
-437
-377
-369
-552
-829
-1111
-1431
-1933
-2468
-2700
-2618
-2362
-1972
-1248
-197
834
1659
2377
3047
3470
3522
3364
3218
3100
2910
2711
2699
2876
2990
2916
2824
2747
2449
1851
1202
669
159
-352
-676
-668
-482
-235
58
406
758
924
932
862
751
575
334
208
187
174
201
334
490
523
487
439
275
-4
-259
-506
-774
-948
-1012
-1078
-1101
-992
-889
-894
-892
-862
-935
-1044
-1033
-998
-1038
-995
-795
-630
-556
-427
-267
-218
-226
-223
-288
-422
-514
-587
-710
-805
-818
-861
-970
-1029
-1051
-1128
-1197
-1171
-1108
-1065
-979
-854
-755
-667
-565
-485
-433
-374
-335
-329
-303
-247
-216
-192
-106
2
50
83
144
172
143
120
98
28
-46
-76
-126
-211
-258
-272
-324
-398
-431
-438
-434
-471
-646
-917
-1136
-1387
-1849
-2325
-2441
-2256
-2049
-1710
-956
53
927
1613
2297
2924
3254
3242
3110
3033
2957
2780
2625
2696
2912
2980
2884
2846
2799
2442
1817
1261
820
302
-209
-435
-367
-213
-24
270
649
968
1099
1051
958
847
564
150
-77
-23
40
58
266
631
823
790
734
658
413
27
-337
-616
-818
-955
-1023
-996
-878
-786
-801
-828
-804
-875
-1088
-1237
-1223
-1212
-1237
-1120
-852
-624
-482
-337
-216
-211
-299
-433
-596
-758
-890
-1016
-1109
-1115
-1081
-1092
-1101
-1056
-1040
-1111
-1172
-1164
-1165
-1194
-1162
-1051
-938
-842
-737
-619
-522
-459
-428
-409
-372
-328
-302
-245
-113
28
128
217
304
338
288
191
101
20
-91
-224
-303
-330
-369
-421
-413
-347
-288
-295
-398
-563
-750
-1032
-1479
-1924
-2107
-2040
-1886
-1567
-886
34
889
1625
2350
2977
3306
3345
3268
3163
3013
2819
2681
2697
2833
2933
2925
2886
2806
2510
1965
1390
901
399
-101
-384
-368
-219
-41
237
606
912
1063
1085
1005
834
613
320
-37
-260
-234
-121
-36
153
504
749
719
660
629
367
-69
-409
-663
-925
-1101
-1120
-1076
-1014
-904
-842
-882
-903
-935
-1119
-1306
-1290
-1237
-1302
-1252
-954
-692
-601
-474
-302
-291
-415
-534
-694
-916
-1078
-1159
-1227
-1233
-1156
-1105
-1085
-1004
-926
-963
-1027
-1029
-1074
-1182
-1226
-1192
-1145
-1060
-922
-789
-641
-462
-347
-311
-234
-130
-109
-119
-39
63
92
126
211
252
231
210
167
71
-19
-101
-227
-335
-376
-413
-407
-295
-195
-246
-399
-530
-727
-1165
-1647
-1853
-1835
-1743
-1472
-869
-27
814
1566
2286
2926
3316
3371
3231
3096
2968
2758
2559
2570
2755
2876
2862
2850
2827
2601
2119
1556
1049
551
67
-254
-295
-124
105
361
699
1043
1196
1112
889
670
368
-52
-328
-375
-257
-100
133
515
854
993
963
844
593
186
-254
-653
-956
-1135
-1207
-1197
-1086
-927
-842
-846
-869
-950
-1164
-1398
-1512
-1562
-1609
-1543
-1310
-1041
-820
-617
-447
-380
-418
-544
-741
-930
-1061
-1174
-1265
-1242
-1122
-1036
-996
-922
-860
-905
-1011
-1097
-1176
-1275
-1349
-1333
-1228
-1084
-942
-793
-623
-485
-430
-415
-375
-327
-288
-218
-95
34
156
277
366
412
423
398
328
249
166
56
-61
-123
-129
-153
-151
-89
20
117
116
21
-185
-473
-875
-1387
-1781
-1933
-1880
-1679
-1199
-387
511
1309
2047
2742
3216
3359
3291
3150
2969
2744
2542
2470
2584
2766
2875
2927
2960
2841
2441
1881
1331
782
206
-246
-425
-376
-214
50
415
782
1016
1065
955
697
307
-107
-409
-571
-600
-438
-108
264
609
902
1040
962
740
406
-50
-506
-821
-1038
-1203
-1218
-1081
-949
-873
-796
-784
-928
-1147
-1350
-1564
-1747
-1774
-1659
-1492
-1245
-920
-649
-490
-378
-346
-482
-699
-879
-1060
-1258
-1352
-1310
-1222
-1111
-957
-825
-768
-764
-817
-943
-1076
-1167
-1235
-1272
-1212
-1066
-912
-758
-584
-425
-322
-265
-227
-200
-173
-127
-67
23
153
277
360
430
483
462
380
301
218
90
-37
-100
-121
-132
-107
-30
71
140
109
-46
-286
-603
-1048
-1544
-1868
-1934
-1835
-1571
-1014
-194
660
1427
2142
2772
3178
3290
3202
3065
2928
2757
2592
2570
2709
2821
2825
2823
2816
2608
2142
1602
1103
574
44
-327
-455
-382
-215
13
352
719
945
983
892
721
403
-63
-424
-532
-533
-484
-254
155
528
737
850
869
699
347
-75
-480
-814
-1051
-1198
-1244
-1173
-1052
-978
-933
-877
-900
-1080
-1306
-1459
-1573
-1661
-1623
-1426
-1172
-917
-665
-455
-340
-331
-434
-627
-830
-1000
-1156
-1257
-1241
-1144
-1043
-932
-793
-685
-664
-701
-761
-864
-1000
-1117
-1173
-1160
-1093
-968
-792
-599
-410
-276
-189
-99
-54
-68
-44
16
76
147
225
297
351
367
345
293
238
175
63
-59
-120
-136
-149
-120
-15
120
199
169
32
-188
-504
-961
-1471
-1798
-1863
-1784
-1557
-1012
-190
636
1361
2070
2708
3082
3158
3080
2957
2786
2553
2355
2321
2438
2539
2577
2636
2687
2516
2088
1605
1178
696
131
-260
-376
-334
-232
-32
286
613
852
853
713
566
272
-120
-418
-500
-474
-408
-170
200
501
676
752
710
549
273
-104
-487
-766
-940
-1090
-1153
-1062
-950
-934
-932
-913
-1011
-1232
-1409
-1500
-1594
-1640
-1532
-1323
-1087
-815
-551
-388
-303
-271
-363
-558
-725
-860
-1012
-1090
-1033
-942
-867
-736
-588
-538
-571
-612
-703
-864
-1003
-1078
-1128
-1134
-1048
-911
-754
-568
-390
-260
-168
-115
-95
-68
-21
4
18
82
174
238
290
348
374
343
277
189
73
-41
-114
-147
-140
-69
42
142
190
153
4
-259
-630
-1096
-1526
-1745
-1736
-1594
-1265
-643
139
859
1506
2141
2636
2840
2812
2710
2577
2393
2193
2070
2112
2273
2393
2443
2514
2530
2279
1794
1314
866
358
-101
-324
-337
-255
-90
182
508
779
909
869
693
418
62
-298
-529
-582
-508
-329
-29
340
659
850
906
833
639
317
-74
-433
-707
-907
-1028
-1035
-949
-847
-771
-745
-799
-927
-1099
-1291
-1459
-1538
-1517
-1426
-1255
-979
-673
-440
-288
-197
-213
-360
-559
-742
-905
-1029
-1060
-1002
-891
-747
-604
-508
-467
-476
-564
-723
-889
-1031
-1148
-1208
-1162
-1024
-849
-660
-465
-303
-205
-168
-163
-172
-184
-181
-149
-80
20
121
210
279
312
290
227
133
20
-100
-200
-251
-239
-173
-68
55
161
182
77
-133
-426
-813
-1231
-1526
-1608
-1517
-1270
-803
-137
589
1256
1845
2334
2642
2717
2611
2439
2269
2101
1963
1951
2084
2233
2308
2352
2368
2233
1892
1448
998
539
100
-220
-351
-313
-151
86
373
665
873
917
794
586
287
-57
-311
-433
-423
-334
-113
208
497
731
865
868
708
422
90
-256
-557
-771
-901
-951
-900
-781
-682
-633
-614
-670
-827
-1006
-1152
-1279
-1342
-1289
-1162
-1004
-794
-562
-387
-291
-262
-325
-470
-637
-798
-946
-1037
-1048
-998
-910
-783
-654
-570
-539
-561
-664
-834
-1005
-1136
-1225
-1252
-1204
-1083
-905
-698
-500
-342
-230
-175
-191
-248
-294
-302
-275
-206
-95
26
131
206
233
200
136
55
-44
-150
-233
-281
-284
-227
-129
-17
103
191
164
11
-204
-479
-833
-1152
-1275
-1193
-992
-641
-74
605
1229
1744
2178
2495
2616
2532
2358
2206
2094
1976
1893
1933
2067
2156
2165
2156
2105
1886
1504
1091
712
343
13
-177
-180
-56
120
338
595
812
873
748
512
245
-36
-300
-453
-432
-267
-42
228
556
856
992
956
838
648
324
-66
-375
-588
-768
-872
-853
-773
-692
-629
-611
-656
-743
-885
-1075
-1228
-1291
-1311
-1279
-1130
-890
-679
-520
-383
-308
-357
-496
-649
-801
-961
-1080
-1125
-1093
-995
-860
-736
-647
-599
-634
-765
-932
-1085
-1243
-1377
-1416
-1363
-1257
-1101
-888
-669
-488
-359
-289
-262
-261
-300
-348
-344
-272
-189
-107
7
127
181
170
135
71
-47
-183
-279
-321
-329
-300
-206
-43
108
147
80
-23
-188
-475
-781
-928
-903
-794
-551
-79
532
1115
1640
2145
2545
2727
2709
2585
2423
2239
2037
1889
1883
1977
2029
2038
2090
2103
1924
1611
1315
1004
606
232
19
-62
-57
48
249
501
730
809
714
593
480
225
-111
-257
-211
-185
-124
147
487
664
736
818
797
586
288
-20
-327
-588
-798
-975
-1024
-913
-820
-825
-780
-687
-755
-958
-1078
-1140
-1288
-1405
-1344
-1201
-1079
-906
-678
-514
-446
-439
-503
-624
-745
-882
-1047
-1136
-1109
-1070
-1034
-915
-767
-721
-747
-765
-828
-978
-1134
-1234
-1284
-1262
-1160
-1013
-829
-611
-431
-319
-236
-179
-197
-261
-298
-299
-297
-258
-160
-45
55
136
174
163
124
43
-87
-186
-205
-191
-165
-56
108
202
184
126
18
-201
-485
-712
-813
-809
-702
-441
10
577
1132
1636
2106
2469
2614
2573
2469
2333
2140
1949
1864
1902
1982
2046
2100
2146
2104
1895
1576
1257
923
534
191
14
-41
-38
65
293
548
737
838
844
719
453
105
-209
-407
-497
-497
-364
-84
237
510
735
885
876
695
415
88
-263
-585
-839
-992
-1028
-981
-907
-809
-699
-659
-745
-889
-1027
-1184
-1350
-1427
-1392
-1299
-1161
-963
-747
-566
-435
-384
-420
-529
-691
-889
-1070
-1175
-1203
-1173
-1089
-947
-796
-703
-683
-703
-769
-900
-1061
-1190
-1264
-1287
-1242
-1117
-927
-716
-516
-347
-213
-132
-123
-158
-190
-216
-242
-247
-194
-99
-9
74
164
234
237
186
127
82
32
-17
-17
45
115
140
115
66
-34
-220
-424
-538
-545
-475
-293
50
510
992
1465
1901
2249
2466
2537
2504
2415
2279
2140
2033
1971
1968
1981
1985
1989
1942
1794
1561
1272
953
619
308
76
-62
-88
-24
101
287
456
564
624
560
351
101
-107
-276
-414
-433
-286
-112
62
303
511
579
548
447
251
-33
-319
-565
-799
-958
-993
-994
-985
-896
-799
-809
-860
-879
-968
-1134
-1240
-1267
-1285
-1271
-1154
-977
-829
-698
-563
-492
-502
-550
-644
-782
-888
-951
-1016
-1045
-975
-870
-800
-727
-644
-625
-688
-763
-830
-915
-997
-1031
-1010
-931
-795
-637
-473
-304
-162
-82
-34
-8
-43
-107
-138
-144
-155
-134
-52
27
76
138
181
159
114
83
39
-1
-4
31
82
139
171
143
87
18
-110
-263
-331
-301
-235
-100
187
579
970
1353
1735
2049
2248
2332
2310
2223
2111
1975
1821
1736
1729
1718
1681
1676
1660
1548
1338
1103
883
615
338
129
26
20
34
118
262
417
538
552
534
459
277
9
-276
-440
-540
-604
-551
-361
-108
71
236
401
427
299
93
-122
-372
-626
-817
-948
-1006
-992
-950
-900
-812
-738
-762
-845
-906
-982
-1122
-1222
-1194
-1125
-1067
-947
-754
-594
-515
-476
-479
-548
-658
-776
-888
-953
-950
-917
-856
-733
-586
-499
-466
-447
-470
-565
-667
-737
-792
-821
-788
-707
-601
-461
-315
-205
-114
-34
-11
-46
-65
-64
-86
-105
-78
-32
20
74
122
165
185
169
130
85
60
45
36
80
166
228
260
266
238
164
40
-80
-152
-177
-127
13
253
587
953
1289
1599
1853
2007
2063
2032
1947
1847
1727
1603
1529
1503
1488
1478
1468
1426
1320
1162
959
725
486
242
39
-67
-92
-52
45
187
341
413
394
330
171
-62
-255
-394
-486
-505
-422
-242
-38
149
339
451
436
351
209
-25
-285
-489
-664
-818
-879
-845
-797
-735
-641
-578
-599
-655
-723
-856
-1013
-1102
-1138
-1150
-1095
-956
-801
-682
-572
-494
-499
-540
-586
-684
-792
-841
-854
-846
-792
-690
-594
-528
-464
-434
-465
-526
-600
-675
-731
-764
-755
-696
-604
-482
-357
-232
-119
-57
-38
-30
-40
-81
-124
-134
-119
-81
-12
68
144
209
235
206
148
95
46
-2
-3
51
115
182
256
295
289
249
168
68
-23
-77
-61
26
187
444
763
1074
1362
1612
1770
1828
1818
1736
1599
1458
1335
1241
1204
1214
1228
1250
1272
1252
1166
1031
848
633
408
198
40
-37
-40
16
137
269
334
332
255
92
-108
-288
-429
-498
-464
-330
-134
92
330
528
620
606
505
311
49
-223
-465
-674
-814
-854
-824
-770
-692
-612
-582
-613
-664
-751
-877
-988
-1043
-1064
-1039
-932
-778
-631
-501
-385
-336
-360
-417
-508
-630
-729
-783
-808
-787
-721
-629
-547
-483
-446
-456
-517
-594
-677
-759
-810
-821
-796
-732
-640
-535
-425
-317
-230
-174
-129
-101
-117
-140
-136
-122
-112
-84
-24
32
62
96
125
106
79
75
61
50
70
109
152
194
215
201
154
100
48
0
-1
67
184
345
570
830
1078
1294
1468
1590
1648
1656
1617
1527
1437
1363
1275
1212
1198
1181
1149
1127
1086
983
841
689
515
334
188
88
31
30
69
115
155
168
118
16
-82
-160
-247
-306
-267
-146
-10
153
353
500
547
550
497
341
134
-54
-253
-452
-578
-643
-691
-680
-616
-584
-592
-584
-591
-669
-755
-802
-841
-865
-829
-742
-651
-567
-460
-380
-371
-388
-421
-492
-555
-598
-644
-667
-645
-609
-586
-566
-543
-552
-609
-676
-741
-805
-846
-850
-826
-757
-657
-557
-455
-352
-268
-229
-223
-210
-198
-214
-214
-171
-129
-97
-49
11
57
86
96
80
53
22
-23
-63
-60
-31
5
68
147
219
255
237
195
139
43
-49
-81
-48
47
192
402
671
941
1175
1361
1493
1555
1533
1453
1357
1261
1164
1082
1054
1074
1095
1109
1128
1106
1018
888
732
547
374
240
142
99
122
146
161
209
218
122
4
-61
-123
-217
-247
-147
-22
84
257
459
558
580
587
509
340
161
-28
-246
-413
-496
-579
-648
-609
-527
-523
-534
-496
-514
-622
-698
-720
-779
-831
-791
-722
-671
-592
-489
-444
-436
-419
-452
-545
-604
-634
-696
-732
-684
-636
-611
-553
-495
-512
-563
-606
-668
-746
-799
-831
-842
-803
-723
-641
-543
-423
-330
-277
-228
-192
-202
-224
-220
-217
-211
-172
-118
-74
-17
44
63
55
54
28
-34
-74
-70
-56
-31
43
136
196
225
232
195
118
22
-66
-102
-52
57
208
430
719
995
1222
1418
1556
1592
1551
1479
1384
1267
1160
1089
1057
1070
1096
1100
1095
1081
1003
857
709
579
422
261
171
145
130
132
176
228
255
271
279
263
239
224
214
217
259
302
324
351
382
370
284
192
97
-44
-192
-317
-406
-494
-558
-575
-594
-599
-594
-591
-601
-622
-648
-693
-732
-739
-741
-746
-712
-646
-592
-555
-519
-495
-509
-541
-589
-653
-713
-750
-782
-818
-834
-828
-831
-831
-816
-800
-801
-793
-774
-754
-729
-691
-640
-582
-510
-425
-352
-277
-224
-199
-201
-211
-205
-220
-253
-267
-249
-217
-192
-152
-93
-45
-18
0
16
45
62
80
98
108
120
104
91
69
28
-5
-26
-3
58
168
339
544
778
1000
1200
1369
1480
1529
1522
1492
1447
1375
1306
1252
1225
1208
1179
1148
1117
1056
959
853
736
617
510
422
371
350
335
338
360
369
380
381
349
316
307
294
279
287
302
301
309
327
310
255
208
154
64
-40
-126
-215
-318
-394
-439
-489
-542
-570
-599
-655
-705
-732
-770
-809
-810
-789
-784
-754
-697
-652
-620
-584
-571
-591
-631
-676
-736
-809
-869
-911
-959
-980
-958
-949
-948
-912
-873
-840
-806
-769
-736
-713
-695
-668
-647
-626
-601
-578
-547
-491
-434
-388
-336
-278
-244
-230
-202
-180
-173
-158
-136
-110
-77
-41
16
78
130
184
223
244
258
244
191
119
51
-26
-100
-121
-72
26
168
374
607
830
1032
1214
1346
1420
1454
1454
1426
1404
1387
1364
1357
1369
1379
1353
1323
1294
1207
1083
960
831
676
529
435
361
310
306
323
342
369
401
399
376
363
345
309
297
323
333
331
357
379
358
316
260
161
29
-96
-225
-359
-460
-518
-570
-602
-600
-594
-602
-612
-611
-645
-699
-724
-751
-784
-798
-777
-738
-713
-667
-625
-615
-610
-619
-648
-697
-758
-818
-899
-957
-991
-1026
-1033
-1017
-983
-952
-909
-854
-830
-802
-770
-746
-725
-695
-644
-585
-516
-443
-383
-336
-286
-248
-230
-221
-206
-193
-201
-199
-190
-181
-174
-160
-130
-108
-68
-16
22
54
87
102
84
49
16
-22
-59
-60
-30
52
180
344
550
763
985
1190
1364
1497
1568
1600
1585
1540
1495
1444
1395
1360
1352
1352
1343
1319
1272
1190
1084
956
806
662
552
466
390
349
354
378
396
427
473
492
478
467
462
434
396
377
365
348
335
326
280
228
172
78
-36
-158
-267
-386
-493
-549
-604
-645
-657
-654
-663
-685
-691
-716
-762
-793
-811
-836
-848
-832
-812
-787
-747
-705
-684
-679
-686
-719
-776
-838
-903
-971
-1030
-1063
-1070
-1063
-1037
-992
-946
-898
-836
-782
-751
-728
-698
-674
-654
-622
-576
-525
-460
-389
-327
-274
-228
-203
-202
-211
-230
-257
-264
-259
-255
-244
-202
-139
-82
-23
52
109
145
179
182
157
119
65
10
-26
-36
10
109
255
455
684
914
1129
1310
1449
1536
1571
1569
1540
1505
1473
1452
1451
1462
1472
1471
1456
1419
1341
1227
1092
943
797
661
541
457
410
399
414
439
480
516
519
520
508
460
411
377
340
314
306
298
294
286
257
208
128
27
-90
-223
-349
-445
-521
-582
-610
-617
-616
-616
-620
-641
-684
-737
-793
-858
-913
-943
-954
-946
-913
-860
-806
-759
-722
-705
-724
-769
-841
-931
-1022
-1102
-1166
-1201
-1197
-1163
-1110
-1038
-959
-893
-846
-812
-797
-800
-797
-775
-741
-693
-618
-526
-430
-337
-256
-202
-176
-168
-178
-211
-249
-282
-308
-319
-294
-235
-167
-95
-6
88
163
223
268
291
292
272
231
178
140
126
127
161
250
382
534
706
896
1081
1245
1383
1488
1553
1584
1580
1547
1513
1481
1444
1411
1402
1401
1381
1351
1317
1259
1169
1063
945
817
690
582
509
467
449
457
482
514
538
547
540
515
475
423
368
312
264
225
189
158
131
89
30
-38
-124
-227
-335
-430
-527
-614
-673
-712
-738
-743
-740
-748
-757
-774
-808
-852
-888
-913
-929
-928
-912
-887
-852
-816
-799
-808
-827
-865
-928
-1005
-1071
-1129
-1173
-1184
-1164
-1127
-1077
-1006
-929
-858
-792
-738
-704
-682
-664
-651
-642
-621
-582
-531
-470
-399
-329
-274
-237
-208
-197
-209
-228
-245
-266
-273
-254
-220
-176
-114
-41
30
101
176
241
291
336
370
386
375
344
312
287
260
250
286
366
473
612
783
964
1135
1283
1403
1487
1531
1535
1512
1487
1462
1432
1406
1393
1391
1380
1353
1308
1251
1172
1066
940
812
698
593
508
465
463
480
514
563
606
620
613
588
527
443
360
285
205
136
87
45
-3
-42
-85
-146
-224
-302
-388
-482
-565
-629
-687
-729
-750
-758
-768
-778
-788
-810
-845
-875
-900
-923
-939
-937
-924
-904
-876
-850
-846
-856
-878
-919
-977
-1029
-1066
-1096
-1110
-1088
-1038
-974
-906
-841
-783
-742
-720
-719
-729
-735
-734
-722
-685
-632
-575
-496
-411
-336
-270
-222
-204
-207
-225
-245
-270
-295
-305
-299
-275
-223
-150
-63
31
120
202
271
324
363
395
418
418
407
382
349
324
311
305
326
392
491
609
753
913
1069
1208
1328
1414
1464
1477
1471
1453
1426
1395
1374
1368
1365
1356
1335
1300
1241
1158
1053
925
792
674
576
495
453
453
476
512
563
604
614
601
571
507
422
341
260
177
114
74
37
-3
-37
-74
-144
-226
-301
-404
-514
-589
-658
-714
-746
-768
-781
-789
-804
-824
-854
-882
-915
-953
-975
-968
-954
-934
-905
-878
-864
-874
-902
-944
-996
-1045
-1084
-1112
-1120
-1105
-1073
-1026
-967
-914
-867
-828
-799
-785
-778
-766
-746
-724
-685
-624
-553
-476
-394
-312
-244
-199
-170
-162
-169
-179
-191
-205
-205
-186
-145
-91
-29
37
96
154
210
257
303
345
380
411
444
468
463
441
418
392
366
356
380
443
540
662
813
982
1144
1283
1392
1471
1514
1512
1481
1436
1389
1340
1297
1265
1242
1226
1210
1177
1125
1047
943
819
698
597
510
443
412
419
440
476
524
565
571
549
510
442
350
259
173
87
11
-47
-99
-144
-176
-213
-266
-324
-381
-450
-529
-595
-652
-704
-745
-769
-790
-811
-819
-826
-843
-859
-866
-883
-901
-898
-888
-884
-874
-865
-871
-892
-920
-962
-1013
-1061
-1100
-1127
-1134
-1128
-1101
-1055
-995
-939
-892
-843
-805
-784
-768
-750
-727
-698
-656
-598
-528
-447
-362
-286
-221
-166
-126
-115
-118
-132
-148
-162
-155
-124
-77
-19
55
139
218
287
348
399
432
451
466
481
494
500
490
477
477
478
469
477
525
601
686
783
899
1021
1131
1226
1307
1367
1395
1397
1390
1378
1359
1334
1311
1294
1281
1266
1237
1192
1133
1059
957
830
707
605
519
450
414
413
423
436
457
472
452
410
355
288
211
138
68
-2
-61
-103
-146
-194
-232
-280
-349
-419
-476
-549
-634
-696
-743
-791
-825
-836
-846
-859
-859
-862
-881
-902
-915
-927
-933
-928
-918
-909
-895
-887
-893
-914
-940
-976
-1019
-1053
-1077
-1094
-1095
-1074
-1031
-981
-921
-862
-812
-772
-743
-723
-708
-689
-668
-638
-589
-524
-452
-375
-292
-211
-139
-81
-40
-24
-21
-24
-33
-41
-34
-17
10
49
99
151
201
258
317
374
430
485
527
563
595
604
580
542
506
466
429
418
446
512
604
720
860
1001
1115
1200
1262
1299
1299
1278
1251
1222
1197
1184
1181
1190
1200
1203
1188
1159
1104
1010
888
763
650
542
452
401
392
403
422
453
488
505
496
470
418
337
244
155
73
5
-42
-77
-99
-114
-136
-182
-242
-307
-395
-509
-615
-702
-776
-831
-856
-862
-859
-847
-840
-847
-856
-870
-899
-934
-964
-989
-1009
-1017
-1017
-1020
-1024
-1028
-1034
-1046
-1064
-1081
-1086
-1078
-1057
-1025
-982
-931
-872
-815
-765
-719
-679
-651
-632
-612
-591
-567
-533
-484
-426
-364
-307
-245
-180
-121
-74
-40
-13
5
14
22
33
52
81
123
173
230
295
361
424
483
539
587
625
655
674
674
657
632
602
573
553
550
572
614
663
725
805
891
960
1015
1060
1090
1098
1098
1090
1077
1065
1066
1077
1087
1086
1075
1047
989
915
827
721
612
524
455
399
370
378
400
418
434
437
421
387
337
271
199
132
67
10
-31
-59
-79
-103
-132
-170
-218
-283
-359
-439
-519
-593
-646
-684
-712
-726
-730
-738
-752
-770
-796
-828
-857
-884
-908
-926
-941
-950
-955
-954
-956
-963
-972
-980
-984
-981
-970
-947
-909
-859
-803
-745
-688
-641
-602
-574
-553
-541
-534
-522
-508
-491
-466
-429
-387
-340
-283
-231
-188
-145
-101
-69
-51
-32
-11
3
20
48
83
121
164
213
265
317
368
417
457
484
497
505
499
480
448
417
393
374
365
380
418
469
536
624
726
822
902
968
1018
1044
1050
1039
1022
1004
989
976
970
964
958
939
903
852
789
716
639
569
508
462
439
429
429
439
442
435
425
398
351
297
234
174
128
87
52
29
13
-3
-25
-58
-104
-157
-219
-294
-374
-451
-516
-568
-610
-646
-670
-684
-696
-710
-727
-740
-755
-772
-791
-809
-826
-839
-849
-851
-852
-859
-870
-879
-882
-883
-888
-879
-853
-821
-781
-734
-686
-632
-583
-543
-509
-487
-477
-471
-468
-462
-447
-428
-400
-367
-331
-292
-254
-216
-179
-144
-112
-82
-58
-27
7
37
70
102
129
153
176
198
229
262
300
342
381
418
445
456
459
449
428
408
389
385
398
432
486
556
638
720
795
854
889
905
906
896
881
879
875
873
880
891
902
906
886
848
795
727
651
568
495
440
402
389
392
400
420
430
427
419
387
340
288
227
167
110
61
30
6
-19
-42
-74
-111
-158
-217
-274
-335
-397
-451
-491
-516
-534
-551
-561
-564
-572
-589
-615
-642
-661
-680
-698
-710
-722
-734
-745
-759
-772
-781
-792
-798
-800
-800
-794
-780
-759
-729
-697
-665
-631
-597
-565
-538
-508
-481
-460
-442
-430
-419
-405
-393
-378
-360
-343
-323
-303
-283
-262
-238
-210
-176
-140
-104
-71
-37
-1
31
62
94
127
168
208
251
300
351
403
454
491
520
536
538
532
523
513
505
505
518
551
594
644
693
741
777
793
796
791
785
771
758
756
768
787
810
832
846
846
832
808
774
722
656
597
550
511
477
452
447
446
437
414
381
339
286
220
153
91
38
-8
-44
-72
-92
-111
-133
-160
-193
-236
-289
-349
-407
-460
-507
-545
-572
-591
-601
-612
-629
-652
-680
-718
-758
-797
-826
-838
-840
-832
-817
-791
-759
-732
-716
-714
-718
-725
-727
-725
-715
-696
-667
-625
-576
-528
-486
-453
-428
-416
-414
-417
-419
-414
-401
-379
-346
-313
-278
-240
-204
-172
-148
-129
-113
-97
-74
-46
-13
34
83
139
204
256
298
340
366
383
404
416
427
443
453
469
492
504
520
539
550
556
565
573
579
586
601
624
645
666
690
707
712
717
716
711
703
694
692
695
703
715
720
717
707
686
659
626
581
532
483
437
395
363
333
304
276
247
214
180
145
109
70
36
1
-35
-65
-97
-131
-164
-203
-250
-296
-346
-400
-442
-477
-512
-535
-554
-576
-593
-608
-628
-652
-678
-707
-735
-753
-760
-761
-755
-741
-729
-712
-688
-675
-658
-638
-637
-632
-623
-624
-618
-602
-583
-561
-533
-499
-469
-441
-409
-387
-372
-356
-346
-340
-329
-315
-299
-280
-253
-215
-176
-132
-82
-40
-6
24
50
67
81
96
115
137
164
201
250
301
353
397
439
472
485
488
485
483
480
472
476
479
490
510
527
545
559
576
586
586
586
581
572
563
559
562
561
557
555
558
553
552
543
537
526
511
498
476
463
451
445
443
433
423
399
372
341
301
259
212
163
114
72
33
-3
-26
-47
-65
-85
-106
-129
-158
-185
-221
-262
-296
-327
-356
-388
-417
-440
-460
-478
-497
-517
-537
-551
-563
-564
-554
-549
-546
-539
-531
-534
-535
-534
-536
-546
-543
-541
-545
-543
-537
-527
-519
-502
-477
-451
-422
-400
-385
-379
-376
-376
-382
-384
-380
-370
-349
-315
-267
-214
-162
-116
-77
-48
-24
-10
4
13
24
40
62
91
124
158
192
220
244
262
279
292
306
322
338
355
372
391
408
423
432
435
432
426
417
407
394
384
374
372
379
395
413
428
439
445
446
440
424
403
378
358
346
340
339
345
357
373
390
400
403
398
383
360
329
292
253
217
187
161
138
117
98
81
60
36
9
-17
-42
-63
-78
-91
-101
-110
-117
-123
-131
-140
-154
-176
-201
-232
-264
-295
-324
-348
-363
-375
-380
-385
-389
-396
-403
-412
-422
-430
-440
-451
-460
-466
-469
-467
-462
-450
-438
-426
-417
-407
-397
-388
-377
-367
-355
-345
-339
-332
-322
-306
-292
-279
-265
-248
-229
-211
-190
-167
-143
-122
-104
-89
-71
-56
-40
-20
0
22
42
64
90
120
147
171
191
213
231
242
247
248
255
259
267
278
295
311
324
336
344
348
343
335
328
324
322
321
322
327
337
347
356
366
378
388
391
387
377
369
358
342
326
310
298
287
279
273
270
271
272
271
264
252
239
226
213
196
170
143
119
100
83
63
42
19
-1
-22
-45
-68
-84
-95
-102
-112
-124
-134
-142
-153
-166
-182
-197
-216
-234
-248
-259
-268
-279
-292
-302
-315
-333
-352
-370
-382
-392
-402
-411
-417
-422
-426
-429
-429
-425
-422
-422
-421
-418
-409
-397
-381
-364
-343
-321
-299
-272
-244
-219
-202
-185
-175
-167
-167
-173
-177
-179
-174
-164
-143
-112
-77
-45
-16
13
44
69
85
94
102
109
112
112
117
130
145
162
179
201
224
243
256
265
276
286
294
301
307
313
316
313
308
303
301
296
287
283
284
291
304
318
334
348
362
373
382
385
381
368
360
348
337
320
305
296
288
275
260
241
223
197
169
144
125
112
103
97
95
96
94
91
84
71
54
28
-1
-30
-57
-83
-106
-124
-134
-139
-143
-146
-150
-153
-164
-180
-202
-224
-247
-267
-283
-294
-302
-307
-311
-316
-325
-340
-352
-362
-372
-380
-382
-375
-362
-350
-336
-325
-319
-317
-319
-321
-326
-334
-335
-327
-311
-293
-277
-262
-246
-234
-229
-232
-236
-238
-241
-241
-232
-213
-184
-153
-114
-78
-49
-25
-7
6
10
10
17
30
42
52
66
88
110
131
156
180
198
205
209
216
220
222
222
225
233
240
250
259
271
285
304
324
340
354
364
374
379
379
375
363
346
329
319
311
304
300
299
296
288
274
259
248
239
234
228
228
227
223
223
220
209
195
176
154
129
97
66
49
40
35
31
29
28
21
10
-6
-29
-59
-91
-122
-144
-161
-173
-174
-169
-162
-158
-152
-154
-168
-183
-205
-233
-258
-274
-287
-290
-282
-273
-264
-257
-254
-261
-266
-279
-298
-314
-326
-339
-344
-335
-320
-304
-277
-253
-236
-229
-225
-231
-242
-255
-265
-273
-273
-266
-250
-226
-198
-170
-146
-127
-117
-111
-106
-95
-82
-69
-50
-23
6
41
77
108
127
139
145
138
129
120
113
108
113
126
143
162
183
201
219
234
244
248
247
241
238
238
236
233
231
228
222
220
219
216
212
213
212
210
214
221
227
230
236
238
230
218
203
186
168
157
150
143
139
134
128
119
109
94
76
57
36
22
12
8
8
13
21
27
29
24
14
1
-14
-32
-51
-70
-89
-100
-108
-114
-119
-119
-119
-116
-116
-119
-129
-143
-159
-170
-181
-185
-184
-178
-171
-159
-152
-144
-137
-133
-134
-139
-150
-159
-166
-170
-171
-169
-163
-158
-150
-145
-145
-152
-161
-174
-186
-199
-207
-210
-204
-187
-164
-134
-103
-75
-53
-37
-29
-28
-34
-44
-55
-61
-63
-55
-41
-25
-5
13
30
44
55
63
69
71
74
76
81
86
95
103
114
123
132
139
146
153
159
166
170
176
186
197
208
219
221
221
220
216
209
198
182
168
156
140
128
117
109
99
88
79
71
62
56
56
60
58
51
51
57
58
51
44
33
17
-3
-26
-49
-66
-75
-78
-74
-67
-59
-48
-39
-35
-44
-53
-63
-75
-87
-96
-101
-101
-101
-90
-75
-60
-46
-34
-30
-35
-40
-49
-66
-88
-100
-109
-119
-120
-112
-99
-86
-69
-53
-42
-35
-35
-39
-42
-49
-53
-49
-38
-30
-26
-21
-19
-21
-24
-32
-44
-52
-54
-55
-57
-52
-37
-23
-6
8
11
10
8
5
0
-5
-13
-20
-22
-23
-25
-28
-24
-23
-21
-16
-14
-13
-9
-3
4
10
21
34
48
57
63
64
61
55
48
43
40
40
43
51
59
68
73
75
72
66
58
51
45
41
42
49
61
75
93
109
122
130
131
123
108
85
58
31
9
-6
-17
-20
-20
-18
-14
-11
-8
-8
-8
-11
-14
-12
-8
-4
1
6
11
16
19
18
12
2
-11
-22
-31
-39
-46
-51
-52
-51
-46
-42
-39
-41
-42
-47
-53
-59
-66
-77
-87
-95
-99
-98
-93
-88
-82
-79
-78
-79
-82
-87
-90
-94
-94
-91
-85
-78
-70
-63
-56
-47
-42
-38
-35
-37
-41
-46
-48
-48
-40
-32
-18
-5
11
27
41
53
60
68
72
75
77
77
76
76
77
77
77
79
81
85
86
85
85
83
78
73
71
69
65
59
59
66
78
88
95
102
112
119
119
114
108
97
83
67
55
50
46
44
44
48
47
41
34
30
27
21
12
2
-2
-4
-2
3
9
17
21
20
18
15
11
5
-5
-16
-26
-36
-46
-56
-68
-79
-89
-98
-103
-107
-110
-113
-109
-109
-106
-105
-103
-104
-107
-109
-107
-102
-101
-102
-100
-95
-90
-88
-86
-83
-85
-95
-106
-115
-122
-132
-141
-141
-131
-116
-101
-90
-78
-67
-55
-45
-36
-31
-31
-31
-29
-23
-15
-5
8
24
35
44
53
60
66
70
72
77
78
77
74
74
79
87
99
110
121
123
125
123
119
111
98
88
82
82
87
94
104
118
131
143
149
150
141
125
102
80
65
58
56
56
64
75
87
95
96
90
77
60
38
15
-5
-16
-19
-18
-15
-10
1
9
9
1
-3
-13
-30
-48
-59
-61
-61
-60
-51
-34
-20
-17
-17
-19
-28
-41
-51
-58
-63
-69
-69
-61
-53
-53
-51
-48
-47
-53
-60
-64
-68
-71
-71
-68
-66
-64
-65
-65
-63
-64
-64
-65
-69
-73
-75
-73
-71
-71
-71
-68
-67
-69
-75
-81
-86
-91
-92
-88
-83
-75
-67
-53
-36
-19
-5
2
4
2
-2
-5
-4
0
7
18
29
43
55
64
66
63
55
45
39
33
27
25
30
41
56
71
80
84
83
79
72
60
48
39
36
41
47
56
63
70
77
80
80
71
54
37
21
14
14
23
35
48
62
72
79
81
80
72
58
42
27
16
11
12
19
27
35
40
41
38
32
23
12
0
-12
-24
-32
-35
-31
-23
-14
-7
-2
-1
-3
-9
-14
-23
-31
-38
-42
-44
-47
-53
-54
-53
-50
-48
-51
-59
-69
-77
-81
-84
-86
-88
-88
-85
-78
-69
-59
-51
-43
-38
-35
-35
-35
-41
-44
-47
-48
-45
-41
-36
-31
-24
-17
-11
-6
-6
-14
-24
-27
-27
-24
-17
-9
-1
8
22
34
41
44
44
42
37
32
24
19
17
19
22
28
35
39
42
47
49
50
51
53
50
43
37
34
31
28
31
32
32
35
42
45
45
48
48
46
46
44
37
30
21
15
17
22
23
27
31
25
21
22
14
0
-9
-18
-32
-43
-48
-49
-47
-36
-25
-19
-15
-12
-11
-9
-8
-11
-18
-21
-25
-27
-25
-21
-19
-14
-8
-5
-10
-16
-24
-35
-43
-44
-41
-44
-43
-36
-31
-27
-18
-7
-4
-2
0
1
-1
-4
-6
-9
-13
-11
-12
-15
-17
-14
-8
-5
-10
-20
-25
-23
-19
-20
-24
-24
-19
-8
3
15
21
24
25
25
27
27
24
21
19
18
18
20
23
25
28
28
27
23
19
20
25
26
23
19
17
16
16
15
16
14
7
6
8
10
12
12
13
14
12
10
8
10
12
9
9
12
18
18
14
5
-1
-3
-4
-5
-3
0
1
0
0
0
2
2
1
-4
-7
-8
-11
-13
-17
-16
-17
-19
-21
-19
-17
-19
-23
-25
-25
-28
-33
-33
-28
-24
-24
-24
-22
-18
-17
-17
-16
-15
-16
-18
-18
-19
-18
-18
-15
-12
-6
-2
1
0
-3
0
2
1
-4
-4
-1
3
5
6
10
15
17
15
14
12
10
8
5
2
2
3
5
7
6
10
14
13
11
12
14
14
11
7
6
7
10
12
16
14
6
-3
-9
-10
-8
-10
-11
-10
-6
-3
-1
0
3
3
5
8
10
7
3
0
3
4
3
5
9
13
13
14
14
12
6
2
0
-2
-5
-4
2
9
12
13
19
26
31
30
27
24
23
20
16
12
7
6
7
7
6
5
3
3
2
2
2
4
5
5
3
2
3
4
7
8
6
0
-4
-7
-10
-14
-17
-17
-17
-20
-25
-26
-23
-24
-30
-33
-34
-31
-29
-25
-20
-18
-17
-16
-19
-19
-19
-19
-27
-31
-26
-22
-24
-24
-23
-22
-21
-20
-18
-19
-20
-22
-22
-23
-25
-27
-24
-21
-15
-12
-13
-15
-14
-10
-7
-3
-1
-3
-3
1
0
-2
4
8
8
10
15
17
18
21
24
25
24
23
25
26
23
22
26
30
33
30
26
21
22
26
25
22
24
28
27
28
30
30
31
28
27
28
28
22
14
12
18
20
16
14
16
13
10
9
13
13
14
14
10
8
9
12
13
6
2
7
0
-1
7
2
1
3
-4
-4
-4
-11
-9
-11
-17
-17
-18
-20
-16
-14
-16
-17
-21
-22
-21
-19
-20
-21
-22
-22
-23
-23
-22
-27
-26
-24
-24
-21
-20
-23
-27
-24
-27
-28
-23
-26
-26
-22
-23
-23
-23
-24
-27
-24
-22
-21
-20
-18
-20
-16
-9
-7
-3
-1
-5
-6
-3
-2
3
4
5
5
7
12
13
16
17
13
14
17
16
19
20
18
20
20
20
22
21
18
22
22
23
26
26
23
23
21
18
18
17
14
16
16
14
13
10
9
10
11
10
9
6
3
1
-2
-2
-3
-5
-6
-7
-9
-13
-13
-15
-17
-19
-18
-18
-18
-18
-17
-14
-15
-17
-19
-21
-21
-22
-22
-21
-18
-16
-17
-16
-14
-11
-6
-4
-4
-4
0
5
7
3
0
-1
2
4
8
10
12
12
11
12
13
12
14
15
17
16
17
20
23
25
25
23
25
26
25
17
13
12
14
15
14
12
14
12
10
8
7
7
8
4
0
-2
0
-2
-3
-4
-2
-3
-7
-10
-7
-2
0
-4
-8
-9
-4
-1
0
-1
-2
-5
-7
-9
-10
-11
-10
-11
-8
-7
-9
-8
-8
-6
-3
-1
-1
-2
-3
-4
-3
-3
-5
-8
-11
-12
-14
-14
-13
-13
-13
-11
-13
-14
-15
-16
-16
-13
-15
-13
-13
-17
-16
-15
-17
-14
-14
-15
-13
-15
-18
-15
-18
-15
-12
-12
-7
-6
-9
-9
-11
-12
-6
-5
-1
2
-5
-5
-4
-5
4
11
8
7
5
-1
2
4
2
4
7
8
9
10
10
9
13
13
13
10
9
10
11
12
14
12
15
19
20
21
22
21
22
24
23
23
22
18
19
16
16
18
18
18
22
20
23
25
21
20
20
16
16
13
7
10
9
10
12
10
8
6
3
3
1
2
1
1
3
2
2
2
0
0
-1
1
-1
-4
-3
-6
-7
-7
-13
-18
-11
-14
-17
-9
-10
-15
-11
-12
-11
-13
-12
-11
-18
-20
-19
-22
-22
-19
-19
-20
-22
-19
-17
-15
-13
-17
-18
-17
-18
-19
-16
-16
-20
-21
-15
-13
-15
-13
-12
-15
-13
-9
-12
-12
-6
-3
-6
-4
-3
0
0
-4
-4
-2
-2
1
1
-4
-1
3
-2
0
8
3
-3
-2
-4
-8
-3
0
-2
-2
1
-2
-1
6
6
5
8
3
3
5
1
-3
2
6
6
3
-1
-4
1
3
-1
2
2
2
6
3
2
9
11
11
13
7
6
13
11
10
10
11
14
14
13
13
15
15
15
15
14
13
12
13
17
21
22
20
17
15
18
18
16
14
14
16
18
22
23
20
16
14
15
19
18
13
13
13
12
11
11
16
18
14
8
3
4
2
1
2
4
4
1
-5
-6
-5
-3
-5
-9
-12
-15
-16
-18
-18
-16
-16
-14
-14
-15
-17
-17
-18
-16
-17
-19
-23
-25
-24
-24
-21
-19
-19
-22
-26
-27
-25
-25
-28
-28
-25
-22
-23
-25
-26
-22
-18
-17
-17
-16
-16
-17
-19
-22
-20
-19
-18
-15
-13
-12
-12
-13
-10
-9
-9
-7
-3
-1
0
-1
-1
2
4
6
6
6
7
9
9
7
7
8
10
10
10
10
14
17
18
15
11
13
13
13
14
16
17
17
16
19
21
18
15
16
20
20
16
12
14
19
23
20
17
16
18
18
19
20
19
17
16
15
16
16
15
12
11
11
13
14
14
13
10
9
10
8
7
5
5
7
8
8
7
5
2
0
0
0
-1
-5
-5
-6
-6
-7
-8
-9
-10
-11
-12
-14
-16
-18
-19
-20
-22
-23
-24
-22
-20
-17
-16
-17
-22
-29
-34
-32
-29
-29
-30
-26
-20
-18
-19
-21
-19
-16
-15
-16
-17
-18
-18
-18
-18
-17
-15
-13
-11
-9
-10
-8
-4
-1
-1
-3
-3
0
6
7
6
5
3
3
4
9
14
15
13
14
17
17
15
14
16
18
19
16
15
15
17
16
15
17
19
21
20
19
19
16
14
15
19
21
21
16
15
18
20
19
14
10
7
4
1
2
5
8
6
1
0
2
2
-3
-10
-7
-4
-4
-8
-9
-6
-6
-11
-15
-14
-12
-12
-13
-12
-10
-7
-8
-8
-6
-6
-6
-10
-10
-9
-7
-6
-8
-9
-9
-10
-13
-13
-9
-5
-5
-10
-11
-6
-3
-3
-2
1
4
3
0
2
0
0
0
-1
3
7
4
5
5
0
3
4
2
5
5
5
8
8
5
4
2
2
3
3
3
1
-2
-1
-1
3
6
2
2
3
0
4
4
-1
1
-1
-2
3
0
-1
3
1
1
3
1
2
4
6
4
2
0
-2
-4
0
0
-1
2
0
-3
-2
-4
-3
1
1
1
2
-1
-2
0
-5
-7
-8
-8
-4
-1
-1
-1
-3
-4
-4
-5
-6
-7
-9
-8
-9
-9
-7
-5
-6
-4
-8
-7
-4
-4
-3
-1
-4
-4
-5
-7
-9
-11
-9
-8
-5
-2
-4
-4
-1
-1
3
6
4
5
4
6
9
9
6
7
5
4
5
6
11
16
16
15
14
16
17
19
16
12
8
8
11
11
7
1
0
1
3
3
2
4
7
6
3
2
4
6
4
1
0
-2
-3
0
2
2
0
-2
-4
-5
-6
-6
-6
-7
-8
-8
-8
-10
-13
-10
-7
-4
-5
-8
-10
-10
-8
-6
-4
-5
-9
-9
-7
-5
-5
-4
-6
-7
-9
-9
-5
-3
-3
-4
-3
-1
-1
-3
0
3
3
2
2
4
4
2
-1
0
4
4
2
5
9
7
-1
-5
-2
2
-1
-5
-4
0
2
0
0
0
2
3
1
-1
-3
-6
-7
-3
3
2
-4
-2
1
-1
2
5
4
-1
0
-2
-3
0
5
5
2
-1
-7
-8
-3
-1
-1
1
1
-2
-2
-1
-1
1
-5
-4
-1
2
-1
0
1
2
-1
-2
-1
-2
-1
0
1
5
7
5
3
3
6
6
4
5
3
5
9
8
8
6
5
4
6
7
2
1
4
3
0
-1
-1
-1
-1
0
-3
-4
-1
3
3
5
8
6
1
-2
3
7
4
2
2
1
1
1
0
-4
-3
1
-4
-7
-2
0
-5
-7
-6
-7
-7
-4
0
-3
-7
-7
-4
-4
-4
1
5
2
-1
-2
-5
-5
-1
-5
-11
-5
-2
-2
-2
-1
0
3
0
-4
0
-5
1
2
-5
-4
-8
-4
-6
-6
-3
-6
-4
-5
-5
-2
-4
-2
-4
-4
0
-4
-2
2
-1
-2
2
0
-2
1
-2
-5
-2
-3
-4
-4
-3
0
4
6
6
1
3
6
3
5
12
9
3
4
3
4
7
8
5
6
5
10
10
4
1
7
4
-5
4
6
5
4
2
11
8
5
7
-3
0
1
-2
1
-2
-1
-2
-2
2
1
-1
0
0
0
-4
-7
-6
-3
-1
-3
-5
-6
-8
-7
-4
-1
-2
-2
0
2
3
2
2
1
1
-4
-6
-7
-3
-4
-6
-6
-3
0
1
0
0
0
1
6
7
3
-3
-3
0
2
1
-3
-1
2
2
2
0
0
0
3
5
5
3
0
-2
-2
-2
2
1
2
2
3
2
-2
-3
-2
-1
-4
-6
-3
0
1
-2
-4
0
1
0
-2
-2
-3
-6
-4
1
4
5
5
5
2
-1
1
2
0
-2
-3
-1
0
1
4
7
7
4
3
7
5
1
-1
3
8
10
7
4
3
4
4
2
1
1
0
-3
-7
-6
-3
-2
-6
-9
-10
-7
-5
-4
-3
0
0
0
0
3
-1
-2
-3
-1
0
-2
-3
-2
-2
-2
-2
-1
-3
-3
-5
-4
-1
0
-1
-5
-9
-10
-9
-7
-6
-5
-2
-3
-3
-3
-1
1
0
0
3
4
2
-4
-4
-2
-1
-3
-4
-1
3
3
-1
-3
-4
-3
-1
2
5
4
3
5
9
12
11
9
6
4
2
0
1
2
6
7
5
5
8
10
9
5
2
0
0
0
0
4
6
8
5
5
5
3
1
1
0
0
2
5
5
5
3
1
-2
-3
-2
2
1
-3
-6
-7
-6
-4
-3
-4
-6
-8
-8
-6
-5
-7
-9
-7
-7
-5
-7
-7
-6
-3
-4
-4
-6
-4
-5
-7
-4
-2
-2
-2
-2
-3
-4
-7
-2
2
3
-3
-7
-9
-8
-7
-5
-2
0
2
1
3
1
-2
-2
2
5
3
2
3
3
5
5
5
-1
-4
-4
-2
-1
-1
-2
0
2
5
4
1
0
1
1
-1
0
2
1
0
2
2
3
1
1
2
4
4
4
4
4
3
2
4
4
3
5
7
5
3
0
-1
2
1
-1
-3
0
3
3
3
5
10
8
5
5
7
8
2
-1
0
-1
-3
-3
-2
-1
-3
-5
-4
-3
-4
-6
-9
-10
-11
-7
-6
-3
-2
-5
-6
-6
-5
-5
-4
-4
-5
-5
-3
1
3
2
-1
-1
2
0
-4
-7
-4
-2
2
0
-2
-3
-4
-3
0
1
0
-3
-3
-1
3
5
7
8
7
3
2
0
2
3
1
0
2
4
2
1
1
3
6
7
6
6
6
4
1
1
4
7
5
0
-3
-2
-1
0
0
2
2
2
0
-2
-4
-2
0
1
2
3
2
0
1
4
4
0
-2
-3
-3
-2
-3
-5
-4
-3
-4
-6
-3
4
10
9
7
5
4
0
-6
-11
-10
-7
-5
-2
0
0
-3
-4
-4
-4
-6
-6
-3
-2
-4
-5
-7
-6
1
-1
-5
2
3
2
4
0
-1
5
-1
-2
0
0
4
5
4
3
2
2
1
0
-1
2
4
4
0
0
2
2
-1
0
5
3
-1
2
0
-4
3
-2
-4
-1
1
4
2
0
-4
2
2
4
6
0
4
-1
0
0
-4
-2
-6
-3
-1
-1
0
-1
0
0
0
0
-1
-5
-8
-1
-2
1
5
1
3
0
5
7
2
4
0
3
4
0
1
0
2
3
6
6
5
1
1
4
5
5
1
-1
0
-2
-4
-7
-9
-4
2
-4
-4
1
-4
-6
-3
-3
-3
-6
-6
-4
-3
0
4
5
3
2
-2
0
3
4
2
-3
-4
-4
-3
-1
0
-1
-3
-5
-5
-3
-3
-2
-3
-4
-4
-1
0
0
-3
-6
-6
-3
2
1
-1
-2
-1
1
1
0
1
1
1
2
4
4
4
5
6
6
5
4
3
-2
-5
-3
1
-1
-4
-6
0
-1
-5
-6
-1
1
0
-2
-3
0
1
1
-2
-3
-3
-1
1
2
-2
-4
-2
1
4
5
3
5
7
3
1
0
0
0
-2
-1
2
5
5
5
4
0
-3
-7
-3
-2
0
-2
-3
0
2
2
2
2
2
1
0
0
1
2
1
0
0
0
1
4
6
5
3
2
4
2
1
-3
-4
-3
-1
0
0
-1
-3
-2
0
0
-2
-2
-1
-1
-1
1
2
-1
-4
-2
3
3
-1
-5
-4
-2
-1
-3
-4
-4
-5
-4
-5
-2
-4
-5
-6
-6
-4
-5
-7
-5
-3
-1
-3
-6
-5
-1
1
-1
-8
-8
-5
1
3
2
0
-1
-1
1
1
1
-1
0
3
2
-1
0
4
6
4
2
1
0
0
1
3
1
-1
0
4
9
11
11
11
11
9
7
3
1
2
3
5
4
4
2
-1
-4
-5
-1
2
0
-4
-4
0
3
3
-1
-2
-3
-1
-3
-5
-3
-1
1
1
2
3
1
-2
-1
4
6
2
-4
-4
0
4
5
2
0
-2
-1
-1
0
-1
-1
-4
-6
-6
-5
-4
-4
-5
-4
-4
-3
-4
-2
-4
-6
-7
-6
-4
-1
2
4
4
3
0
-1
0
0
-1
-1
1
-1
-2
-4
-1
0
-1
-2
-3
-3
-3
-7
-9
-6
-3
-3
-5
-6
-5
-3
-2
-3
-3
-2
-3
-5
-6
-7
-4
-2
3
6
5
4
4
6
7
5
4
4
5
3
-1
-2
2
5
4
2
1
4
5
1
0
0
4
6
3
0
4
8
10
8
7
6
5
4
3
-1
-2
-1
-3
1
2
-1
1
3
6
10
7
1
-2
-2
2
1
-1
-2
-3
0
2
-2
1
0
-3
2
2
-1
0
-5
-5
0
1
0
0
-3
0
-2
-7
-5
-4
-4
-2
-2
-4
-4
-9
-9
-6
-7
-4
-2
-6
-5
-9
-9
-6
-9
-9
-5
-3
1
-2
-5
-3
-1
-1
0
-1
-1
-1
0
0
-1
1
0
1
6
2
-1
1
1
5
4
-1
3
4
3
1
-2
1
4
3
5
4
-1
1
-1
4
6
2
5
5
1
-1
-5
0
6
4
5
5
5
6
5
5
4
3
0
-2
0
0
0
3
1
-2
2
1
1
4
1
0
5
3
0
-3
-10
-5
-2
-4
0
4
-1
-3
2
0
-3
-4
-4
-2
-3
-1
1
-4
0
-1
-1
1
-4
2
-2
-1
1
-2
1
-1
3
6
6
1
4
0
-3
2
1
4
0
0
-2
-2
-4
-13
-5
-2
-3
2
-5
-1
1
-5
-6
-5
-5
-6
-7
-6
-3
2
3
1
2
1
6
4
4
6
1
0
1
13
7
0
7
1
-2
-2
-4
1
3
5
6
2
-2
2
2
-8
-7
-7
-4
-2
-7
-5
-9
-4
-2
-3
2
-3
-2
0
-2
0
-4
-2
-1
-1
-3
-4
-2
3
3
1
-3
-3
0
0
-4
-5
-3
-1
0
-2
-1
0
-1
-4
-3
1
3
-1
-6
-6
-2
0
-1
0
0
1
-1
-2
-3
1
1
1
0
0
1
0
2
4
5
4
4
7
7
4
-1
-3
0
3
4
2
2
2
4
4
3
3
2
1
0
1
0
1
2
3
3
5
6
6
2
0
3
5
7
3
0
1
3
3
6
7
3
-2
-2
-1
-5
-10
-9
-6
-3
-8
-6
-3
1
1
-1
-1
3
1
-2
-6
-8
-9
-5
-1
-2
-5
-4
-3
-5
-4
2
0
-4
-4
-2
-6
-7
-3
1
-2
-3
-3
-2
-4
-7
-3
-1
0
-3
-3
-7
-6
-5
-5
-5
-1
1
-2
-3
-2
-1
-2
-4
-2
0
2
2
2
4
7
7
6
4
5
4
3
4
4
3
4
4
4
2
0
1
3
2
1
1
4
4
1
0
2
7
5
1
-1
2
5
1
-1
2
5
3
1
-1
-1
1
4
1
-4
1
2
-5
-7
-2
2
1
0
2
0
-2
-6
-8
-7
-4
-6
-7
-5
-7
-7
-5
-3
-3
1
2
0
-1
1
0
-2
-2
-1
2
3
1
-1
-2
-1
-6
-4
0
-1
-4
-4
-1
7
7
2
1
3
2
0
-1
2
1
-2
-2
1
3
1
0
3
7
9
8
6
2
0
-2
1
5
6
5
2
4
7
6
2
0
0
-1
-1
-3
-3
-2
2
0
-2
-3
-2
-1
0
-1
-4
-5
-4
-4
-3
-5
-3
-2
-1
-6
-6
-4
-1
-3
-6
-7
-8
-9
-9
-7
-4
-4
-6
-5
-1
0
0
2
4
2
-4
-5
-2
3
3
2
2
1
-2
-4
-3
-1
-1
-2
-3
-3
-3
-4
-3
-2
-2
-2
-2
-2
-1
-1
-1
2
4
4
4
4
5
5
2
1
3
4
2
-2
-2
0
3
3
0
-3
-3
-2
-1
1
1
1
3
4
5
5
5
3
2
2
2
3
2
2
1
2
3
4
6
5
3
1
0
-2
-2
1
1
-3
-8
-7
-3
-2
-5
-3
-1
2
1
3
5
5
-2
-4
-1
2
0
-1
-1
2
1
-1
-2
0
-1
0
0
-1
-2
-2
-1
-1
0
-2
-4
-5
-3
-3
1
3
4
0
-3
-4
-2
-2
-2
-1
0
-2
-4
-5
-3
-1
-1
1
2
3
-1
-4
-2
-1
-2
-6
-6
-3
0
-4
-6
-9
-6
-4
-3
-4
-5
-3
-1
-6
1
3
-4
-1
2
1
7
3
-3
0
-4
-7
1
0
-3
-1
-4
-4
4
4
3
6
4
1
5
4
1
0
3
3
5
4
4
3
1
4
6
3
2
2
4
5
2
2
4
7
3
-2
2
5
-4
-2
1
0
0
4
1
-3
-3
1
0
2
1
0
0
-2
-4
-1
3
-3
-8
-7
-3
-4
-4
-5
-4
0
0
-1
0
0
-1
-4
-3
-2
-2
0
-1
0
0
-4
-6
-7
-6
2
0
-5
-2
0
-1
0
0
3
4
3
0
2
3
-1
-4
-1
1
0
-1
0
3
4
2
2
3
3
0
-1
0
4
6
6
0
-3
-4
-4
-2
3
0
-5
-1
5
2
-3
0
2
2
4
8
5
2
3
1
-5
-5
-2
2
4
2
-5
-8
-1
2
-2
-2
0
-3
-4
-1
-1
-4
-3
-1
-4
-5
-4
-2
-2
-2
-5
-7
-5
-5
-3
-2
-2
-4
1
4
1
-4
-4
-1
-3
-3
-3
0
0
-2
-3
-1
4
3
-1
-5
-4
-3
0
3
4
4
6
5
3
3
4
-2
-7
-5
-1
-2
1
3
1
-1
4
3
-1
2
4
2
3
4
-1
-1
4
7
6
4
3
1
2
2
4
5
6
1
-4
-4
2
6
4
1
-2
-4
-3
-3
-3
-1
1
3
4
5
4
3
1
-2
-3
-3
0
3
6
3
0
-2
-1
2
2
2
-1
-3
-4
-3
1
1
-1
-5
-3
-1
0
0
-1
1
1
-1
-3
-1
2
3
0
-1
1
0
-1
-4
-6
-5
-6
-5
-5
-5
-6
-7
-8
-6
-7
-8
-7
-4
-3
-4
-8
-6
-1
3
2
-1
-5
-5
-1
0
1
0
2
5
5
1
-4
-6
-3
0
3
2
-1
-2
-1
2
5
5
6
8
5
4
5
3
5
1
3
6
3
4
-4
-2
2
0
6
5
1
2
6
9
2
0
2
4
1
3
2
-2
3
1
-3
-3
-4
1
-3
-1
-3
-7
4
1
-3
-7
-4
-4
-5
-1
-1
-1
-3
-5
-5
-6
-5
1
-2
-4
1
1
1
0
-2
-4
2
-2
-7
2
0
3
3
-2
-3
-6
-2
-2
-4
-4
1
-1
0
0
-1
2
-2
0
3
1
4
-2
2
3
-1
-3
-4
1
5
6
2
0
-1
4
4
6
7
4
3
0
2
1
3
3
-1
3
4
0
-5
-2
3
0
1
6
1
-6
-3
-1
-1
3
5
0
-4
-1
1
4
4
2
3
4
2
0
3
3
3
3
2
0
-2
-2
-4
-3
-1
-2
-4
-6
-5
-5
-3
-4
-7
-3
0
-2
-6
-2
2
2
-1
-3
-1
-3
-6
-7
-7
-6
-6
-4
-3
-2
-3
-3
0
0
-4
-4
-5
-5
-6
-4
-4
-3
-4
-7
-2
3
-1
-5
-5
-3
-6
-4
0
-3
-3
0
2
2
4
8
5
0
0
3
1
-2
-1
3
3
3
4
4
5
5
5
3
4
7
6
2
0
0
-2
1
5
4
2
3
5
5
6
6
2
0
1
1
1
5
7
5
7
11
9
6
8
6
0
0
2
-1
-1
2
2
3
4
1
-2
2
5
1
-2
-3
-4
-5
-6
-6
