1
0
4
4
4
2
-2
-7
-10
-8
-5
-7
-6
-5
-2
-2
-3
-2
-2
-5
-4
-5
-7
-8
-4
-6
-6
-6
-9
-5
-7
-8
-5
-3
-3
0
1
1
2
2
4
3
4
5
-1
2
5
-2
-1
2
3
7
2
-1
-3
-2
2
1
-2
-5
0
2
-2
2
2
1
4
10
10
1
3
3
-4
-1
0
-6
-3
-7
-10
-2
-5
-7
-7
-4
-1
3
2
3
7
7
4
1
0
-7
2
5
6
6
2
2
-2
2
4
2
4
3
-1
-3
-3
-2
-6
0
4
2
2
1
1
2
0
3
9
9
5
-2
1
1
-5
-7
-8
-8
-5
-6
-9
-4
0
4
5
5
1
1
6
3
0
0
2
4
3
5
4
5
7
2
5
4
-3
0
3
6
9
12
12
12
8
3
-1
-4
-9
-11
-9
-9
-7
-3
-1
-4
-3
-4
-10
-6
-7
-6
-5
-5
-7
-12
-11
-11
-13
-8
-9
-9
-6
-7
-7
-4
-3
-4
-5
0
2
-3
3
5
4
4
9
7
7
8
4
7
4
1
6
8
8
4
2
6
3
3
3
5
4
-1
1
3
1
3
3
6
3
-3
-4
-2
0
2
2
5
8
7
4
6
7
7
8
8
5
4
7
7
4
-1
1
-2
-11
-13
-8
-7
-6
2
2
4
6
9
4
-5
-7
-7
-10
-7
-5
-9
-11
-10
-3
-8
-8
-8
-9
-5
0
2
4
3
-1
0
0
-3
-4
-4
-1
1
1
-4
-4
-2
2
3
0
2
-2
1
1
0
6
7
5
2
3
4
-3
-5
-5
-3
3
0
1
8
5
0
-3
2
4
6
8
6
5
4
6
0
0
5
9
5
2
4
-3
-4
1
-1
-6
-10
-6
2
-4
-3
-3
-3
2
2
-1
0
3
0
-1
1
1
0
-1
3
-1
-2
6
4
-1
-2
4
2
-4
0
-2
-5
-6
-12
-12
-11
-12
-3
-4
-7
1
0
3
7
4
8
12
5
5
7
4
1
2
1
-3
0
7
3
-1
3
0
1
6
10
11
8
0
-2
-3
-2
-5
-14
-12
-10
-13
-11
-5
-3
-5
-3
-3
-5
-1
-9
-10
-6
-9
-2
2
1
4
3
2
1
7
9
4
6
11
13
14
12
14
17
16
13
4
6
10
9
16
9
0
4
4
0
-5
-7
-7
-8
-6
-2
3
-3
-7
-4
-5
-6
-12
-11
-16
-16
-13
-16
-9
-12
-6
5
0
-3
-2
-3
-3
-4
-5
-2
-6
-9
-4
-5
-2
-2
0
7
6
6
4
3
6
0
1
6
5
5
8
4
2
5
1
-3
-8
-9
-6
-6
-4
4
11
9
7
12
11
4
4
9
5
3
6
7
4
0
5
3
4
9
6
3
2
4
2
-1
-2
-4
-8
-8
-9
-9
-6
-5
-2
1
2
3
-1
-6
-4
-3
-8
-6
-6
-2
1
3
0
-1
-2
-5
0
1
2
4
3
2
0
-3
0
3
0
-1
-1
-6
-11
-9
-11
-8
-1
1
1
-3
3
-2
-2
1
-3
-2
-4
-4
0
-2
-1
-2
0
6
7
6
12
13
4
7
10
11
9
7
7
8
5
3
-2
-3
3
-5
-2
-5
-4
2
-1
6
3
-1
2
1
-4
-5
-3
-11
-6
-2
-8
-6
0
-3
-6
-3
-1
2
7
2
-1
-7
-9
-4
0
-2
-2
-9
-9
0
4
8
6
6
2
3
5
3
4
5
-1
-6
-3
3
3
6
5
1
-1
0
4
2
1
-4
-2
6
-2
-6
-7
-6
-7
-2
8
5
3
5
4
5
7
3
5
0
-8
-5
-2
-5
-7
0
-6
-6
-4
-4
8
11
6
-2
1
2
4
3
6
1
-10
-12
-10
-11
-14
-9
-4
6
4
8
16
6
7
5
-4
-6
-8
-5
0
9
4
1
11
10
7
11
6
7
10
6
9
5
0
2
1
-9
-16
-13
-8
-9
-19
-12
0
-3
-2
-8
-11
-10
-18
-14
-3
0
-6
-5
-2
7
8
10
7
3
10
5
9
11
10
9
6
3
2
0
0
-2
1
6
0
3
-1
3
8
-2
1
0
-5
-4
-10
-5
5
3
7
10
10
7
3
3
-5
-7
-1
1
-5
-5
1
6
7
-2
-4
0
-4
-3
-2
-2
1
1
-2
-6
-4
-5
-3
-8
-10
-2
-1
-3
-3
-4
-4
-6
-4
-2
-2
1
1
-5
-6
-1
-2
-7
-4
0
2
1
4
10
5
-1
0
3
8
9
6
3
9
8
4
8
7
6
4
-1
-1
-1
-4
0
-2
-7
2
8
1
-1
1
-2
-3
-2
-5
-12
-16
-10
-4
-3
-1
2
3
8
6
8
8
9
6
6
12
8
4
6
10
8
6
9
8
9
4
-3
2
3
-5
-3
-6
-12
-7
-11
-15
-16
-9
-8
-14
-12
-10
-3
0
-5
-11
-11
-7
-10
-11
-12
-6
-1
-7
-9
-3
-2
-2
5
13
6
3
4
3
9
8
4
1
9
5
3
-2
0
12
6
9
10
8
8
6
5
5
1
11
10
-3
-2
-8
-11
1
-1
-3
2
-1
9
10
5
8
7
14
14
5
2
-1
-2
1
-2
4
2
-6
-1
-6
-7
-7
-15
-9
-5
-11
-11
-9
-14
-16
-14
-14
-5
-6
-6
-10
-6
1
0
5
4
4
3
4
7
4
-1
2
5
4
1
4
5
5
6
0
3
10
9
11
9
7
12
1
4
5
-6
1
1
-3
-3
-3
-5
-7
-6
-8
1
4
-5
-3
-1
-1
-6
-10
-8
-7
-1
3
4
5
7
0
1
5
4
10
11
8
8
5
7
0
-5
-2
-2
-2
-6
-9
-12
-14
-8
-8
-6
-1
-5
-11
-13
-13
-10
-9
-10
-9
-8
-7
0
0
1
0
4
7
11
22
21
13
9
11
14
6
3
5
2
4
6
5
11
9
7
6
4
2
2
1
-1
-4
-9
-8
-5
-6
-6
0
0
-1
-3
-1
5
2
-4
-5
-8
-5
0
1
-1
3
4
3
9
14
5
2
2
-3
-6
1
1
-3
0
-9
-10
-6
-11
-9
-6
-7
-9
-11
-7
-5
-1
0
-7
-6
-12
-10
-8
-12
-10
-4
1
3
16
14
9
9
7
8
5
8
11
7
10
11
6
9
4
9
10
9
14
11
11
2
-5
-4
-8
-6
-7
-9
-9
-12
-12
-9
-5
-9
-6
-3
-3
0
-1
-4
-1
-1
-7
-2
-3
-3
0
2
1
-2
1
-2
-6
-1
-3
-1
3
4
8
2
-1
0
-4
4
5
-5
-7
1
4
-1
4
11
7
1
8
12
8
5
5
6
2
0
-3
-5
-1
-3
-9
-2
-1
3
4
5
6
0
4
-1
-2
5
0
1
-1
3
6
0
2
4
-2
1
3
0
0
-2
-6
-3
-7
-5
-8
-16
-8
-6
-7
-6
-10
-9
-11
-13
-3
-2
-11
-10
-6
-10
-1
-2
-5
1
-3
-7
0
1
10
16
8
14
13
10
9
6
7
5
1
-5
-3
-1
-5
5
6
9
8
3
8
6
8
7
3
3
2
2
-1
-7
-4
-3
-7
-6
-2
-3
1
7
6
11
16
5
2
-3
-6
-3
0
4
3
1
1
1
0
-4
-1
3
1
2
0
0
-2
1
-1
-1
-1
-10
-5
-5
-7
-6
-7
-4
-2
2
0
1
-2
-7
-6
-5
-8
-10
-8
-2
0
-4
-4
-3
-2
-4
-1
-2
1
3
4
9
1
-2
-1
-1
-3
-5
-8
-6
-4
-5
3
3
3
5
4
8
10
13
12
2
-3
-1
3
6
12
12
10
5
5
6
7
11
12
10
9
8
1
-2
-1
-5
-9
-3
-3
-5
-3
-2
-3
-12
-5
-9
-9
-5
-11
-8
-2
-7
-9
-8
-7
-1
-1
-6
-3
0
-4
-3
8
8
7
7
3
10
6
-2
-6
-4
-1
-4
2
7
4
5
1
-5
-7
-6
-4
-2
-2
-1
-1
-9
-7
0
-2
0
0
2
5
-2
-3
1
3
0
-2
-4
-3
1
5
8
5
1
5
11
14
6
1
5
6
5
6
6
5
6
4
3
3
1
-1
-1
1
0
-6
-6
-8
-12
-9
-5
-1
-1
-4
-4
-8
-1
0
-3
4
7
5
2
-4
-3
4
1
-2
-3
-5
-2
-2
0
-3
2
2
-10
-9
-5
0
-1
-1
-1
-4
-3
-6
-5
-3
-7
-10
-8
-3
0
-3
7
12
5
8
5
-2
1
-3
-2
3
5
6
2
3
6
11
14
15
14
8
12
11
7
11
6
3
3
4
4
1
2
-3
-4
-7
-5
1
-1
-2
-6
-7
-11
-15
-7
-5
-8
-10
-8
-3
-4
-7
-1
-1
1
4
-3
-7
-5
0
5
1
-1
2
1
-3
-1
2
-3
-4
-2
-6
-3
-1
-2
1
0
-2
3
-2
-6
-3
-9
-10
-11
-6
-2
-3
-6
1
4
3
6
12
14
9
12
12
3
1
-1
-2
-1
-1
1
1
5
8
8
10
5
7
11
8
2
1
-2
-2
-1
1
3
3
10
5
4
6
2
3
0
-8
-6
-3
-5
-1
-6
-3
-1
-2
1
-1
-4
-2
-7
-7
0
3
-1
-5
-1
0
-4
-2
-1
-9
-7
1
-3
-6
-2
-2
1
0
-3
-5
-10
-9
-13
-5
0
-7
-2
1
-2
1
-4
-7
-2
-1
-3
0
7
5
0
-2
1
1
4
8
2
5
3
1
3
-2
3
9
4
2
6
15
16
13
10
8
6
4
0
-3
0
-1
0
-3
2
5
3
6
3
3
-2
-3
-1
-4
-5
1
0
3
3
-1
0
-3
1
4
0
-4
-3
-2
-2
-1
0
-5
-4
1
-8
-8
-6
-5
-1
-3
-3
-4
-1
-4
-5
-1
-9
-8
-7
-6
-8
-12
-5
-3
-10
-5
-2
-2
1
-1
0
-5
-2
0
-2
2
1
9
11
8
10
10
9
9
11
8
12
12
9
10
8
2
1
3
-1
-1
-1
2
5
1
3
9
4
1
3
0
1
-4
-7
3
0
-7
0
1
2
2
0
0
0
-4
0
-2
-6
-2
-5
-10
-13
-9
-2
-6
-8
-8
-3
2
0
-3
-3
-6
-4
-8
-11
-2
-5
-3
3
3
2
4
3
5
0
-4
1
-11
-5
1
-5
-2
-8
-4
1
-1
2
3
3
6
6
7
6
2
7
10
3
2
8
6
-2
-3
-2
-8
-9
-6
-3
1
2
5
8
10
6
10
4
-1
1
0
3
0
4
8
8
11
10
15
12
12
12
6
8
-1
-5
-8
-5
0
-6
-4
-5
-7
-8
-12
-10
-9
-5
-5
-5
-3
-6
-1
0
-6
-6
-6
-14
-12
-13
-15
-7
-7
-8
-2
-3
-1
0
-1
1
4
3
0
3
1
-4
-2
0
1
-2
-2
2
0
4
10
9
9
5
5
6
-2
2
5
1
3
0
5
3
-2
1
-1
8
12
11
17
12
7
2
1
3
0
4
8
2
-5
0
4
2
2
3
0
3
1
-6
-8
-10
-16
-13
-10
-6
-8
-4
-3
-5
-2
-5
1
7
3
0
-6
-10
-5
-4
-5
-5
-5
2
5
1
2
-5
-5
0
-1
-4
-1
-4
-8
-3
-1
-5
-4
-5
-3
-5
-7
0
-5
0
7
15
15
17
16
7
9
8
4
9
8
6
7
11
12
14
17
5
4
2
1
2
-2
5
6
3
6
1
-3
-7
-10
-7
-14
-12
-9
-8
-5
-3
-5
-2
-2
0
-4
-13
-12
-9
-8
-5
-11
-11
-5
-7
-10
-5
-1
-7
-10
-8
-4
-2
0
0
-5
-1
1
-2
1
4
6
3
-1
-1
2
6
5
8
15
11
6
9
11
10
7
8
6
7
12
14
14
13
16
13
8
6
5
1
0
2
2
-1
-3
-3
-6
-7
-5
-7
-12
-11
-11
-10
-6
-5
-10
-6
-2
-5
-2
-3
-2
-3
-3
0
-3
1
2
1
11
4
-2
-2
-6
-2
-9
-11
-9
-15
-11
-10
-14
-8
1
0
-3
3
4
7
6
-1
6
9
10
10
11
10
8
13
16
9
3
7
5
2
5
4
8
6
2
4
6
7
2
1
-4
-7
-1
-4
-10
-6
-11
-13
-10
-10
-4
-12
-9
-4
-6
-3
-11
-10
-6
-2
0
-8
-6
-3
-3
0
0
0
0
4
1
8
16
12
9
5
9
14
6
7
5
1
1
-3
0
0
-6
-9
-6
-3
2
-3
-8
-2
-1
-2
-3
-8
-2
0
-1
4
0
4
2
6
8
4
8
2
3
9
6
11
13
8
11
7
4
2
-4
-1
-3
-6
-5
-4
1
-2
-4
0
-5
-5
-7
-8
-9
-12
-9
-7
-14
-14
-9
-7
-7
-4
-2
1
0
0
5
4
7
10
8
7
3
2
6
2
7
2
0
7
3
9
13
8
8
4
0
-2
-3
-6
-9
-17
-16
-14
-16
-8
-10
-8
-11
-5
0
-2
1
-1
2
3
-1
-4
1
0
-1
6
12
13
15
17
21
21
14
14
17
12
6
1
4
6
-3
-4
-1
-1
0
-3
-3
-2
-8
-6
-5
-11
-8
-11
-10
-8
-7
-10
-10
-8
-10
-10
-10
-8
-5
-6
-7
-2
3
-2
-3
3
3
1
6
10
6
5
6
8
6
9
9
7
7
5
8
7
6
5
-2
-6
-10
-8
-7
-8
-5
-4
-4
4
6
6
6
6
6
1
1
5
5
2
5
0
-2
2
0
9
11
3
4
2
-3
-4
-2
-1
-1
-3
-9
-11
-11
-17
-14
-12
-12
-8
-10
-3
-4
-4
-3
-3
-1
-6
-5
-4
-2
1
-5
-3
-2
-2
-3
1
3
-1
3
5
3
4
2
4
3
6
7
10
12
5
11
13
12
9
5
3
2
6
1
3
9
5
2
1
2
6
6
-1
4
1
-6
2
-1
-4
2
1
-1
1
4
-2
-1
3
2
-1
4
8
1
1
1
-1
-3
-4
-3
2
0
-1
-3
-6
-7
-2
-1
-4
-5
-7
-10
-13
-11
-18
-20
-15
-14
-8
-9
-12
-12
-10
-9
-8
-5
-5
1
4
3
5
3
3
-1
-1
0
2
9
11
9
11
4
8
11
11
19
22
19
16
9
3
5
2
-1
1
-4
-4
-1
2
0
0
4
3
6
3
0
5
1
2
2
-6
-4
-2
1
3
2
6
5
9
11
7
2
3
-1
-1
4
2
3
5
-3
-7
-7
-11
-13
-9
-11
-7
-8
-13
-10
-9
-6
-13
-22
-18
-17
-17
-14
-13
-13
-10
-3
-2
-7
-1
0
-6
0
2
2
3
6
10
8
7
6
4
10
16
17
14
16
12
13
18
21
16
13
14
11
8
1
2
-2
-6
-4
-6
-6
-1
1
1
3
3
7
8
2
4
3
-3
-6
0
0
-2
-3
-5
-4
-7
-8
-5
-3
-4
-4
2
1
-4
-6
-5
-11
-8
-7
-11
-8
-11
-8
-7
-12
-15
-8
-6
-7
-4
-3
-6
-5
-4
-1
-1
-3
-5
-2
-4
-2
-1
-1
9
10
9
12
6
8
10
4
7
5
8
9
8
11
7
5
13
14
14
12
0
-4
0
2
0
0
1
2
0
0
4
-2
2
1
-4
-1
1
2
3
5
3
0
0
-1
-2
2
0
-5
0
0
3
2
3
5
2
-2
-7
-5
-7
-15
-9
-5
-6
1
-4
-8
-5
-7
-9
-9
-9
-14
-2
2
-11
-5
1
-7
-5
-7
-9
-2
-5
-2
0
-5
-4
-3
3
4
7
8
7
10
1
-3
2
1
1
4
4
11
6
5
15
12
8
6
2
1
-1
-5
-3
-1
1
3
3
5
1
3
3
2
1
-1
-4
-2
0
-1
-2
-3
-1
-5
-2
5
3
9
14
10
8
5
5
8
5
1
0
1
1
2
1
2
1
-4
-3
-4
-6
-4
-1
-4
-11
-7
-10
-9
-6
-9
-4
-3
-1
-5
-3
4
1
1
-2
3
6
3
4
-1
0
3
5
2
3
1
-1
-1
-2
0
-4
-6
1
0
-6
-4
-7
-13
-10
-12
-5
-4
-2
0
-1
1
2
5
6
7
8
8
3
2
1
-1
0
-2
-2
-2
-3
-2
2
4
3
8
5
5
10
6
4
3
1
1
3
2
-1
-1
-1
0
-5
-5
-6
-9
-5
-6
-6
-3
-5
-5
6
7
3
2
8
14
11
12
16
15
12
9
5
7
9
4
5
1
-6
-4
-3
-13
-15
-7
-10
-11
-6
-8
-7
-6
-9
-10
-12
-10
-12
-12
-6
-7
-6
-2
1
0
1
1
0
3
6
3
5
4
4
11
1
-2
-4
-9
-4
0
2
3
3
4
2
12
12
7
11
3
3
3
1
1
-3
0
-2
-3
-2
0
2
0
3
3
6
7
9
14
12
9
5
-4
-5
-6
-11
-9
-2
3
3
-1
-3
1
2
1
-4
-6
-6
-7
-7
0
1
-2
2
0
-5
-6
-5
-8
-5
-4
-9
-7
-8
-6
-6
0
-2
-4
2
-2
1
1
1
4
0
0
4
6
3
-1
1
3
4
9
5
-1
-2
3
0
-1
2
0
4
6
5
-1
-2
6
4
3
1
-7
-1
0
1
8
6
6
8
8
13
7
8
11
8
5
1
2
0
0
-3
-4
-3
-7
-2
-3
-3
1
-4
-5
-7
-4
-6
-5
1
-5
-4
-6
-14
-13
-7
-1
-7
-11
-7
-3
-1
-4
4
4
-1
0
-2
-2
2
-1
-6
-2
-6
-5
0
2
6
10
5
6
8
1
1
4
6
7
3
0
6
6
3
6
4
-1
0
-6
-8
-3
-7
-4
-4
-4
2
0
-4
-1
1
0
4
2
4
9
2
5
4
-2
-2
1
1
3
2
5
4
2
12
8
5
3
-1
1
-1
-6
-4
0
-1
9
7
0
-2
-2
2
2
-2
1
-1
-6
-6
-6
-9
-7
-7
-7
-4
-4
-4
-3
-7
-6
3
1
-1
-2
-5
-5
-4
0
-3
-10
-5
-3
-3
1
-3
2
5
-1
1
3
3
6
7
7
9
2
3
8
2
1
10
5
1
8
6
9
10
8
4
-1
1
5
2
-1
2
9
5
2
7
2
1
-2
-4
-7
-6
-4
-10
-6
-7
-12
-11
-12
-14
-14
-10
-14
-13
-10
-9
-3
3
6
3
1
3
1
0
-1
-5
-4
-5
-3
-3
1
0
0
2
1
-1
5
11
8
10
9
9
6
5
3
-1
-5
2
8
4
2
2
7
8
0
2
11
10
5
5
5
4
3
1
3
5
3
-1
5
10
5
5
7
12
11
9
8
-3
-3
-7
-6
-9
-13
-9
-11
-7
-8
-9
-7
-10
-5
-6
-10
-9
-10
-7
-4
-11
-11
-11
-9
-6
-4
-6
-5
-3
-7
-9
-9
-11
-12
0
4
-1
-2
-1
3
2
4
8
5
7
7
8
6
6
7
8
11
9
12
9
3
4
3
1
2
3
7
12
14
8
3
4
5
4
1
4
3
-1
-6
0
-4
-4
0
-3
-5
-4
5
-3
-15
-6
7
-5
-14
3
2
-12
-9
-9
-5
3
-4
-1
8
6
6
6
18
17
-1
8
6
-4
-9
-6
1
-6
-13
-4
8
6
4
3
4
0
-3
-7
-7
-6
-1
1
-5
-15
-16
-5
-7
-8
-2
-1
-2
-1
-2
0
1
2
2
1
4
0
2
3
1
2
0
-3
2
5
1
2
0
-3
-3
-5
-3
3
-4
-6
0
1
0
3
5
1
3
-1
-1
0
-4
-2
0
11
8
1
7
7
7
6
8
8
11
15
13
14
15
12
6
4
0
-5
-3
-4
-5
-3
1
0
-8
-8
1
-2
-8
-7
-11
-13
-16
-13
-13
-16
-12
-11
-14
-11
-10
-8
-3
-1
3
3
8
12
7
6
6
-2
-2
6
6
7
3
2
5
4
4
1
6
8
0
8
3
-4
-3
-3
-4
-9
-2
-3
-2
4
0
-4
-2
2
3
1
0
1
4
1
1
3
0
0
-6
-5
2
3
3
-1
2
0
3
7
6
3
2
4
1
-3
3
7
-3
-4
6
7
3
3
3
4
3
4
3
4
3
-1
0
-6
-9
-7
-1
-1
0
0
0
0
-3
-10
-9
-5
-7
-6
-2
-5
-1
-1
-5
-2
-4
1
-2
0
-4
-6
-1
-4
-4
-5
-2
0
-3
-5
-11
-12
-5
-4
-3
-3
-3
4
10
7
6
8
4
9
3
-1
2
-2
3
5
2
2
1
5
10
8
9
14
13
15
14
14
8
-2
-4
-6
-9
-3
-3
-2
5
4
4
4
3
8
9
9
5
0
-7
-1
1
-4
5
-1
-4
-2
-10
-6
-3
-5
-4
1
2
-5
-7
-5
-8
-8
-8
-9
-12
-15
-13
-14
-13
-11
-7
-1
-3
-2
0
-1
-1
-7
-6
-6
-3
0
-7
-2
-4
-5
0
5
7
5
6
5
5
7
9
9
15
16
8
10
13
11
9
8
12
8
7
9
11
16
13
6
7
4
2
2
0
1
3
4
-1
1
-5
-6
-1
-8
-6
-10
-9
-4
-11
-6
-2
-6
-4
-5
-6
-9
-14
-6
-6
-10
-9
-7
-3
-7
-6
-6
-9
-16
-22
-17
-13
-9
-9
-2
1
1
6
2
1
4
5
4
3
2
7
12
11
13
13
10
14
12
7
10
11
16
17
9
4
1
-1
-4
1
3
2
6
4
5
6
0
-2
-6
-5
-3
-2
0
-3
-3
-7
-8
0
0
0
-1
1
3
3
2
1
4
6
6
5
4
1
-2
-4
-4
-7
-6
-8
-9
-11
-9
-7
-6
-7
-10
-7
-6
-9
-9
-10
-11
-10
-9
-12
-7
-2
-2
1
6
6
6
8
4
7
5
5
6
3
2
-1
-1
-1
2
2
-1
6
4
3
6
2
8
5
2
0
-3
-2
3
6
2
6
11
10
12
12
9
8
1
1
1
-2
-3
-3
-1
-6
-3
1
-1
4
2
4
5
5
3
-2
-2
1
-1
-5
-7
-6
-3
-8
-10
-3
-2
-7
-5
-4
-3
3
2
4
3
5
3
-1
0
-1
-5
-2
2
-2
-1
1
-2
-2
-3
-5
-4
-7
-6
-4
-3
-6
-13
-11
-12
-9
-9
-11
-4
0
-5
0
1
1
6
3
10
8
-1
3
4
6
8
12
16
18
11
13
19
15
9
8
10
6
11
5
-2
-2
-10
-6
-9
-11
-3
-4
-6
-3
4
0
-3
2
0
5
2
-6
-2
-4
-3
-2
-5
-4
-1
2
2
-1
-3
2
1
-3
-6
-7
-4
-6
-11
-10
-8
0
2
-4
-2
-1
1
-5
-6
2
1
-2
1
3
2
-1
1
-3
-8
1
3
0
1
1
5
7
5
7
4
4
9
3
1
2
-8
-7
-5
-8
-1
0
-1
-1
5
10
1
4
3
1
5
1
2
7
4
-1
3
6
2
0
2
12
12
7
9
11
15
9
2
5
-1
-5
-6
-9
-12
-10
-9
-12
-12
-13
-11
-12
-10
-9
-7
-10
-13
-11
-11
-9
-8
-2
-1
-4
-2
3
4
-5
2
5
6
10
7
11
11
3
1
2
3
1
-7
-1
6
4
-1
-5
3
7
7
4
2
6
3
4
12
8
2
4
6
10
9
9
6
2
-1
-4
0
-4
-4
5
9
4
2
6
2
7
7
1
1
-2
-7
-10
-8
-10
-12
-13
-12
-9
-15
-11
-10
-13
-12
-4
2
1
-3
-1
1
-2
-4
0
6
7
9
8
7
2
1
7
4
6
5
3
7
2
-3
-5
-7
-7
-9
-10
-8
-4
-3
-7
-7
0
-5
-8
-4
-5
-6
-11
-7
-7
-8
1
5
4
4
8
5
3
10
11
11
12
11
12
5
5
10
8
9
6
5
11
13
10
13
12
10
8
8
7
3
2
0
4
4
3
3
-8
-3
-3
-5
6
7
4
6
7
6
0
-5
-9
-9
-12
-17
-10
-9
-7
-9
-11
-7
-12
-10
-12
-17
-18
-22
-22
-22
-23
-18
-26
-31
-23
-21
-18
-14
-8
-3
2
1
3
7
4
6
9
5
3
4
4
7
4
12
16
15
16
14
19
21
16
20
21
22
23
18
15
18
14
10
10
9
15
13
16
19
18
19
20
19
15
12
12
13
10
1
0
4
2
0
-2
-1
-3
-6
-8
-4
-9
-16
-14
-23
-26
-32
-37
-35
-40
-41
-40
-38
-30
-27
-23
-23
-26
-23
-25
-20
-14
-17
-16
-19
-14
-9
-5
0
-2
0
8
9
12
17
13
14
21
18
15
19
13
5
10
10
8
16
16
21
26
25
24
20
20
22
17
11
8
8
6
5
3
7
11
14
17
19
21
13
10
21
24
19
17
17
13
7
3
3
5
0
-1
5
4
-5
-4
2
-4
-13
-10
-12
-13
-18
-24
-23
-32
-33
-35
-36
-31
-31
-33
-29
-25
-27
-27
-25
-20
-19
-22
-21
-17
-19
-20
-13
-13
-5
-5
-6
-5
-7
-2
-2
-1
0
-3
0
2
-4
-1
-4
2
9
4
6
12
13
12
17
24
28
23
27
32
31
31
28
30
31
29
24
27
30
25
23
23
22
18
14
8
9
3
7
11
3
8
12
8
8
19
18
14
12
15
22
14
13
13
11
13
8
12
10
1
4
3
0
-4
-9
-9
-12
-16
-27
-28
-29
-36
-42
-44
-45
-46
-49
-49
-42
-46
-57
-64
-67
-75
-79
-74
-77
-77
-81
-77
-74
-69
-52
-50
-40
-32
-26
-15
-4
11
17
30
33
40
48
50
55
64
67
68
74
78
82
78
70
66
67
65
56
55
60
53
43
42
40
41
42
47
50
47
46
49
54
55
58
56
44
36
35
35
26
24
19
9
6
6
4
-5
-13
-23
-28
-36
-43
-44
-52
-58
-65
-69
-65
-61
-64
-52
-41
-41
-30
-25
-21
-22
-28
-40
-54
-64
-88
-108
-125
-140
-146
-156
-159
-156
-149
-136
-131
-117
-102
-81
-60
-44
-33
-31
-1
33
77
114
221
338
397
474
497
625
785
753
739
687
642
655
548
439
346
253
219
198
177
186
202
262
339
363
380
362
333
309
235
154
80
18
-21
-23
1
69
154
269
412
510
587
620
614
594
476
300
94
-132
-386
-645
-851
-1045
-1176
-1323
-1471
-1484
-1499
-1473
-1462
-1529
-1488
-1434
-1390
-1303
-1273
-1180
-1005
-814
-555
-294
-7
322
662
988
1286
1610
1839
1995
2083
2077
1994
1823
1558
1187
735
211
-375
-1014
-1681
-2340
-2983
-3589
-4114
-4540
-4852
-5056
-5129
-5070
-4878
-4581
-4168
-3641
-3018
-2315
-1547
-714
166
1064
1965
2853
3688
4449
5104
5637
6035
6271
6343
6262
6038
5669
5196
4657
4061
3430
2813
2237
1708
1240
838
521
269
47
-156
-312
-452
-620
-803
-988
-1161
-1335
-1498
-1595
-1598
-1526
-1381
-1134
-790
-395
-10
373
717
952
1054
1015
844
534
88
-438
-997
-1579
-2144
-2660
-3093
-3440
-3726
-3934
-4070
-4142
-4161
-4144
-4073
-3946
-3772
-3542
-3234
-2840
-2372
-1824
-1210
-533
180
889
1567
2210
2774
3232
3570
3781
3890
3890
3796
3654
3497
3335
3196
3110
3059
3024
2970
2872
2710
2404
1957
1381
660
-176
-1101
-2056
-2974
-3802
-4483
-4970
-5260
-5324
-5169
-4836
-4337
-3725
-3038
-2309
-1586
-886
-232
395
992
1548
2091
2606
3108
3590
4010
4364
4626
4768
4768
4606
4296
3838
3248
2546
1773
992
235
-467
-1067
-1508
-1815
-1997
-2032
-1933
-1742
-1510
-1254
-977
-725
-550
-436
-338
-277
-262
-252
-190
-83
57
252
507
797
1068
1292
1464
1526
1437
1187
788
258
-404
-1161
-1937
-2701
-3413
-4037
-4528
-4857
-5034
-5058
-4930
-4664
-4291
-3849
-3345
-2787
-2203
-1601
-997
-368
283
940
1608
2273
2939
3563
4127
4607
4976
5230
5329
5267
5063
4744
4329
3847
3344
2873
2439
2077
1812
1614
1463
1307
1124
874
509
11
-613
-1336
-2170
-3070
-3952
-4750
-5392
-5867
-6150
-6192
-5997
-5598
-5047
-4360
-3572
-2750
-1940
-1162
-422
262
886
1463
1989
2464
2897
3284
3619
3878
4042
4104
4057
3878
3559
3134
2617
2031
1408
765
169
-332
-743
-1039
-1202
-1232
-1153
-994
-776
-517
-243
-5
164
284
369
389
361
322
287
270
271
322
439
599
776
953
1104
1199
1205
1103
898
574
124
-415
-1023
-1664
-2311
-2943
-3511
-4001
-4386
-4654
-4787
-4769
-4613
-4313
-3890
-3344
-2706
-1988
-1212
-426
346
1080
1767
2381
2913
3350
3692
3949
4103
4174
4158
4061
3887
3632
3310
2940
2535
2119
1720
1347
1030
790
623
545
541
580
619
607
530
364
68
-356
-893
-1519
-2199
-2917
-3587
-4126
-4512
-4742
-4814
-4681
-4369
-3940
-3422
-2852
-2261
-1695
-1192
-760
-370
-32
274
572
868
1189
1532
1906
2294
2648
2962
3210
3347
3346
3196
2918
2532
2029
1447
860
315
-156
-527
-757
-821
-750
-571
-285
85
469
808
1083
1280
1363
1328
1203
1024
823
606
425
335
327
401
553
765
998
1188
1306
1330
1220
951
527
-27
-693
-1431
-2198
-2934
-3588
-4139
-4550
-4796
-4863
-4773
-4541
-4177
-3709
-3181
-2614
-2022
-1436
-861
-326
176
651
1095
1509
1882
2223
2535
2810
3028
3196
3318
3366
3324
3200
2995
2727
2408
2061
1729
1423
1179
1030
990
1050
1194
1415
1618
1750
1774
1650
1356
846
148
-693
-1645
-2667
-3669
-4545
-5228
-5700
-5969
-6002
-5806
-5424
-4917
-4333
-3705
-3077
-2491
-1962
-1463
-979
-494
14
555
1143
1764
2431
3122
3776
4366
4861
5222
5403
5399
5202
4830
4302
3628
2863
2078
1318
618
26
-412
-692
-828
-829
-700
-487
-257
-46
117
199
180
77
-88
-275
-461
-617
-670
-607
-421
-122
277
727
1156
1505
1729
1791
1645
1264
666
-115
-1037
-2039
-3049
-4001
-4826
-5492
-5952
-6174
-6157
-5909
-5481
-4877
-4142
-3336
-2491
-1636
-804
-33
675
1311
1875
2371
2801
3180
3509
3784
4009
4190
4316
4370
4343
4224
4003
3675
3247
2743
2188
1608
1046
560
181
-74
-172
-110
86
359
611
801
899
841
565
73
-574
-1367
-2275
-3232
-4106
-4803
-5307
-5616
-5708
-5554
-5195
-4699
-4122
-3495
-2876
-2293
-1773
-1313
-884
-468
-13
485
1028
1632
2317
3070
3821
4511
5105
5580
5861
5887
5669
5236
4600
3773
2828
1862
939
123
-534
-963
-1151
-1129
-930
-585
-161
251
582
782
814
639
284
-191
-727
-1264
-1723
-2027
-2117
-1976
-1635
-1096
-414
294
945
1463
1779
1851
1631
1131
396
-521
-1539
-2589
-3557
-4370
-4994
-5390
-5526
-5409
-5089
-4603
-4006
-3340
-2668
-2045
-1464
-942
-484
-80
294
706
1152
1634
2173
2772
3392
3988
4523
4976
5300
5440
5388
5153
4755
4194
3514
2796
2078
1354
694
159
-234
-495
-647
-656
-558
-405
-227
-40
109
151
53
-163
-503
-983
-1553
-2154
-2761
-3348
-3869
-4235
-4418
-4459
-4375
-4140
-3777
-3370
-2964
-2548
-2126
-1747
-1427
-1140
-829
-482
-103
334
854
1443
2059
2694
3331
3900
4351
4670
4821
4769
4508
4078
3525
2861
2121
1386
737
195
-249
-536
-631
-608
-518
-355
-143
42
133
137
69
-111
-397
-722
-1017
-1265
-1456
-1523
-1427
-1202
-864
-417
83
588
1020
1328
1482
1449
1225
805
225
-458
-1203
-1961
-2662
-3255
-3705
-3986
-4088
-4012
-3785
-3442
-2996
-2485
-1964
-1450
-948
-469
-10
423
834
1244
1657
2069
2462
2825
3152
3403
3550
3578
3507
3338
3065
2710
2311
1906
1511
1139
831
595
410
277
211
208
241
307
419
558
698
793
824
782
641
373
-43
-568
-1169
-1849
-2592
-3322
-3959
-4478
-4865
-5112
-5179
-5073
-4832
-4468
-4011
-3485
-2910
-2325
-1749
-1172
-606
-31
568
1165
1756
2354
2965
3546
4047
4475
4813
5014
5051
4905
4591
4129
3532
2830
2067
1301
592
-19
-512
-856
-1037
-1078
-1015
-883
-717
-567
-476
-465
-541
-706
-938
-1186
-1392
-1513
-1536
-1404
-1099
-660
-91
576
1261
1894
2409
2756
2905
2804
2471
1933
1221
380
-521
-1394
-2205
-2897
-3437
-3812
-4010
-4048
-3948
-3740
-3444
-3095
-2714
-2307
-1885
-1445
-981
-499
10
541
1078
1618
2136
2601
2981
3260
3434
3480
3407
3244
3002
2685
2325
1960
1596
1244
910
619
368
153
-21
-143
-211
-243
-225
-162
-71
-11
-9
-69
-218
-490
-902
-1416
-1992
-2621
-3310
-3958
-4471
-4823
-5022
-5055
-4888
-4515
-4009
-3415
-2743
-2041
-1354
-731
-182
310
749
1147
1545
1941
2345
2778
3234
3714
4158
4540
4846
5026
5044
4871
4534
4052
3437
2713
1946
1210
537
-37
-476
-763
-917
-950
-878
-739
-586
-456
-367
-345
-407
-542
-711
-871
-1005
-1066
-1017
-839
-520
-78
462
1065
1667
2190
2577
2797
2819
2594
2137
1478
654
-285
-1285
-2254
-3139
-3923
-4555
-5000
-5257
-5341
-5268
-5057
-4732
-4349
-3925
-3457
-2949
-2420
-1884
-1335
-753
-152
452
1075
1686
2259
2753
3165
3482
3683
3780
3768
3663
3483
3240
2965
2682
2394
2101
1817
1539
1268
1021
784
582
426
297
208
170
141
91
1
-144
-357
-677
-1073
-1519
-1992
-2499
-2990
-3359
-3583
-3664
-3632
-3450
-3116
-2701
-2256
-1818
-1395
-1023
-739
-543
-404
-277
-125
70
332
686
1130
1647
2211
2772
3272
3679
3935
4003
3871
3534
3031
2383
1622
839
100
-542
-1022
-1311
-1368
-1205
-864
-369
222
828
1372
1793
2053
2120
1985
1668
1225
726
246
-161
-429
-513
-405
-126
266
723
1169
1514
1684
1642
1355
818
70
-839
-1841
-2869
-3831
-4645
-5266
-5669
-5831
-5757
-5478
-5049
-4529
-3934
-3333
-2773
-2253
-1787
-1364
-975
-601
-199
254
767
1345
1976
2621
3252
3833
4314
4656
4835
4843
4673
4328
3858
3303
2705
2097
1508
979
525
173
-77
-214
-235
-164
-13
195
444
723
960
1109
1156
1086
888
537
80
-438
-1012
-1627
-2227
-2729
-3111
-3396
-3598
-3703
-3723
-3690
-3651
-3611
-3553
-3486
-3413
-3315
-3137
-2850
-2428
-1860
-1161
-344
563
1517
2465
3333
4054
4599
4919
4972
4762
4336
3741
3017
2225
1460
797
296
-16
-108
34
355
801
1309
1808
2240
2529
2605
2465
2125
1607
949
225
-468
-1042
-1462
-1690
-1672
-1423
-1002
-468
123
687
1118
1372
1413
1221
784
142
-633
-1479
-2337
-3137
-3799
-4306
-4639
-4798
-4793
-4637
-4384
-4065
-3721
-3357
-3000
-2660
-2315
-1955
-1551
-1122
-637
-74
549
1214
1887
2563
3184
3708
4112
4378
4504
4475
4299
4003
3625
3184
2708
2234
1794
1393
1032
738
515
369
299
294
347
463
626
805
953
1038
1049
949
703
318
-182
-776
-1448
-2183
-2908
-3528
-4037
-4441
-4718
-4835
-4808
-4695
-4511
-4259
-3957
-3619
-3269
-2898
-2461
-1940
-1338
-659
94
913
1761
2585
3341
3971
4438
4721
4778
4626
4294
3830
3283
2702
2148
1667
1292
1043
941
973
1097
1287
1523
1751
1909
1992
1996
1857
1567
1166
698
174
-390
-899
-1280
-1547
-1675
-1613
-1358
-959
-493
14
513
891
1096
1111
925
529
-61
-795
-1591
-2391
-3142
-3776
-4254
-4548
-4672
-4633
-4448
-4150
-3785
-3393
-2993
-2600
-2230
-1885
-1535
-1170
-786
-378
65
557
1059
1554
2035
2468
2831
3109
3301
3414
3440
3380
3254
3075
2863
2607
2312
2009
1701
1384
1085
843
678
607
631
761
1001
1314
1652
1926
2102
2158
2025
1678
1128
420
-408
-1350
-2350
-3271
-4035
-4629
-5065
-5332
-5377
-5257
-5043
-4739
-4375
-3978
-3575
-3195
-2819
-2404
-1934
-1392
-778
-103
654
1455
2260
3020
3683
4237
4626
4806
4774
4569
4224
3746
3172
2558
1966
1443
1022
721
562
547
649
845
1103
1386
1633
1791
1833
1733
1474
1090
606
67
-476
-974
-1352
-1558
-1578
-1409
-1070
-610
-79
432
866
1170
1262
1110
727
134
-625
-1491
-2384
-3207
-3917
-4479
-4838
-4979
-4915
-4692
-4356
-3936
-3499
-3072
-2676
-2331
-2026
-1764
-1517
-1253
-935
-547
-80
471
1081
1734
2380
3002
3577
4059
4437
4676
4779
4737
4564
4272
3878
3404
2857
2292
1733
1206
748
382
141
16
3
121
336
608
894
1101
1208
1215
1044
671
126
-548
-1338
-2231
-3131
-3925
-4564
-5051
-5371
-5493
-5398
-5141
-4769
-4306
-3790
-3252
-2740
-2261
-1795
-1342
-883
-396
104
627
1183
1756
2337
2872
3334
3716
3989
4144
4150
4039
3851
3561
3170
2726
2292
1881
1511
1191
984
899
906
1017
1229
1510
1796
2025
2160
2166
2010
1674
1184
606
-34
-700
-1290
-1721
-1959
-2014
-1875
-1559
-1143
-719
-328
-12
142
92
-153
-555
-1098
-1744
-2412
-3034
-3588
-4030
-4325
-4470
-4465
-4329
-4101
-3793
-3445
-3086
-2721
-2369
-2035
-1714
-1406
-1086
-721
-313
140
637
1178
1746
2322
2892
3431
3907
4297
4568
4705
4722
4602
4354
4007
3568
3069
2534
2004
1530
1146
868
711
692
798
1007
1300
1613
1847
1960
1927
1695
1221
501
-375
-1383
-2516
-3673
-4712
-5552
-6194
-6624
-6800
-6696
-6379
-5921
-5343
-4678
-3990
-3330
-2719
-2132
-1554
-985
-400
201
835
1483
2150
2828
3472
4043
4521
4899
5138
5214
5151
4971
4654
4189
3619
2989
2343
1695
1099
607
254
39
-21
111
385
747
1129
1469
1704
1773
1647
1333
854
237
-436
-1093
-1652
-2053
-2242
-2201
-1953
-1551
-1069
-551
-79
259
419
351
50
-469
-1166
-1959
-2792
-3587
-4296
-4852
-5204
-5345
-5269
-4998
-4567
-4042
-3459
-2867
-2301
-1780
-1329
-947
-637
-359
-73
239
607
1044
1555
2146
2784
3443
4094
4678
5164
5503
5657
5634
5434
5066
4553
3928
3237
2535
1865
1261
771
440
271
251
367
633
987
1329
1575
1696
1655
1367
810
11
-945
-2041
-3241
-4435
-5462
-6257
-6818
-7129
-7141
-6863
-6396
-5787
-5084
-4338
-3617
-2963
-2392
-1882
-1431
-1002
-547
-62
473
1076
1760
2500
3236
3924
4567
5095
5452
5602
5557
5342
4912
4290
3565
2804
2050
1373
821
458
315
366
595
984
1469
1983
2429
2735
2865
2765
2424
1864
1131
295
-566
-1373
-2037
-2499
-2719
-2689
-2447
-2037
-1556
-1066
-638
-361
-282
-439
-829
-1411
-2127
-2927
-3715
-4420
-4992
-5386
-5550
-5483
-5217
-4785
-4237
-3625
-3017
-2449
-1945
-1529
-1209
-968
-761
-545
-296
38
492
1057
1736
2491
3284
4083
4818
5429
5884
6151
6207
6057
5732
5257
4676
4015
3323
2654
2041
1509
1066
742
542
459
477
586
782
1003
1178
1255
1199
979
559
-70
-875
-1794
-2798
-3848
-4840
-5654
-6238
-6596
-6736
-6633
-6305
-5825
-5254
-4647
-4033
-3449
-2928
-2473
-2053
-1634
-1174
-640
-52
612
1357
2163
2986
3762
4467
5064
5505
5739
5756
5588
5255
4759
4118
3410
2696
2018
1419
926
593
423
398
513
730
1038
1366
1621
1772
1769
1605
1264
747
101
-618
-1323
-1978
-2513
-2848
-2954
-2831
-2525
-2071
-1525
-966
-479
-139
16
-54
-353
-864
-1531
-2272
-3034
-3734
-4312
-4726
-4938
-4945
-4756
-4408
-3954
-3433
-2895
-2388
-1926
-1530
-1191
-903
-640
-359
-23
404
934
1569
2302
3116
3961
4791
5569
6231
6723
7013
7075
6896
6498
5912
5168
4316
3409
2503
1654
903
287
-161
-428
-532
-508
-352
-119
105
242
244
107
-216
-750
-1467
-2297
-3192
-4133
-5036
-5793
-6331
-6641
-6756
-6657
-6322
-5834
-5257
-4624
-3967
-3336
-2773
-2283
-1825
-1383
-938
-434
115
730
1432
2201
3014
3814
4551
5190
5694
6008
6094
5965
5666
5199
4560
3810
3049
2319
1665
1128
738
541
497
594
811
1102
1412
1661
1801
1793
1598
1206
657
-9
-754
-1517
-2189
-2720
-3073
-3203
-3099
-2783
-2333
-1822
-1300
-830
-509
-385
-472
-760
-1247
-1898
-2616
-3326
-3980
-4524
-4890
-5054
-5001
-4766
-4374
-3866
-3302
-2728
-2199
-1700
-1258
-889
-561
-253
74
457
913
1476
2147
2900
3712
4551
5378
6127
6751
7196
7436
7445
7212
6770
6131
5328
4408
3425
2443
1518
681
-13
-525
-853
-1006
-1014
-872
-637
-384
-178
-88
-138
-342
-738
-1316
-2022
-2814
-3652
-4501
-5268
-5867
-6289
-6525
-6606
-6503
-6209
-5817
-5339
-4817
-4275
-3717
-3195
-2700
-2180
-1641
-1052
-404
283
1040
1851
2683
3523
4301
4988
5569
5967
6177
6169
5958
5585
5044
4356
3605
2863
2163
1549
1054
719
548
519
615
812
1065
1300
1443
1455
1326
1041
605
52
-570
-1179
-1733
-2165
-2418
-2463
-2286
-1939
-1454
-894
-345
143
480
629
549
223
-306
-1012
-1820
-2665
-3471
-4181
-4745
-5128
-5312
-5291
-5099
-4773
-4353
-3870
-3365
-2863
-2370
-1885
-1416
-955
-457
104
732
1432
2213
3045
3912
4770
5585
6314
6898
7303
7504
7486
7217
6721
6051
5219
4261
3241
2228
1281
458
-213
-705
-982
-1078
-1041
-896
-702
-565
-552
-685
-986
-1492
-2188
-2996
-3853
-4727
-5580
-6301
-6785
-7034
-7077
-6923
-6543
-5975
-5312
-4603
-3865
-3124
-2428
-1803
-1214
-634
-65
526
1141
1781
2450
3135
3819
4467
5035
5493
5822
5988
5959
5742
5375
4868
4222
3467
2697
1964
1300
737
316
81
0
40
211
487
798
1082
1294
1404
1383
1229
958
601
175
-273
-687
-1027
-1241
-1336
-1292
-1127
-880
-606
-352
-145
-53
-110
-346
-767
-1346
-2055
-2865
-3700
-4478
-5174
-5737
-6120
-6290
-6252
-6031
-5644
-5115
-4502
-3843
-3155
-2462
-1773
-1109
-453
213
889
1573
2270
2982
3696
4384
5020
5602
6102
6481
6724
6811
6745
6521
6144
5624
4979
4239
3423
2546
1662
819
56
-596
-1115
-1459
-1625
-1619
-1482
-1231
-928
-668
-483
-406
-479
-747
-1173
-1712
-2339
-3048
-3755
-4331
-4756
-5044
-5195
-5160
-4932
-4583
-4163
-3685
-3152
-2620
-2134
-1677
-1227
-780
-330
145
654
1194
1768
2370
2984
3555
4053
4466
4760
4893
4848
4661
4346
3889
3309
2675
2052
1457
915
485
181
2
-75
-41
94
287
478
637
756
755
632
408
120
-247
-676
-1088
-1415
-1649
-1785
-1771
-1605
-1327
-1021
-700
-394
-162
-71
-157
-377
-750
-1284
-1923
-2589
-3238
-3840
-4358
-4717
-4904
-4935
-4796
-4497
-4059
-3540
-2974
-2361
-1724
-1109
-527
51
625
1192
1752
2330
2949
3577
4193
4803
5385
5899
6311
6596
6742
6717
6495
6107
5580
4907
4117
3235
2315
1401
515
-303
-1014
-1599
-2044
-2328
-2447
-2435
-2310
-2074
-1793
-1558
-1384
-1264
-1229
-1346
-1599
-1931
-2326
-2803
-3336
-3777
-4087
-4315
-4467
-4491
-4340
-4058
-3721
-3326
-2856
-2364
-1899
-1472
-1042
-625
-223
174
581
996
1401
1828
2276
2702
3066
3392
3669
3831
3884
3822
3663
3394
2999
2538
2058
1579
1114
718
436
268
201
257
429
676
960
1229
1471
1640
1695
1654
1525
1306
993
635
295
-28
-307
-510
-634
-692
-719
-729
-721
-737
-836
-1021
-1294
-1665
-2135
-2676
-3248
-3804
-4345
-4829
-5179
-5389
-5428
-5297
-5000
-4529
-3935
-3251
-2482
-1664
-837
-60
678
1371
2001
2569
3080
3557
3979
4349
4688
4986
5232
5396
5473
5464
5358
5112
4749
4312
3786
3162
2429
1678
930
159
-623
-1333
-1922
-2424
-2833
-3076
-3080
-2947
-2717
-2335
-1786
-1220
-756
-309
119
370
347
166
-78
-484
-1128
-1819
-2369
-2863
-3379
-3784
-3911
-3831
-3724
-3532
-3149
-2673
-2264
-1923
-1524
-1100
-809
-579
-271
84
400
714
1156
1710
2197
2641
3157
3671
4026
4189
4283
4308
4109
3681
3218
2767
2230
1619
1113
817
605
438
440
655
938
1158
1388
1669
1843
1781
1555
1287
909
331
-332
-913
-1400
-1883
-2290
-2483
-2488
-2447
-2382
-2196
-1964
-1840
-1868
-1964
-2127
-2456
-2941
-3446
-3900
-4337
-4732
-4953
-4936
-4745
-4404
-3874
-3149
-2317
-1476
-639
204
980
1615
2125
2571
2954
3241
3476
3716
3975
4237
4487
4743
4999
5202
5300
5281
5158
4897
4466
3894
3222
2464
1614
725
-129
-919
-1657
-2312
-2808
-3128
-3303
-3321
-3115
-2709
-2184
-1556
-816
-11
702
1272
1724
2006
2006
1717
1252
648
-133
-1064
-1940
-2662
-3286
-3821
-4177
-4278
-4246
-4176
-4033
-3811
-3589
-3454
-3376
-3262
-3134
-3009
-2797
-2430
-1909
-1270
-487
474
1521
2524
3489
4380
5103
5553
5725
5695
5448
4939
4236
3495
2781
2096
1478
1047
867
842
921
1139
1497
1856
2088
2197
2214
2061
1662
1088
452
-221
-965
-1698
-2254
-2615
-2848
-2951
-2838
-2538
-2202
-1883
-1562
-1264
-1110
-1162
-1348
-1642
-2070
-2617
-3165
-3630
-4012
-4281
-4361
-4187
-3807
-3280
-2596
-1769
-897
-77
679
1378
1945
2335
2596
2783
2909
2964
2994
3086
3246
3419
3584
3782
4007
4157
4179
4089
3913
3581
3058
2409
1720
983
161
-638
-1322
-1904
-2427
-2832
-3034
-3058
-2988
-2804
-2414
-1854
-1263
-663
37
769
1364
1753
2040
2224
2154
1777
1256
711
31
-828
-1670
-2348
-2939
-3538
-4043
-4329
-4486
-4657
-4795
-4799
-4720
-4664
-4589
-4358
-3991
-3560
-2986
-2198
-1240
-194
911
2133
3376
4459
5359
6115
6670
6887
6766
6460
6013
5336
4497
3702
3006
2361
1793
1410
1248
1174
1129
1169
1263
1280
1165
966
695
288
-263
-844
-1388
-1921
-2420
-2786
-2968
-3018
-2950
-2744
-2424
-2049
-1715
-1422
-1173
-1061
-1115
-1295
-1574
-1943
-2384
-2824
-3191
-3462
-3627
-3645
-3478
-3142
-2686
-2137
-1503
-844
-218
349
845
1243
1532
1733
1860
1949
2025
2120
2268
2472
2735
3047
3387
3718
4001
4204
4275
4195
3951
3547
3002
2332
1597
833
85
-583
-1158
-1596
-1889
-2039
-2054
-1960
-1778
-1539
-1251
-945
-629
-317
-14
291
598
886
1118
1290
1405
1432
1329
1088
714
209
-447
-1243
-2096
-2956
-3801
-4617
-5366
-5955
-6359
-6597
-6639
-6475
-6094
-5524
-4794
-3909
-2885
-1786
-646
513
1617
2657
3598
4427
5108
5608
5963
6172
6239
6160
5973
5711
5370
4961
4495
4016
3533
3032
2515
2009
1531
1060
601
177
-206
-561
-889
-1201
-1478
-1712
-1910
-2074
-2204
-2277
-2302
-2290
-2228
-2130
-1999
-1864
-1748
-1639
-1572
-1550
-1566
-1612
-1705
-1819
-1929
-2019
-2066
-2063
-2003
-1877
-1714
-1519
-1285
-1034
-791
-586
-409
-263
-133
-28
67
188
341
532
774
1091
1471
1891
2328
2765
3169
3514
3764
3894
3900
3770
3502
3117
2633
2078
1507
959
461
27
-321
-558
-690
-753
-784
-781
-763
-789
-865
-973
-1099
-1214
-1316
-1347
-1252
-1029
-688
-246
257
769
1215
1528
1667
1549
1152
500
-361
-1416
-2601
-3754
-4798
-5672
-6341
-6722
-6763
-6506
-5988
-5267
-4376
-3372
-2373
-1412
-494
339
1083
1724
2276
2785
3246
3683
4127
4548
4967
5370
5704
5968
6129
6156
6043
5756
5263
4609
3825
2927
1964
986
49
-785
-1472
-1988
-2317
-2440
-2394
-2216
-1943
-1636
-1330
-1082
-934
-889
-947
-1122
-1386
-1690
-1987
-2250
-2438
-2510
-2445
-2255
-1956
-1565
-1120
-662
-246
88
307
385
324
127
-200
-588
-1002
-1401
-1734
-1958
-2042
-1985
-1767
-1407
-946
-408
164
718
1207
1604
1906
2096
2163
2144
2061
1955
1881
1829
1829
1899
2007
2152
2299
2420
2488
2445
2285
2009
1613
1132
581
6
-556
-1084
-1507
-1815
-2011
-2063
-1979
-1772
-1478
-1106
-666
-197
249
654
992
1226
1318
1253
1042
682
177
-454
-1138
-1835
-2538
-3206
-3745
-4115
-4342
-4437
-4386
-4171
-3843
-3457
-3031
-2572
-2098
-1637
-1184
-723
-237
289
875
1516
2195
2910
3640
4343
4961
5453
5796
5954
5881
5581
5069
4382
3551
2613
1632
674
-206
-968
-1565
-1978
-2198
-2244
-2131
-1885
-1565
-1218
-894
-631
-464
-414
-476
-625
-838
-1065
-1270
-1411
-1440
-1368
-1163
-837
-446
-10
415
787
1059
1190
1171
999
693
277
-213
-725
-1214
-1634
-1964
-2174
-2248
-2187
-2013
-1758
-1441
-1096
-759
-455
-199
-10
121
207
266
334
432
605
857
1188
1607
2085
2586
3058
3461
3740
3867
3799
3527
3082
2475
1754
980
220
-464
-1040
-1468
-1720
-1813
-1773
-1642
-1472
-1290
-1161
-1115
-1155
-1273
-1449
-1664
-1861
-2005
-2062
-1994
-1791
-1464
-1079
-668
-234
149
416
538
512
362
41
-417
-918
-1416
-1869
-2260
-2552
-2672
-2631
-2457
-2144
-1716
-1195
-617
-38
532
1061
1523
1921
2225
2438
2571
2639
2674
2673
2636
2604
2596
2593
2594
2576
2561
2524
2397
2193
1910
1552
1122
620
104
-372
-797
-1124
-1335
-1389
-1295
-1091
-793
-437
-58
271
521
674
706
595
366
61
-306
-705
-1091
-1416
-1652
-1802
-1841
-1760
-1593
-1374
-1141
-897
-685
-545
-487
-523
-651
-876
-1174
-1503
-1825
-2119
-2347
-2467
-2462
-2318
-2038
-1622
-1081
-488
136
762
1339
1851
2251
2533
2705
2766
2742
2651
2533
2423
2326
2255
2229
2238
2268
2292
2276
2213
2061
1801
1433
955
396
-244
-912
-1560
-2153
-2666
-3062
-3303
-3391
-3327
-3131
-2795
-2351
-1863
-1363
-851
-354
74
399
636
804
880
865
780
670
533
355
170
-18
-189
-348
-504
-665
-813
-964
-1123
-1275
-1418
-1539
-1645
-1710
-1722
-1676
-1550
-1329
-1014
-627
-169
364
940
1506
2041
2509
2881
3125
3209
3147
2956
2659
2274
1843
1437
1091
823
670
637
720
879
1093
1335
1537
1657
1679
1574
1332
961
486
-32
-575
-1112
-1589
-1955
-2202
-2328
-2318
-2182
-1952
-1683
-1390
-1104
-855
-677
-604
-608
-668
-805
-992
-1186
-1366
-1527
-1647
-1708
-1695
-1612
-1478
-1303
-1089
-853
-615
-369
-124
105
319
516
707
896
1082
1270
1475
1690
1906
2119
2335
2539
2707
2825
2880
2867
2755
2546
2250
1860
1390
857
285
-296
-849
-1368
-1829
-2191
-2473
-2681
-2803
-2854
-2829
-2766
-2660
-2502
-2303
-2062
-1769
-1418
-1006
-548
-50
485
996
1487
1924
2275
2515
2611
2569
2389
2051
1564
980
339
-342
-1049
-1713
-2289
-2762
-3125
-3361
-3444
-3385
-3219
-2959
-2598
-2171
-1691
-1176
-652
-115
421
943
1448
1927
2367
2785
3163
3474
3725
3911
4032
4075
4024
3889
3690
3419
3073
2677
2252
1803
1340
881
447
44
-314
-639
-926
-1185
-1400
-1571
-1748
-1904
-2048
-2187
-2309
-2442
-2544
-2600
-2625
-2596
-2489
-2299
-2029
-1692
-1299
-871
-440
-36
305
562
706
727
633
425
125
-217
-572
-909
-1192
-1391
-1478
-1450
-1316
-1083
-780
-416
-25
350
712
1043
1316
1536
1712
1848
1958
2032
2096
2144
2165
2169
2142
2065
1933
1745
1487
1159
779
347
-118
-583
-1046
-1481
-1858
-2175
-2420
-2579
-2649
-2631
-2522
-2329
-2054
-1692
-1252
-755
-219
362
949
1501
1991
2396
2700
2868
2854
2686
2388
1951
1384
731
42
-640
-1299
-1926
-2463
-2899
-3236
-3465
-3604
-3643
-3584
-3441
-3227
-2932
-2556
-2104
-1579
-975
-324
365
1094
1830
2529
3170
3746
4222
4568
4770
4836
4765
4556
4213
3759
3236
2671
2078
1482
922
413
-51
-449
-780
-1052
-1276
-1464
-1631
-1768
-1897
-2016
-2122
-2211
-2290
-2351
-2352
-2286
-2164
-1973
-1699
-1344
-946
-531
-90
337
712
997
1194
1298
1267
1128
896
593
237
-151
-537
-879
-1175
-1404
-1538
-1580
-1544
-1448
-1277
-1056
-818
-571
-322
-80
140
336
515
691
865
1038
1225
1417
1607
1791
1957
2086
2155
2157
2074
1896
1632
1279
849
373
-127
-626
-1094
-1519
-1859
-2112
-2265
-2319
-2285
-2166
-1984
-1762
-1500
-1204
-901
-593
-273
78
434
797
1177
1562
1931
2245
2510
2690
2741
2656
2434
2069
1548
886
120
-697
-1532
-2341
-3073
-3671
-4104
-4363
-4424
-4290
-3974
-3517
-2942
-2288
-1601
-898
-204
462
1079
1644
2164
2640
3062
3439
3774
4049
4237
4331
4326
4211
3969
3594
3101
2515
1854
1142
416
-276
-903
-1450
-1871
-2152
-2302
-2344
-2278
-2107
-1898
-1678
-1448
-1230
-1072
-982
-939
-906
-899
-915
-901
-827
-697
-529
-295
16
353
665
959
1222
1399
1459
1394
1239
967
584
137
-341
-816
-1282
-1699
-2026
-2247
-2368
-2378
-2274
-2077
-1796
-1463
-1095
-694
-315
52
409
724
1010
1250
1476
1683
1847
1993
2120
2213
2266
2265
2207
2084
1884
1611
1264
853
403
-82
-582
-1059
-1488
-1858
-2151
-2339
-2416
-2393
-2267
-2050
-1757
-1395
-988
-557
-119
309
722
1104
1457
1757
1990
2160
2248
2246
2157
1971
1698
1341
905
398
-152
-717
-1280
-1813
-2294
-2712
-3038
-3250
-3359
-3344
-3207
-2959
-2595
-2144
-1621
-1034
-409
228
850
1439
1982
2459
2852
3152
3359
3457
3454
3355
3168
2916
2588
2206
1781
1327
865
402
-35
-432
-779
-1060
-1274
-1402
-1464
-1452
-1367
-1253
-1113
-957
-812
-681
-560
-470
-407
-352
-300
-238
-158
-55
74
220
378
536
681
806
879
885
818
682
470
174
-165
-540
-939
-1336
-1708
-2021
-2260
-2424
-2501
-2481
-2383
-2210
-1957
-1645
-1288
-904
-507
-101
297
681
1032
1362
1665
1910
2105
2256
2354
2398
2382
2309
2179
1996
1751
1461
1133
759
364
-41
-442
-828
-1175
-1468
-1689
-1839
-1915
-1901
-1807
-1635
-1401
-1119
-810
-472
-122
210
525
827
1091
1314
1488
1630
1725
1765
1765
1706
1602
1444
1226
967
675
331
-36
-415
-804
-1175
-1527
-1829
-2072
-2266
-2399
-2449
-2426
-2334
-2183
-1971
-1701
-1401
-1073
-724
-349
23
380
732
1056
1358
1622
1833
1985
2072
2087
2030
1906
1722
1469
1173
853
516
191
-102
-347
-536
-673
-739
-731
-673
-570
-428
-263
-91
71
210
324
433
511
550
571
584
595
596
607
613
626
629
613
570
501
410
260
85
-127
-382
-654
-931
-1201
-1467
-1717
-1930
-2085
-2200
-2255
-2247
-2166
-2026
-1844
-1590
-1283
-943
-579
-199
176
553
900
1213
1502
1725
1892
2008
2060
2051
1981
1862
1690
1479
1240
960
668
369
67
-213
-477
-707
-888
-1021
-1114
-1151
-1120
-1044
-921
-761
-575
-367
-154
44
230
399
533
633
708
763
796
803
812
821
828
841
850
846
837
801
726
610
454
254
-6
-287
-589
-910
-1232
-1525
-1765
-1970
-2118
-2206
-2227
-2181
-2092
-1963
-1787
-1579
-1351
-1095
-828
-542
-247
33
321
613
872
1115
1314
1466
1574
1612
1614
1561
1457
1318
1163
1008
860
728
643
605
597
646
736
853
978
1103
1211
1283
1316
1264
1172
1056
894
690
463
247
41
-158
-321
-440
-523
-602
-654
-685
-721
-740
-776
-836
-902
-1005
-1098
-1178
-1284
-1369
-1447
-1473
-1433
-1401
-1324
-1213
-1073
-883
-699
-527
-353
-204
-74
33
109
172
212
244
267
298
342
390
454
507
560
610
653
675
667
635
598
547
492
432
368
327
298
287
296
309
326
358
383
405
401
372
341
292
226
141
38
-68
-169
-263
-347
-399
-431
-442
-422
-386
-319
-243
-168
-87
-24
21
38
27
-2
-68
-163
-267
-372
-474
-567
-654
-702
-716
-716
-691
-638
-560
-471
-390
-303
-204
-118
-41
27
102
175
242
316
391
477
565
642
728
799
855
909
948
966
960
935
905
859
797
734
670
603
539
459
377
313
238
146
53
-32
-114
-220
-341
-435
-519
-616
-700
-771
-805
-836
-853
-821
-781
-731
-670
-599
-512
-438
-391
-332
-288
-264
-246
-246
-246
-264
-301
-340
-362
-390
-424
-439
-445
-442
-424
-390
-324
-241
-151
-44
76
203
333
462
594
717
818
913
1019
1111
1175
1222
1247
1272
1284
1258
1220
1162
1090
1008
893
758
612
443
260
67
-146
-372
-586
-797
-1015
-1205
-1357
-1479
-1565
-1638
-1644
-1587
-1504
-1389
-1263
-1103
-905
-710
-515
-323
-134
44
206
356
491
605
677
729
763
760
741
701
629
529
402
273
139
-9
-168
-317
-441
-557
-642
-685
-688
-646
-572
-466
-311
-125
57
257
463
652
818
952
1063
1142
1170
1163
1130
1060
975
879
764
656
547
451
373
293
229
170
112
57
-17
-94
-176
-271
-384
-497
-599
-690
-768
-844
-887
-895
-886
-852
-805
-730
-637
-540
-444
-346
-253
-185
-127
-82
-68
-70
-84
-112
-163
-224
-282
-337
-383
-418
-439
-427
-398
-346
-265
-164
-34
105
249
410
569
724
864
998
1122
1224
1307
1363
1413
1427
1408
1368
1280
1179
1056
885
684
456
203
-72
-368
-662
-963
-1252
-1527
-1781
-1991
-2171
-2299
-2385
-2431
-2412
-2341
-2226
-2068
-1877
-1643
-1370
-1072
-745
-404
-39
346
737
1118
1495
1859
2184
2468
2678
2838
2923
2897
2789
2587
2301
1954
1547
1086
601
113
-347
-776
-1154
-1468
-1701
-1848
-1932
-1926
-1843
-1690
-1478
-1240
-970
-665
-359
-61
228
495
738
945
1112
1240
1338
1375
1368
1318
1222
1097
931
745
540
314
87
-135
-348
-535
-700
-850
-960
-1041
-1088
-1098
-1096
-1070
-1017
-954
-886
-805
-700
-584
-470
-354
-230
-87
50
179
314
434
531
619
673
691
683
634
566
472
349
216
78
-45
-177
-304
-395
-468
-524
-545
-537
-505
-445
-371
-270
-143
-8
133
284
439
583
723
844
950
1033
1075
1083
1055
980
868
716
524
306
55
-222
-483
-736
-989
-1211
-1402
-1560
-1679
-1745
-1762
-1733
-1657
-1539
-1388
-1205
-991
-758
-507
-233
44
322
610
902
1192
1463
1729
1973
2185
2352
2451
2504
2488
2383
2186
1911
1567
1162
710
237
-241
-706
-1132
-1499
-1786
-1996
-2108
-2142
-2092
-1979
-1818
-1590
-1360
-1127
-900
-686
-472
-289
-139
-9
116
214
295
384
462
539
590
622
642
631
589
513
408
273
114
-48
-204
-334
-434
-488
-495
-448
-347
-205
-21
166
362
543
691
809
888
925
922
888
825
753
677
600
537
488
451
420
405
397
359
308
252
166
45
-91
-238
-386
-545
-707
-830
-912
-972
-1007
-998
-956
-862
-754
-646
-509
-377
-249
-144
-56
17
56
81
94
82
57
23
-17
-63
-113
-167
-219
-264
-308
-341
-377
-400
-417
-427
-422
-413
-398
-373
-335
-285
-221
-146
-56
51
158
272
398
517
641
762
834
914
986
1035
1066
1038
1003
970
898
819
705
571
452
332
220
110
4
-88
-159
-227
-295
-340
-378
-433
-480
-533
-567
-588
-633
-654
-662
-654
-626
-595
-533
-463
-391
-312
-235
-156
-94
-51
-14
3
7
-3
-26
-44
-72
-99
-112
-109
-89
-58
-7
54
132
219
299
366
431
484
520
536
533
530
505
461
420
390
351
310
285
269
253
228
215
219
215
195
166
134
102
60
4
-36
-80
-127
-161
-192
-216
-241
-267
-283
-303
-331
-354
-380
-401
-431
-471
-492
-504
-519
-520
-512
-496
-458
-430
-389
-341
-299
-249
-211
-168
-123
-85
-51
-22
9
38
60
92
125
161
193
226
270
303
330
360
388
408
417
421
437
443
443
449
449
441
435
427
407
392
365
326
288
246
186
126
67
6
-60
-125
-180
-233
-278
-314
-351
-368
-381
-395
-396
-393
-370
-350
-331
-302
-277
-246
-226
-196
-169
-150
-137
-125
-108
-102
-94
-88
-83
-79
-75
-72
-67
-58
-54
-47
-36
-18
1
16
43
69
92
123
151
182
211
232
248
276
294
309
321
330
336
323
308
303
293
270
244
222
197
170
141
118
101
78
58
33
15
1
-30
-57
-81
-114
-145
-181
-207
-236
-265
-286
-307
-316
-332
-336
-329
-324
-326
-312
-293
-275
-252
-235
-212
-189
-165
-147
-122
-96
-75
-65
-48
-31
-19
5
13
25
40
45
60
66
79
102
111
130
154
176
193
218
241
262
283
295
304
309
307
304
297
279
254
225
196
159
112
67
28
-13
-52
-81
-102
-120
-133
-138
-143
-140
-133
-135
-134
-130
-130
-129
-131
-134
-135
-141
-142
-136
-136
-134
-128
-123
-114
-107
-94
-81
-73
-56
-39
-27
-12
-4
3
7
11
15
14
9
11
12
6
13
23
29
35
48
58
69
82
97
113
122
128
129
128
133
124
120
110
91
80
67
62
52
34
26
30
26
20
19
19
16
15
20
24
25
31
30
32
27
16
13
2
-15
-31
-45
-65
-75
-87
-96
-105
-109
-114
-117
-109
-110
-100
-95
-94
-90
-86
-76
-77
-83
-89
-89
-81
-83
-89
-88
-89
-91
-86
-81
-80
-74
-71
-62
-49
-38
-22
-3
12
29
50
72
94
105
117
134
147
157
158
159
167
170
161
150
147
139
130
119
114
110
100
89
80
71
56
40
32
19
3
-16
-29
-38
-58
-74
-78
-91
-99
-103
-103
-97
-97
-92
-92
-83
-71
-63
-54
-50
-44
-36
-31
-27
-18
-17
-11
-6
-10
-14
-18
-28
-39
-50
-63
-78
-93
-104
-117
-124
-134
-141
-131
-122
-103
-76
-54
-25
13
49
87
124
159
193
216
238
279
307
316
331
333
346
360
349
344
327
307
293
260
214
167
107
45
-19
-91
-165
-231
-303
-379
-437
-478
-515
-546
-575
-589
-586
-574
-558
-549
-525
-485
-448
-409
-369
-325
-276
-218
-161
-109
-61
-12
47
94
134
177
214
247
279
302
326
354
372
386
404
422
435
454
470
483
491
495
492
492
489
479
464
447
419
382
353
320
274
226
181
133
80
33
-26
-86
-136
-196
-253
-300
-351
-394
-443
-482
-507
-535
-556
-566
-565
-558
-547
-531
-506
-468
-424
-379
-335
-292
-250
-201
-151
-105
-70
-35
1
24
50
62
77
87
86
93
92
94
90
92
94
104
116
126
151
185
219
250
285
321
354
380
403
424
431
434
434
428
411
395
369
331
304
272
244
212
174
139
91
51
6
-45
-89
-134
-186
-239
-289
-327
-355
-387
-406
-414
-428
-430
-429
-422
-409
-403
-384
-360
-340
-313
-288
-264
-231
-205
-182
-158
-135
-104
-75
-57
-34
-10
11
30
49
63
81
92
105
117
134
146
165
182
193
215
226
253
275
286
310
323
331
341
344
355
356
354
342
325
313
299
273
236
201
166
131
89
49
9
-34
-79
-126
-168
-207
-243
-274
-302
-334
-354
-364
-375
-382
-382
-377
-355
-329
-305
-271
-239
-194
-148
-112
-73
-37
-5
26
47
63
78
91
96
94
93
92
88
82
68
63
48
42
35
17
22
20
19
21
24
31
43
51
64
80
92
107
119
130
146
147
147
150
146
141
121
100
93
80
64
37
24
10
-12
-21
-30
-45
-60
-68
-76
-83
-86
-89
-88
-94
-100
-103
-102
-100
-95
-91
-84
-78
-75
-59
-47
-45
-40
-31
-24
-21
-24
-25
-26
-34
-39
-39
-38
-35
-37
-34
-25
-22
-15
-2
9
23
39
53
59
73
88
97
109
122
131
147
155
153
159
160
159
152
144
139
125
102
83
60
30
0
-31
-61
-92
-117
-146
-172
-190
-209
-220
-227
-235
-236
-229
-223
-214
-206
-191
-166
-146
-123
-98
-75
-46
-22
0
26
45
69
88
104
123
131
141
143
140
136
132
122
111
104
96
85
75
77
71
61
60
58
54
49
44
45
44
38
39
40
42
44
43
40
40
38
38
40
36
34
31
28
27
22
18
8
0
-11
-22
-26
-38
-47
-56
-66
-66
-73
-80
-79
-82
-80
-85
-90
-91
-93
-86
-85
-82
-73
-68
-59
-48
-48
-50
-45
-41
-40
-39
-43
-46
-47
-42
-45
-42
-43
-44
-37
-32
-23
-16
-1
14
25
36
45
57
67
79
92
96
106
110
108
116
123
124
119
122
124
114
105
96
80
68
56
39
16
-2
-13
-33
-50
-66
-73
-79
-86
-93
-98
-101
-101
-100
-103
-98
-93
-89
-76
-66
-49
-36
-23
-4
5
17
27
34
42
44
45
51
51
53
51
45
41
37
29
21
18
17
8
7
5
1
-1
-8
-9
-15
-17
-24
-22
-17
-24
-19
-15
-10
-1
6
9
16
20
15
18
23
18
11
16
13
9
6
2
-3
-6
-4
-7
-8
-8
-14
-10
-4
-4
-7
-6
-5
-10
-14
-12
-10
-13
-12
-8
-4
1
0
-4
-1
-1
-6
-7
-10
-15
-14
-17
-25
-33
-36
-32
-35
-35
-34
-34
-28
-24
-21
-18
-14
-9
-3
2
9
17
24
38
52
63
70
76
92
100
101
101
95
94
90
68
52
38
23
7
-10
-21
-36
-49
-57
-55
-59
-64
-64
-70
-73
-77
-81
-85
-81
-75
-76
-68
-55
-54
-42
-22
-12
1
12
26
37
36
40
39
39
47
43
35
39
38
34
31
28
29
23
21
25
23
14
6
8
4
2
3
-3
-7
-12
-12
-6
-2
4
10
11
14
20
16
14
15
10
8
5
1
1
1
4
-3
-5
-2
-4
-7
-9
-5
-10
-17
-15
-16
-21
-18
-15
-10
-9
-11
-9
-10
-10
-11
-12
-7
-6
-16
-16
-12
-15
-19
-20
-13
-11
-17
-16
-16
-18
-20
-19
-17
-19
-20
-10
-10
-19
-13
-16
-15
-15
-19
-13
-9
-4
6
10
21
33
38
53
64
66
71
74
69
66
66
61
57
49
46
41
35
33
28
23
9
5
4
-5
-14
-21
-23
-34
-39
-44
-51
-51
-51
-53
-50
-49
-48
-41
-38
-31
-16
-10
-6
2
-1
-6
-2
-3
-8
-19
-18
-11
-10
-7
-10
-9
-4
-6
-4
3
10
6
4
3
2
10
2
3
4
2
-3
-11
-3
-3
-3
-2
-3
2
2
3
11
12
9
11
8
1
1
6
6
7
6
11
14
13
19
19
20
19
14
13
12
11
13
14
18
23
25
29
22
21
26
16
14
8
2
3
-4
-8
-17
-17
-22
-25
-24
-29
-28
-34
-35
-38
-38
-37
-39
-43
-37
-32
-36
-35
-34
-27
-19
-14
-10
-2
-1
4
9
9
15
17
19
19
17
27
28
22
24
23
20
22
24
19
18
15
13
13
4
1
-1
-5
-6
-16
-11
-7
-12
-11
-13
-6
-2
-1
6
5
1
3
5
7
11
7
8
11
13
16
22
18
20
21
16
14
10
13
15
12
14
9
6
6
3
-3
-5
0
-8
-11
-12
-19
-20
-23
-24
-20
-24
-22
-23
-26
-27
-24
-23
-23
-18
-23
-22
-16
-17
-18
-9
-8
-9
-8
-2
1
-5
-9
-5
5
2
0
2
6
14
16
18
21
25
25
25
26
22
22
15
7
7
1
1
7
9
13
9
11
12
7
3
0
-4
-18
-16
-21
-30
-21
-25
-22
-17
-11
-3
-1
-1
5
11
14
14
14
18
20
20
19
17
20
26
18
21
23
16
18
22
21
13
7
2
-7
-11
-15
-20
-28
-34
-29
-29
-31
-30
-30
-29
-29
-22
-22
-25
-17
-14
-16
-15
-15
-15
-14
-13
-7
-2
5
12
15
20
25
23
25
25
24
26
24
21
15
8
3
0
2
9
2
3
10
10
5
4
3
3
0
-7
-11
-11
-10
-16
-10
-13
-10
-5
-8
-2
3
4
4
0
4
4
0
2
-7
-7
-6
-9
-8
-10
-11
-10
-4
0
2
5
8
5
3
1
7
9
6
11
13
15
12
7
10
8
11
14
8
-1
0
-2
-14
-11
-10
-15
-17
-18
-18
-13
-14
-16
-7
-16
-10
3
-1
2
7
8
7
2
1
6
5
3
3
1
0
5
3
5
9
5
7
6
7
8
2
3
1
-6
-9
-7
-5
-3
-5
-13
-14
-6
-1
0
-2
-4
3
7
8
6
10
9
3
6
2
6
9
11
16
14
16
16
11
7
2
-1
-7
0
-2
-10
-6
-12
-14
-13
-14
-6
-12
-13
-12
-11
-6
-13
-15
-11
-10
-14
-20
-17
-15
-17
-13
-11
-6
-9
-3
2
0
5
11
9
1
1
4
5
7
9
11
11
7
12
14
8
10
9
16
9
6
12
11
17
12
10
14
11
16
17
15
16
18
17
15
16
14
14
17
12
4
5
4
-1
-4
-4
0
-5
-10
-7
-10
-23
-24
-25
-32
-32
-35
-30
-25
-27
-23
-20
-18
-14
-9
-9
-11
-12
-8
-6
-7
-13
-16
-15
-17
-13
-11
-10
-7
-10
-6
-2
-1
3
6
12
15
15
11
11
16
13
9
2
6
17
20
21
20
22
22
18
24
27
21
17
14
13
14
15
15
13
11
6
6
5
3
9
3
2
5
0
0
1
-5
-8
-5
-8
-12
-10
-12
-10
-10
-14
-14
-14
-10
-12
-12
-19
-15
-16
-22
-15
-17
-13
-15
-20
-19
-18
-12
-12
-13
-9
-7
-6
-9
-4
5
3
3
8
12
14
16
15
22
29
25
22
22
23
22
24
25
19
17
13
9
11
10
9
1
0
-3
-10
-6
-13
-13
-14
-19
-17
-16
-19
-24
-19
-19
-21
-23
-22
-21
-21
-18
-21
-18
-14
-16
-8
1
-2
5
6
2
3
-1
1
1
1
3
5
2
13
13
20
22
10
28
22
12
15
17
13
10
10
11
15
18
24
24
23
23
20
20
19
19
20
11
5
4
-4
-3
-11
-14
-11
-14
-11
-13
-12
-13
-17
-22
-22
-20
-18
-18
-16
-14
-16
-13
-15
-15
-17
-18
-14
-16
-18
-15
-12
-14
-8
-9
-18
-16
-10
-13
-16
-12
-7
-5
-3
3
-2
0
7
6
8
12
16
17
22
23
20
24
25
22
25
23
22
21
22
27
28
29
27
27
30
21
14
18
12
12
6
7
11
-1
-3
-10
-8
-7
-14
-16
-19
-23
-25
-24
-24
-23
-25
-26
-25
-25
-24
-26
-26
-19
-21
-23
-13
-12
-13
-11
-7
-4
-4
-10
-9
-6
-8
-6
-3
-5
-5
1
5
9
13
15
11
15
15
13
12
13
16
15
17
15
20
22
17
18
13
7
10
4
3
8
5
2
-2
0
-1
0
3
3
8
6
0
0
1
3
3
-2
-4
-8
-11
-8
-2
-6
-2
3
2
4
2
2
-1
5
2
-2
-3
-4
-4
-7
-5
-9
-3
-3
-6
-6
-11
-3
-1
-2
-1
-3
-2
-2
-5
-6
-6
-5
-3
2
1
-5
-1
6
0
1
4
3
4
3
1
1
-1
-10
-7
-7
-5
-9
-1
5
1
6
4
1
-3
-6
-15
-16
-10
-11
-11
-14
-11
-8
-7
-4
-3
-4
-1
1
1
2
0
3
7
6
9
8
10
13
16
9
4
5
7
2
-4
4
5
5
5
7
6
11
17
14
15
18
13
6
8
9
11
12
7
11
10
5
3
4
7
6
3
5
8
4
1
2
2
-1
-6
-7
-9
-10
-11
-14
-13
-13
-15
-17
-15
-15
-25
-24
-17
-14
-15
-11
-12
-15
-11
-11
-9
-5
-4
-5
-5
-6
-4
-4
-6
-11
-10
-6
-6
-6
-3
-3
-2
1
4
9
10
16
15
8
8
3
5
6
4
2
4
13
12
13
15
17
16
13
12
15
12
8
11
11
13
12
9
9
5
5
4
4
5
-2
-5
2
-3
-3
-1
1
-3
-6
-2
-11
-8
-8
-8
-8
-17
-12
-10
-14
-9
-12
-13
-10
-12
-11
-12
-11
-10
-8
-8
-10
-6
-5
-8
-6
-1
-2
-3
1
6
5
4
6
8
6
8
6
1
10
10
15
15
13
16
12
17
18
10
8
6
-1
0
4
-4
-3
5
2
-2
1
4
1
0
3
1
-4
-6
-11
-9
-9
-6
-2
2
7
1
2
0
5
1
0
0
-1
5
-5
-7
-3
-8
-7
-9
-13
-15
-11
-14
-19
-14
-13
-12
-8
-7
-9
-14
-7
-8
-11
-8
-7
-6
-4
-3
0
9
11
8
11
13
14
14
10
6
10
11
8
7
9
16
14
13
14
10
13
11
3
4
1
0
2
-4
-6
-2
0
0
6
5
6
8
2
2
8
7
4
-2
-6
-5
-3
4
-1
-2
-1
-1
1
-1
-3
-6
-7
-9
-9
-9
-9
-6
-10
-9
-2
-2
-2
0
1
2
-1
6
5
-2
0
-5
-6
-11
-15
-14
-12
-12
-11
-9
-11
-5
-7
-11
-7
-6
-1
0
-4
-4
0
-4
-8
-6
-6
0
-1
2
10
11
16
16
18
23
25
23
17
16
9
3
6
6
4
7
8
7
8
7
8
3
2
1
-4
0
0
-6
-8
-10
-8
-9
-9
-6
-7
-6
0
0
-5
-1
2
1
2
3
7
4
8
6
-1
5
1
3
2
5
5
8
3
-6
-4
-7
-9
-14
-16
-19
-20
-17
-22
-19
-15
-11
-10
-8
-9
-7
-5
-5
-1
1
6
6
10
12
9
10
9
11
16
15
16
18
14
18
15
12
13
10
10
8
7
-1
-10
-14
-9
-5
-12
-15
-17
-14
-8
-9
-9
-6
-1
-1
1
5
-4
-7
-5
-11
-16
-5
-3
-8
2
6
7
10
5
3
3
5
3
3
3
1
4
-1
-7
-1
3
7
6
5
4
10
10
4
8
7
7
5
3
4
0
-2
-4
-2
0
1
7
6
4
3
3
-4
-2
2
0
1
-3
-4
-3
-3
-8
-8
-7
-12
-9
-6
-8
3
2
-3
2
0
-4
-11
-11
-8
-10
-13
-10
-2
-5
0
-1
-3
-7
-9
-3
-3
1
1
2
-1
-3
-5
-1
3
5
14
15
11
20
26
19
17
18
15
15
15
14
9
11
4
6
6
1
1
0
0
-5
-5
-7
-10
-9
-13
-16
-17
-15
-9
-15
-15
-10
-13
-9
-8
-15
-14
-6
-4
-4
-3
0
-4
-3
-4
-4
1
0
2
0
-1
2
4
6
7
0
4
1
-1
4
-2
0
-4
-9
-5
-4
0
6
5
4
11
10
12
14
15
16
19
15
11
17
15
11
9
11
16
12
14
16
14
13
11
5
-3
-8
-16
-12
-9
-9
-6
-9
-7
-10
-14
-14
-16
-16
-17
-19
-18
-16
-15
-19
-17
-15
-13
-11
-12
-3
1
5
4
5
9
7
6
5
-2
-3
0
-2
1
4
-1
-3
0
1
-1
2
7
4
6
5
-1
-1
-6
-12
-6
-4
-6
-1
0
-1
-2
8
10
9
11
7
10
11
12
7
5
8
2
-2
7
5
6
8
2
4
3
5
9
11
10
8
8
8
6
2
5
2
1
-1
-6
-5
-5
-3
1
-4
-6
-1
0
-5
-4
-5
-8
-11
-15
-14
-13
-10
-14
-18
-9
-3
-2
0
3
3
5
3
0
1
1
-8
-7
-1
-2
-4
-4
3
3
-1
3
1
-1
0
-4
-2
3
-2
-9
-6
-3
-4
-3
-4
-1
1
2
4
3
6
4
4
8
5
8
3
-3
4
6
5
9
7
6
7
4
10
15
14
14
11
9
4
0
-6
-4
-4
-3
-3
-3
4
4
-1
0
-2
0
-2
-1
-1
-7
-6
-11
-10
-2
-4
-3
1
1
-5
-3
-4
-4
-1
1
0
-8
-11
-13
-7
-9
-10
-10
-9
-6
-9
-3
-4
-4
-1
1
-1
0
0
-4
-6
-11
-5
-4
-7
-4
-1
0
3
8
8
4
8
14
8
9
10
7
8
8
11
10
6
5
8
4
7
2
-1
7
10
16
13
8
12
6
4
3
0
5
7
6
6
5
5
2
0
0
10
17
5
1
8
1
-9
-3
-6
-12
-9
-14
-17
-16
-11
-18
-17
-14
-20
-13
-19
-21
-12
-11
-10
-10
-12
-11
-8
-2
-4
-7
-6
-11
-4
-4
-9
-3
0
-1
1
3
4
6
8
7
6
7
6
11
9
6
6
5
3
-4
7
10
7
10
8
18
18
8
12
12
4
4
4
4
4
0
1
6
4
4
2
-3
-1
2
-2
0
1
-3
4
7
3
2
-1
-2
-4
-6
-5
-2
-5
-6
0
2
4
6
0
-3
-2
-5
0
-4
-10
-4
-4
-9
-7
-5
-6
-5
-4
-5
-3
-2
2
2
1
-3
-5
-7
-8
-7
-9
-5
-2
-4
-7
2
4
4
7
3
4
9
4
0
1
2
-3
-5
-8
-9
-4
-4
2
4
0
0
5
2
0
3
-3
-3
-1
-4
4
8
4
2
4
1
2
4
9
12
6
2
4
6
0
1
5
3
3
2
1
-2
-4
-4
-5
-2
0
6
5
-1
4
5
0
1
-1
-8
-9
-4
-10
-8
-6
-3
2
1
-1
-1
1
1
5
4
-3
3
4
1
3
5
-1
-6
1
1
4
10
4
1
0
-6
-4
-1
-3
0
-1
-4
-2
-3
-4
-8
-1
-5
-7
3
4
11
5
-2
4
2
-3
0
-3
-7
-4
-1
0
-2
0
2
6
8
4
8
12
11
11
5
-2
1
0
-7
-9
-2
-4
-5
-5
-2
-5
-7
-3
0
-3
-6
-8
-7
-8
-12
-6
-8
-7
-4
-6
0
2
6
6
4
5
5
7
3
0
0
-1
1
-6
0
1
0
9
4
7
11
6
8
7
5
5
1
3
0
-1
2
-5
-3
-1
-2
0
0
0
3
3
4
9
2
4
3
0
3
-3
-9
-8
-7
-6
-9
-6
-4
-5
1
1
7
6
2
5
7
5
-2
-9
-6
-5
-11
-9
-4
-3
-1
-4
1
6
3
5
0
-1
-5
-5
-5
-5
-4
-7
2
3
0
4
3
8
7
7
10
7
-1
3
2
1
2
3
-2
-5
6
3
-1
-2
-3
1
-2
-1
4
6
2
2
3
-3
-2
-3
-4
-5
-10
-12
-10
-5
-1
1
0
1
1
-1
0
0
3
7
3
3
1
5
14
9
9
7
4
3
-1
0
2
-4
-8
-4
-8
-7
-4
-6
-3
0
-2
0
4
5
3
0
3
-2
-3
5
1
-3
-1
-3
-4
-1
-2
1
2
-3
-6
-2
-3
-4
-6
-7
-7
-9
-3
-2
-2
1
-6
-6
-6
-1
1
-3
2
-3
-5
2
-3
-1
-1
-1
1
3
0
1
4
1
7
10
11
13
12
6
7
7
6
8
8
9
6
5
6
2
5
11
13
15
11
7
1
-5
2
2
4
6
-1
-4
-7
-1
-3
-5
0
0
-2
-7
-5
-10
-15
-12
-16
-15
-13
-13
-15
-11
-4
-4
-6
-6
-3
-5
-9
-12
-8
-13
-15
-6
-6
-3
0
0
1
3
5
2
6
5
-2
0
4
2
3
4
2
0
0
2
1
4
11
11
15
13
8
10
6
5
6
4
5
7
3
7
9
4
5
6
7
8
7
2
6
6
3
8
5
7
11
-3
-2
-3
-13
-13
-15
-13
-10
-11
-7
-7
-7
-6
-4
-3
-5
-2
-1
-4
-8
-10
-13
-15
-12
-8
-3
-5
-6
-3
1
0
1
10
10
9
11
8
8
6
1
1
4
2
8
14
11
9
10
8
4
8
10
6
2
1
1
-5
-7
-6
-4
-5
-7
-7
-12
-10
-6
-5
-7
-9
-4
-3
-3
-2
-5
-5
0
-1
-3
-2
-5
-2
0
-2
3
0
-4
-1
0
1
0
0
-4
-6
-1
2
0
-1
1
3
0
3
6
10
14
8
8
11
9
7
8
5
5
11
9
10
14
5
7
8
8
6
1
3
0
-1
-4
-2
-1
0
-1
-1
-2
-7
-4
-7
-11
-11
-13
-14
-14
-16
-16
-13
-14
-12
-14
-16
-12
-7
-3
-6
-5
-7
-9
-4
-1
4
2
3
6
0
2
9
11
8
4
5
1
5
9
7
11
5
0
1
1
3
1
3
4
3
4
8
8
6
8
5
6
11
10
7
10
13
5
5
6
6
7
7
5
-1
4
9
16
9
8
6
2
1
-2
0
1
0
-2
-6
-6
-3
-5
-7
-11
-17
-20
-15
-17
-14
-14
-20
-19
-18
-16
-17
-11
-6
-10
-9
-6
-4
-11
-13
-10
-12
-11
-11
-8
-7
-3
-3
-3
4
3
4
5
0
2
-1
-1
4
2
2
2
2
10
13
7
7
9
8
12
17
15
16
25
22
22
21
17
22
19
19
20
20
13
10
10
9
17
15
11
14
10
5
4
6
0
0
3
-4
-6
-4
-8
-11
-11
-12
-19
-16
-13
-21
-24
-19
-23
-18
-20
-25
-21
-28
-26
-22
-22
-19
-16
-15
-13
-9
-7
-5
-7
-5
-8
-7
-4
-2
2
-1
7
8
5
8
7
1
7
5
3
6
10
10
9
10
10
15
10
3
6
9
7
9
13
11
11
16
11
13
15
12
13
7
5
5
-3
-3
0
-6
-4
3
7
5
2
9
8
6
7
5
7
6
-2
1
-2
-3
2
-2
-5
-2
-4
-4
-5
-7
-5
-5
-13
-12
-7
-13
-16
-16
-16
-10
-9
-4
-2
-2
-2
-3
4
3
3
5
0
4
4
-1
-2
-5
-5
-4
-3
-5
1
2
-7
-4
1
-4
-5
-6
-5
-7
-8
-3
-4
-5
1
4
-1
-2
5
8
8
8
7
6
8
9
