-13
-16
-12
-3
8
14
18
16
16
15
12
4
-5
-13
-15
-15
-16
-16
-10
-1
3
1
1
3
3
1
-4
-4
-1
0
-2
-5
-7
-7
-4
-1
2
4
6
7
7
6
4
1
0
-2
-1
-1
-1
3
7
11
12
11
8
5
-1
-7
-14
-17
-17
-12
-5
2
7
11
13
14
10
1
-8
-15
-17
-17
-19
-17
-9
-1
8
15
15
16
18
12
3
-8
-14
-13
-12
-11
-9
-4
2
8
13
16
12
3
-3
-8
-12
-18
-18
-12
-4
-1
0
6
16
24
23
15
6
-3
-10
-19
-21
-19
-10
-3
7
13
17
16
12
6
3
-4
-10
-17
-16
-12
-7
-4
2
11
17
19
16
12
7
0
-6
-13
-15
-18
-16
-9
-1
8
15
17
18
15
7
-6
-16
-23
-30
-32
-24
-17
-11
-1
13
20
21
24
20
9
-1
-7
-14
-21
-19
-13
-9
-2
8
15
18
22
21
10
-1
-9
-16
-22
-19
-13
-10
-3
9
18
21
20
18
9
-1
-7
-8
-9
-8
-1
8
13
16
19
18
18
13
7
-1
-9
-16
-18
-11
-4
-2
0
3
4
3
2
5
5
3
1
-1
-5
-7
-5
0
2
2
4
6
8
6
4
2
-3
-7
-9
-9
-14
-17
-13
-6
-1
6
8
9
8
6
3
-1
-5
-10
-12
-13
-15
-12
-5
3
6
8
10
11
9
9
0
-13
-16
-11
-9
-9
-5
2
8
11
11
8
6
4
-1
-4
-6
-8
-11
-8
-3
-2
0
7
12
12
7
1
1
-4
-10
-5
-7
-2
3
3
4
6
2
8
4
1
6
-4
-8
-5
-7
-4
-3
0
7
4
5
10
3
0
3
-3
-7
-4
-7
-9
-9
-6
0
4
1
2
3
3
1
-3
-4
-1
1
2
1
8
12
11
11
9
6
4
0
-5
-4
-3
-6
-7
-6
-4
1
5
5
4
-2
-5
-6
-5
-4
-6
-7
-7
-7
-8
-3
0
-1
-2
0
4
7
8
9
5
2
3
5
4
-1
-2
-3
1
3
6
8
8
6
1
-1
-3
-4
-5
-4
-2
2
2
0
-1
1
4
7
9
8
5
1
-3
-4
-4
-4
-4
-5
-6
-5
0
4
6
7
5
4
3
-1
-5
-5
-6
-6
-5
-4
0
3
3
2
2
5
8
7
2
-1
-1
-1
-3
-8
-5
0
0
-5
-9
-7
-5
-6
-7
-6
-3
-4
-9
-10
-6
-1
0
-2
-2
0
0
-3
-8
-9
-3
3
4
4
6
7
4
1
-1
-1
-5
-10
-9
-4
0
-1
-1
1
5
7
8
7
7
6
3
1
-2
-3
-2
2
8
12
10
9
6
8
8
5
2
-4
-8
-10
-9
-8
-4
1
5
8
9
7
3
1
0
-3
-7
-10
-12
-11
-5
0
2
3
3
3
2
3
1
-3
-8
-11
-10
-8
-6
-5
-2
1
3
4
5
7
6
1
-4
-5
-3
-3
-4
-6
-4
4
8
10
8
9
9
7
3
0
0
1
1
0
2
2
2
1
2
1
0
-1
-2
-2
-1
-1
-1
-2
-2
0
-1
0
-1
-1
-3
-5
-4
-5
-5
-4
-4
0
1
0
0
3
4
0
-1
1
4
7
3
-5
-3
1
-3
-6
1
1
-3
-2
0
1
0
-6
-3
0
-6
-5
-1
-6
-4
1
-1
0
0
-2
0
6
4
-2
0
-1
-8
-4
0
-3
-2
-3
1
4
-1
1
5
-1
-1
4
1
-3
-2
7
9
4
5
2
0
5
0
-1
3
1
2
5
3
-2
1
4
4
0
-6
-8
-5
-3
-2
0
2
2
3
3
0
-2
-3
-7
-8
-6
-5
-3
-7
-13
-8
-2
4
6
3
4
6
-1
-8
-13
-16
-12
-10
-12
-9
-5
-1
0
3
4
1
-4
-4
-3
-3
-4
-4
0
3
3
5
7
7
5
2
2
1
0
-1
2
3
2
2
4
4
1
-3
-2
3
5
2
1
2
3
4
3
2
3
6
7
5
4
3
4
2
0
1
4
3
2
-2
-2
2
6
8
7
6
2
2
2
1
2
1
-1
-3
-4
-5
-4
-3
-1
0
0
-2
-3
-5
-4
-2
-3
-1
-1
0
-1
0
-1
-1
-1
0
1
2
1
-3
-4
-4
-4
-3
-4
-4
-5
-5
-5
-6
-5
-3
0
1
1
0
0
-1
-3
-5
-3
-1
-1
-2
-3
0
2
-1
-4
-4
-2
-2
-5
-7
-5
-3
-3
-2
-1
-1
1
1
-1
-3
-2
-2
-1
1
1
-1
2
9
8
0
-3
-3
-3
-4
-1
4
6
7
2
-1
1
3
1
0
-1
-3
-2
1
1
2
1
1
-1
-2
-1
-3
-6
-6
0
6
11
11
9
6
5
5
3
3
2
2
4
4
2
3
8
9
8
9
6
0
3
3
0
-4
0
1
-3
-1
3
2
1
5
3
-2
-5
-4
-3
-2
-2
-5
-8
-9
-5
-4
-5
-6
-5
0
5
4
-2
-2
-2
-6
-7
-5
-3
-2
-3
-5
-5
-1
1
-3
-5
-6
-5
-1
0
0
-1
1
4
2
-1
-2
-2
-1
2
3
0
-4
-4
-5
-5
-5
-3
-5
-5
-3
0
1
-2
-4
-2
1
1
0
-1
1
2
0
-2
-3
-1
0
2
1
1
2
3
0
-2
-2
-1
-1
-4
-6
-2
0
2
2
1
-3
-6
-6
-3
-2
-3
-2
0
-2
-3
-1
4
5
2
-2
1
3
3
3
2
3
2
-1
-1
0
1
1
-1
0
-1
0
0
-1
-2
-4
-5
-3
-4
-5
-6
-5
-2
-1
0
0
2
7
8
5
2
-1
-3
-5
-6
-5
-3
-4
-4
-2
3
3
0
-4
-5
-4
-3
-1
2
4
5
6
6
3
0
0
2
3
1
-3
-3
-2
0
-1
-4
-4
-2
-2
-3
-4
-2
1
3
2
0
-3
-1
0
1
-1
-1
2
5
8
3
2
4
5
6
7
6
0
-5
-6
-3
-1
1
0
0
-1
0
0
3
5
4
1
-1
-3
0
2
4
2
0
1
2
4
2
-2
-4
-3
-4
-4
-4
-1
2
3
1
0
2
3
3
0
2
5
5
2
-4
-4
-1
1
1
0
-3
-5
-4
0
4
3
0
-1
-1
0
-3
-1
-1
-1
-4
-6
-4
-2
-4
-6
-6
-3
-4
-2
1
2
1
1
-1
-3
-3
-1
-1
-1
-2
-4
-4
-4
-2
-4
-3
-3
-2
2
5
6
4
2
0
0
0
0
-3
-7
-6
-3
0
0
0
0
1
0
-1
-2
-2
-4
-4
0
5
8
5
1
0
1
2
0
0
0
2
3
3
5
4
2
0
-2
-4
-6
-6
-5
-6
-5
-3
-1
0
5
6
5
2
1
2
2
1
-1
0
0
0
-1
-1
3
5
2
-1
1
9
9
7
3
1
0
-3
-6
-4
3
8
7
2
1
3
4
1
-2
-2
1
-1
-5
-3
0
1
-1
-3
-1
2
1
-2
-2
0
0
-5
-5
-3
0
-3
-3
-2
1
4
2
1
-1
-4
0
2
3
1
1
2
1
-2
-2
-3
0
1
1
0
-2
-5
-6
-5
-4
-4
-4
-5
-4
-4
-1
2
3
1
-3
-3
0
2
3
1
1
1
-3
-3
-3
0
-1
-2
0
2
1
-4
-7
-5
-2
-3
-8
-9
-7
-2
-3
-5
-5
-3
-2
-3
-4
-2
-1
-1
-2
-1
-1
-2
0
3
2
0
0
2
4
3
1
2
1
0
-1
2
7
10
7
1
-1
0
0
-1
-2
-1
0
1
-2
-3
1
4
5
3
0
-1
0
1
3
3
0
-3
-1
3
6
3
5
7
10
8
7
8
8
7
7
7
4
0
1
1
1
-3
-6
-4
-1
-2
-4
-4
-2
-2
1
1
0
-2
-3
-4
-5
-6
-5
-5
-7
-11
-8
-2
0
0
-2
-3
-4
-4
-2
0
-1
-6
-7
-2
0
0
0
-1
-3
-4
-2
0
-4
-4
-4
-2
-3
-7
-2
2
3
-1
-2
1
3
4
3
2
1
-3
-1
1
4
6
5
6
8
6
4
2
2
4
1
2
3
6
8
4
3
3
4
3
-1
-5
-6
-6
-4
-4
-5
-4
-2
-1
-4
-6
-6
-4
-5
-4
-3
2
3
1
-5
-7
-3
-1
2
4
1
-3
-5
-4
-1
2
3
2
-1
-3
-4
-5
-2
-2
-2
-2
-2
-3
-3
0
5
7
3
-3
-2
1
4
3
1
2
3
1
1
2
2
3
2
3
3
3
2
2
2
1
0
-3
-2
-2
-6
-7
-5
-2
0
-1
-1
0
0
-1
0
2
4
2
-2
-1
1
2
0
0
1
2
1
0
2
3
1
-1
-1
2
2
-2
-4
-2
3
5
2
1
1
2
2
1
-2
-4
-6
-5
-5
-5
-6
-4
1
4
4
1
-1
1
4
2
-1
-4
-4
-3
-1
1
0
-1
-1
0
1
-1
-1
0
1
0
-1
-1
1
4
6
7
6
4
2
0
2
4
5
3
-1
-4
-5
-4
-1
-1
-4
-8
-9
-7
-5
-3
-2
0
2
1
0
-3
-5
-5
-6
-4
-2
-1
-2
-4
-8
-8
-5
-4
-5
-6
-8
-5
-3
-1
2
2
2
1
1
1
0
-1
-1
3
5
3
-1
-1
2
4
1
-2
-1
2
5
1
-4
-3
-1
-1
0
0
1
1
-3
-5
-2
5
12
14
10
7
7
9
5
0
-4
-2
2
3
2
1
2
2
0
-3
-3
-1
-1
-2
0
3
3
2
3
4
3
0
-4
-3
-1
-1
-1
-1
0
0
-1
-3
0
6
6
1
-4
0
3
5
3
1
1
2
2
2
6
10
11
6
0
-3
-1
-2
-5
-7
-6
-3
-1
-2
0
2
2
-1
-3
-1
2
1
-3
-5
-3
0
0
0
0
1
-2
-5
-6
-6
-5
-6
-6
-6
-5
-6
-5
-5
-5
-8
-7
-6
-5
-7
-7
-5
-3
-4
-4
-3
-1
1
0
-2
1
2
-1
-2
-1
1
-1
-3
2
8
7
2
-1
2
3
0
-2
0
1
1
0
3
9
11
7
3
0
1
1
4
7
5
2
0
2
5
5
0
-2
1
3
2
1
2
4
2
1
1
3
4
4
2
0
-1
-1
2
2
2
0
-2
-2
1
4
3
0
-4
-2
-1
-1
-4
-4
-1
0
-1
-2
-1
-1
-1
-4
-5
-5
-5
-3
1
2
0
-3
-2
1
2
0
-1
-1
2
3
3
1
-2
-5
-7
-5
-1
2
3
2
1
-1
-1
-1
-1
-4
-5
-5
-4
-3
-3
-2
1
2
1
0
2
3
2
2
2
3
7
9
8
3
-1
-1
2
3
0
0
4
5
2
-1
-2
0
4
5
6
4
-2
-5
-3
-1
-1
1
3
5
3
0
-4
-6
-4
1
2
1
-3
-2
-3
-3
-3
1
4
5
2
-2
-3
-3
-1
-1
-2
-5
-6
-4
-2
-1
-3
-2
-1
0
-3
-6
-7
-3
0
-1
-5
-6
-7
-8
-12
-12
-8
-5
-5
-6
-6
-2
0
1
3
3
2
-3
-5
-5
-4
-1
0
4
5
3
1
1
2
1
-1
-2
0
0
-2
-2
-1
0
0
-1
0
2
3
4
6
7
8
8
8
8
7
4
3
3
4
5
5
5
5
4
3
5
5
4
3
3
0
-2
-2
1
4
2
-1
0
3
2
-1
3
5
7
2
1
4
5
0
-1
4
6
1
1
-1
-5
-4
0
-2
-1
5
6
1
-3
-4
-3
1
2
0
-2
-4
-7
-6
-1
2
4
6
8
3
-1
-3
-1
1
-4
-9
-7
-3
-4
-9
-11
-11
-6
-1
-5
-9
-3
1
-4
-4
-3
-1
-2
-5
-8
-6
-7
-6
-3
0
-1
-4
-4
-2
-3
-1
1
2
0
-2
-4
-2
3
4
3
1
3
3
-2
-4
-2
-4
-4
-1
0
-4
-5
-7
-6
-4
1
2
1
-2
-2
-4
-3
-2
-4
-6
-6
-6
-3
1
4
4
2
2
1
4
7
4
1
3
4
4
1
5
5
1
3
7
7
4
3
5
5
7
3
-2
0
7
4
-1
2
2
1
6
7
3
0
0
1
1
4
1
1
6
10
7
1
0
4
4
2
1
3
3
0
3
6
5
2
4
5
5
4
0
-4
-5
-2
-6
-9
-4
0
-2
-3
-2
-4
-5
-2
-1
-3
-5
-2
-4
-6
-1
1
-2
-5
-2
0
1
1
2
-1
-7
-5
1
1
-3
-4
-3
-5
-7
-6
-6
-9
-10
-7
-4
-2
-5
-10
-11
-9
-10
-11
-9
-9
-7
-4
-1
1
2
5
4
3
5
5
-1
-1
7
10
4
4
5
5
3
5
4
4
6
8
8
6
3
3
5
8
7
3
0
-1
1
1
3
3
0
-3
-5
-4
-2
-1
0
0
0
2
4
6
6
4
1
0
-1
0
0
0
-3
-5
-7
-7
-5
-2
0
3
3
0
-5
-6
-6
-8
-8
-8
-6
-6
-6
-6
-3
-2
-2
-3
-2
0
1
2
3
3
0
-2
-4
-3
-3
-2
-2
0
-2
-2
2
2
3
2
-1
-2
-1
1
0
-3
-5
-3
3
6
4
1
1
1
-3
-4
-3
0
1
-1
0
1
2
2
0
-1
-2
2
5
7
9
10
12
11
9
8
10
9
4
5
10
9
8
11
8
3
0
1
4
-1
-3
0
-2
-3
2
4
0
-2
0
-1
-3
-5
-5
-7
-7
-6
-7
-10
-7
-4
2
0
-6
-6
-7
-6
-10
-12
-8
-9
-6
-6
-2
0
-1
-3
-1
-1
2
5
1
-2
2
-3
2
5
0
5
3
-2
1
-2
-6
-2
0
0
1
-3
-6
-10
-6
-4
-9
-8
-6
-5
-11
-4
-1
0
-1
-7
-3
-5
-1
3
-3
5
6
6
4
1
2
0
-5
-6
-1
-3
-5
-2
1
-3
-5
2
4
-1
1
4
1
-2
5
10
12
11
6
8
5
6
7
5
8
6
5
4
3
3
3
5
10
10
7
3
3
3
6
6
3
2
0
-2
-4
-3
-1
-2
-1
-1
0
0
0
0
1
2
2
4
4
1
-4
-4
-2
1
1
-1
-1
-2
-2
0
2
0
-2
-5
-5
-6
-4
-3
1
0
0
-4
-6
-3
-1
-1
2
4
4
3
0
0
-1
-2
-2
-1
-2
-3
-4
-1
0
1
-1
-5
-5
-4
-3
-2
-3
-3
-2
6
10
5
-1
-2
4
3
0
-2
-2
-3
-4
-6
-4
0
3
4
2
-2
-5
-7
-9
-9
-7
-4
-2
-1
-5
-6
-4
-1
-3
-6
-6
-7
-8
-7
-5
-4
0
1
-2
-4
-2
-1
-1
-5
-5
-1
-2
-4
-4
0
2
1
2
3
5
4
5
4
3
3
2
4
5
4
4
7
7
4
2
2
5
4
1
1
3
4
1
3
4
8
10
9
9
9
6
4
3
2
0
-1
4
7
6
6
7
6
7
5
2
0
0
0
0
-3
-1
0
0
2
3
1
-3
-3
-2
0
0
0
2
3
5
0
-4
-6
-1
-2
-7
-8
-6
-6
-6
-4
-4
-4
-2
-2
-7
-6
-5
-10
-9
-4
-4
-8
-7
-5
-6
-6
-4
-2
-2
-1
-1
2
-1
-4
-7
-3
-2
-1
1
0
-6
-9
-8
-6
-5
-4
-2
-6
-8
-5
-3
-1
1
3
1
-1
0
1
1
2
6
3
1
2
4
4
5
8
6
5
6
6
3
4
5
4
3
6
7
2
1
1
0
-1
1
3
1
0
0
0
-1
-4
-4
0
-2
-1
-1
-3
-1
2
4
4
0
-3
-2
1
0
-1
-2
-2
-3
-3
-4
-8
-8
-5
-4
-2
2
0
-1
-2
-3
-6
-4
-1
-1
-5
-7
-10
-8
-2
1
3
0
-5
-4
0
0
-1
3
3
3
10
14
9
8
10
7
6
8
8
4
2
4
6
6
8
11
12
9
3
-1
0
2
1
-2
-1
1
0
-3
-1
3
2
-2
-3
0
2
2
0
1
3
3
2
0
-3
-4
-3
-1
-2
-5
-5
0
2
0
-2
1
-1
-4
-6
-5
-2
-3
-7
-6
-4
-3
-2
-7
-9
-9
-6
-2
-1
1
-1
-1
-1
-2
-3
-2
-2
-5
-8
-12
-9
-6
-6
-10
-9
-7
-5
-6
-5
-4
-5
-4
0
6
5
2
3
7
5
-1
-4
-1
1
-2
-5
-4
-2
-3
-2
0
1
1
-1
-1
1
5
5
3
-1
0
1
3
2
2
1
3
2
1
1
3
3
3
4
6
5
2
0
0
2
3
1
3
5
4
4
4
1
0
-3
-3
-1
1
1
1
1
1
1
2
1
0
-3
-1
0
3
4
4
4
4
4
3
1
0
0
2
2
1
1
0
2
4
4
2
3
3
2
1
-2
-3
-3
0
0
-3
-6
-6
-3
0
0
-3
-3
2
4
1
-2
-2
0
0
-3
-5
-5
-3
-5
-5
-3
0
-1
-6
-8
-8
-9
-9
-9
-6
-3
-4
-3
-4
-1
2
4
7
6
2
0
-2
0
2
4
2
-1
-3
-2
-3
0
0
4
7
6
4
5
5
4
4
6
6
1
-4
-7
-6
-2
1
2
3
4
4
5
3
0
-2
-2
1
1
-3
-6
-5
-3
-4
-3
-2
0
-2
-6
-7
-4
0
1
-1
-2
-2
-1
-3
-4
-5
-4
-2
1
0
-3
-4
-2
1
-2
-4
-5
-5
-2
-2
0
1
-1
-5
-4
-1
0
-4
-5
-3
1
2
1
2
4
1
-2
-5
-2
0
1
-1
2
3
5
4
4
8
11
10
6
3
4
5
7
3
0
-1
2
4
3
3
1
1
1
-1
0
2
3
3
1
2
-1
-1
-2
-1
-1
0
1
2
2
2
0
-1
3
4
2
1
1
4
4
1
-1
0
0
-1
-1
1
-1
-2
-4
-2
0
0
2
4
0
-2
-6
-2
-2
-6
-8
-10
-6
-4
-5
-8
-6
-3
-8
-8
-9
-13
-10
-4
-1
-5
-7
0
0
-5
-2
3
0
0
2
1
5
4
3
2
1
2
1
4
1
-4
-1
3
5
5
-1
0
3
6
3
2
0
-2
0
0
0
0
1
3
-2
1
1
1
-2
-5
-2
-7
-8
-6
-9
-5
-7
-1
3
-2
-1
-4
2
4
2
5
5
4
-1
-6
-3
-5
-4
-4
-1
2
-1
0
2
-1
-5
-4
4
2
2
5
1
-5
-3
-2
-2
1
2
-1
-2
-3
-3
-1
2
4
5
5
5
4
4
1
1
1
3
3
7
6
1
1
3
5
5
7
7
3
1
2
1
3
6
7
5
3
1
4
6
7
3
-2
-6
-5
-2
-3
-2
-2
-4
-4
-2
-2
-5
-6
-1
2
0
-3
-3
-3
-3
-1
-2
-3
-4
-1
3
2
-2
-5
-5
-6
-4
0
0
-2
-4
-3
-2
-2
-4
-5
-8
-9
-7
-6
-4
-6
-5
-3
-3
-4
-1
-3
-4
-2
1
2
1
4
1
-1
-1
-2
-2
0
0
1
3
-1
0
6
7
8
7
-1
-5
-5
-5
-3
0
-2
-3
-2
1
1
3
4
3
5
6
3
1
1
-1
2
3
1
3
2
-1
3
5
3
7
5
1
4
4
1
5
4
-1
-1
-4
-7
-5
-3
-4
0
-1
-4
-2
1
0
2
-1
-3
-2
-1
-1
2
0
-3
-2
-3
-3
2
0
0
-1
-5
-4
-5
-3
-1
-1
0
0
-2
1
0
3
7
7
6
7
3
2
3
-1
-2
-2
-1
-1
0
-1
0
1
2
3
0
-1
-2
-3
0
-1
-1
-1
-1
0
3
1
1
5
6
6
5
3
3
4
6
6
6
4
3
1
3
2
-2
0
2
-2
-9
-10
-11
-8
-2
1
-6
-8
-3
0
-1
1
1
0
-2
-4
-4
-3
-8
-7
-4
-2
-6
-1
-2
-5
-5
-2
-4
-3
1
2
-1
0
2
-2
-8
-8
-7
-6
-4
-3
-6
-4
-3
-8
-13
-7
0
0
-3
-1
-1
2
3
0
0
5
5
0
3
8
5
2
7
9
6
4
4
9
15
16
10
8
11
11
8
3
0
0
-1
2
3
1
2
6
9
6
3
5
6
5
5
5
2
-1
-4
-1
2
3
0
-5
-5
-1
-1
-3
-4
1
4
5
3
-1
-3
-4
-4
-3
-2
-2
-4
-7
-9
-13
-14
-12
-8
-3
-4
-7
-7
-4
0
-1
-4
-3
-3
-4
-8
-8
-4
1
1
-4
-4
0
6
6
3
4
6
8
7
6
5
3
3
5
7
6
1
-4
-2
1
5
2
1
3
2
3
3
3
5
5
2
-1
-6
-9
-10
-14
-15
-16
-19
-21
-24
-21
-16
-10
-10
-11
-8
0
7
7
4
1
2
2
1
2
3
5
5
2
0
3
7
10
11
11
10
10
13
12
11
13
14
13
12
12
12
13
14
14
15
11
10
6
1
-8
-13
-14
-12
-14
-17
-20
-19
-18
-18
-20
-20
-20
-23
-26
-28
-23
-15
-8
-3
3
6
12
14
17
18
18
17
15
16
18
17
17
18
20
20
17
14
16
18
17
17
22
30
35
37
40
45
44
32
17
4
-9
-24
-36
-48
-56
-65
-67
-68
-70
-78
-85
-86
-83
-80
-75
-66
-52
-37
-20
-5
9
22
29
33
35
37
36
33
31
35
45
53
57
58
58
60
58
52
43
39
39
43
44
47
51
54
56
53
48
36
22
3
-9
-20
-29
-40
-49
-55
-59
-68
-76
-84
-93
-104
-109
-112
-110
-107
-101
-89
-70
-51
-32
-16
-3
8
19
31
38
44
49
53
56
59
59
60
58
55
50
42
37
35
38
41
41
41
41
45
51
56
58
60
62
64
68
69
65
61
53
43
29
12
-8
-27
-49
-68
-88
-105
-119
-131
-141
-149
-155
-157
-157
-152
-144
-132
-114
-94
-70
-44
-17
10
36
54
67
76
79
79
79
78
78
77
73
70
62
57
53
51
49
47
43
44
46
52
60
68
76
82
89
96
102
101
94
81
67
52
35
16
-3
-22
-42
-64
-86
-111
-133
-152
-164
-175
-186
-193
-191
-184
-174
-162
-142
-121
-97
-72
-48
-22
4
29
46
64
83
95
99
100
104
103
99
93
90
85
72
62
55
46
38
37
40
40
41
45
52
59
67
70
77
88
92
88
87
88
81
67
55
38
18
-6
-35
-63
-87
-111
-134
-153
-164
-174
-184
-192
-194
-198
-199
-198
-186
-169
-148
-121
-92
-59
-22
10
34
55
78
94
105
112
117
123
129
132
128
124
121
116
102
85
70
58
49
41
35
35
44
50
51
57
67
70
70
73
76
74
71
68
63
59
55
41
24
8
-15
-49
-82
-106
-129
-150
-164
-172
-174
-180
-187
-194
-202
-212
-215
-210
-195
-171
-138
-99
-58
-16
23
60
88
101
104
106
111
117
125
132
138
141
144
138
124
106
86
60
35
14
5
6
12
25
44
64
81
92
100
104
102
93
86
83
82
83
88
91
87
75
54
27
-5
-46
-86
-123
-153
-177
-188
-192
-189
-191
-194
-200
-210
-225
-247
-262
-268
-261
-240
-204
-156
-99
-42
9
56
93
117
128
132
131
132
136
149
167
183
187
183
172
148
113
72
31
-6
-35
-44
-32
-8
23
57
94
128
146
147
141
135
129
117
105
101
107
109
105
97
88
70
39
5
-29
-62
-93
-120
-138
-151
-160
-165
-168
-171
-178
-189
-200
-213
-230
-247
-259
-265
-262
-250
-226
-190
-144
-95
-51
-8
27
59
77
91
100
111
123
132
142
153
164
170
167
153
134
111
86
63
43
36
41
57
81
108
135
160
177
183
180
174
164
153
141
137
134
131
125
115
104
85
59
29
2
-27
-54
-77
-97
-115
-129
-147
-164
-185
-208
-229
-248
-264
-277
-288
-291
-289
-290
-290
-294
-292
-285
-276
-259
-234
-197
-147
-93
-40
10
58
97
125
143
158
172
183
194
207
220
224
219
212
203
186
162
141
126
113
105
106
120
139
159
180
194
200
202
206
202
190
183
183
178
169
157
140
115
87
58
23
-11
-38
-64
-91
-110
-124
-137
-153
-168
-185
-209
-236
-261
-281
-296
-309
-319
-317
-305
-301
-302
-299
-300
-312
-322
-319
-312
-301
-268
-216
-162
-102
-29
40
92
134
166
183
195
206
215
224
237
253
266
278
282
277
262
237
210
181
159
146
143
150
166
189
211
229
237
234
223
206
192
178
169
156
141
127
121
111
89
66
43
15
-20
-53
-83
-110
-133
-147
-157
-171
-189
-209
-232
-258
-283
-308
-333
-359
-376
-385
-391
-390
-388
-385
-376
-363
-363
-376
-378
-375
-373
-365
-344
-314
-268
-205
-134
-50
49
135
196
255
310
339
353
372
390
403
417
433
439
433
416
388
346
293
242
203
177
165
169
187
216
257
284
291
298
298
283
262
251
235
223
232
221
200
188
172
102
49
37
-34
-64
-76
-107
-79
-102
-104
-87
-130
-121
-156
-204
-205
-252
-289
-302
-308
-327
-353
-363
-393
-425
-458
-499
-522
-546
-570
-585
-606
-630
-669
-721
-768
-794
-784
-735
-643
-508
-331
-138
47
212
350
456
523
560
584
602
615
636
674
708
731
707
663
593
480
360
228
138
72
28
41
78
157
238
313
382
422
443
441
433
421
413
422
446
476
501
496
456
397
303
198
100
-3
-87
-145
-188
-204
-204
-208
-209
-210
-224
-251
-280
-293
-288
-272
-247
-209
-164
-132
-121
-122
-136
-163
-197
-243
-299
-355
-418
-496
-591
-721
-895
-1079
-1244
-1398
-1540
-1622
-1627
-1574
-1452
-1228
-918
-586
-253
76
371
601
781
932
1050
1132
1190
1237
1270
1280
1257
1185
1063
899
678
417
169
-40
-217
-345
-395
-381
-330
-240
-121
-3
102
198
279
348
424
507
583
667
754
813
851
861
843
788
692
591
449
229
-6
-278
-653
-1029
-1269
-1366
-1347
-1166
-767
-328
76
504
850
1074
1186
1176
1047
920
871
764
674
710
741
631
472
344
129
-185
-468
-678
-866
-979
-973
-906
-800
-646
-527
-496
-468
-459
-547
-690
-715
-643
-631
-589
-484
-432
-540
-810
-1201
-1712
-2210
-2704
-3172
-3271
-2957
-2517
-2053
-1313
-395
224
566
855
1122
1236
1199
1207
1337
1657
1985
2168
2382
2623
2629
2224
1699
1268
693
10
-484
-692
-704
-619
-440
-177
154
411
433
362
398
418
315
336
614
920
1155
1492
1848
1964
1860
1688
1411
978
529
108
-239
-469
-683
-858
-901
-878
-1072
-1445
-1617
-1641
-1744
-1775
-1448
-890
-380
124
691
1210
1559
1675
1549
1353
1185
911
565
412
421
309
106
6
-58
-286
-583
-820
-1062
-1264
-1362
-1325
-1148
-847
-534
-349
-131
110
122
-12
-77
-94
-211
-317
-248
-152
-100
-76
-123
-184
-275
-429
-684
-945
-1060
-1199
-1344
-1380
-1385
-1465
-1714
-2122
-2684
-3170
-3407
-3581
-3556
-3040
-2174
-1327
-517
477
1454
2099
2449
2615
2701
2737
2675
2577
2631
2930
3120
3001
2883
2784
2388
1647
921
315
-338
-874
-1134
-1123
-870
-469
-54
281
614
863
854
774
799
859
908
1067
1407
1725
1929
2067
1972
1604
1148
688
155
-379
-683
-898
-1229
-1445
-1445
-1410
-1417
-1310
-1104
-969
-750
-417
-109
206
555
820
914
1036
1178
1080
844
701
544
234
-2
-68
-192
-392
-490
-564
-732
-849
-894
-1019
-1153
-1156
-1159
-1218
-1134
-919
-817
-790
-650
-538
-576
-583
-521
-541
-540
-416
-336
-274
-164
-87
-136
-159
-123
-329
-582
-694
-807
-1034
-1333
-1605
-2133
-2924
-3699
-4383
-4849
-4994
-4676
-3960
-2996
-1806
-624
489
1551
2377
2858
3050
3232
3381
3431
3625
3957
4276
4420
4397
4223
3719
3004
2127
1138
221
-561
-1109
-1418
-1382
-1046
-675
-265
125
441
618
632
676
739
873
1121
1458
1903
2348
2717
2785
2491
2059
1518
754
-109
-728
-1068
-1299
-1370
-1154
-775
-459
-274
-223
-262
-334
-435
-555
-536
-280
25
262
566
932
1096
989
788
525
124
-287
-549
-687
-736
-658
-516
-410
-339
-365
-604
-934
-1192
-1492
-1870
-2059
-1988
-1878
-1733
-1439
-1133
-951
-828
-756
-789
-839
-836
-828
-770
-559
-287
-96
46
158
124
-60
-256
-458
-708
-917
-1008
-1043
-1039
-970
-938
-1102
-1579
-2397
-3411
-4364
-5116
-5529
-5339
-4523
-3320
-2019
-584
920
2108
2889
3325
3566
3610
3496
3489
3715
4251
4850
5219
5395
5404
5049
4188
3058
1898
726
-399
-1219
-1569
-1495
-1166
-712
-174
319
594
598
484
413
412
438
593
1035
1660
2196
2409
2494
2519
2193
1472
694
261
-132
-614
-779
-589
-325
-198
-82
20
-22
-191
-510
-847
-971
-913
-864
-717
-290
170
340
389
493
376
17
-261
-419
-564
-614
-513
-370
-271
-221
-315
-589
-899
-1243
-1713
-2132
-2306
-2361
-2414
-2308
-1989
-1673
-1465
-1263
-1070
-944
-880
-868
-874
-770
-569
-415
-290
-78
81
10
-167
-304
-476
-702
-855
-941
-1055
-1063
-906
-831
-941
-1134
-1421
-1681
-1660
-1378
-993
-522
-121
-243
-1019
-1872
-2352
-2728
-3122
-3075
-2365
-1334
-283
827
2048
3198
3884
3875
3503
3281
3180
2933
2795
3134
3700
4014
4099
4202
4211
3802
2927
1850
893
154
-437
-773
-602
-50
440
767
1102
1347
1280
906
397
-41
-309
-480
-489
-110
570
1106
1354
1574
1715
1491
1037
628
288
13
-108
-20
245
539
705
674
482
181
-277
-853
-1318
-1531
-1583
-1512
-1214
-775
-454
-283
-167
-196
-451
-767
-1029
-1223
-1286
-1232
-1146
-964
-696
-602
-753
-943
-1178
-1596
-2055
-2350
-2459
-2390
-2133
-1775
-1398
-1020
-739
-655
-706
-805
-974
-1168
-1225
-1095
-881
-577
-177
190
363
330
120
-269
-701
-1044
-1244
-1282
-1137
-888
-578
-265
-68
53
9
-112
-305
-553
-646
-648
-432
-171
82
307
-5
-824
-1810
-2517
-2963
-3364
-3225
-2410
-1200
-6
1020
2214
3336
4008
4071
3820
3805
3836
3806
3868
4223
4841
5114
5076
4931
4635
4025
2893
1764
834
72
-452
-731
-554
-166
154
288
290
284
121
-214
-530
-688
-717
-589
-176
517
1270
1839
2192
2339
2247
1900
1382
846
380
26
-178
-212
-149
-106
-175
-373
-679
-1098
-1601
-2057
-2325
-2368
-2253
-2012
-1629
-1150
-728
-491
-448
-538
-702
-893
-1040
-1098
-1071
-994
-899
-823
-810
-893
-1077
-1353
-1686
-2022
-2283
-2407
-2370
-2189
-1912
-1599
-1303
-1072
-934
-895
-939
-1033
-1138
-1195
-1154
-1005
-788
-549
-327
-165
-104
-113
-145
-227
-366
-505
-581
-645
-731
-756
-614
-428
-361
-314
-198
15
78
116
325
484
618
698
798
611
-266
-1521
-2751
-3439
-3712
-3847
-3444
-2376
-925
299
1323
2599
3722
4284
4246
4175
4428
4582
4668
4914
5478
5991
5933
5679
5390
4855
3850
2568
1563
692
-69
-528
-605
-282
27
244
359
268
-22
-624
-1065
-1193
-1210
-1037
-621
235
1119
1741
2197
2368
2293
1882
1278
744
386
179
-28
-67
158
322
181
-85
-428
-1004
-1710
-2302
-2681
-2853
-2790
-2521
-2083
-1550
-1127
-926
-859
-908
-1144
-1470
-1678
-1699
-1597
-1414
-1136
-816
-621
-655
-847
-1119
-1525
-2018
-2442
-2702
-2740
-2606
-2426
-2196
-1875
-1647
-1634
-1693
-1692
-1750
-1895
-1803
-1585
-1406
-1112
-710
-209
119
258
309
92
-44
-152
-350
-391
-321
-31
140
317
625
651
556
402
367
268
54
58
182
485
869
1279
1649
1695
1074
-329
-1828
-2959
-3921
-4789
-5018
-4215
-2800
-1021
902
2791
4589
5747
6051
5761
5501
5336
4855
4580
4823
5366
5823
6005
6121
5925
5212
3994
2361
788
-551
-1596
-2178
-2277
-1804
-1176
-623
41
519
636
382
71
-228
-830
-1259
-1178
-683
14
725
1568
2259
2600
2633
2295
1862
1330
632
-6
-417
-463
-473
-618
-672
-803
-1174
-1763
-2329
-2679
-3027
-3247
-3171
-2838
-2277
-1748
-1246
-820
-617
-597
-843
-1076
-1233
-1466
-1604
-1615
-1482
-1389
-1381
-1334
-1421
-1650
-1983
-2347
-2599
-2729
-2697
-2562
-2314
-1943
-1643
-1412
-1205
-1046
-1034
-1189
-1279
-1296
-1280
-1183
-964
-601
-269
48
266
349
365
222
51
-109
-169
-139
-153
38
345
584
726
749
818
739
571
537
537
628
697
829
1094
1136
630
-667
-2139
-3122
-3845
-4284
-4145
-3185
-1669
-201
1342
2904
4217
5133
5330
5144
4951
4851
4829
4844
5292
5993
6366
6368
6193
5790
4897
3577
2144
834
-225
-949
-1285
-1184
-713
-193
167
385
450
268
-89
-427
-655
-771
-735
-455
36
642
1143
1354
1355
1244
842
235
-184
-466
-732
-1001
-1074
-978
-1007
-1015
-1136
-1401
-1676
-2158
-2582
-2822
-2843
-2619
-2409
-2055
-1631
-1312
-1053
-987
-985
-1035
-1174
-1267
-1287
-1209
-1088
-973
-864
-790
-831
-1000
-1244
-1511
-1784
-2072
-2264
-2248
-2054
-1819
-1625
-1443
-1279
-1202
-1218
-1258
-1290
-1300
-1229
-1017
-691
-345
-20
304
549
598
487
368
260
89
-95
-182
-131
22
206
316
420
558
562
441
377
436
453
462
603
893
1148
1304
1416
1296
1226
1137
809
-164
-2005
-3682
-4783
-5169
-5165
-4797
-3384
-1584
1
1158
2319
3757
4442
4311
3971
3976
4469
4701
4955
5712
6590
7148
6765
6188
5729
4659
3203
1496
343
-391
-1097
-1179
-960
-330
114
45
47
-111
-325
-850
-1336
-1189
-1052
-797
-195
685
1601
1916
1792
1461
956
277
-587
-1140
-1202
-1119
-1040
-741
-219
168
134
-258
-811
-1516
-2282
-2850
-3026
-2855
-2517
-2078
-1557
-1055
-710
-602
-756
-1115
-1537
-1837
-1876
-1669
-1334
-956
-536
-122
109
13
-335
-759
-1219
-1757
-2254
-2470
-2334
-2016
-1678
-1333
-1009
-826
-872
-1077
-1305
-1473
-1525
-1408
-1104
-673
-198
270
661
911
964
816
526
203
-64
-215
-264
-189
-24
204
494
694
687
509
327
185
77
-13
22
209
437
761
921
1092
1144
875
654
363
-20
-1253
-3255
-4757
-5383
-5335
-5354
-4778
-2937
-1014
325
1296
2674
4123
4606
4374
3963
4182
4719
4818
5157
6061
7034
7006
6274
5929
5333
4089
2494
1144
404
-389
-1000
-1061
-693
3
159
43
180
70
-301
-855
-945
-633
-559
-241
418
1245
1990
2304
2215
1847
1339
542
-507
-1211
-1337
-1503
-1829
-1703
-1192
-943
-1031
-1121
-1355
-1912
-2478
-2812
-2914
-2681
-2143
-1587
-1056
-412
60
55
-144
-308
-667
-1124
-1253
-1157
-1122
-943
-559
-354
-394
-482
-711
-1108
-1497
-1909
-2337
-2457
-2233
-2053
-1931
-1572
-1167
-1095
-1194
-1150
-1080
-1151
-1209
-1119
-875
-456
26
372
632
868
845
516
212
42
-198
-421
-394
-284
-276
-143
129
181
14
-50
-102
-372
-638
-627
-463
-248
78
449
755
1010
1130
966
669
499
429
121
-761
-2228
-3743
-4557
-4657
-4578
-4247
-3087
-1388
10
1056
2203
3543
4393
4465
4269
4343
4798
5046
5255
5885
6599
6868
6500
6118
5751
4895
3671
2366
1367
524
-250
-620
-587
-210
-19
-167
-295
-402
-591
-1015
-1311
-1258
-1049
-745
-256
489
1290
1818
1987
1924
1549
995
373
-156
-500
-803
-939
-1041
-988
-927
-1198
-1568
-1981
-2464
-3045
-3389
-3281
-2976
-2516
-1869
-1142
-507
-52
136
112
-39
-327
-672
-894
-939
-936
-906
-775
-626
-632
-834
-1129
-1462
-1868
-2316
-2632
-2701
-2593
-2390
-2089
-1714
-1377
-1177
-1125
-1170
-1257
-1354
-1410
-1337
-1111
-775
-369
64
453
734
869
857
784
657
429
202
196
257
169
129
219
215
19
-142
-234
-353
-537
-658
-652
-521
-151
111
431
836
1060
1118
877
911
855
160
-1125
-2920
-4240
-4892
-5023
-4724
-3991
-2369
-660
689
1961
3166
4245
4535
4290
4104
4179
4647
4979
5543
6499
7262
7536
7079
6607
6042
4886
3383
1776
748
-28
-698
-815
-573
-120
24
-127
-340
-647
-979
-1403
-1641
-1549
-1313
-896
-86
971
1786
2247
2451
2440
2074
1463
827
93
-383
-689
-949
-1136
-1301
-1251
-1557
-2074
-2547
-3151
-3685
-4159
-4262
-4085
-3715
-3020
-2221
-1437
-763
-275
-45
1
-81
-303
-540
-631
-604
-590
-462
-247
-210
-377
-610
-986
-1562
-2121
-2523
-2799
-2893
-2730
-2385
-1966
-1525
-1154
-908
-796
-806
-884
-945
-926
-795
-519
-111
342
774
1118
1309
1355
1241
974
656
369
187
131
135
181
259
295
356
357
196
-15
-304
-391
-352
-409
-141
223
633
1053
1149
1381
1319
1059
963
526
-69
-1581
-3625
-4934
-5521
-5328
-5148
-4462
-2735
-1124
251
1309
2532
3771
4030
3950
3797
4084
4837
5225
5972
6973
7784
7988
7355
6928
6185
4829
3308
1749
736
-204
-829
-821
-662
-304
-326
-565
-756
-1199
-1619
-2123
-2345
-2135
-1885
-1333
-508
470
1366
1892
2124
2015
1654
1205
722
316
138
22
-259
-569
-696
-809
-1271
-1974
-2609
-3281
-4119
-4826
-5052
-4848
-4407
-3766
-2901
-1895
-956
-283
114
359
441
282
32
-36
112
269
336
377
403
268
-107
-610
-1115
-1631
-2140
-2495
-2560
-2363
-2025
-1631
-1240
-943
-807
-807
-855
-889
-899
-846
-641
-241
244
682
1050
1363
1523
1457
1208
950
739
505
283
150
146
147
138
201
304
226
-22
-329
-675
-816
-947
-946
-774
-483
-32
164
516
801
881
989
897
846
588
231
-392
-1746
-3190
-4270
-4700
-4587
-4401
-3646
-2286
-850
510
1421
2489
3522
3812
3857
3688
4026
4618
4892
5573
6299
7034
7255
6785
6429
5631
4548
3111
1558
609
-333
-901
-1174
-1141
-807
-936
-1056
-1328
-1680
-1949
-2376
-2441
-2329
-2014
-1456
-774
225
994
1515
1907
2039
1970
1561
1139
815
538
300
-52
-388
-609
-802
-1192
-1753
-2317
-2912
-3576
-4126
-4390
-4457
-4290
-3800
-3110
-2366
-1554
-718
-76
309
541
635
589
568
651
715
736
779
777
627
378
36
-470
-1047
-1516
-1843
-2024
-1995
-1807
-1604
-1392
-1129
-908
-810
-755
-704
-696
-669
-520
-291
-52
230
546
808
980
1069
1056
948
782
593
395
227
94
-1
-56
-98
-156
-246
-357
-470
-561
-641
-659
-629
-566
-477
-359
-99
220
547
832
1076
1175
1149
894
274
-781
-2477
-3962
-4976
-5375
-5212
-4815
-3536
-2100
-653
670
1627
2800
3389
3530
3422
3408
4042
4457
5074
6057
6984
7677
7467
7107
6578
5449
4175
2520
1135
94
-771
-1064
-1242
-1042
-828
-1002
-1152
-1520
-1797
-2086
-2411
-2367
-2250
-1776
-1047
-228
786
1523
2076
2329
2192
1924
1459
1043
717
456
343
250
159
11
-268
-708
-1324
-2101
-2936
-3704
-4288
-4568
-4532
-4194
-3622
-2915
-2142
-1391
-744
-271
5
113
145
197
327
530
758
953
1061
1048
880
547
79
-461
-984
-1414
-1705
-1844
-1848
-1744
-1577
-1398
-1258
-1182
-1170
-1203
-1241
-1241
-1166
-999
-731
-391
-29
308
581
756
831
818
742
644
559
493
446
393
325
266
222
128
-35
-206
-390
-601
-747
-738
-675
-556
-329
-106
91
335
577
639
573
377
-300
-1820
-3719
-4989
-5462
-5403
-5197
-4337
-2594
-904
456
1521
2790
3809
3854
3561
3370
3746
4282
4690
5500
6518
7487
7730
7245
6866
6179
4915
3274
1656
587
-401
-1034
-1023
-836
-439
-362
-546
-696
-1041
-1436
-1983
-2336
-2245
-1929
-1353
-514
536
1568
2277
2581
2604
2379
1942
1433
982
653
364
97
-55
-115
-259
-653
-1226
-1848
-2575
-3473
-4298
-4734
-4765
-4584
-4207
-3470
-2431
-1434
-680
-71
389
515
352
184
167
254
386
532
722
929
945
689
363
-7
-616
-1343
-1857
-2160
-2366
-2357
-2084
-1734
-1434
-1176
-1003
-952
-989
-1111
-1253
-1226
-994
-723
-401
98
632
969
1157
1270
1189
968
761
500
151
-78
-94
-32
70
201
243
97
-107
-291
-526
-722
-776
-672
-451
-146
206
589
851
940
871
464
-278
-1820
-3893
-5433
-6116
-5957
-5614
-4763
-2942
-1085
493
1653
2644
3606
3774
3386
3047
3283
4164
4822
5607
6868
7955
8391
7951
7398
6595
5089
3366
1570
245
-664
-1193
-1213
-960
-395
-210
-533
-927
-1393
-2013
-2662
-2933
-2815
-2391
-1599
-493
714
1829
2665
2998
2913
2564
2020
1399
919
652
492
452
518
448
116
-352
-992
-1957
-3096
-4116
-4904
-5348
-5294
-4790
-4023
-3105
-2133
-1253
-534
-20
200
207
217
265
290
459
880
1278
1424
1439
1366
1028
425
-247
-935
-1605
-2096
-2342
-2396
-2202
-1778
-1414
-1269
-1180
-1108
-1222
-1430
-1484
-1412
-1317
-1072
-595
-38
464
895
1194
1319
1303
1145
880
680
595
473
351
377
490
499
396
250
-57
-456
-762
-1014
-1243
-1233
-1050
-829
-496
-93
414
669
706
702
291
-475
-1980
-3913
-5197
-5670
-5359
-4918
-4021
-2144
-391
1002
1983
2973
3885
3836
3456
3086
3266
3925
4399
5250
6319
7352
7730
7221
6715
5839
4437
2726
1018
-156
-1086
-1536
-1516
-1243
-732
-556
-665
-943
-1357
-1823
-2379
-2633
-2553
-2232
-1519
-525
604
1644
2435
2863
2836
2559
2191
1689
1125
730
498
273
64
-27
-109
-390
-958
-1779
-2734
-3697
-4336
-4632
-4565
-4097
-3420
-2529
-1654
-764
-2
391
584
526
415
312
291
532
760
1005
1233
1300
1217
844
393
-175
-959
-1564
-2044
-2339
-2317
-2114
-1724
-1436
-1212
-1043
-1118
-1218
-1352
-1498
-1546
-1474
-1210
-780
-221
367
851
1184
1343
1288
1095
891
659
404
236
210
218
194
218
256
152
-124
-451
-766
-1048
-1251
-1319
-1231
-974
-587
-154
252
563
659
527
216
-473
-1864
-3669
-4993
-5405
-5308
-4957
-4001
-2367
-681
588
1647
2700
3450
3585
3294
3069
3217
3666
4240
5016
6088
7054
7369
7119
6671
5886
4529
2894
1411
173
-790
-1370
-1506
-1246
-841
-631
-692
-894
-1238
-1736
-2197
-2427
-2393
-2097
-1493
-600
477
1499
2259
2729
2902
2769
2395
1936
1508
1107
673
316
176
115
-147
-731
-1294
-1877
-2709
-3408
-3799
-3848
-3676
-3308
-2566
-1812
-1013
-254
164
462
544
515
348
168
308
357
456
695
900
989
783
555
139
-522
-1101
-1660
-2047
-2240
-2271
-2068
-1801
-1504
-1304
-1246
-1232
-1323
-1497
-1660
-1699
-1537
-1192
-745
-220
314
729
967
1040
996
841
608
379
207
111
76
87
124
127
30
-144
-416
-754
-1038
-1231
-1400
-1481
-1269
-844
-445
-140
137
285
15
-1083
-2941
-4619
-5552
-5889
-5925
-5346
-3810
-1958
-201
1332
2759
4025
4571
4401
3855
3594
3811
4074
4650
5712
6951
7736
7866
7770
7200
6022
4370
2477
792
-562
-1431
-1796
-1637
-1096
-617
-365
-347
-589
-1080
-1669
-2201
-2546
-2587
-2242
-1458
-311
991
2150
2955
3354
3369
3046
2464
1771
1133
645
298
62
-33
40
131
-6
-529
-1472
-2609
-3622
-4326
-4723
-4717
-4251
-3443
-2462
-1351
-145
660
966
963
726
348
-49
-39
109
210
560
925
1148
1138
1004
612
-200
-985
-1770
-2486
-2848
-2891
-2618
-2251
-1760
-1293
-1051
-910
-1007
-1257
-1557
-1811
-1844
-1632
-1135
-498
154
750
1110
1196
1117
956
630
301
57
-141
-267
-263
-6
62
99
82
-169
-478
-899
-985
-1188
-1307
-1100
-868
-400
-170
160
407
314
-164
-1796
-3722
-5210
-5967
-6098
-6007
-4911
-3194
-1395
338
1734
3236
4219
4482
4281
3826
3908
4063
4429
5302
6421
7633
8076
8189
8074
7255
5974
4112
2382
771
-662
-1310
-1531
-1174
-657
-356
-101
-242
-536
-1075
-1813
-2304
-2684
-2721
-2291
-1457
-266
976
2123
2940
3267
3174
2773
2150
1467
865
420
253
291
307
196
78
-135
-796
-1897
-3004
-3906
-4691
-5220
-5186
-4611
-3761
-2744
-1589
-493
314
722
742
515
217
-61
-215
-113
203
537
804
1029
1134
956
464
-226
-1005
-1824
-2567
-3019
-3063
-2815
-2450
-2042
-1630
-1314
-1210
-1306
-1487
-1650
-1761
-1778
-1593
-1129
-466
225
827
1315
1628
1680
1471
1113
703
316
22
-89
-50
37
151
259
275
83
-301
-754
-1148
-1451
-1609
-1567
-1353
-956
-531
2
493
747
855
683
410
-171
-1332
-2845
-4065
-4298
-4018
-3654
-2853
-1420
195
1381
2236
3049
3708
3897
3604
3281
3411
3930
4433
5006
5887
6801
7178
6929
6540
5918
4833
3463
2005
811
-83
-614
-737
-710
-442
-278
-435
-701
-1150
-1596
-2112
-2476
-2542
-2522
-2025
-1215
-324
580
1319
1902
1998
1871
1658
1214
902
618
407
200
-43
-75
-150
-277
-653
-1281
-1935
-2831
-3622
-4151
-4379
-4208
-3840
-3180
-2462
-1641
-752
-262
12
50
-86
-296
-520
-397
-224
30
428
685
872
800
638
239
-442
-1040
-1683
-2141
-2364
-2313
-2052
-1756
-1337
-1068
-929
-861
-906
-1054
-1253
-1313
-1221
-967
-574
-75
458
954
1299
1415
1384
1244
973
599
314
214
196
186
261
410
462
370
163
-133
-491
-824
-1064
-1174
-1145
-893
-443
-39
299
521
628
478
-371
-1802
-3389
-4484
-4877
-4985
-4521
-3370
-1802
-176
1152
2458
3501
4089
4182
3734
3441
3408
3630
4149
4919
5997
6770
7132
7231
6867
6061
4708
3112
1589
198
-789
-1346
-1439
-1139
-762
-504
-470
-645
-1016
-1551
-2121
-2575
-2815
-2735
-2243
-1408
-378
655
1538
2126
2333
2208
1885
1437
914
444
136
-44
-185
-260
-217
-185
-416
-1038
-1892
-2757
-3538
-4142
-4426
-4353
-3983
-3369
-2588
-1732
-858
-157
165
214
188
48
-143
-116
107
298
486
764
976
994
839
486
-74
-715
-1329
-1827
-2089
-2079
-1878
-1569
-1232
-962
-812
-777
-829
-941
-1070
-1132
-1038
-760
-371
69
539
980
1295
1415
1349
1148
865
557
286
105
22
37
137
269
289
151
-119
-490
-782
-921
-988
-1009
-892
-647
-336
-65
205
451
476
330
-470
-1978
-3476
-4560
-4944
-5063
-4750
-3541
-2123
-602
715
1913
3135
3646
3775
3480
3205
3391
3585
4161
4901
5875
6710
6958
7119
6817
6067
4909
3404
1910
430
-542
-1089
-1332
-1117
-866
-659
-608
-700
-986
-1509
-1980
-2440
-2721
-2650
-2224
-1489
-555
492
1413
2079
2430
2467
2218
1795
1303
812
427
168
-73
-279
-326
-435
-710
-1242
-1924
-2650
-3359
-3695
-3828
-3709
-3281
-2699
-1947
-1184
-424
73
214
256
203
45
-81
-30
90
239
495
762
856
819
700
349
-181
-699
-1188
-1650
-1904
-1879
-1743
-1565
-1302
-1080
-1016
-985
-962
-1083
-1261
-1284
-1180
-1000
-620
-95
345
692
1008
1181
1163
1071
896
603
304
103
-23
-93
-86
-81
-150
-268
-415
-632
-839
-961
-1068
-1119
-986
-711
-453
-183
117
311
296
157
-142
-919
-2097
-3341
-4119
-4272
-4137
-3640
-2718
-1333
82
1126
2123
3036
3683
3807
3574
3544
3660
3940
4313
4841
5610
6160
6384
6258
5887
5279
4198
2916
1612
452
-443
-1041
-1249
-1187
-995
-814
-732
-797
-994
-1268
-1583
-1883
-2062
-1981
-1629
-1015
-182
704
1466
1991
2244
2235
2016
1671
1252
839
473
86
-353
-621
-642
-698
-1024
-1580
-2071
-2588
-3083
-3330
-3348
-3080
-2759
-2323
-1701
-1013
-307
64
251
355
237
64
-105
-24
89
88
212
341
477
438
254
38
-379
-862
-1379
-1756
-1887
-1919
-1866
-1746
-1539
-1339
-1224
-1138
-1098
-1163
-1287
-1306
-1190
-946
-624
-224
235
590
892
1039
1088
1078
843
596
292
34
-174
-334
-264
-260
-358
-457
-509
-553
-652
-658
-620
-685
-786
-737
-581
-469
-404
-364
-490
-1055
-2063
-3135
-3802
-3963
-3856
-3514
-2668
-1349
-1
1171
2342
3467
4191
4390
4309
4216
4233
4371
4638
5082
5659
6126
6293
6237
6011
5447
4448
3196
1877
593
-479
-1145
-1423
-1448
-1288
-1041
-873
-848
-915
-1067
-1318
-1604
-1809
-1827
-1589
-1086
-388
419
1223
1865
2247
2408
2389
2129
1644
1116
618
54
-521
-880
-1004
-1163
-1491
-1816
-2062
-2439
-2949
-3263
-3289
-3247
-3105
-2686
-2092
-1478
-857
-342
-55
105
170
39
-125
-94
-30
-103
-81
143
261
184
142
79
-268
-784
-1198
-1547
-1872
-2023
-2005
-1937
-1796
-1576
-1415
-1294
-1152
-1107
-1169
-1148
-974
-801
-591
-207
229
511
745
1010
1115
1110
1008
889
699
482
379
161
9
-93
-187
-201
-286
-287
-334
-381
-386
-492
-482
-468
-505
-537
-618
-613
-827
-1413
-2180
-3020
-3523
-3717
-3708
-3285
-2491
-1351
-170
942
2172
3211
3946
4329
4393
4448
4449
4553
4754
5046
5530
5852
6029
5995
5727
5225
4334
3266
2048
839
-140
-840
-1257
-1472
-1463
-1339
-1278
-1313
-1350
-1428
-1619
-1860
-2014
-1973
-1743
-1303
-684
70
845
1489
1909
2146
2181
1978
1666
1263
812
183
-407
-691
-889
-1126
-1503
-1751
-1951
-2396
-2738
-2892
-2897
-2930
-2913
-2586
-2218
-1748
-1262
-882
-486
-242
-105
-121
-104
41
1
-44
39
185
233
215
311
310
67
-281
-586
-895
-1201
-1422
-1536
-1555
-1528
-1473
-1398
-1280
-1158
-1137
-1160
-1074
-912
-767
-557
-248
55
320
578
837
1031
1104
1100
1046
940
817
648
417
224
97
-40
-155
-189
-245
-376
-455
-483
-592
-691
-654
-610
-669
-724
-771
-1015
-1561
-2299
-3028
-3547
-3776
-3743
-3380
-2624
-1599
-498
613
1765
2846
3614
4056
4319
4446
4506
4617
4808
5069
5394
5713
5877
5801
5500
4978
4207
3228
2125
1011
38
-709
-1250
-1562
-1635
-1598
-1605
-1622
-1597
-1622
-1750
-1891
-1968
-1947
-1773
-1401
-856
-185
533
1181
1677
2011
2164
2099
1840
1434
893
320
-95
-342
-580
-862
-1104
-1307
-1580
-1918
-2208
-2412
-2590
-2749
-2785
-2601
-2247
-1859
-1479
-1034
-591
-311
-178
-35
103
119
68
88
191
299
394
507
613
614
452
188
-94
-403
-760
-1099
-1357
-1527
-1597
-1543
-1413
-1280
-1166
-1055
-948
-880
-841
-793
-691
-525
-322
-107
189
541
811
972
1035
1063
979
756
580
418
270
118
-48
-115
-208
-305
-402
-548
-599
-675
-734
-760
-789
-750
-780
-751
-674
-679
-846
-1365
-2065
-2765
-3289
-3498
-3452
-3059
-2300
-1277
-122
953
1984
2947
3648
3993
3984
3929
3963
4045
4231
4496
4896
5254
5432
5456
5239
4790
4030
3024
1927
793
-176
-905
-1326
-1468
-1473
-1355
-1272
-1253
-1300
-1434
-1593
-1841
-2042
-2078
-1906
-1481
-910
-171
616
1272
1770
1996
1994
1796
1406
992
547
179
-74
-252
-257
-322
-495
-761
-1112
-1446
-1872
-2209
-2415
-2541
-2486
-2315
-1991
-1619
-1244
-850
-599
-408
-274
-267
-286
-269
-183
-81
84
339
542
669
743
680
423
66
-297
-662
-1007
-1266
-1413
-1490
-1479
-1379
-1263
-1185
-1122
-1045
-996
-974
-927
-829
-689
-479
-201
91
350
577
763
882
928
914
846
728
589
449
319
204
71
-65
-153
-196
-308
-546
-800
-898
-857
-884
-878
-755
-606
-591
-731
-918
-1393
-2143
-2918
-3563
-3939
-4003
-3629
-2840
-1764
-551
635
1767
2761
3439
3744
3849
3904
3916
3935
4124
4542
5014
5405
5712
5881
5754
5273
4522
3561
2427
1244
190
-613
-1108
-1330
-1366
-1276
-1162
-1150
-1259
-1423
-1660
-1980
-2227
-2259
-2105
-1767
-1183
-416
358
1047
1631
2043
2203
2094
1766
1341
950
626
339
131
8
-145
-364
-566
-785
-1117
-1511
-1866
-2178
-2422
-2528
-2492
-2324
-2016
-1647
-1320
-1012
-682
-436
-341
-291
-223
-192
-157
-24
140
235
300
362
340
210
30
-209
-522
-845
-1143
-1426
-1627
-1688
-1695
-1701
-1637
-1515
-1438
-1367
-1234
-1105
-1010
-857
-645
-435
-202
64
300
494
675
813
877
884
811
655
470
301
135
-10
-129
-217
-261
-287
-292
-333
-370
-357
-422
-519
-610
-666
-659
-624
-482
-375
-364
-489
-927
-1486
-2071
-2516
-2751
-2851
-2553
-1967
-1190
-220
821
1921
2877
3575
3969
4078
4096
4056
4030
4099
4287
4600
4850
5072
5260
5174
4878
4328
3514
2521
1415
448
-385
-1019
-1335
-1462
-1475
-1402
-1290
-1241
-1258
-1326
-1450
-1600
-1726
-1697
-1486
-1110
-586
15
615
1145
1483
1559
1443
1288
1083
649
163
-171
-350
-504
-641
-589
-551
-649
-828
-1056
-1301
-1657
-2017
-2292
-2432
-2426
-2337
-2120
-1759
-1360
-1055
-842
-635
-470
-443
-474
-447
-417
-428
-396
-238
-52
-7
-50
-108
-278
-569
-870
-1144
-1387
-1587
-1738
-1791
-1715
-1549
-1357
-1152
-941
-791
-720
-640
-522
-430
-345
-199
16
244
452
684
883
936
911
871
784
650
492
320
190
89
0
-49
-84
-60
-17
-54
-154
-236
-288
-341
-372
-490
-547
-627
-902
-1247
-1687
-1982
-2244
-2512
-2467
-2103
-1429
-734
55
1062
1977
2788
3356
3787
4117
4210
4292
4317
4466
4722
4859
5008
5105
5082
4821
4341
3718
2917
2026
1116
285
-418
-964
-1321
-1535
-1643
-1633
-1569
-1559
-1573
-1599
-1615
-1616
-1624
-1549
-1326
-982
-522
-9
491
975
1299
1354
1252
1094
844
457
50
-252
-505
-751
-885
-886
-894
-1003
-1181
-1377
-1621
-1894
-2118
-2261
-2339
-2331
-2200
-1944
-1577
-1161
-811
-560
-351
-221
-233
-266
-221
-214
-269
-248
-146
-100
-116
-136
-195
-337
-536
-768
-1011
-1212
-1378
-1520
-1570
-1472
-1305
-1141
-963
-770
-627
-554
-448
-331
-254
-154
22
257
454
660
876
996
1043
1015
914
741
537
358
157
20
-39
-81
-63
0
63
37
-27
-64
-158
-250
-288
-268
-259
-291
-262
-214
-254
-442
-783
-1156
-1539
-1937
-2210
-2186
-1809
-1298
-719
95
1041
1909
2552
3080
3521
3702
3704
3637
3640
3740
3844
3984
4125
4277
4325
4113
3735
3204
2496
1653
764
-28
-694
-1183
-1440
-1549
-1534
-1457
-1343
-1250
-1254
-1303
-1400
-1488
-1563
-1573
-1451
-1214
-821
-377
92
542
915
1136
1099
935
710
428
110
-176
-314
-396
-471
-493
-489
-514
-653
-899
-1187
-1521
-1815
-2036
-2168
-2153
-2037
-1810
-1490
-1113
-727
-447
-257
-149
-151
-225
-300
-329
-348
-348
-282
-177
-110
-85
-93
-185
-375
-611
-843
-1053
-1213
-1282
-1271
-1193
-1060
-883
-694
-529
-412
-345
-310
-284
-247
-170
-49
110
288
482
660
763
792
784
718
596
445
312
186
44
-31
-11
-2
4
35
31
-14
-77
-137
-174
-246
-350
-440
-521
-643
-884
-1201
-1494
-1810
-2146
-2357
-2306
-1943
-1456
-891
-114
751
1537
2181
2733
3198
3477
3614
3662
3702
3802
3902
4004
4102
4156
4106
3876
3508
2998
2323
1592
842
123
-519
-981
-1220
-1366
-1404
-1336
-1235
-1187
-1228
-1254
-1268
-1290
-1312
-1291
-1131
-834
-475
-98
313
711
994
1146
1224
1213
1076
846
531
156
-196
-469
-695
-878
-979
-1036
-1132
-1233
-1275
-1342
-1431
-1494
-1517
-1543
-1537
-1390
-1209
-1021
-776
-516
-301
-148
16
107
62
-19
-102
-217
-323
-362
-402
-480
-527
-550
-629
-726
-796
-912
-1070
-1179
-1254
-1341
-1357
-1245
-1104
-976
-798
-594
-455
-315
-114
56
154
259
360
417
483
581
613
586
576
527
368
216
159
73
-66
-174
-222
-259
-275
-211
-200
-249
-247
-249
-327
-449
-506
-642
-1001
-1434
-1794
-2094
-2338
-2413
-2266
-1913
-1385
-768
-74
706
1508
2172
2633
3035
3345
3513
3643
3791
3986
4159
4295
4392
4378
4282
4066
3650
3083
2399
1665
925
258
-254
-660
-911
-1021
-1087
-1116
-1135
-1119
-1155
-1258
-1319
-1361
-1352
-1226
-952
-560
-88
388
776
1054
1225
1315
1295
1143
917
656
362
69
-181
-411
-617
-793
-992
-1234
-1439
-1587
-1740
-1873
-1928
-1921
-1879
-1761
-1564
-1328
-1074
-812
-599
-450
-288
-171
-125
-108
-83
-61
-94
-69
-29
-66
-131
-225
-353
-558
-754
-909
-1090
-1253
-1358
-1424
-1464
-1429
-1335
-1243
-1149
-1026
-895
-767
-609
-434
-260
-63
142
296
421
560
672
712
717
697
616
504
404
299
179
84
13
-79
-154
-167
-176
-201
-194
-198
-240
-270
-284
-311
-403
-514
-697
-1104
-1558
-1932
-2252
-2448
-2435
-2137
-1645
-1053
-330
497
1318
2004
2545
2959
3221
3407
3514
3594
3776
3989
4141
4279
4416
4447
4277
3928
3448
2807
2036
1256
527
-107
-559
-833
-1012
-1096
-1077
-1052
-1096
-1159
-1243
-1390
-1499
-1485
-1419
-1261
-895
-412
38
476
933
1291
1453
1514
1489
1276
970
617
151
-219
-407
-580
-806
-995
-1062
-1261
-1648
-1912
-2107
-2440
-2772
-2873
-2802
-2682
-2344
-1802
-1266
-746
-234
163
388
554
602
420
256
223
144
59
136
282
294
226
225
140
-164
-490
-783
-1160
-1498
-1672
-1733
-1695
-1523
-1282
-1071
-884
-669
-520
-478
-392
-264
-219
-136
77
281
450
693
945
1077
1103
1075
963
764
559
359
153
31
3
-38
-54
22
85
35
-30
-74
-207
-435
-608
-724
-994
-1410
-1828
-2210
-2523
-2766
-2807
-2588
-2163
-1573
-929
-154
747
1532
2134
2616
3044
3328
3445
3608
3837
4032
4194
4354
4489
4507
4359
4040
3561
2949
2228
1444
699
68
-451
-851
-1114
-1261
-1339
-1369
-1373
-1421
-1522
-1601
-1625
-1620
-1565
-1367
-1023
-601
-146
320
761
1151
1454
1612
1638
1585
1423
1150
876
657
421
149
-118
-434
-850
-1278
-1636
-1976
-2302
-2580
-2821
-3034
-3134
-3077
-2895
-2598
-2206
-1761
-1322
-807
-259
186
554
832
1001
1018
999
1021
955
847
764
679
533
370
258
102
-135
-391
-651
-934
-1167
-1296
-1359
-1373
-1315
-1201
-1052
-846
-606
-407
-250
-91
42
113
193
342
509
640
753
866
963
1020
1026
969
866
732
542
304
96
-45
-162
-272
-336
-371
-427
-513
-628
-795
-1012
-1272
-1619
-2040
-2415
-2648
-2768
-2800
-2666
-2292
-1754
-1172
-545
194
962
1577
2005
2374
2741
3023
3202
3383
3610
3807
3911
3957
3978
3916
3683
3260
2721
2133
1498
847
269
-191
-569
-876
-1075
-1180
-1247
-1295
-1325
-1369
-1427
-1437
-1366
-1239
-1043
-750
-384
19
422
807
1147
1415
1571
1607
1568
1474
1310
1097
889
701
495
256
-1
-270
-569
-895
-1205
-1496
-1839
-2256
-2683
-3023
-3214
-3257
-3157
-2882
-2442
-1917
-1365
-766
-122
393
724
957
1069
1086
1046
1024
1025
992
976
950
880
815
693
472
176
-188
-550
-880
-1121
-1239
-1321
-1306
-1181
-1020
-845
-670
-490
-386
-384
-396
-393
-365
-298
-176
-3
217
435
611
745
860
900
818
677
524
337
134
-9
-79
-110
-123
-138
-189
-287
-405
-591
-817
-1062
-1341
-1635
-1939
-2149
-2265
-2289
-2204
-2082
-1890
-1597
-1189
-737
-298
194
722
1185
1564
1970
2411
2779
3036
3247
3426
3536
3563
3507
3390
3237
2985
2594
2157
1772
1382
913
452
103
-193
-506
-776
-940
-1041
-1128
-1197
-1221
-1180
-1079
-938
-758
-524
-271
-31
227
511
760
955
1127
1256
1299
1289
1267
1202
1059
881
682
435
147
-134
-403
-669
-928
-1168
-1379
-1548
-1702
-1914
-2143
-2249
-2250
-2233
-2161
-1979
-1743
-1516
-1267
-949
-623
-343
-97
112
296
469
628
756
851
902
878
810
755
682
533
343
161
-41
-264
-435
-536
-615
-673
-682
-670
-663
-626
-559
-499
-458
-423
-383
-330
-247
-158
-87
-7
100
183
230
281
332
335
308
303
308
280
252
257
253
233
203
126
22
-70
-190
-376
-583
-779
-997
-1279
-1567
-1781
-1930
-2023
-2044
-2035
-1993
-1831
-1528
-1172
-779
-294
247
737
1169
1613
2054
2418
2678
2859
3018
3165
3219
3181
3153
3115
2948
2656
2351
2064
1705
1260
837
468
98
-258
-550
-740
-823
-882
-954
-962
-892
-827
-765
-648
-490
-350
-214
-21
218
460
698
913
1067
1149
1167
1129
1042
924
761
541
306
88
-110
-289
-456
-641
-843
-1046
-1281
-1566
-1820
-1984
-2130
-2295
-2344
-2208
-2011
-1816
-1534
-1171
-864
-632
-386
-126
77
234
370
490
615
727
774
781
811
792
644
477
358
174
-77
-278
-404
-526
-654
-710
-687
-686
-690
-658
-640
-618
-573
-554
-534
-459
-372
-304
-193
-23
109
179
265
360
402
420
465
521
537
532
525
492
418
333
239
119
-25
-186
-355
-519
-680
-873
-1095
-1307
-1497
-1676
-1820
-1904
-1957
-1958
-1819
-1534
-1187
-797
-307
235
717
1148
1579
1961
2233
2424
2574
2688
2782
2840
2844
2824
2784
2653
2409
2141
1866
1509
1075
660
298
-41
-331
-533
-666
-738
-747
-731
-716
-675
-622
-602
-573
-481
-359
-233
-59
162
371
563
762
917
983
1006
1002
921
761
585
406
204
4
-177
-340
-473
-599
-759
-940
-1087
-1248
-1508
-1779
-1924
-2000
-2061
-2059
-1906
-1652
-1400
-1060
-649
-265
63
297
471
577
633
648
576
516
520
478
434
454
485
442
319
210
52
-184
-359
-491
-638
-770
-810
-774
-736
-649
-509
-404
-342
-296
-287
-306
-299
-282
-287
-265
-154
-6
125
296
440
526
562
572
545
429
346
265
126
9
-73
-135
-253
-388
-537
-770
-1054
-1330
-1579
-1799
-1972
-2095
-2106
-1925
-1605
-1267
-873
-339
198
586
912
1283
1601
1782
1911
2062
2197
2289
2364
2445
2527
2563
2467
2261
2050
1802
1411
962
616
327
-4
-283
-392
-403
-422
-438
-416
-393
-411
-450
-460
-417
-349
-279
-162
40
277
487
684
869
974
978
930
847
707
531
354
186
34
-97
-212
-322
-458
-644
-850
-1035
-1209
-1377
-1473
-1461
-1395
-1306
-1146
-931
-756
-640
-517
-408
-365
-359
-314
-229
-128
3
157
296
412
490
494
424
301
119
-92
-250
-355
-452
-501
-447
-364
-315
-260
-196
-188
-246
-300
-337
-374
-372
-308
-208
-74
97
254
356
423
441
371
247
125
-6
-146
-228
-233
-202
-150
-65
24
84
111
92
11
-101
-205
-313
-432
-514
-552
-608
-706
-796
-868
-974
-1124
-1279
-1394
-1426
-1348
-1180
-920
-539
-87
324
674
1010
1309
1473
1509
1499
1484
1445
1393
1371
1407
1469
1481
1429
1384
1316
1135
860
590
349
109
-97
-201
-175
-83
-2
92
225
319
335
321
310
286
240
224
279
377
489
600
703
781
799
755
660
518
343
156
-32
-193
-317
-415
-479
-541
-655
-780
-857
-927
-1034
-1109
-1091
-1031
-972
-838
-621
-423
-271
-129
-30
0
-15
-77
-152
-183
-182
-179
-141
-48
35
52
35
12
-71
-211
-329
-413
-495
-552
-544
-511
-483
-431
-356
-301
-275
-260
-254
-254
-253
-253
-244
-179
-75
11
87
196
294
303
253
201
125
3
-112
-184
-221
-226
-201
-157
-88
-12
22
14
9
1
-56
-139
-172
-174
-205
-242
-258
-288
-347
-441
-570
-703
-828
-941
-1000
-952
-795
-579
-329
-12
326
589
793
981
1110
1153
1143
1128
1138
1144
1145
1179
1226
1238
1203
1128
1021
881
689
478
305
183
98
58
93
175
237
286
352
394
388
357
337
326
310
298
324
391
461
509
542
570
558
486
381
255
114
-48
-204
-299
-348
-416
-474
-484
-543
-702
-844
-902
-965
-1059
-1057
-920
-781
-670
-485
-272
-149
-77
-29
-50
-89
-121
-198
-272
-244
-197
-216
-184
-62
-21
-104
-152
-160
-275
-443
-526
-572
-644
-658
-589
-521
-458
-365
-296
-283
-253
-224
-266
-282
-221
-200
-206
-126
-21
11
41
125
163
115
83
57
-24
-100
-124
-140
-137
-85
-27
0
40
91
92
56
39
18
-26
-56
-61
-78
-102
-131
-197
-293
-384
-495
-623
-705
-709
-669
-580
-402
-151
120
387
641
851
1004
1091
1115
1114
1117
1112
1093
1108
1155
1170
1142
1112
1061
948
795
637
483
337
218
133
94
96
111
137
199
277
328
351
371
386
370
340
334
349
357
366
389
407
405
382
327
249
163
44
-142
-346
-483
-578
-690
-764
-734
-661
-628
-592
-520
-470
-479
-504
-541
-594
-641
-681
-710
-675
-571
-480
-401
-261
-116
-66
-59
-24
-33
-142
-240
-274
-331
-399
-398
-368
-350
-317
-301
-326
-371
-410
-464
-533
-557
-533
-517
-465
-337
-213
-140
-57
29
43
-2
-28
-64
-137
-182
-168
-119
-59
5
63
116
158
140
61
15
11
-32
-75
-51
-2
20
34
73
116
114
65
8
-54
-147
-272
-387
-438
-443
-460
-442
-333
-196
-77
62
243
421
551
657
767
862
926
952
976
1016
1026
996
977
975
948
878
805
737
641
533
441
366
310
265
239
258
282
291
296
292
287
271
257
263
258
258
288
308
311
317
317
293
233
181
132
52
-25
-80
-137
-187
-242
-316
-382
-439
-554
-728
-836
-861
-912
-955
-854
-686
-591
-494
-336
-234
-222
-219
-241
-299
-323
-334
-366
-338
-242
-199
-201
-126
-35
-67
-141
-134
-156
-265
-318
-296
-301
-295
-226
-179
-160
-107
-81
-121
-132
-122
-186
-255
-239
-226
-258
-242
-180
-163
-165
-125
-104
-128
-131
-128
-149
-143
-102
-92
-99
-60
-19
-20
0
53
58
38
59
80
58
49
53
39
27
42
42
21
23
14
-54
-118
-160
-247
-336
-361
-383
-424
-416
-333
-233
-125
39
231
373
484
607
712
772
803
814
834
866
854
816
816
830
773
678
633
603
506
396
356
342
297
269
291
339
371
374
394
447
462
424
408
429
427
378
342
356
327
212
111
73
11
-104
-172
-160
-144
-159
-163
-143
-132
-150
-193
-239
-270
-309
-377
-410
-369
-337
-359
-357
-318
-315
-352
-356
-343
-362
-390
-380
-365
-355
-331
-300
-284
-272
-270
-300
-340
-368
-398
-442
-463
-456
-458
-454
-421
-396
-401
-394
-390
-435
-489
-521
-567
-610
-611
-593
-572
-528
-474
-430
-386
-332
-301
-276
-227
-176
-139
-94
-46
8
65
117
164
197
217
244
272
292
315
326
326
337
339
323
321
327
320
314
317
313
309
321
329
319
317
317
296
281
286
272
256
254
239
216
217
213
190
191
218
228
246
299
339
351
375
395
385
369
354
319
282
268
246
210
211
241
246
236
269
310
311
309
329
343
339
345
354
354
354
352
337
319
312
283
228
194
162
107
60
33
9
-13
-34
-46
-65
-88
-106
-146
-197
-233
-283
-342
-376
-411
-460
-492
-495
-505
-534
-543
-536
-555
-583
-584
-572
-573
-569
-548
-524
-504
-482
-464
-454
-450
-462
-485
-503
-519
-541
-556
-547
-528
-524
-523
-505
-483
-469
-462
-448
-428
-399
-363
-325
-289
-234
-181
-160
-144
-105
-73
-54
-15
31
70
113
165
206
236
289
337
365
410
442
439
440
427
367
306
260
206
176
195
235
277
348
442
521
581
633
660
650
635
622
595
580
590
595
604
643
678
689
700
706
681
631
581
526
451
390
352
326
332
352
346
338
340
303
241
189
132
64
17
-5
-21
-26
-7
12
12
1
-19
-59
-104
-151
-210
-265
-293
-326
-371
-399
-409
-428
-452
-460
-462
-463
-458
-444
-430
-417
-414
-427
-449
-474
-516
-568
-607
-625
-641
-646
-625
-587
-550
-521
-501
-492
-489
-494
-501
-502
-488
-468
-431
-378
-322
-288
-264
-256
-279
-333
-401
-458
-522
-555
-570
-552
-525
-468
-417
-370
-341
-323
-315
-305
-293
-281
-252
-193
-131
-66
11
97
167
232
315
394
469
545
645
742
832
905
979
1040
1088
1114
1128
1143
1154
1151
1140
1137
1126
1092
1048
1013
962
901
850
819
790
750
719
695
668
643
601
571
549
516
474
425
399
362
302
252
196
133
55
-30
-101
-167
-230
-284
-319
-335
-352
-367
-371
-380
-409
-449
-487
-534
-597
-660
-702
-726
-729
-710
-670
-614
-557
-510
-475
-451
-453
-483
-525
-564
-598
-626
-633
-616
-595
-569
-535
-499
-468
-447
-447
-470
-494
-509
-530
-545
-542
-531
-519
-495
-462
-436
-412
-387
-374
-375
-379
-386
-393
-383
-358
-324
-280
-220
-158
-106
-60
-18
8
17
23
26
16
-3
-14
-24
-38
-47
-49
-40
-20
11
49
93
150
204
245
290
335
370
405
454
500
543
595
647
689
728
769
795
814
834
848
856
865
874
881
885
893
903
912
916
910
899
884
855
813
762
715
664
604
549
508
472
440
408
378
346
305
259
215
167
122
77
33
-2
-33
-62
-87
-112
-139
-165
-187
-212
-244
-275
-300
-333
-372
-414
-462
-501
-533
-565
-593
-618
-635
-649
-666
-681
-700
-723
-750
-772
-787
-806
-819
-815
-799
-785
-768
-745
-721
-699
-678
-658
-634
-612
-586
-562
-536
-519
-499
-483
-467
-453
-445
-433
-424
-420
-417
-419
-412
-402
-390
-368
-338
-293
-236
-178
-117
-62
-10
42
85
127
170
221
284
351
420
480
521
540
534
500
454
407
372
354
362
394
435
479
523
559
586
603
618
625
627
640
647
644
636
633
628
614
609
602
595
604
611
615
608
606
609
604
605
606
615
629
634
632
616
577
517
447
370
287
213
153
106
71
46
25
6
-18
-47
-83
-123
-166
-215
-265
-311
-351
-381
-400
-409
-407
-397
-384
-379
-384
-403
-429
-468
-516
-569
-615
-648
-669
-683
-690
-691
-692
-696
-701
-714
-731
-751
-769
-779
-775
-760
-731
-687
-634
-579
-526
-479
-441
-412
-393
-380
-369
-355
-339
-313
-278
-233
-185
-139
-101
-73
-55
-44
-36
-30
-25
-16
3
32
66
101
138
177
221
259
286
305
317
326
333
341
359
391
430
475
520
567
610
644
660
660
645
626
608
595
582
572
571
572
571
566
554
539
519
495
475
459
441
421
405
388
374
359
349
350
348
347
342
340
323
298
278
256
239
227
225
228
227
235
223
199
162
113
66
-2
-63
-124
-192
-232
-278
-313
-340
-372
-395
-423
-450
-489
-526
-560
-595
-622
-648
-671
-685
-689
-679
-663
-641
-620
-599
-579
-561
-539
-518
-503
-488
-479
-477
-479
-482
-493
-507
-521
-534
-553
-559
-558
-556
-548
-537
-487
-491
-447
-428
-407
-368
-340
-296
-258
-197
-153
-77
-40
35
63
123
152
199
240
273
318
343
379
408
448
478
507
524
542
531
524
507
484
457
432
412
397
393
420
447
469
520
564
610
654
672
694
701
704
699
683
667
637
596
553
516
473
419
381
348
318
293
278
257
232
209
185
160
139
123
109
103
104
100
86
68
47
20
-10
-35
-55
-69
-73
-70
-65
-68
-77
-95
-125
-168
-217
-266
-313
-349
-372
-387
-399
-405
-416
-429
-448
-469
-491
-511
-530
-554
-573
-585
-605
-634
-659
-675
-697
-716
-717
-704
-691
-673
-646
-613
-573
-523
-467
-409
-356
-311
-274
-246
-225
-208
-197
-184
-174
-166
-154
-133
-115
-99
-82
-64
-51
-45
-37
-21
2
22
47
85
128
171
215
258
290
320
341
354
364
384
405
424
451
480
506
526
540
537
527
521
510
488
471
463
448
428
416
405
382
365
361
355
343
344
352
359
366
375
377
380
384
381
370
364
357
340
315
292
263
227
187
154
134
116
95
71
48
19
-15
-50
-81
-113
-142
-172
-198
-215
-236
-264
-292
-315
-331
-342
-343
-333
-316
-296
-274
-257
-247
-245
-245
-246
-251
-262
-272
-285
-302
-314
-320
-327
-339
-351
-370
-389
-408
-419
-424
-422
-416
-405
-388
-376
-363
-344
-329
-323
-311
-295
-288
-285
-274
-253
-232
-205
-172
-142
-115
-88
-57
-21
15
38
54
71
84
92
100
109
118
125
131
132
130
123
115
109
110
110
115
134
163
186
210
236
254
263
273
293
317
340
360
380
392
401
399
394
388
375
372
376
384
381
360
344
327
314
303
293
291
281
272
252
227
204
175
148
124
118
124
130
143
147
143
131
112
87
57
33
7
-19
-39
-55
-72
-98
-126
-160
-197
-234
-279
-311
-341
-365
-383
-394
-384
-377
-358
-337
-321
-297
-294
-294
-313
-325
-323
-329
-329
-326
-305
-277
-248
-216
-183
-157
-136
-118
-117
-114
-122
-132
-140
-151
-147
-144
-130
-105
-78
-57
-43
-37
-34
-39
-59
-74
-79
-83
-80
-72
-48
-22
-2
28
58
78
95
108
120
123
120
129
129
134
156
171
185
196
210
219
210
203
199
188
186
185
179
174
178
177
162
160
165
156
150
164
175
177
186
196
192
186
191
195
192
190
191
183
172
159
146
129
111
97
86
73
51
23
-4
-31
-57
-76
-84
-92
-96
-91
-88
-93
-96
-99
-105
-109
-107
-107
-105
-95
-84
-82
-85
-94
-108
-120
-130
-139
-146
-151
-157
-164
-172
-183
-191
-193
-197
-201
-200
-193
-187
-180
-172
-161
-152
-143
-132
-124
-116
-107
-101
-92
-80
-60
-37
-10
21
50
72
89
100
103
94
80
72
68
60
54
62
73
75
73
72
62
42
25
6
-15
-30
-42
-51
-51
-43
-40
-31
-18
-12
-10
-11
-14
-12
-2
9
26
48
71
96
119
132
137
135
124
109
92
69
49
36
28
31
41
52
65
76
81
83
75
59
39
12
-10
-23
-30
-21
4
36
78
117
141
155
154
141
121
98
76
58
49
51
62
78
95
101
103
96
78
55
30
-1
-23
-34
-38
-28
-18
-9
3
8
6
-3
-23
-42
-54
-61
-60
-58
-55
-44
-37
-29
-25
-32
-39
-51
-71
-90
-112
-136
-150
-163
-174
-183
-198
-209
-216
-223
-223
-217
-215
-205
-190
-181
-165
-148
-137
-120
-104
-92
-76
-56
-42
-27
-13
-6
0
5
6
4
2
3
11
25
39
52
62
72
78
78
72
67
64
48
36
33
30
33
36
39
47
50
56
66
67
66
72
81
88
95
105
115
126
137
141
138
134
126
116
110
107
102
88
75
73
64
46
32
24
23
21
16
17
21
25
28
28
29
28
24
18
8
-4
-12
-16
-13
-3
3
12
22
31
41
45
43
39
34
32
30
18
1
-12
-31
-47
-57
-59
-51
-50
-51
-38
-25
-21
-15
-19
-29
-26
-20
-21
-22
-15
-9
-9
-7
-3
3
6
0
-5
-8
-22
-31
-33
-44
-68
-82
-93
-105
-111
-113
-116
-121
-124
-126
-123
-120
-114
-111
-108
-101
-95
-88
-84
-75
-65
-50
-37
-28
-20
-12
-8
-6
-8
-15
-18
-15
-12
-8
-2
2
6
11
18
24
28
31
31
30
25
22
29
36
37
33
30
35
37
34
32
37
47
57
66
77
88
96
102
107
112
117
114
107
99
91
86
82
81
80
77
75
76
76
73
65
55
43
24
0
-22
-39
-55
-70
-74
-66
-55
-42
-24
-3
13
16
12
10
7
3
-2
-9
-17
-24
-26
-26
-25
-24
-23
-21
-21
-25
-31
-37
-39
-35
-26
-13
-4
3
9
12
8
1
-6
-7
-3
0
6
11
23
33
39
49
57
66
73
73
78
75
64
46
17
-4
-23
-39
-56
-76
-88
-97
-104
-108
-108
-108
-106
-105
-105
-99
-102
-103
-99
-93
-78
-66
-54
-40
-29
-16
-8
-5
-3
-5
-5
-5
-4
-1
3
10
18
26
28
24
15
9
8
6
6
9
11
20
21
19
18
5
-6
-22
-38
-39
-46
-40
-26
-10
12
28
49
71
84
91
88
82
75
60
47
47
51
63
77
94
116
125
120
111
92
74
48
16
-4
-17
-24
-25
-31
-27
-20
-14
-7
-12
-18
-27
-34
-38
-47
-51
-44
-30
-21
-18
-17
-15
-16
-24
-35
-44
-54
-62
-63
-57
-48
-39
-27
-15
-5
1
0
-5
-13
-21
-28
-30
-31
-25
-13
9
34
55
71
74
71
64
52
41
31
25
25
27
31
27
22
18
16
16
17
12
2
-13
-27
-41
-48
-47
-39
-29
-19
-13
-14
-16
-19
-19
-19
-18
-15
-14
-11
-12
-11
-11
-10
-11
-16
-22
-28
-30
-29
-27
-23
-17
-10
3
14
24
30
32
32
29
25
20
11
6
4
6
9
12
12
13
12
10
9
6
5
5
3
-1
-4
-6
-4
1
9
18
22
22
20
15
11
3
-5
-12
-17
-16
-10
-2
5
12
19
24
27
22
13
2
-10
-20
-30
-30
-24
-16
-9
-4
2
9
14
11
4
-7
-14
-20
-26
-27
-23
-16
-9
-7
-9
-11
-19
-31
-40
-48
-55
-59
-57
-48
-34
-17
0
13
22
29
37
40
41
38
37
35
29
24
24
24
25
23
21
18
11
-4
-15
-21
-25
-30
-27
-19
-11
-7
-5
-2
1
1
-3
-9
-16
-22
-23
-23
-20
-13
0
15
28
34
36
35
35
29
28
26
23
20
15
16
22
28
30
30
32
32
28
20
8
-3
-15
-25
-33
-37
-41
-39
-32
-21
-11
-2
11
23
29
25
15
9
-1
-11
-15
-13
-7
0
4
17
33
43
50
51
40
33
22
10
2
-11
-22
-25
-26
-20
-9
-1
3
5
4
4
-3
-15
-23
-25
-28
-32
-29
-26
-23
-19
-18
-15
-11
-14
-17
-15
-15
-19
-17
-19
-22
-28
-34
-39
-46
-51
-54
-58
-58
-54
-48
-38
-28
-23
-19
-13
-14
-15
-12
-13
-9
-6
-4
4
14
22
33
43
48
49
46
36
29
18
4
-5
-6
-6
-4
2
10
21
30
25
21
22
11
5
8
12
15
15
14
16
19
15
2
-2
-5
-14
-15
-10
-2
8
18
24
37
43
42
41
36
32
31
24
22
18
16
20
23
29
34
35
31
26
19
13
7
8
12
19
28
36
45
51
54
55
51
44
38
30
25
20
15
12
12
12
12
10
4
-4
-14
-21
-30
-40
-56
-69
-82
-89
-88
-86
-81
-75
-72
-67
-62
-58
-56
-55
-56
-58
-62
-68
-72
-74
-70
-64
-57
-50
-42
-33
-24
-18
-15
-15
-20
-29
-39
-50
-56
-57
-51
-41
-28
-17
-2
11
25
39
50
58
63
63
59
51
43
35
29
24
24
26
28
35
42
50
56
59
58
52
43
32
23
15
11
9
9
12
19
28
42
55
65
69
70
62
50
30
10
-8
-23
-29
-30
-21
-10
-2
5
14
24
29
28
23
20
13
3
-7
-16
-19
-23
-29
-32
-31
-26
-20
-12
-3
0
0
0
-3
-10
-19
-22
-19
-16
-15
-14
-10
-2
8
17
23
24
18
8
-1
-9
-18
-21
-18
-8
8
27
42
49
47
42
34
20
3
-15
-26
-30
-29
-25
-17
-11
-5
0
2
2
-5
-16
-26
-33
-40
-48
-51
-44
-29
-16
-8
-1
5
4
-2
-15
-26
-37
-48
-56
-55
-51
-45
-41
-32
-20
-7
4
9
8
1
-10
-20
-27
-28
-27
-22
-14
-2
5
11
15
18
17
10
4
-5
-16
-26
-31
-30
-22
-12
0
11
21
29
36
39
39
32
21
10
2
1
4
14
26
37
47
52
54
50
43
33
23
14
8
6
10
18
28
37
42
42
42
37
29
18
5
-2
-3
1
10
19
30
38
44
43
33
19
2
-11
-23
-26
-31
-30
-26
-18
-10
-2
2
3
1
-6
-16
-30
-45
-57
-62
-61
-49
-35
-19
-6
2
6
7
4
-1
-6
-14
-21
-26
-29
-29
-26
-19
-12
-3
5
12
18
18
16
12
9
7
7
7
5
3
3
7
10
12
11
8
5
2
-2
-5
-7
-4
-2
0
0
-1
-2
-3
-5
-2
0
-5
-13
-17
-17
-18
-21
-23
-19
-13
-7
-8
-11
-15
-17
-18
-16
-14
-11
-10
-8
-3
3
6
9
9
10
11
10
9
3
-1
-6
-10
-11
-9
-9
-7
-3
8
18
25
25
23
20
20
18
18
18
19
19
19
21
23
26
29
33
35
33
27
20
9
2
-2
-4
-1
0
3
3
3
2
4
5
3
-4
-14
-20
-23
-23
-19
-14
-7
-5
-10
-15
-15
-15
-19
-25
-27
-24
-26
-31
-32
-26
-20
-21
-23
-24
-21
-20
-19
-17
-16
-17
-18
-16
-11
-6
0
4
7
7
6
4
2
1
-1
0
2
8
12
15
16
18
19
19
18
15
12
9
7
6
7
10
17
25
29
31
30
27
23
19
12
5
2
0
1
3
5
9
16
26
31
32
28
21
12
7
5
3
3
4
9
11
13
11
10
7
5
2
-2
-8
-15
-19
-21
-20
-19
-18
-19
-19
-18
-16
-14
-16
-18
-22
-20
-18
-13
-10
-9
-9
-7
-7
-5
-6
-7
-6
-4
-1
-1
-7
-12
-18
-19
-19
-20
-20
-20
-14
-3
6
13
11
6
-2
-9
-14
-17
-20
-20
-18
-14
-9
-1
6
14
16
16
13
6
-2
-9
-13
-15
-12
-12
-5
-1
4
8
6
5
-2
-4
-6
-8
-6
-11
-9
-7
-3
8
9
10
4
-1
-2
-5
-5
-3
-4
2
6
8
10
6
5
13
12
18
19
18
24
22
26
25
23
30
28
30
24
17
15
16
17
18
15
14
14
14
16
15
12
12
13
15
17
17
17
14
15
14
10
10
2
-1
-5
-9
-8
-11
-11
-10
-10
-6
-6
-6
-8
-15
-18
-22
-26
-28
-35
-38
-39
-33
-27
-24
-21
-26
-25
-27
-27
-28
-36
-37
-39
-34
-25
-17
-7
-6
-1
1
0
-4
-9
-11
-18
-23
-26
-20
-10
-5
-3
4
12
15
15
12
11
10
3
-1
-2
1
2
6
11
17
16
14
11
9
8
8
9
12
14
17
16
14
14
13
12
10
6
5
4
1
-1
-2
2
7
8
9
9
12
16
18
19
17
13
11
9
7
6
8
12
13
10
9
8
6
6
4
5
5
3
3
2
0
-6
-13
-16
-17
-17
-15
-14
-7
-1
3
6
5
1
-5
-9
-9
-5
-7
-8
-6
-1
2
-1
-2
-2
-2
-5
-7
-6
-3
-6
-11
-13
-10
-5
-2
-4
-2
3
3
3
2
2
3
0
-2
-4
-2
-1
-7
-8
-10
-12
-17
-11
-3
-3
5
2
-2
-3
-5
-4
-6
-5
-5
-3
0
-2
-4
-8
-3
1
1
2
-2
-4
-5
0
-3
-5
-3
-8
-2
-1
-5
-1
-3
-1
-1
-5
-7
-10
-5
-4
-1
3
0
1
6
6
7
5
7
8
4
7
5
6
8
8
9
9
5
0
2
-1
-2
6
9
8
12
15
8
7
3
-1
2
-2
3
7
2
5
12
7
7
13
6
0
-3
-9
-16
-18
-19
-14
-14
-17
-11
-11
-10
-3
-3
-1
-6
-4
-3
-6
-8
-6
-4
-3
-1
0
2
1
3
4
5
5
5
2
2
4
2
2
5
9
12
8
5
2
2
0
-1
-1
-2
-4
-2
1
5
3
3
5
7
5
-1
0
1
-3
-5
-5
-4
1
9
8
3
5
7
2
-4
-4
-5
-8
-5
2
4
3
3
2
0
-1
-2
-6
-8
-6
-6
-9
-9
-5
-2
2
5
7
7
3
-3
-1
2
1
0
-2
-5
-1
5
3
-1
4
8
2
-2
-6
-11
-12
-9
-6
-5
1
1
0
0
1
2
2
0
-1
0
4
2
1
2
1
-1
2
7
7
3
3
6
5
2
5
4
4
2
-2
-6
-11
-14
-11
-9
-9
-8
-7
-4
-3
0
2
3
2
0
-2
-3
-5
-2
-1
0
0
0
1
4
5
7
8
5
2
1
1
-1
-3
-3
0
2
0
-5
-6
-4
-1
-3
-6
-6
-3
-1
-3
-2
-1
-1
-3
-5
-4
-2
-1
2
6
6
4
3
5
4
0
-5
-3
0
-1
-3
-1
4
7
6
3
-1
-1
-2
-3
-4
-5
-6
-5
-4
-2
-3
-4
-4
-2
1
2
3
6
8
7
5
6
11
14
12
9
6
7
3
-2
-6
-5
-4
0
0
2
5
6
9
13
10
6
4
5
6
1
-3
-3
0
0
0
0
3
3
3
3
1
0
-1
-5
-8
-9
-9
-8
-6
-5
-6
-6
-7
-6
-7
-5
-3
-3
-4
-5
-7
-7
-4
1
3
1
0
3
4
2
2
5
3
0
-2
-3
-5
-6
-2
0
0
0
3
2
-3
-6
-7
-8
-14
-17
-13
-9
-10
-6
-3
-1
-2
-6
-6
-5
-4
-2
-1
0
1
2
-2
0
3
0
-2
-4
-6
-5
-1
4
6
9
12
7
7
11
9
1
0
5
9
7
3
-5
-5
1
3
2
5
7
6
3
2
-1
-3
-2
3
3
-1
-3
-2
3
3
2
2
6
7
7
2
3
4
3
0
0
3
7
6
3
2
2
2
3
3
3
0
-1
-2
2
5
3
-1
-2
1
4
5
3
-1
-2
0
-1
-2
-3
-2
1
1
-1
-6
-9
-8
-2
2
1
-2
0
3
1
-2
-5
-6
-8
-10
-11
-8
-4
-4
-3
-2
2
4
3
1
2
0
-4
-4
-1
1
2
1
2
2
0
-3
-5
-6
-6
-7
-7
-6
-4
-4
-2
0
0
1
2
3
3
3
2
0
-2
-4
-6
-7
-4
-5
-9
-7
-2
1
-2
-3
-2
1
3
1
-1
1
-1
-1
-4
-5
-1
2
2
0
-1
-1
0
-2
-6
-10
-11
-7
-1
4
6
3
-2
0
6
8
3
-2
0
2
4
4
4
5
7
6
6
4
1
2
4
6
5
4
4
3
3
2
1
-1
-1
-1
-2
-2
-1
2
-1
-4
-5
-1
5
5
2
4
5
2
-4
-3
1
3
-2
-7
-5
-1
-1
-2
-1
-2
-3
-2
1
1
0
-2
-3
-1
0
0
1
2
3
3
1
-2
-4
-5
-4
-2
1
1
3
3
2
2
3
2
3
2
1
1
0
-1
-1
0
0
1
-2
-1
-1
-1
-1
-1
4
5
3
2
1
-1
-2
-3
-5
-6
-6
-2
1
-1
-5
-1
5
6
-1
-7
-8
-7
-6
-5
-2
-2
-3
-3
0
1
2
-1
-5
-7
-8
-8
-6
-6
-5
1
6
5
0
-3
0
4
5
1
0
-1
1
-2
-4
-3
-2
-5
-5
-3
1
3
2
1
2
5
7
5
4
2
0
0
-1
-3
-2
2
2
2
3
3
6
5
3
1
-1
-3
-5
-5
-5
-4
-4
-5
-5
-8
-6
-4
4
5
1
-1
0
-1
-4
-6
-5
-2
0
2
2
2
2
3
5
5
4
4
5
6
6
5
4
3
6
8
8
9
6
8
3
3
4
0
8
5
4
8
0
2
-3
-5
2
-4
-2
-1
0
7
7
4
0
3
4
-3
-2
0
-3
-3
0
3
-1
-2
-3
-4
-3
-4
-6
-5
-6
-6
-5
-6
-7
-4
-1
-1
-1
-2
-5
-7
-6
-4
-9
-8
-7
-7
-4
-7
-8
-5
-3
-2
-6
-7
-3
-4
-3
-4
-2
5
3
4
5
3
1
0
2
-3
2
-3
-6
3
-2
0
-3
-7
-4
-2
1
3
5
7
3
-3
1
0
-5
-6
-2
2
0
6
6
1
7
7
7
9
5
5
0
0
5
-1
-1
4
-1
2
8
4
4
7
7
4
3
0
-3
-2
-1
5
5
3
-1
2
3
3
4
4
-1
-7
-8
-5
-5
-6
-7
-5
-7
-6
-5
-2
-2
0
3
1
-1
-2
-3
-2
-1
0
2
-1
-3
-5
-2
-3
1
2
1
-1
-1
-2
-3
-4
-5
-2
1
3
2
3
2
0
3
7
9
7
5
3
1
-1
-1
1
6
2
-2
1
2
-3
-2
1
-3
-6
-1
2
-4
-6
-1
-1
-1
2
3
2
3
3
2
-3
-4
-7
-10
-11
-11
-12
-7
-3
-2
-3
-1
-3
-3
4
6
0
-3
1
2
2
5
5
3
0
0
1
1
0
1
2
4
2
1
4
7
5
1
-3
-3
-5
-3
-1
-3
-8
-7
-3
0
-2
1
4
2
-2
1
2
-1
-5
-7
-3
-1
0
0
-1
-2
-1
5
6
0
-3
0
4
1
-5
-5
-4
-3
-1
0
1
-2
1
2
0
-3
-5
-2
0
-3
-4
-3
-5
-5
-1
1
1
-3
-3
1
3
2
4
6
5
1
1
1
2
1
4
3
1
4
4
0
-1
6
9
2
-3
0
1
-2
-7
-6
-4
-6
-6
-1
1
-1
-4
-3
-3
0
3
1
1
4
4
0
0
3
2
0
1
0
-4
-5
-3
-1
1
3
3
2
4
7
7
0
-3
-2
-1
-1
-1
0
-1
0
1
3
3
2
0
1
1
0
1
0
1
0
1
3
3
1
1
3
5
3
1
2
1
3
1
-1
-4
-4
-3
-2
0
-2
-5
-5
-4
-2
-2
-2
-3
-2
-2
-5
-6
0
5
1
-3
-5
-7
-11
-8
-7
-7
-3
0
-4
-8
-5
0
0
-1
-2
-4
-6
-4
-1
-3
-3
-1
-2
-1
2
1
-2
0
3
0
-3
-2
0
-4
-5
-5
-5
-7
-3
0
-2
-6
-5
-3
0
1
4
3
4
5
5
4
4
2
3
4
3
-1
2
3
1
5
9
3
-5
-1
3
-1
-1
8
9
4
4
6
3
3
9
10
7
4
5
4
4
3
2
1
-1
-1
-3
0
2
3
3
3
5
6
4
3
2
1
0
0
1
-2
-4
-1
-1
-3
-2
-3
-4
-5
-3
-2
-1
-1
-3
-3
0
2
2
1
1
4
4
1
-2
1
5
3
1
3
3
1
-2
-6
-8
-6
-6
-7
-6
-2
-4
-1
-2
-3
-3
-1
0
-3
-9
-8
-6
-4
-7
-7
-3
-2
-5
-5
-2
-3
-4
-1
-2
-3
-3
0
-1
-4
-3
1
1
-1
-3
-2
0
-1
-3
-6
-2
2
4
2
2
2
3
2
1
0
-1
0
-1
2
4
3
1
-1
-3
-3
-3
-3
-2
-1
1
1
4
4
2
1
-1
-2
-2
-3
-4
-5
-5
-5
-4
-2
1
5
8
7
4
2
2
5
4
5
6
4
0
-3
-2
2
3
1
0
2
4
0
-3
1
3
3
-2
-2
5
7
5
2
2
2
0
0
2
4
2
0
-1
-1
1
1
3
1
-1
-1
-2
-2
-1
-3
-6
-9
-7
-4
-1
2
1
0
0
-1
0
-2
-2
0
1
-1
-3
-1
3
5
6
4
0
-2
-5
-7
-1
2
1
6
6
-1
-2
1
-1
-3
-1
2
2
-1
1
1
1
1
1
1
-1
-1
-3
-1
1
1
0
0
1
0
-7
-4
1
-7
-8
-3
-5
-9
-7
0
1
-3
1
4
0
-3
0
-2
-1
-4
-2
0
1
-1
-3
-1
0
-5
-4
0
-3
-6
0
1
-3
-1
2
-2
-4
-1
-3
-1
-1
0
1
1
0
0
2
-2
0
5
2
2
5
2
2
2
1
4
2
-2
2
0
-6
-2
4
1
-2
4
5
-3
0
6
3
5
4
4
6
-1
-5
0
0
-5
-2
1
-2
-3
-4
-1
-2
-3
-5
-5
-1
1
0
-3
-6
-5
-2
0
-2
-3
-5
-5
1
9
9
5
3
4
4
2
1
2
2
4
3
2
2
1
-3
-2
1
3
2
3
5
4
2
2
2
2
1
2
-2
-2
1
1
1
4
3
0
0
1
2
2
4
4
2
1
2
1
-1
-4
-4
-2
0
0
-2
-3
-2
0
0
0
1
1
0
-2
-4
-6
-7
-1
1
-3
-9
-8
0
2
2
0
-5
-7
-4
-3
-3
-8
-6
-4
-2
-5
-5
-7
-8
-4
4
0
-4
0
1
-3
-3
2
0
-4
-4
0
-1
-6
-7
-6
-6
-3
1
1
3
0
-4
-5
-3
-1
0
2
3
-1
1
5
6
4
3
3
2
3
3
4
4
4
2
1
2
4
4
5
4
6
5
5
2
0
-1
-1
-1
-1
-3
-2
0
3
-1
-2
1
5
8
8
6
0
0
1
-1
-3
-3
-3
-5
-2
-2
-2
-3
-5
-4
-3
-2
-1
-1
0
-2
-1
0
-2
-3
-1
-2
-2
-2
0
4
6
1
-5
-4
-1
-4
-4
0
1
-1
-3
-3
-1
2
3
4
4
1
-2
-2
3
3
-1
-3
-2
-3
-4
0
4
6
6
7
11
3
0
-3
-4
0
-1
3
5
-1
-2
-1
-4
-4
-4
1
-2
-9
-2
-4
-7
1
-1
-4
-3
-6
-2
0
-4
0
4
2
8
6
1
3
2
3
5
1
-2
0
0
2
4
2
4
2
2
0
-1
0
1
-4
-2
3
0
-8
-9
-7
-8
-8
-2
-1
-6
-2
6
4
3
3
1
-3
-2
-2
-3
-3
-2
1
2
1
2
1
1
1
0
0
0
3
2
0
5
-2
2
4
-2
-2
-3
0
-3
1
-4
-4
6
-2
0
2
0
2
7
3
2
0
-2
1
0
-4
-4
2
0
-3
-2
-1
1
3
2
-2
0
5
2
-2
-1
-6
-6
1
5
1
0
-1
-3
-2
2
1
0
2
0
-2
1
-1
-2
-1
1
-1
0
0
-4
-5
-3
-2
-2
1
0
-3
-4
-4
-4
0
0
-2
1
2
0
0
-2
-4
-6
-4
-2
-2
-2
-2
-3
-2
-1
-2
-2
0
-2
0
5
7
5
4
4
2
2
2
4
2
1
2
4
3
2
2
2
3
6
8
9
8
5
1
1
0
-2
-4
-5
-5
-7
-4
0
1
0
0
0
-2
-3
-2
-2
-3
-2
-1
-2
-4
-6
-7
-8
-6
-3
1
0
-6
-7
-4
-2
-1
-2
-6
-8
-3
-1
-4
-4
2
2
-6
-5
-2
-2
-5
-2
-1
-5
-4
2
2
-1
1
4
1
-6
-7
-4
0
1
2
2
5
4
-1
-1
0
0
-3
-2
4
7
6
0
-5
-7
-6
-4
-1
2
2
3
5
5
5
6
4
3
1
2
3
1
-1
1
6
9
7
3
4
6
10
7
1
4
8
4
0
0
-2
-3
0
4
3
0
2
1
0
0
1
-1
1
2
0
0
3
4
1
-1
1
-1
-3
-2
2
-1
-1
0
-3
-6
-6
-2
-3
-5
-5
-4
-4
-5
-5
-5
-5
-6
-7
-7
-5
-1
2
1
-1
-2
1
2
2
0
0
0
1
1
1
3
1
-2
-4
-3
-4
-6
-6
-3
1
0
-2
-2
2
3
1
-3
-2
0
4
5
6
3
0
-2
0
-1
-3
-7
-6
-4
1
3
1
0
1
2
3
2
1
3
4
1
-3
-4
-2
-4
-7
-6
0
4
0
-5
-4
1
4
0
-7
-11
-8
-2
1
0
-3
-3
-2
-1
-2
1
5
5
1
-5
-7
-4
-2
-1
-1
1
3
3
3
5
7
4
0
1
5
6
2
-3
-1
3
5
6
9
11
10
8
5
5
4
2
1
2
4
5
3
0
1
4
6
5
2
0
-2
-1
0
1
0
-2
-4
-3
0
0
-1
-2
-2
-1
-4
-4
-4
-4
-3
-1
-2
-6
-8
-4
-2
-3
-7
-6
-3
-1
-3
-1
4
5
1
-2
-1
-2
-5
-8
-8
-7
-6
-4
-3
-2
-2
0
4
5
4
2
2
3
3
1
1
1
1
-3
-4
-4
-4
-6
-6
-3
2
1
-5
-4
2
3
-2
-5
-2
0
-3
-8
-7
-3
-1
-3
-2
2
3
2
-1
-2
-4
