4.05818
3.18243
3.72413
4.53473
3.45788
0.708917
0.44009
1.72491
0.849364
-0.464935
-0.0313151
0.0299843
4.23098
3.29161
4.21912
5.67048
3.82038
0.415852
0.318197
1.86251
1.07666
-0.528097
-0.163138
0.0528381
4.85546
3.0225
5.22969
7.05544
4.19806
-0.163767
0.0524634
1.8176
0.508165
-0.301064
-0.530851
-0.0393358
4.40406
2.24405
2.80755
4.55128
6.26506
1.60439
-1.1347
1.34093
-0.0076984
-0.643923
0.309495
-0.0315708
4.7335
1.96196
1.74118
5.31445
6.27505
2.12077
-0.772164
0.160399
0.532751
-0.234469
0.291182
0.00174709
