4.88973
2.944
3.93108
6.32737
4.35776
-0.380018
-0.907766
0.959882
0.704496
-0.448125
-0.674695
-0.110539
4.30354
3.36938
3.91867
4.9367
4.37921
0.311268
-0.754043
1.47893
0.916535
-0.300113
-0.345559
-0.0513549
4.54256
3.9644
4.24149
4.79696
3.77724
0.835819
-0.565634
0.415282
0.681116
-0.226896
-0.360164
-0.110258
4.4474
3.3126
3.88518
5.17149
4.19198
0.772165
-1.16483
0.358405
1.23212
-0.154589
-0.49803
-0.148712
4.21576
2.8394
3.68086
5.69626
4.34707
0.526567
-0.427001
1.18933
1.28781
-0.122248
-0.396445
-0.0599629
