6.04625
2.9075
2.37872
1.03567
1.72826
0.494192
0.29393
-0.0535067
1.09868
0.0510799
-0.0347461
0.0343329
5.97357
3.45462
1.76054
2.13253
2.27617
0.1388
0.209744
-0.436328
0.933655
0.363016
0.158666
0.0242979
5.72732
2.86583
1.8248
1.39479
2.18955
0.285089
0.278955
0.185289
0.724361
0.658861
0.126023
-0.00422128
5.82687
3.13843
2.29854
1.52583
2.09755
0.53643
-0.212815
0.102475
0.880262
0.0664477
-0.0215707
-0.0131505
6.01114
2.99164
1.49443
2.07242
1.40563
0.641697
1.07901
-0.0829878
0.867675
-0.0159006
-0.0174409
-0.030292
