5.64858
1.33421
3.92154
4.98897
5.53631
3.30372
-0.507883
-0.588012
0.625935
-0.689037
0.0593406
0.074404
5.50725
2.77506
3.61179
5.78399
6.2714
1.24126
0.128453
1.68846
0.473574
-0.459715
-0.154022
0.0134111
4.46121
3.85218
4.47322
4.96588
4.29865
0.483687
-0.2565
1.87158
0.51997
-0.518285
-0.202697
-0.0297781
4.19297
3.79218
3.81499
5.23126
3.73928
1.12387
0.371772
1.3534
1.08075
-0.221341
-0.0781487
-0.00536723
4.51712
3.07896
4.50335
6.48451
4.17497
-0.972209
0.412432
1.6174
0.521525
-0.723624
-0.406098
0.0467045
