4.17529
4.06402
4.17235
3.77648
3.58393
1.84986
0.591683
0.40802
0.0876974
-0.0142679
0.0118722
-0.0635832
4.54152
2.4008
4.77144
5.86668
5.29058
-0.0217846
-0.564124
1.86966
0.735834
-0.711907
-0.351464
-0.0274525
5.08028
2.7832
4.71765
4.29572
6.82087
0.700984
-0.510886
1.76017
0.887439
-0.501166
-0.287247
-0.0670071
5.06531
3.14206
4.993
6.18577
5.0332
0.743581
-0.175103
1.78991
1.31579
-0.457659
-0.402244
-0.0126743
4.58264
3.24449
4.15307
4.92536
5.48325
0.920972
-0.396994
1.48527
0.953542
-0.520145
-0.164283
-0.0626849
