4.27896
4.49609
4.19123
3.69552
3.70793
0.701671
-0.326633
-0.0499961
-0.478829
-0.0461316
-0.238375
-0.101371
4.53957
4.68938
4.82798
2.84613
4.3309
0.935252
-0.182033
0.0537714
-0.546592
0.291783
-0.279859
-0.105773
4.34153
4.4307
4.43109
3.33949
4.19605
1.18282
0.484111
0.492069
-0.157442
0.505806
-0.170988
-0.0555294
4.21036
4.32902
4.32932
3.3791
3.66705
1.45634
0.582947
0.363406
-0.10855
0.0943734
-0.0693655
-0.0638416
4.60619
4.24227
4.39316
3.04082
4.79278
0.871902
-0.876755
0.0260651
-0.0522856
-0.0621242
-0.226761
-0.15694
