4.95774
5.24432
2.96095
2.96831
5.85573
0.256068
-1.16692
-0.958767
-0.682957
0.755939
-0.455251
-0.184198
4.66193
4.87738
3.68582
2.92386
5.28032
0.169484
-0.727238
-1.49276
-0.70905
0.600225
-0.582313
-0.157801
4.82714
4.55763
4.12659
3.31386
5.13125
0.766116
-0.780444
-0.976922
-0.602659
0.498384
-0.499192
-0.202447
4.68009
4.64111
4.27033
2.75079
5.40348
0.824796
-0.690024
-0.982499
-0.404281
0.753959
-0.454614
-0.157414
4.53548
4.39323
3.6462
3.06699
4.96552
0.801398
-0.138676
-0.692485
-0.411539
0.927777
-0.30281
-0.0836765
