2.79738
5.94121
4.18921
3.9525
4.4079
1.43276
0.827815
1.35984
-0.483784
0.302997
0.0345939
-0.0916192
3.33371
5.94098
3.81939
4.22675
4.86411
1.70758
0.296914
1.2528
0.0680407
0.130876
0.0338379
-0.120775
3.64223
5.33321
4.52558
3.01633
4.63137
1.24288
1.14148
1.35407
-0.205233
0.351124
0.00600025
-0.0468191
3.79472
5.35584
4.35241
3.30162
4.56735
1.4091
1.01121
1.29907
-0.306633
0.218533
0.00557511
-0.0663691
3.38699
5.22943
4.62963
4.63474
5.56617
1.76945
0.495027
1.44947
0.478485
-0.303883
0.292734
-0.178582
