5.44695
0.997234
5.08018
6.99288
3.83772
-2.0749
2.17423
-0.91955
0.819919
-0.287745
-0.802498
-0.0330202
5.24023
3.01972
4.11204
8.11393
4.8213
-3.90308
1.87079
0.539418
0.54605
-0.624766
-0.568723
0.0856227
4.97592
3.74844
4.4244
6.01593
3.00621
-1.66775
-0.0589284
0.148666
0.417603
-0.53497
-0.59135
-0.0275166
4.78442
4.61363
4.5538
5.20562
3.4292
-2.01406
-0.189025
-0.563533
0.890097
-0.727603
-0.626906
0.00620737
4.6868
4.51397
3.79952
5.23664
3.84974
-2.78596
0.306407
-0.900183
1.27805
-0.883522
-0.575361
0.0470509
