4.25636
3.40701
4.02336
3.97878
3.69381
1.43205
0.372681
1.2113
0.946903
0.0178979
-0.013486
-0.00554479
4.03047
3.55324
4.12336
3.60661
4.33582
0.917222
-0.0985679
1.00993
0.0640305
-0.0869661
-0.0283643
-0.0824318
4.3989
3.9052
4.34383
4.00606
3.98674
2.07635
0.568865
0.742689
0.32591
-0.159046
0.0577415
-0.0606982
3.85801
3.67488
3.96999
4.7201
5.38506
-0.0121667
-1.14343
1.21483
0.881839
-0.832928
-0.223885
-0.145796
4.43311
3.77208
4.19084
5.16191
4.40219
-0.228868
-0.0750812
0.543207
1.45777
-1.11209
-0.32298
-0.0464631
