4.30599
2.60661
3.94069
7.5412
4.03411
-3.01248
0.949328
0.867397
0.286763
-0.813602
-0.463294
0.078124
3.78062
3.76627
3.89766
5.51025
4.1769
-2.44886
1.98394
-0.0989862
0.276755
-0.445368
-0.2537
0.128435
4.28929
4.2768
4.43374
5.36088
4.47029
-1.86434
1.02567
-0.0728824
0.777284
-0.369983
-0.563144
0.0606439
4.3969
4.41502
3.99745
5.93313
3.73025
-1.18578
0.130401
0.132801
1.28193
-1.09459
-0.403589
-0.0337601
4.74996
2.74963
3.38319
7.12383
4.79376
-0.810727
-0.148219
1.08819
0.927968
-0.546143
-0.4999
-0.033563
