5.08882
3.30848
3.11008
4.44856
4.53059
1.13706
0.297723
1.4038
0.235516
-1.28712
-0.0891983
0.0326332
5.12915
3.23352
2.19985
3.48606
4.08693
2.38824
1.27595
0.88297
-0.707196
-1.56236
0.130921
0.115762
4.89912
3.8987
2.8625
2.85793
3.39198
2.98718
1.73494
0.0854219
-1.18009
-0.92497
0.161497
0.0286409
6.65577
4.88456
3.43428
2.26736
3.70414
3.46435
2.52279
0.0945841
-1.46741
-0.452737
-0.141207
0.0248946
6.14867
5.4307
4.96559
3.4091
3.19491
1.76984
0.636906
-0.137112
-0.428781
0.0269693
-0.198774
-0.0843911
