6.55076
2.72565
4.42325
4.28686
1.51844
-2.93345
-0.67739
0.130033
-0.33149
0.266313
-0.104027
0.0425233
6.46519
2.71695
4.63309
4.59622
1.44401
-2.9712
-0.319315
-0.154331
-0.365767
0.289311
-0.0838723
0.0473751
6.1805
3.1888
4.53675
4.02519
1.80202
-2.90105
-0.662742
0.0178205
-0.466897
0.299291
-0.157147
0.0704532
6.20126
3.11374
4.44853
4.34112
1.57356
-2.83776
-0.56436
-0.142213
-0.326526
0.279127
-0.119711
0.066641
6.5722
2.88233
4.6216
4.40136
1.48272
-2.61221
-0.471127
0.0636995
-0.345985
0.264298
-0.0519801
0.0391223
