4.74411
1.95576
-0.738675
2.67496
2.52138
-0.170811
2.38653
1.44246
1.0096
-0.771124
-0.242436
0.014816
5.00119
1.52582
-0.618559
2.63812
2.52312
-0.317208
2.54676
1.41301
1.08084
-0.785602
-0.292507
0.0152085
4.99395
1.57687
-1.06476
2.61325
2.57542
-0.537783
2.62294
1.56885
1.12693
-0.754405
-0.316884
0.00926323
5.06524
1.24491
-1.01337
2.42805
2.40849
-0.454965
2.49989
1.57779
1.07934
-0.694416
-0.286874
0.00429128
5.04783
1.30583
-1.16996
2.30387
2.45799
-0.43191
2.60983
1.52326
1.0651
-0.663235
-0.301459
0.00727555
