3.37756
0.469032
0.385329
1.96295
4.77409
1.33177
2.0046
1.77395
0.66459
-0.154372
-0.176912
0.130617
3.30256
0.314418
0.411368
1.69312
4.96067
1.67701
1.82655
1.55282
0.678538
0.00513144
-0.123178
0.102904
3.2692
0.158974
0.225013
1.6219
5.01708
1.70418
1.62671
1.55482
0.807269
-0.0328538
-0.11135
0.110711
3.29919
0.0553185
0.420043
1.87339
4.71014
2.01657
1.28947
2.00015
0.600443
0.00172424
-0.153652
0.080272
3.29552
0.0153931
0.387884
2.07002
4.7689
1.93159
1.23637
2.00835
0.65032
-0.12181
-0.0933756
0.087795
