6.01351
3.8272
3.82552
5.34901
3.16405
-1.19393
-1.12067
0.313833
0.109582
-0.651246
-0.486954
-0.000819952
6.22924
3.65482
3.95685
5.5526
3.35729
-1.06169
-0.932151
0.505128
0.0195107
-0.56953
-0.474131
-0.0172198
6.20641
3.92444
4.24607
5.48437
3.26998
-1.05388
-1.14306
0.36241
0.0370934
-0.555521
-0.501124
-0.0145188
5.89686
4.28999
4.51966
5.65163
3.01993
-1.21646
-1.14178
0.580935
-0.0506569
-0.661618
-0.551894
-0.0159815
6.00197
4.03287
4.58832
5.67286
3.14997
-1.20904
-1.26132
0.482205
-0.0747237
-0.631212
-0.551184
-0.0376646
